LECROYHDO6104B,11090,Waveform
Segments,1,SegmentSize,5002
Segment,TrigTime,TimeSinceSegment1
#1,04-May-2026 18:34:50,0                 
Time,Ampl
-3.709193e-08,-0.00330847538
-3.699193e-08,-0.00331365412
-3.689193e-08,-0.00332216205
-3.679193e-08,-0.00333177971
-3.669193e-08,-0.00333806818
-3.659193e-08,-0.003338808
-3.649193e-08,-0.00333473899
-3.639193e-08,-0.00332882043
-3.629193e-08,-0.00332623106
-3.619193e-08,-0.00332956025
-3.609193e-08,-0.003338808
-3.599193e-08,-0.00335101503
-3.589193e-08,-0.00336174242
-3.579193e-08,-0.00336803089
-3.569193e-08,-0.00336914063
-3.559193e-08,-0.00336766098
-3.549193e-08,-0.00336766098
-3.539193e-08,-0.00337209991
-3.529193e-08,-0.00338134766
-3.519193e-08,-0.00339503433
-3.509193e-08,-0.00340909091
-3.499193e-08,-0.00342166785
-3.489193e-08,-0.00343202533
-3.479193e-08,-0.00344127308
-3.469193e-08,-0.00345052083
-3.459193e-08,-0.00346161813
-3.449193e-08,-0.00347382517
-3.439193e-08,-0.00348640211
-3.429193e-08,-0.00349786932
-3.419193e-08,-0.00350711707
-3.409193e-08,-0.003515625
-3.399193e-08,-0.00352376302
-3.389193e-08,-0.00353338068
-3.379193e-08,-0.00354373816
-3.369193e-08,-0.00355224609
-3.359193e-08,-0.00355742483
-3.349193e-08,-0.00355705492
-3.339193e-08,-0.00355187618
-3.329193e-08,-0.00354484789
-3.319193e-08,-0.00354003906
-3.309193e-08,-0.00353929924
-3.299193e-08,-0.00354373816
-3.289193e-08,-0.00355150627
-3.279193e-08,-0.00355853456
-3.269193e-08,-0.00356297348
-3.259193e-08,-0.00356334339
-3.249193e-08,-0.00356149384
-3.239193e-08,-0.00355890447
-3.229193e-08,-0.00355705492
-3.219193e-08,-0.00355594519
-3.209193e-08,-0.00355335582
-3.199193e-08,-0.00354780717
-3.189193e-08,-0.00353929924
-3.179193e-08,-0.0035304214
-3.169193e-08,-0.00352561257
-3.159193e-08,-0.00352857185
-3.149193e-08,-0.00353929924
-3.139193e-08,-0.00355446555
-3.129193e-08,-0.00356815223
-3.119193e-08,-0.00357370088
-3.109193e-08,-0.00356889205
-3.099193e-08,-0.00355668501
-3.089193e-08,-0.00354410807
-3.079193e-08,-0.00353855942
-3.069193e-08,-0.0035452178
-3.059193e-08,-0.00356223366
-3.049193e-08,-0.00358220881
-3.039193e-08,-0.0035966353
-3.029193e-08,-0.00359848485
-3.019193e-08,-0.00358701764
-3.009193e-08,-0.00356852214
-2.999193e-08,-0.00355150627
-2.989193e-08,-0.0035452178
-2.979193e-08,-0.00355187618
-2.969193e-08,-0.00356815223
-2.959193e-08,-0.00358627782
-2.949193e-08,-0.00359848485
-2.939193e-08,-0.00360070431
-2.929193e-08,-0.00359589548
-2.919193e-08,-0.00359071674
-2.909193e-08,-0.00359256629
-2.899193e-08,-0.00360477332
-2.889193e-08,-0.00362511837
-2.879193e-08,-0.00364731297
-2.869193e-08,-0.00366358902
-2.859193e-08,-0.00366913767
-2.849193e-08,-0.00366543857
-2.839193e-08,-0.00365730054
-2.829193e-08,-0.00365175189
-2.819193e-08,-0.00365360144
-2.809193e-08,-0.0036628492
-2.799193e-08,-0.00367579605
-2.789193e-08,-0.00368726326
-2.779193e-08,-0.00369355173
-2.769193e-08,-0.00369429155
-2.759193e-08,-0.00369281191
-2.749193e-08,-0.00369318182
-2.739193e-08,-0.00369688092
-2.729193e-08,-0.00370279948
-2.719193e-08,-0.00370649858
-2.709193e-08,-0.00370501894
-2.699193e-08,-0.00369725083
-2.689193e-08,-0.00368578362
-2.679193e-08,-0.00367690578
-2.669193e-08,-0.00367542614
-2.659193e-08,-0.00368282434
-2.649193e-08,-0.00369540128
-2.639193e-08,-0.00370686849
-2.629193e-08,-0.0037109375
-2.619193e-08,-0.00370464903
-2.609193e-08,-0.00369059245
-2.599193e-08,-0.00367616596
-2.589193e-08,-0.00366950758
-2.579193e-08,-0.00367468632
-2.569193e-08,-0.00369096236
-2.559193e-08,-0.00371167732
-2.549193e-08,-0.00372869318
-2.539193e-08,-0.00373572147
-2.529193e-08,-0.00373165246
-2.519193e-08,-0.00372092507
-2.509193e-08,-0.0037109375
-2.499193e-08,-0.00370834813
-2.489193e-08,-0.00371537642
-2.479193e-08,-0.00373017282
-2.469193e-08,-0.00374644886
-2.459193e-08,-0.0037590258
-2.449193e-08,-0.00376457446
-2.439193e-08,-0.00376494437
-2.429193e-08,-0.00376420455
-2.419193e-08,-0.00376679392
-2.409193e-08,-0.00377530185
-2.399193e-08,-0.00378935843
-2.389193e-08,-0.00380563447
-2.379193e-08,-0.00382006096
-2.369193e-08,-0.00382967862
-2.359193e-08,-0.00383411754
-2.349193e-08,-0.00383522727
-2.339193e-08,-0.00383522727
-2.329193e-08,-0.00383522727
-2.319193e-08,-0.00383559718
-2.309193e-08,-0.00383522727
-2.299193e-08,-0.00383337772
-2.289193e-08,-0.00383041844
-2.279193e-08,-0.00382634943
-2.269193e-08,-0.00382339015
-2.259193e-08,-0.0038215406
-2.249193e-08,-0.00382043087
-2.239193e-08,-0.00381747159
-2.229193e-08,-0.00381155303
-2.219193e-08,-0.00380119555
-2.209193e-08,-0.00378713897
-2.199193e-08,-0.00377197266
-2.189193e-08,-0.00375828598
-2.179193e-08,-0.0037479285
-2.169193e-08,-0.00374127012
-2.159193e-08,-0.00373572147
-2.149193e-08,-0.00372869318
-2.139193e-08,-0.00371870561
-2.129193e-08,-0.00370501894
-2.119193e-08,-0.00368985263
-2.109193e-08,-0.00367542614
-2.099193e-08,-0.00366358902
-2.089193e-08,-0.00365545099
-2.079193e-08,-0.00364990234
-2.069193e-08,-0.00364583333
-2.059193e-08,-0.00364139441
-2.049193e-08,-0.00363658558
-2.039193e-08,-0.00363177675
-2.029193e-08,-0.00362807765
-2.019193e-08,-0.00362585819
-2.009193e-08,-0.00362474846
-1.999193e-08,-0.00362400864
-1.989193e-08,-0.00362215909
-1.979193e-08,-0.00361919981
-1.969193e-08,-0.00361624053
-1.959193e-08,-0.00361476089
-1.949193e-08,-0.00361624053
-1.939193e-08,-0.00362141927
-1.929193e-08,-0.00362844756
-1.919193e-08,-0.00363547585
-1.909193e-08,-0.00363991477
-1.899193e-08,-0.00364028468
-1.889193e-08,-0.00363695549
-1.879193e-08,-0.00363177675
-1.869193e-08,-0.00362807765
-1.859193e-08,-0.00362770774
-1.849193e-08,-0.00363103693
-1.839193e-08,-0.00363769531
-1.829193e-08,-0.00364583333
-1.819193e-08,-0.00365397135
-1.809193e-08,-0.00366210938
-1.799193e-08,-0.00367061731
-1.789193e-08,-0.0036813447
-1.779193e-08,-0.00369503137
-1.769193e-08,-0.00371056759
-1.759193e-08,-0.00372684363
-1.749193e-08,-0.0037405303
-1.739193e-08,-0.00374977805
-1.729193e-08,-0.00375347715
-1.719193e-08,-0.00375347715
-1.709193e-08,-0.00375236742
-1.699193e-08,-0.00375273733
-1.689193e-08,-0.00375717625
-1.679193e-08,-0.00376531428
-1.669193e-08,-0.00377604167
-1.659193e-08,-0.00378676906
-1.649193e-08,-0.00379490708
-1.639193e-08,-0.003799346
-1.629193e-08,-0.00379971591
-1.619193e-08,-0.00379786636
-1.609193e-08,-0.00379490708
-1.599193e-08,-0.00379342744
-1.589193e-08,-0.00379379735
-1.579193e-08,-0.00379601681
-1.569193e-08,-0.003799346
-1.559193e-08,-0.0038030451
-1.549193e-08,-0.00380563447
-1.539193e-08,-0.00380711411
-1.529193e-08,-0.00380711411
-1.519193e-08,-0.00380637429
-1.509193e-08,-0.00380563447
-1.499193e-08,-0.00380563447
-1.489193e-08,-0.00380748402
-1.479193e-08,-0.00381155303
-1.469193e-08,-0.00381747159
-1.459193e-08,-0.0038252397
-1.449193e-08,-0.00383337772
-1.439193e-08,-0.00384114583
-1.429193e-08,-0.00384706439
-1.419193e-08,-0.0038511334
-1.409193e-08,-0.00385298295
-1.399193e-08,-0.00385335286
-1.389193e-08,-0.00385298295
-1.379193e-08,-0.00385224313
-1.369193e-08,-0.00385150331
-1.359193e-08,-0.00384965376
-1.349193e-08,-0.00384706439
-1.339193e-08,-0.00384262547
-1.329193e-08,-0.00383670691
-1.319193e-08,-0.00383004853
-1.309193e-08,-0.00382339015
-1.299193e-08,-0.0038178415
-1.289193e-08,-0.00381451231
-1.279193e-08,-0.00381266276
-1.269193e-08,-0.00381155303
-1.259193e-08,-0.00381007339
-1.249193e-08,-0.00380711411
-1.239193e-08,-0.00380156546
-1.229193e-08,-0.00379379735
-1.219193e-08,-0.00378528942
-1.209193e-08,-0.0037771514
-1.199193e-08,-0.00377197266
-1.189193e-08,-0.00377012311
-1.179193e-08,-0.00377197266
-1.169193e-08,-0.00377678149
-1.159193e-08,-0.00378270005
-1.149193e-08,-0.00378787879
-1.139193e-08,-0.00379083807
-1.129193e-08,-0.00379157789
-1.119193e-08,-0.00379009825
-1.109193e-08,-0.00378787879
-1.099193e-08,-0.00378639915
-1.089193e-08,-0.00378713897
-1.079193e-08,-0.00378972834
-1.069193e-08,-0.00379379735
-1.059193e-08,-0.00379786636
-1.049193e-08,-0.00380156546
-1.039193e-08,-0.00380378492
-1.029193e-08,-0.00380563447
-1.019193e-08,-0.00380859375
-1.009193e-08,-0.0038141424
-9.991929e-09,-0.00382302024
-9.891929e-09,-0.00383522727
-9.791929e-09,-0.00384854403
-9.691929e-09,-0.00386112098
-9.591929e-09,-0.00387073864
-9.491929e-09,-0.0038766572
-9.391929e-09,-0.00387924657
-9.291929e-09,-0.0038803563
-9.191929e-09,-0.00388257576
-9.091929e-09,-0.00388849432
-8.991929e-09,-0.0038988518
-8.891929e-09,-0.0039136482
-8.791929e-09,-0.00393029415
-8.691929e-09,-0.00394767992
-8.591929e-09,-0.00396358606
-8.491929e-09,-0.00397727273
-8.391929e-09,-0.00398947976
-8.291929e-09,-0.00400094697
-8.191929e-09,-0.00401241418
-8.091929e-09,-0.00402462121
-7.991929e-09,-0.00403682824
-7.891929e-09,-0.00404829545
-7.791929e-09,-0.00405754321
-7.691929e-09,-0.0040645715
-7.591929e-09,-0.00406901042
-7.491929e-09,-0.0040719697
-7.391929e-09,-0.00407492898
-7.291929e-09,-0.0040793679
-7.191929e-09,-0.00408602628
-7.091929e-09,-0.00409564394
-6.991929e-09,-0.00410785097
-6.891929e-09,-0.00412153764
-6.791929e-09,-0.00413596413
-6.691929e-09,-0.00414891098
-6.591929e-09,-0.00415926847
-6.491929e-09,-0.00416592685
-6.391929e-09,-0.00416814631
-6.291929e-09,-0.00416666667
-6.191929e-09,-0.00416259766
-6.091929e-09,-0.00415778883
-5.991929e-09,-0.00415482955
-5.891929e-09,-0.00415482955
-5.791929e-09,-0.00415889856
-5.691929e-09,-0.00416703658
-5.591929e-09,-0.00417813388
-5.491929e-09,-0.00419034091
-5.391929e-09,-0.00420254794
-5.291929e-09,-0.00421290542
-5.191929e-09,-0.00422067353
-5.091929e-09,-0.00422585227
-4.991929e-09,-0.00422807173
-4.891929e-09,-0.00422733191
-4.791929e-09,-0.00422437263
-4.691929e-09,-0.00421993371
-4.591929e-09,-0.00421438506
-4.491929e-09,-0.00420772668
-4.391929e-09,-0.00419995857
-4.291929e-09,-0.00419034091
-4.191929e-09,-0.00417739406
-4.091929e-09,-0.00415963838
-3.991929e-09,-0.00413633404
-3.891929e-09,-0.00410748106
-3.791929e-09,-0.00407381925
-3.691929e-09,-0.00403645833
-3.591929e-09,-0.00399650805
-3.491929e-09,-0.00395359848
-3.391929e-09,-0.00390735973
-3.291929e-09,-0.00385631214
-3.191929e-09,-0.00379897609
-3.091929e-09,-0.00373461174
-2.991929e-09,-0.00366321911
-2.891929e-09,-0.00358590791
-2.791929e-09,-0.00350304806
-2.691929e-09,-0.00341500947
-2.591929e-09,-0.00332179214
-2.491929e-09,-0.00322265625
-2.391929e-09,-0.00311723189
-2.291929e-09,-0.00300662879
-2.191929e-09,-0.00289232659
-2.091929e-09,-0.00277654474
-1.991929e-09,-0.0026607629
-1.891929e-09,-0.00254498106
-1.791929e-09,-0.00242697976
-1.691929e-09,-0.00230416963
-1.591929e-09,-0.00217396129
-1.491929e-09,-0.00203598485
-1.391929e-09,-0.00189245975
-1.291929e-09,-0.00174708511
-1.191929e-09,-0.00160466974
-1.091929e-09,-0.00146780303
-9.919287e-10,-0.0013375947
-8.919287e-10,-0.00121219519
-7.919287e-10,-0.00108901515
-6.919287e-10,-0.000964725379
-5.919287e-10,-0.000839325876
-4.919287e-10,-0.000714666193
-3.919287e-10,-0.000593705611
-2.919287e-10,-0.000479403409
-1.919287e-10,-0.000372869318
-9.192871e-11,-0.000274103338
8.071294e-12,-0.000180146188
1.080713e-10,-8.87784091e-05
2.080713e-10,7.39820076e-07
3.080713e-10,8.8038589e-05
4.080713e-10,0.000171268348
5.080713e-10,0.000248579545
6.080713e-10,0.000318862453
7.080713e-10,0.000382486979
8.080713e-10,0.000441672585
9.080713e-10,0.000497159091
1.008071e-09,0.000549686316
1.108071e-09,0.000598514441
1.208071e-09,0.000642533736
1.308071e-09,0.00068063447
1.408071e-09,0.000713556463
1.508071e-09,0.000742779356
1.608071e-09,0.000770892519
1.708071e-09,0.000799005682
1.808071e-09,0.000826748935
1.908071e-09,0.000851532907
2.008071e-09,0.000870398319
2.108071e-09,0.00088186553
2.208071e-09,0.000885934541
2.308071e-09,0.000885934541
2.408071e-09,0.000885194721
2.508071e-09,0.000887784091
2.608071e-09,0.000894442472
2.708071e-09,0.000903320313
2.808071e-09,0.000912198153
2.908071e-09,0.000917376894
3.008071e-09,0.000918486624
3.108071e-09,0.000916637074
3.208071e-09,0.000915527344
3.308071e-09,0.000917376894
3.408071e-09,0.000924035275
3.508071e-09,0.000934762666
3.608071e-09,0.000947339607
3.708071e-09,0.000958806818
3.808071e-09,0.000967684659
3.908071e-09,0.00097397313
4.008071e-09,0.00097841205
4.108071e-09,0.000982481061
4.208071e-09,0.000985810251
4.308071e-09,0.000988029711
4.408071e-09,0.000988399621
4.508071e-09,0.000988399621
4.608071e-09,0.000990249171
4.708071e-09,0.000997277462
4.808071e-09,0.00101281368
4.908071e-09,0.00103574811
5.008071e-09,0.00106275154
5.108071e-09,0.0010871656
5.208071e-09,0.00110270182
5.308071e-09,0.00110677083
5.408071e-09,0.00110085227
5.508071e-09,0.0010908647
5.608071e-09,0.00108494614
5.708071e-09,0.00108901515
5.808071e-09,0.00110418146
5.908071e-09,0.00112711589
6.008071e-09,0.00115152995
6.108071e-09,0.001171875
6.208071e-09,0.00118593158
6.308071e-09,0.00119554924
6.408071e-09,0.00120553681
6.508071e-09,0.00121922348
6.608071e-09,0.00123845881
6.708071e-09,0.00126065341
6.808071e-09,0.00128136837
6.908071e-09,0.00129616477
7.008071e-09,0.00130430279
7.108071e-09,0.0013083718
7.208071e-09,0.0013120709
7.308071e-09,0.00131983902
7.408071e-09,0.00133241596
7.508071e-09,0.00134721236
7.608071e-09,0.0013597893
7.708071e-09,0.0013671875
7.808071e-09,0.00136866714
7.908071e-09,0.0013671875
8.008071e-09,0.00136755741
8.108071e-09,0.00137310606
8.208071e-09,0.00138346354
8.308071e-09,0.00139493075
8.408071e-09,0.00140232895
8.508071e-09,0.00140269886
8.608071e-09,0.00139567057
8.708071e-09,0.00138605291
8.808071e-09,0.00137902462
8.908071e-09,0.00137902462
9.008071e-09,0.00138531309
9.108071e-09,0.00139419093
9.208071e-09,0.00139899976
9.308071e-09,0.0013967803
9.408071e-09,0.00138827237
9.508071e-09,0.00137902462
9.608071e-09,0.00137643525
9.708071e-09,0.00138494318
9.808071e-09,0.00140343868
9.908071e-09,0.00142489347
1.000807e-08,0.0014407996
1.010807e-08,0.00144412879
1.020807e-08,0.00143451113
1.030807e-08,0.00141749527
1.040807e-08,0.00140232895
1.050807e-08,0.0013967803
1.060807e-08,0.00140269886
1.070807e-08,0.00141490589
1.080807e-08,0.00142526338
1.090807e-08,0.00142637311
1.100807e-08,0.00141638554
1.110807e-08,0.00140010949
1.120807e-08,0.00138679273
1.130807e-08,0.00138494318
1.140807e-08,0.0013967803
1.150807e-08,0.00141712536
1.160807e-08,0.00143599077
1.170807e-08,0.00144412879
1.180807e-08,0.00143673059
1.190807e-08,0.00141712536
1.200807e-08,0.00139456084
1.210807e-08,0.00137902462
1.220807e-08,0.00137606534
1.230807e-08,0.00138531309
1.240807e-08,0.00139899976
1.250807e-08,0.00140861742
1.260807e-08,0.00140935724
1.270807e-08,0.00140121922
1.280807e-08,0.00139049183
1.290807e-08,0.00138494318
1.300807e-08,0.00138864228
1.310807e-08,0.00140084931
1.320807e-08,0.00141601563
1.330807e-08,0.00142637311
1.340807e-08,0.00142822266
1.350807e-08,0.00142193419
1.360807e-08,0.00141342625
1.370807e-08,0.00140861742
1.380807e-08,0.00141194661
1.390807e-08,0.0014223041
1.400807e-08,0.00143488104
1.410807e-08,0.00144412879
1.420807e-08,0.00144671816
1.430807e-08,0.00144486861
1.440807e-08,0.00144375888
1.450807e-08,0.00145004735
1.460807e-08,0.00146632339
1.470807e-08,0.00149036754
1.480807e-08,0.00151515152
1.490807e-08,0.0015329072
1.500807e-08,0.00153956558
1.510807e-08,0.00153586648
1.520807e-08,0.00152735855
1.530807e-08,0.00152107008
1.540807e-08,0.00152217981
1.550807e-08,0.00153105765
1.560807e-08,0.00154437441
1.570807e-08,0.00155658144
1.580807e-08,0.00156434955
1.590807e-08,0.00156804865
1.600807e-08,0.0015698982
1.610807e-08,0.00157433712
1.620807e-08,0.00158284505
1.630807e-08,0.00159431226
1.640807e-08,0.00160429983
1.650807e-08,0.00160984848
1.660807e-08,0.00160947857
1.670807e-08,0.00160540956
1.680807e-08,0.00160245028
1.690807e-08,0.00160392992
1.700807e-08,0.00161021839
1.710807e-08,0.0016176166
1.720807e-08,0.00162057588
1.730807e-08,0.00161576705
1.740807e-08,0.00160282019
1.750807e-08,0.00158691406
1.760807e-08,0.00157544685
1.770807e-08,0.00157433712
1.780807e-08,0.0015846946
1.790807e-08,0.00160171046
1.800807e-08,0.00161650687
1.810807e-08,0.00162168561
1.820807e-08,0.00161354759
1.830807e-08,0.0015957919
1.840807e-08,0.00157581676
1.850807e-08,0.0015625
1.860807e-08,0.00155991063
1.870807e-08,0.00156656901
1.880807e-08,0.00157581676
1.890807e-08,0.00158025568
1.900807e-08,0.00157507694
1.910807e-08,0.00156176018
1.920807e-08,0.00154511423
1.930807e-08,0.0015329072
1.940807e-08,0.0015292081
1.950807e-08,0.00153401693
1.960807e-08,0.00154141513
1.970807e-08,0.00154474432
1.980807e-08,0.00153919567
1.990807e-08,0.00152439927
2.000807e-08,0.00150479403
2.010807e-08,0.00148555871
2.020807e-08,0.00147187204
2.030807e-08,0.00146447384
2.040807e-08,0.00146040483
2.050807e-08,0.00145596591
2.060807e-08,0.00144782789
2.070807e-08,0.00143599077
2.080807e-08,0.00142378374
2.090807e-08,0.00141453598
2.100807e-08,0.00141083688
2.110807e-08,0.00141120679
2.120807e-08,0.00141194661
2.130807e-08,0.00140861742
2.140807e-08,0.00139862985
2.150807e-08,0.00138309363
2.160807e-08,0.00136533795
2.170807e-08,0.00134943182
2.180807e-08,0.00133833452
2.190807e-08,0.00133130623
2.200807e-08,0.00132612749
2.210807e-08,0.00131983902
2.220807e-08,0.0013120709
2.230807e-08,0.00130430279
2.240807e-08,0.00130023378
2.250807e-08,0.00130208333
2.260807e-08,0.00130985144
2.270807e-08,0.00131983902
2.280807e-08,0.0013264974
2.290807e-08,0.00132575758
2.300807e-08,0.00131613991
2.310807e-08,0.00130134351
2.320807e-08,0.00128691702
2.330807e-08,0.00127840909
2.340807e-08,0.00127766927
2.350807e-08,0.00128173828
2.360807e-08,0.00128580729
2.370807e-08,0.00128432765
2.380807e-08,0.0012750799
2.390807e-08,0.0012602835
2.400807e-08,0.00124585701
2.410807e-08,0.00123697917
2.420807e-08,0.00123697917
2.430807e-08,0.00124474728
2.440807e-08,0.00125436494
2.450807e-08,0.00126065341
2.460807e-08,0.00125954368
2.470807e-08,0.00125177557
2.480807e-08,0.00124067827
2.490807e-08,0.00123106061
2.500807e-08,0.00122588187
2.510807e-08,0.00122514205
2.520807e-08,0.00122588187
2.530807e-08,0.00122514205
2.540807e-08,0.00122144295
2.550807e-08,0.00121589429
2.560807e-08,0.00121219519
2.570807e-08,0.00121330492
2.580807e-08,0.00121959339
2.590807e-08,0.00122884115
2.600807e-08,0.00123586944
2.610807e-08,0.00123697917
2.620807e-08,0.00123032079
2.630807e-08,0.00121885357
2.640807e-08,0.00120775627
2.650807e-08,0.0012014678
2.660807e-08,0.00120257753
2.670807e-08,0.00120997573
2.680807e-08,0.00121885357
2.690807e-08,0.00122514205
2.700807e-08,0.00122625178
2.710807e-08,0.00122366241
2.720807e-08,0.0012199633
2.730807e-08,0.00121922348
2.740807e-08,0.00122181286
2.750807e-08,0.00122625178
2.760807e-08,0.00122847124
2.770807e-08,0.00122514205
2.780807e-08,0.0012162642
2.790807e-08,0.00120442708
2.800807e-08,0.00119443951
2.810807e-08,0.00118963068
2.820807e-08,0.0011903705
2.830807e-08,0.00119295987
2.840807e-08,0.00119185014
2.850807e-08,0.00118371212
2.860807e-08,0.00116743608
2.870807e-08,0.00114709103
2.880807e-08,0.00112896544
2.890807e-08,0.00111860795
2.900807e-08,0.00111712831
2.910807e-08,0.00112156723
2.920807e-08,0.00112600616
2.930807e-08,0.00112452652
2.940807e-08,0.00111453894
2.950807e-08,0.00109789299
2.960807e-08,0.00108013731
2.970807e-08,0.00106534091
2.980807e-08,0.00105572325
2.990807e-08,0.00104943478
3.000807e-08,0.00104203658
3.010807e-08,0.00102982955
3.020807e-08,0.00101207386
3.030807e-08,0.000992838542
3.040807e-08,0.00097730232
3.050807e-08,0.000970643939
3.060807e-08,0.0009728634
3.070807e-08,0.0009802616
3.080807e-08,0.000985440341
3.090807e-08,0.000982481061
3.100807e-08,0.000969534209
3.110807e-08,0.000949559067
3.120807e-08,0.000929953835
3.130807e-08,0.000917376894
3.140807e-08,0.000914787524
3.150807e-08,0.000919596354
3.160807e-08,0.000926624645
3.170807e-08,0.000929214015
3.180807e-08,0.000924035275
3.190807e-08,0.000912198153
3.200807e-08,0.000898511482
3.210807e-08,0.000887784091
3.220807e-08,0.00088260535
3.230807e-08,0.00088149562
3.240807e-08,0.0008807558
3.250807e-08,0.00087594697
3.260807e-08,0.000866329309
3.270807e-08,0.000854122277
3.280807e-08,0.000844134706
3.290807e-08,0.000840435606
3.300807e-08,0.000843394886
3.310807e-08,0.000850053267
3.320807e-08,0.000854122277
3.330807e-08,0.000852272727
3.340807e-08,0.000843764796
3.350807e-08,0.000833037405
3.360807e-08,0.000826379025
3.370807e-08,0.000828598485
3.380807e-08,0.000840065696
3.390807e-08,0.000855971828
3.400807e-08,0.000867808949
3.410807e-08,0.000870028409
3.420807e-08,0.000860780658
3.430807e-08,0.000844874527
3.440807e-08,0.000829708215
3.450807e-08,0.000822679924
3.460807e-08,0.000825639205
3.470807e-08,0.000834517045
3.480807e-08,0.000841915246
3.490807e-08,0.000840435606
3.500807e-08,0.000827118845
3.510807e-08,0.000805664063
3.520807e-08,0.00078383937
3.530807e-08,0.000769412879
3.540807e-08,0.000765343868
3.550807e-08,0.000769412879
3.560807e-08,0.000773111979
3.570807e-08,0.000769412879
3.580807e-08,0.000753876657
3.590807e-08,0.000729092685
3.600807e-08,0.000702089252
3.610807e-08,0.00068063447
3.620807e-08,0.000669167259
3.630807e-08,0.000666577888
3.640807e-08,0.000666947798
3.650807e-08,0.000662878788
3.660807e-08,0.000650301847
3.670807e-08,0.000630696615
3.680807e-08,0.000608871922
3.690807e-08,0.000591856061
3.700807e-08,0.00058297822
3.710807e-08,0.00058112867
3.720807e-08,0.000580388849
3.730807e-08,0.000574100379
3.740807e-08,0.000557824337
3.750807e-08,0.000531930634
3.760807e-08,0.000501598011
3.770807e-08,0.000473484848
3.780807e-08,0.000452030066
3.790807e-08,0.000437233665
3.800807e-08,0.000426136364
3.810807e-08,0.000414299242
3.820807e-08,0.000398393111
3.830807e-08,0.000379157789
3.840807e-08,0.000359552557
3.850807e-08,0.000343276515
3.860807e-08,0.000332179214
3.870807e-08,0.000324041193
3.880807e-08,0.000315163352
3.890807e-08,0.000301846591
3.900807e-08,0.000283351089
3.910807e-08,0.000261896307
3.920807e-08,0.000243030895
3.930807e-08,0.000230823864
3.940807e-08,0.000225645123
3.950807e-08,0.000224535393
3.960807e-08,0.000221946023
3.970807e-08,0.000213068182
3.980807e-08,0.00019716205
3.990807e-08,0.000178296638
4.000807e-08,0.000162020597
4.010807e-08,0.000153882576
4.020807e-08,0.000154252486
4.030807e-08,0.000159061316
4.040807e-08,0.000160910866
4.050807e-08,0.000153882576
4.060807e-08,0.000136126894
4.070807e-08,0.000112452652
4.080807e-08,9.02580492e-05
4.090807e-08,7.69412879e-05
4.100807e-08,7.54616477e-05
4.110807e-08,8.24899384e-05
4.120807e-08,8.95182292e-05
4.130807e-08,8.87784091e-05
4.140807e-08,7.58315578e-05
4.150807e-08,5.28971354e-05
4.160807e-08,2.70034328e-05
4.170807e-08,5.91856061e-06
4.180807e-08,-4.80883049e-06
4.190807e-08,-5.54865057e-06
4.200807e-08,-1.84955019e-06
4.210807e-08,0
4.220807e-08,-5.17874053e-06
4.230807e-08,-1.66459517e-05
4.240807e-08,-3.07025331e-05
4.250807e-08,-4.14299242e-05
4.260807e-08,-4.51290246e-05
4.270807e-08,-4.21697443e-05
4.280807e-08,-3.69910038e-05
4.290807e-08,-3.55113636e-05
4.300807e-08,-4.10600142e-05
4.310807e-08,-5.36369555e-05
4.320807e-08,-6.91731771e-05
4.330807e-08,-8.28598485e-05
4.340807e-08,-9.17376894e-05
4.350807e-08,-9.58066998e-05
4.360807e-08,-9.95058002e-05
4.370807e-08,-0.000106534091
4.380807e-08,-0.000119850852
4.390807e-08,-0.000138716264
4.400807e-08,-0.000159431226
4.410807e-08,-0.000177556818
4.420807e-08,-0.00019087358
4.430807e-08,-0.00020012133
4.440807e-08,-0.000208259351
4.450807e-08,-0.000218986742
4.460807e-08,-0.000233043324
4.470807e-08,-0.000248949455
4.480807e-08,-0.000263006037
4.490807e-08,-0.000272253788
4.500807e-08,-0.000276322798
4.510807e-08,-0.000278542259
4.520807e-08,-0.000284090909
4.530807e-08,-0.00029592803
4.540807e-08,-0.000314423532
4.550807e-08,-0.000335508404
4.560807e-08,-0.000352894176
4.570807e-08,-0.000361032197
4.580807e-08,-0.000359182647
4.590807e-08,-0.000351044626
4.600807e-08,-0.000343276515
4.610807e-08,-0.000343276515
4.620807e-08,-0.000353264086
4.630807e-08,-0.000370279948
4.640807e-08,-0.00038914536
4.650807e-08,-0.000402462121
4.660807e-08,-0.000407270952
4.670807e-08,-0.000404681581
4.680807e-08,-0.000399132931
4.690807e-08,-0.000396543561
4.700807e-08,-0.000399132931
4.710807e-08,-0.000405791312
4.720807e-08,-0.000412449692
4.730807e-08,-0.000414299242
4.740807e-08,-0.000409860322
4.750807e-08,-0.000401352391
4.760807e-08,-0.00039358428
4.770807e-08,-0.000390625
4.780807e-08,-0.0003943241
4.790807e-08,-0.000402832031
4.800807e-08,-0.000410970052
4.810807e-08,-0.000414299242
4.820807e-08,-0.000411339962
4.830807e-08,-0.000405421402
4.840807e-08,-0.000400612571
4.850807e-08,-0.000402462121
4.860807e-08,-0.000411709872
4.870807e-08,-0.000425396544
4.880807e-08,-0.000437973485
4.890807e-08,-0.000443892045
4.900807e-08,-0.000441672585
4.910807e-08,-0.000433534564
4.920807e-08,-0.000425026634
4.930807e-08,-0.000420217803
4.940807e-08,-0.000421327533
4.950807e-08,-0.000425766454
4.960807e-08,-0.000428725734
4.970807e-08,-0.000426136364
4.980807e-08,-0.000417998343
4.990807e-08,-0.000407270952
5.000807e-08,-0.000400612571
5.010807e-08,-0.000402462121
5.020807e-08,-0.000413189512
5.030807e-08,-0.000428725734
5.040807e-08,-0.000442782315
5.050807e-08,-0.000449810606
5.060807e-08,-0.000448700876
5.070807e-08,-0.000442782315
5.080807e-08,-0.000439453125
5.090807e-08,-0.000443892045
5.100807e-08,-0.000456838897
5.110807e-08,-0.000474594579
5.120807e-08,-0.0004901308
5.130807e-08,-0.000497159091
5.140807e-08,-0.000494199811
5.150807e-08,-0.00048569188
5.160807e-08,-0.000478663589
5.170807e-08,-0.000479403409
5.180807e-08,-0.00048976089
5.190807e-08,-0.000506036932
5.200807e-08,-0.000520463423
5.210807e-08,-0.000526751894
5.220807e-08,-0.000522682884
5.230807e-08,-0.000512695313
5.240807e-08,-0.000503447562
5.250807e-08,-0.000503077652
5.260807e-08,-0.000513805043
5.270807e-08,-0.000531930634
5.280807e-08,-0.000550796046
5.290807e-08,-0.000562263258
5.300807e-08,-0.000563742898
5.310807e-08,-0.000557454427
5.320807e-08,-0.000550796046
5.330807e-08,-0.000550426136
5.340807e-08,-0.000559673887
5.350807e-08,-0.000575210109
5.360807e-08,-0.00059037642
5.370807e-08,-0.000597774621
5.380807e-08,-0.000594815341
5.390807e-08,-0.00058482777
5.400807e-08,-0.000575210109
5.410807e-08,-0.000574100379
5.420807e-08,-0.00058556759
5.430807e-08,-0.000607022372
5.440807e-08,-0.000631806345
5.450807e-08,-0.000651041667
5.460807e-08,-0.000660289418
5.470807e-08,-0.000660289418
5.480807e-08,-0.000656590317
5.490807e-08,-0.000656960227
5.500807e-08,-0.000665098248
5.510807e-08,-0.00068063447
5.520807e-08,-0.000698020241
5.530807e-08,-0.000710227273
5.540807e-08,-0.000713556463
5.550807e-08,-0.000709117543
5.560807e-08,-0.000702089252
5.570807e-08,-0.000698390152
5.580807e-08,-0.000702459162
5.590807e-08,-0.000713186553
5.600807e-08,-0.000725763494
5.610807e-08,-0.000733901515
5.620807e-08,-0.000734641335
5.630807e-08,-0.000729092685
5.640807e-08,-0.000722804214
5.650807e-08,-0.000722064394
5.660807e-08,-0.000730572325
5.670807e-08,-0.000746848366
5.680807e-08,-0.000766083688
5.690807e-08,-0.00078125
5.700807e-08,-0.000787538471
5.710807e-08,-0.0007849491
5.720807e-08,-0.00077718099
5.730807e-08,-0.000769412879
5.740807e-08,-0.000766083688
5.750807e-08,-0.000767933239
5.760807e-08,-0.000772002249
5.770807e-08,-0.000775331439
5.780807e-08,-0.000775331439
5.790807e-08,-0.000773481889
5.800807e-08,-0.000772372159
5.810807e-08,-0.000775331439
5.820807e-08,-0.00078346946
5.830807e-08,-0.000794196851
5.840807e-08,-0.000803074692
5.850807e-08,-0.000804924242
5.860807e-08,-0.000798635772
5.870807e-08,-0.000786798651
5.880807e-08,-0.000775331439
5.890807e-08,-0.000769412879
5.900807e-08,-0.000772372159
5.910807e-08,-0.00078309955
5.920807e-08,-0.000797526042
5.930807e-08,-0.000810842803
5.940807e-08,-0.000819720644
5.950807e-08,-0.000824899384
5.960807e-08,-0.000828598485
5.970807e-08,-0.000834517045
5.980807e-08,-0.000843394886
5.990807e-08,-0.000853012547
6.000807e-08,-0.000860780658
6.010807e-08,-0.000864109848
6.020807e-08,-0.000863000118
6.030807e-08,-0.000860780658
6.040807e-08,-0.000861890388
6.050807e-08,-0.000870028409
6.060807e-08,-0.000884084991
6.070807e-08,-0.000900361032
6.080807e-08,-0.000912937973
6.090807e-08,-0.000917376894
6.100807e-08,-0.000913677794
6.110807e-08,-0.000905539773
6.120807e-08,-0.000899251302
6.130807e-08,-0.000899621212
6.140807e-08,-0.000907019413
6.150807e-08,-0.000918116714
6.160807e-08,-0.000926994555
6.170807e-08,-0.000929214015
6.180807e-08,-0.000924775095
6.190807e-08,-0.000918486624
6.200807e-08,-0.000916637074
6.210807e-08,-0.000923295455
6.220807e-08,-0.000938831676
6.230807e-08,-0.000957697088
6.240807e-08,-0.00097212358
6.250807e-08,-0.0009765625
6.260807e-08,-0.000971013849
6.270807e-08,-0.000960656368
6.280807e-08,-0.000954367898
6.290807e-08,-0.000958806818
6.300807e-08,-0.00097545277
6.310807e-08,-0.000999496922
6.320807e-08,-0.00102206143
6.330807e-08,-0.00103574811
6.340807e-08,-0.00103759766
6.350807e-08,-0.00103130919
6.360807e-08,-0.00102428089
6.370807e-08,-0.00102391098
6.380807e-08,-0.00103315874
6.390807e-08,-0.00104832505
6.400807e-08,-0.00106312145
6.410807e-08,-0.00107125947
6.420807e-08,-0.00107051965
6.430807e-08,-0.00106460109
6.440807e-08,-0.00106053208
6.450807e-08,-0.00106534091
6.460807e-08,-0.00108013731
6.470807e-08,-0.00110011245
6.480807e-08,-0.00111712831
6.490807e-08,-0.00112452652
6.500807e-08,-0.00111971768
6.510807e-08,-0.00110751065
6.520807e-08,-0.00109641335
6.530807e-08,-0.00109493371
6.540807e-08,-0.00110640092
6.550807e-08,-0.00112674598
6.560807e-08,-0.00114746094
6.570807e-08,-0.00116003788
6.580807e-08,-0.00116003788
6.590807e-08,-0.00115042022
6.600807e-08,-0.00113784328
6.610807e-08,-0.00113044508
6.620807e-08,-0.00113229463
6.630807e-08,-0.00114117247
6.640807e-08,-0.00115079013
6.650807e-08,-0.00115411932
6.660807e-08,-0.00114894058
6.670807e-08,-0.0011385831
6.680807e-08,-0.00113007517
6.690807e-08,-0.00113044508
6.700807e-08,-0.00114265211
6.710807e-08,-0.00116299716
6.720807e-08,-0.00118371212
6.730807e-08,-0.00119554924
6.740807e-08,-0.00119480942
6.750807e-08,-0.0011829723
6.760807e-08,-0.00116706617
6.770807e-08,-0.00115411932
6.780807e-08,-0.00114820076
6.790807e-08,-0.00114857067
6.800807e-08,-0.00115005031
6.810807e-08,-0.00114820076
6.820807e-08,-0.00114154238
6.830807e-08,-0.00113340436
6.840807e-08,-0.00113007517
6.850807e-08,-0.00113636364
6.860807e-08,-0.00115300959
6.870807e-08,-0.00117520419
6.880807e-08,-0.00119517933
6.890807e-08,-0.00120738636
6.900807e-08,-0.00121034564
6.910807e-08,-0.00120923591
6.920807e-08,-0.00121182528
6.930807e-08,-0.00122514205
6.940807e-08,-0.00124992602
6.950807e-08,-0.00128136837
6.960807e-08,-0.00131096117
6.970807e-08,-0.00133167614
6.980807e-08,-0.00134277344
6.990807e-08,-0.001348692
7.000807e-08,-0.00135867957
7.010807e-08,-0.00137902462
7.020807e-08,-0.00141009706
7.030807e-08,-0.00144560843
7.040807e-08,-0.00147520123
7.050807e-08,-0.00149147727
7.060807e-08,-0.00149295691
7.070807e-08,-0.00148666844
7.080807e-08,-0.00148296934
7.090807e-08,-0.00149147727
7.100807e-08,-0.00151478161
7.110807e-08,-0.00154696378
7.120807e-08,-0.00157803622
7.130807e-08,-0.00159801136
7.140807e-08,-0.00160429983
7.150807e-08,-0.00160171046
7.160807e-08,-0.00160060073
7.170807e-08,-0.00160984848
7.180807e-08,-0.001632413
7.190807e-08,-0.00166274562
7.200807e-08,-0.00169011896
7.210807e-08,-0.00170454545
7.220807e-08,-0.00170232599
7.230807e-08,-0.00168863932
7.240807e-08,-0.00167421283
7.250807e-08,-0.00166903409
7.260807e-08,-0.00167754202
7.270807e-08,-0.00169566761
7.280807e-08,-0.00171379321
7.290807e-08,-0.00172230114
7.300807e-08,-0.0017171224
7.310807e-08,-0.00170306581
7.320807e-08,-0.00168974905
7.330807e-08,-0.00168678977
7.340807e-08,-0.00169714725
7.350807e-08,-0.00171601267
7.360807e-08,-0.0017319188
7.370807e-08,-0.00173413826
7.380807e-08,-0.00171823213
7.390807e-08,-0.00168863932
7.400807e-08,-0.00165645715
7.410807e-08,-0.00163352273
7.420807e-08,-0.00162575462
7.430807e-08,-0.00163093336
7.440807e-08,-0.00163870147
7.450807e-08,-0.00163944129
7.460807e-08,-0.00162723426
7.470807e-08,-0.00160466974
7.480807e-08,-0.00158173532
7.490807e-08,-0.00156841856
7.500807e-08,-0.00157026811
7.510807e-08,-0.0015846946
7.520807e-08,-0.00160171046
7.530807e-08,-0.00160984848
7.540807e-08,-0.00160245028
7.550807e-08,-0.0015809955
7.560807e-08,-0.00155436198
7.570807e-08,-0.0015329072
7.580807e-08,-0.00152439927
7.590807e-08,-0.00152883819
7.600807e-08,-0.00154067531
7.610807e-08,-0.00155066288
7.620807e-08,-0.00155362216
7.630807e-08,-0.00154955315
7.640807e-08,-0.00154437441
7.650807e-08,-0.00154474432
7.660807e-08,-0.00155473189
7.670807e-08,-0.00157248757
7.680807e-08,-0.00159135298
7.690807e-08,-0.00160392992
7.700807e-08,-0.00160614938
7.710807e-08,-0.001599491
7.720807e-08,-0.00159061316
7.730807e-08,-0.00158617424
7.740807e-08,-0.00158950343
7.750807e-08,-0.00159875118
7.760807e-08,-0.00160762902
7.770807e-08,-0.00160984848
7.780807e-08,-0.00160392992
7.790807e-08,-0.00159394235
7.800807e-08,-0.00158765388
7.810807e-08,-0.0015920928
7.820807e-08,-0.00160984848
7.830807e-08,-0.00163574219
7.840807e-08,-0.00166052616
7.850807e-08,-0.00167495265
7.860807e-08,-0.00167458274
7.870807e-08,-0.00166237571
7.880807e-08,-0.00164757931
7.890807e-08,-0.00163944129
7.900807e-08,-0.00164314039
7.910807e-08,-0.00165756688
7.920807e-08,-0.00167495265
7.930807e-08,-0.00168678977
7.940807e-08,-0.00168826941
7.950807e-08,-0.00168013139
7.960807e-08,-0.00166903409
7.970807e-08,-0.00166311553
7.980807e-08,-0.00166644472
7.990807e-08,-0.00167754202
8.000807e-08,-0.00169048887
8.010807e-08,-0.00169862689
8.020807e-08,-0.00169788707
8.030807e-08,-0.00169011896
8.040807e-08,-0.00168198094
8.050807e-08,-0.00168087121
8.060807e-08,-0.00169011896
8.070807e-08,-0.00170787464
8.080807e-08,-0.00172674006
8.090807e-08,-0.00174005682
8.100807e-08,-0.00174338601
8.110807e-08,-0.00173857718
8.120807e-08,-0.00173302853
8.130807e-08,-0.00173413826
8.140807e-08,-0.00174634529
8.150807e-08,-0.00176780007
8.160807e-08,-0.00179221413
8.170807e-08,-0.00181107955
8.180807e-08,-0.00181958748
8.190807e-08,-0.00181810784
8.200807e-08,-0.0018129291
8.210807e-08,-0.00181107955
8.220807e-08,-0.00181773793
8.230807e-08,-0.00183216442
8.240807e-08,-0.00185029001
8.250807e-08,-0.00186434659
8.260807e-08,-0.00187063506
8.270807e-08,-0.00187026515
8.280807e-08,-0.00186767578
8.290807e-08,-0.00187026515
8.300807e-08,-0.00188173236
8.310807e-08,-0.0019017075
8.320807e-08,-0.00192390211
8.330807e-08,-0.00194128788
8.340807e-08,-0.00194831617
8.350807e-08,-0.00194498698
8.360807e-08,-0.00193610914
8.370807e-08,-0.00192945076
8.380807e-08,-0.0019309304
8.390807e-08,-0.0019420277
8.400807e-08,-0.00195941347
8.410807e-08,-0.00197679924
8.420807e-08,-0.00198863636
8.430807e-08,-0.00199270537
8.440807e-08,-0.00199085582
8.450807e-08,-0.00198863636
8.460807e-08,-0.001990116
8.470807e-08,-0.0019975142
8.480807e-08,-0.0020082416
8.490807e-08,-0.00201822917
8.500807e-08,-0.002023038
8.510807e-08,-0.00202007872
8.520807e-08,-0.00201157079
8.530807e-08,-0.00200047348
8.540807e-08,-0.00199122573
8.550807e-08,-0.00198678681
8.560807e-08,-0.0019864169
8.570807e-08,-0.00198863636
8.580807e-08,-0.00199048591
8.590807e-08,-0.001990116
8.600807e-08,-0.00198715672
8.610807e-08,-0.0019827178
8.620807e-08,-0.00197790897
8.630807e-08,-0.00197347005
8.640807e-08,-0.00196940104
8.650807e-08,-0.00196496212
8.660807e-08,-0.0019605232
8.670807e-08,-0.00195719401
8.680807e-08,-0.00195645419
8.690807e-08,-0.00195904356
8.700807e-08,-0.0019642223
8.710807e-08,-0.00196940104
8.720807e-08,-0.00197236032
8.730807e-08,-0.00197088068
8.740807e-08,-0.00196496212
8.750807e-08,-0.0019568241
8.760807e-08,-0.00195016572
8.770807e-08,-0.00194720644
8.780807e-08,-0.00194905599
8.790807e-08,-0.00195386482
8.800807e-08,-0.00195793383
8.810807e-08,-0.00195904356
8.820807e-08,-0.00195608428
8.830807e-08,-0.00195053563
8.840807e-08,-0.00194646662
8.850807e-08,-0.00194720644
8.860807e-08,-0.00195386482
8.870807e-08,-0.00196496212
8.880807e-08,-0.00197790897
8.890807e-08,-0.00198863636
8.900807e-08,-0.00199529474
8.910807e-08,-0.00199825402
8.920807e-08,-0.00199936375
8.930807e-08,-0.00200047348
8.940807e-08,-0.00200269295
8.950807e-08,-0.00200565223
8.960807e-08,-0.00200713187
8.970807e-08,-0.00200639205
8.980807e-08,-0.00200343277
8.990807e-08,-0.00200084339
9.000807e-08,-0.00200084339
9.010807e-08,-0.00200639205
9.020807e-08,-0.00201637962
9.030807e-08,-0.00202821674
9.040807e-08,-0.0020378344
9.050807e-08,-0.00204190341
9.060807e-08,-0.00203931404
9.070807e-08,-0.00203302557
9.080807e-08,-0.0020267371
9.090807e-08,-0.00202414773
9.100807e-08,-0.00202710701
9.110807e-08,-0.00203450521
9.120807e-08,-0.00204264323
9.130807e-08,-0.00204782197
9.140807e-08,-0.00204856179
9.150807e-08,-0.00204597242
9.160807e-08,-0.00204264323
9.170807e-08,-0.00204190341
9.180807e-08,-0.00204449278
9.190807e-08,-0.00204930161
9.200807e-08,-0.00205337062
9.210807e-08,-0.00205374053
9.220807e-08,-0.00204967152
9.230807e-08,-0.00204375296
9.240807e-08,-0.00204005386
9.250807e-08,-0.00204190341
9.260807e-08,-0.00205078125
9.270807e-08,-0.00206409801
9.280807e-08,-0.00207667495
9.290807e-08,-0.00208333333
9.300807e-08,-0.00208148378
9.310807e-08,-0.00207149621
9.320807e-08,-0.00205817945
9.330807e-08,-0.00204782197
9.340807e-08,-0.00204449278
9.350807e-08,-0.00204930161
9.360807e-08,-0.00205965909
9.370807e-08,-0.00207149621
9.380807e-08,-0.00207963423
9.390807e-08,-0.00208259351
9.400807e-08,-0.00208074396
9.410807e-08,-0.00207741477
9.420807e-08,-0.00207593513
9.430807e-08,-0.00207889441
9.440807e-08,-0.0020859227
9.450807e-08,-0.00209517045
9.460807e-08,-0.0021040483
9.470807e-08,-0.00211107659
9.480807e-08,-0.00211551551
9.490807e-08,-0.0021188447
9.500807e-08,-0.0021225438
9.510807e-08,-0.00212772254
9.520807e-08,-0.00213475083
9.530807e-08,-0.00214251894
9.540807e-08,-0.00215065696
9.550807e-08,-0.00215842507
9.560807e-08,-0.00216545336
9.570807e-08,-0.00217211174
9.580807e-08,-0.00217840021
9.590807e-08,-0.00218357895
9.600807e-08,-0.00218727805
9.610807e-08,-0.00218986742
9.620807e-08,-0.00219171697
9.630807e-08,-0.00219430634
9.640807e-08,-0.00219911518
9.650807e-08,-0.00220762311
9.660807e-08,-0.00221946023
9.670807e-08,-0.00223425663
9.680807e-08,-0.00225053267
9.690807e-08,-0.00226680871
9.700807e-08,-0.00228345466
9.710807e-08,-0.00230047053
9.720807e-08,-0.00231896603
9.730807e-08,-0.00233783144
9.740807e-08,-0.00235595703
9.750807e-08,-0.00237038352
9.760807e-08,-0.00238037109
9.770807e-08,-0.00238517992
9.780807e-08,-0.00238739938
9.790807e-08,-0.00239072857
9.800807e-08,-0.00239923651
9.810807e-08,-0.00241477273
9.820807e-08,-0.00243659742
9.830807e-08,-0.00246064157
9.840807e-08,-0.00248246626
9.850807e-08,-0.00249763258
9.860807e-08,-0.0025057706
9.870807e-08,-0.0025094697
9.880807e-08,-0.0025131688
9.890807e-08,-0.00252130682
9.900807e-08,-0.0025353634
9.910807e-08,-0.00255311908
9.920807e-08,-0.00257013494
9.930807e-08,-0.00258049242
9.940807e-08,-0.00258123224
9.950807e-08,-0.0025723544
9.960807e-08,-0.00255829782
9.970807e-08,-0.00254498106
9.980807e-08,-0.00253721295
9.990807e-08,-0.00253795277
1.000081e-07,-0.00254572088
1.001081e-07,-0.00255681818
1.002081e-07,-0.00256717566
1.003081e-07,-0.00257346413
1.004081e-07,-0.00257531368
1.005081e-07,-0.00257457386
1.006081e-07,-0.00257309422
1.007081e-07,-0.00257309422
1.008081e-07,-0.00257420395
1.009081e-07,-0.00257457386
1.010081e-07,-0.0025723544
1.011081e-07,-0.00256606593
1.012081e-07,-0.00255644827
1.013081e-07,-0.00254498106
1.014081e-07,-0.00253462358
1.015081e-07,-0.00252759529
1.016081e-07,-0.00252537583
1.017081e-07,-0.00252722538
1.018081e-07,-0.00253203421
1.019081e-07,-0.0025390625
1.020081e-07,-0.00254720052
1.021081e-07,-0.00255681818
1.022081e-07,-0.0025686553
1.023081e-07,-0.00258234197
1.024081e-07,-0.00259713838
1.025081e-07,-0.00261008523
1.026081e-07,-0.00261933298
1.027081e-07,-0.0026237719
1.028081e-07,-0.00262414181
1.029081e-07,-0.00262192235
1.030081e-07,-0.00262118253
1.031081e-07,-0.00262414181
1.032081e-07,-0.00263264974
1.033081e-07,-0.00264559659
1.034081e-07,-0.00266002308
1.035081e-07,-0.00267296993
1.036081e-07,-0.00268184777
1.037081e-07,-0.00268702652
1.038081e-07,-0.00268961589
1.039081e-07,-0.00269220526
1.040081e-07,-0.002697384
1.041081e-07,-0.0027047822
1.042081e-07,-0.00271366004
1.043081e-07,-0.00272105824
1.044081e-07,-0.00272438743
1.045081e-07,-0.00272253788
1.046081e-07,-0.00271698923
1.047081e-07,-0.00271070076
1.048081e-07,-0.00270774148
1.049081e-07,-0.00271070076
1.050081e-07,-0.00271994851
1.051081e-07,-0.00273363518
1.052081e-07,-0.00274732185
1.053081e-07,-0.00275804924
1.054081e-07,-0.00276285807
1.055081e-07,-0.00276174834
1.056081e-07,-0.00275693951
1.057081e-07,-0.00275213068
1.058081e-07,-0.00274954131
1.059081e-07,-0.00275065104
1.060081e-07,-0.00275435014
1.061081e-07,-0.00275804924
1.062081e-07,-0.00275952888
1.063081e-07,-0.00275730942
1.064081e-07,-0.00275213068
1.065081e-07,-0.00274621212
1.066081e-07,-0.00274251302
1.067081e-07,-0.00274251302
1.068081e-07,-0.00274621212
1.069081e-07,-0.00275213068
1.070081e-07,-0.00275767933
1.071081e-07,-0.00276063861
1.072081e-07,-0.00276063861
1.073081e-07,-0.00275804924
1.074081e-07,-0.00275508996
1.075081e-07,-0.00275398023
1.076081e-07,-0.00275508996
1.077081e-07,-0.00275804924
1.078081e-07,-0.00276100852
1.079081e-07,-0.00276174834
1.080081e-07,-0.00276063861
1.081081e-07,-0.00275804924
1.082081e-07,-0.00275693951
1.083081e-07,-0.0027602687
1.084081e-07,-0.00276877663
1.085081e-07,-0.00278172348
1.086081e-07,-0.00279651989
1.087081e-07,-0.00280983665
1.088081e-07,-0.00281871449
1.089081e-07,-0.00282315341
1.090081e-07,-0.00282426314
1.091081e-07,-0.00282537287
1.092081e-07,-0.00282870206
1.093081e-07,-0.00283499053
1.094081e-07,-0.00284349846
1.095081e-07,-0.0028523763
1.096081e-07,-0.00285940459
1.097081e-07,-0.00286458333
1.098081e-07,-0.00287013198
1.099081e-07,-0.00287790009
1.100081e-07,-0.00289010713
1.101081e-07,-0.00290601326
1.102081e-07,-0.00292265921
1.103081e-07,-0.00293560606
1.104081e-07,-0.00294189453
1.105081e-07,-0.00294152462
1.106081e-07,-0.00293745561
1.107081e-07,-0.00293449633
1.108081e-07,-0.00293745561
1.109081e-07,-0.00294744318
1.110081e-07,-0.00296223958
1.111081e-07,-0.00297592625
1.112081e-07,-0.00298369437
1.113081e-07,-0.00298295455
1.114081e-07,-0.00297555634
1.115081e-07,-0.00296741832
1.116081e-07,-0.00296482895
1.117081e-07,-0.00297111742
1.118081e-07,-0.00298554392
1.119081e-07,-0.00300292969
1.120081e-07,-0.00301550663
1.121081e-07,-0.00301846591
1.122081e-07,-0.00301180753
1.123081e-07,-0.00300071023
1.124081e-07,-0.00299294212
1.125081e-07,-0.00299479167
1.126081e-07,-0.00300884825
1.127081e-07,-0.00303141276
1.128081e-07,-0.00305471709
1.129081e-07,-0.00307173295
1.130081e-07,-0.00307802143
1.131081e-07,-0.00307506214
1.132081e-07,-0.00306877367
1.133081e-07,-0.00306581439
1.134081e-07,-0.00307099313
1.135081e-07,-0.00308467981
1.136081e-07,-0.0031028054
1.137081e-07,-0.00311908144
1.138081e-07,-0.00312943892
1.139081e-07,-0.00313313802
1.140081e-07,-0.0031323982
1.141081e-07,-0.00313091856
1.142081e-07,-0.0031323982
1.143081e-07,-0.00313720703
1.144081e-07,-0.0031434955
1.145081e-07,-0.00314867424
1.146081e-07,-0.00315052379
1.147081e-07,-0.00314941406
1.148081e-07,-0.00314793442
1.149081e-07,-0.00314867424
1.150081e-07,-0.00315311316
1.151081e-07,-0.00315940163
1.152081e-07,-0.00316495028
1.153081e-07,-0.00316642992
1.154081e-07,-0.00316273082
1.155081e-07,-0.00315496271
1.156081e-07,-0.0031471946
1.157081e-07,-0.00314275568
1.158081e-07,-0.0031434955
1.159081e-07,-0.00314756451
1.160081e-07,-0.00315274325
1.161081e-07,-0.0031545928
1.162081e-07,-0.00315237334
1.163081e-07,-0.0031471946
1.164081e-07,-0.00314312559
1.165081e-07,-0.00314275568
1.166081e-07,-0.00314793442
1.167081e-07,-0.00315718217
1.168081e-07,-0.00316642992
1.169081e-07,-0.00317234848
1.170081e-07,-0.00317271839
1.171081e-07,-0.00316901929
1.172081e-07,-0.00316384055
1.173081e-07,-0.00316051136
1.174081e-07,-0.00316051136
1.175081e-07,-0.00316236091
1.176081e-07,-0.00316310073
1.177081e-07,-0.00316051136
1.178081e-07,-0.0031545928
1.179081e-07,-0.00314793442
1.180081e-07,-0.00314460523
1.181081e-07,-0.00314867424
1.182081e-07,-0.00316014145
1.183081e-07,-0.00317530777
1.184081e-07,-0.00318936435
1.185081e-07,-0.00319602273
1.186081e-07,-0.00319380327
1.187081e-07,-0.00318455552
1.188081e-07,-0.00317345821
1.189081e-07,-0.00316642992
1.190081e-07,-0.00316679983
1.191081e-07,-0.00317382813
1.192081e-07,-0.00318307588
1.193081e-07,-0.00319010417
1.194081e-07,-0.0031912139
1.195081e-07,-0.00318603516
1.196081e-07,-0.00317826705
1.197081e-07,-0.00317234848
1.198081e-07,-0.00317086884
1.199081e-07,-0.00317456795
1.200081e-07,-0.0031801166
1.201081e-07,-0.00318418561
1.202081e-07,-0.0031838157
1.203081e-07,-0.00317900687
1.204081e-07,-0.00317197857
1.205081e-07,-0.00316642992
1.206081e-07,-0.00316495028
1.207081e-07,-0.00316679983
1.208081e-07,-0.00317049893
1.209081e-07,-0.00317234848
1.210081e-07,-0.00317049893
1.211081e-07,-0.00316606001
1.212081e-07,-0.00316125118
1.213081e-07,-0.00316051136
1.214081e-07,-0.0031656901
1.215081e-07,-0.00317678741
1.216081e-07,-0.00319010417
1.217081e-07,-0.00320194129
1.218081e-07,-0.00320822976
1.219081e-07,-0.00320822976
1.220081e-07,-0.00320305102
1.221081e-07,-0.00319602273
1.222081e-07,-0.00319084399
1.223081e-07,-0.00318899444
1.224081e-07,-0.0031912139
1.225081e-07,-0.00319602273
1.226081e-07,-0.00320268111
1.227081e-07,-0.00321044922
1.228081e-07,-0.00322006688
1.229081e-07,-0.00323153409
1.230081e-07,-0.00324485085
1.231081e-07,-0.00325890743
1.232081e-07,-0.00327074455
1.233081e-07,-0.00327888258
1.234081e-07,-0.00328295159
1.235081e-07,-0.00328443123
1.236081e-07,-0.00328591087
1.237081e-07,-0.0032907197
1.238081e-07,-0.00329996745
1.239081e-07,-0.00331254439
1.240081e-07,-0.00332623106
1.241081e-07,-0.00333806818
1.242081e-07,-0.0033462062
1.243081e-07,-0.00335138494
1.244081e-07,-0.00335545395
1.245081e-07,-0.00336174242
1.246081e-07,-0.00337173
1.247081e-07,-0.00338615649
1.248081e-07,-0.00340354226
1.249081e-07,-0.00342092803
1.250081e-07,-0.00343646425
1.251081e-07,-0.00344904119
1.252081e-07,-0.00345939867
1.253081e-07,-0.00346827652
1.254081e-07,-0.00347641454
1.255081e-07,-0.00348344283
1.256081e-07,-0.00348899148
1.257081e-07,-0.00349195076
1.258081e-07,-0.00349232067
1.259081e-07,-0.00349158085
1.260081e-07,-0.00349084103
1.261081e-07,-0.00349195076
1.262081e-07,-0.00349601977
1.263081e-07,-0.00350193833
1.264081e-07,-0.00350896662
1.265081e-07,-0.003515625
1.266081e-07,-0.00352117365
1.267081e-07,-0.00352561257
1.268081e-07,-0.00352968158
1.269081e-07,-0.00353338068
1.270081e-07,-0.00353633996
1.271081e-07,-0.00353670987
1.272081e-07,-0.00353375059
1.273081e-07,-0.00352746212
1.274081e-07,-0.00351969401
1.275081e-07,-0.00351377545
1.276081e-07,-0.0035119259
1.277081e-07,-0.003515625
1.278081e-07,-0.0035230232
1.279081e-07,-0.00353005149
1.280081e-07,-0.00353227095
1.281081e-07,-0.00352746212
1.282081e-07,-0.00351525509
1.283081e-07,-0.00349934896
1.284081e-07,-0.00348418265
1.285081e-07,-0.00347419508
1.286081e-07,-0.00347086589
1.287081e-07,-0.00347308535
1.288081e-07,-0.00347752427
1.289081e-07,-0.00348011364
1.290081e-07,-0.00347974373
1.291081e-07,-0.00347678445
1.292081e-07,-0.00347419508
1.293081e-07,-0.00347419508
1.294081e-07,-0.00347789418
1.295081e-07,-0.00348418265
1.296081e-07,-0.0034897313
1.297081e-07,-0.00349195076
1.298081e-07,-0.00348936139
1.299081e-07,-0.00348381274
1.300081e-07,-0.00347752427
1.301081e-07,-0.00347419508
1.302081e-07,-0.0034749349
1.303081e-07,-0.003478634
1.304081e-07,-0.00348344283
1.305081e-07,-0.0034860322
1.306081e-07,-0.00348566229
1.307081e-07,-0.00348344283
1.308081e-07,-0.00348085346
1.309081e-07,-0.00348011364
1.310081e-07,-0.00348196319
1.311081e-07,-0.00348455256
1.312081e-07,-0.00348640211
1.313081e-07,-0.0034860322
1.314081e-07,-0.00348344283
1.315081e-07,-0.00348048355
1.316081e-07,-0.00348085346
1.317081e-07,-0.0034860322
1.318081e-07,-0.00349564986
1.319081e-07,-0.00350711707
1.320081e-07,-0.00351673473
1.321081e-07,-0.00352154356
1.322081e-07,-0.00352154356
1.323081e-07,-0.00351895419
1.324081e-07,-0.00351784446
1.325081e-07,-0.00352154356
1.326081e-07,-0.0035304214
1.327081e-07,-0.00354188861
1.328081e-07,-0.00355187618
1.329081e-07,-0.00355705492
1.330081e-07,-0.00355668501
1.331081e-07,-0.00355224609
1.332081e-07,-0.00354780717
1.333081e-07,-0.0035452178
1.334081e-07,-0.0035452178
1.335081e-07,-0.00354484789
1.336081e-07,-0.00354003906
1.337081e-07,-0.00352746212
1.338081e-07,-0.00350674716
1.339081e-07,-0.00347974373
1.340081e-07,-0.00345015092
1.341081e-07,-0.00342092803
1.342081e-07,-0.00339207505
1.343081e-07,-0.00336063269
1.344081e-07,-0.00332216205
1.345081e-07,-0.00327296402
1.346081e-07,-0.00321266868
1.347081e-07,-0.00314386541
1.348081e-07,-0.00307025331
1.349081e-07,-0.00299479167
1.350081e-07,-0.00291785038
1.351081e-07,-0.00283684008
1.352081e-07,-0.00274880149
1.353081e-07,-0.00265151515
1.354081e-07,-0.00254609079
1.355081e-07,-0.00243659742
1.356081e-07,-0.00232710405
1.357081e-07,-0.00221946023
1.358081e-07,-0.00211181641
1.359081e-07,-0.00199825402
1.360081e-07,-0.00187322443
1.361081e-07,-0.00173413826
1.362081e-07,-0.00158358487
1.363081e-07,-0.00142896248
1.364081e-07,-0.00127988873
1.365081e-07,-0.0011422822
1.366081e-07,-0.00101651278
1.367081e-07,-0.000897401752
1.368081e-07,-0.000775701349
1.369081e-07,-0.000645123106
1.370081e-07,-0.000504187382
1.371081e-07,-0.000357703007
1.372081e-07,-0.000214547822
1.373081e-07,-8.28598485e-05
1.374081e-07,3.47715436e-05
1.375081e-07,0.000140565814
1.376081e-07,0.000241181345
1.377081e-07,0.000343276515
1.378081e-07,0.000448330966
1.379081e-07,0.000553015507
1.380081e-07,0.000650301847
1.381081e-07,0.000733901515
1.382081e-07,0.000801964962
1.383081e-07,0.000858561198
1.384081e-07,0.000912198153
1.385081e-07,0.000970643939
1.386081e-07,0.00103722775
1.387081e-07,0.00110862038
1.388081e-07,0.00117779356
1.389081e-07,0.00123697917
1.390081e-07,0.00128210819
1.391081e-07,0.00131540009
1.392081e-07,0.00134314335
1.393081e-07,0.00137310606
1.394081e-07,0.00140861742
1.395081e-07,0.0014481978
1.396081e-07,0.00148592862
1.397081e-07,0.00151515152
1.398081e-07,0.00153216738
1.399081e-07,0.00153882576
1.400081e-07,0.00154067531
1.401081e-07,0.00154474432
1.402081e-07,0.00155399207
1.403081e-07,0.00156730883
1.404081e-07,0.00157988577
1.405081e-07,0.00158617424
1.406081e-07,0.00158432469
1.407081e-07,0.00157655658
1.408081e-07,0.00156952829
1.409081e-07,0.00156841856
1.410081e-07,0.00157581676
1.411081e-07,0.00158876361
1.412081e-07,0.00160023082
1.413081e-07,0.00160392992
1.414081e-07,0.00159653172
1.415081e-07,0.00157988577
1.416081e-07,0.00156028054
1.417081e-07,0.00154474432
1.418081e-07,0.0015366063
1.419081e-07,0.00153512666
1.420081e-07,0.00153549657
1.421081e-07,0.0015329072
1.422081e-07,0.001525509
1.423081e-07,0.00151552143
1.424081e-07,0.00150849313
1.425081e-07,0.00150923295
1.426081e-07,0.00151848071
1.427081e-07,0.00153216738
1.428081e-07,0.00154326468
1.429081e-07,0.00154474432
1.430081e-07,0.00153438684
1.431081e-07,0.00151589134
1.432081e-07,0.00149702592
1.433081e-07,0.00148555871
1.434081e-07,0.00148555871
1.435081e-07,0.00149480646
1.436081e-07,0.00150701349
1.437081e-07,0.00151515152
1.438081e-07,0.00151515152
1.439081e-07,0.00150812322
1.440081e-07,0.0014999852
1.441081e-07,0.00149739583
1.442081e-07,0.00150442412
1.443081e-07,0.00151922053
1.444081e-07,0.00153697621
1.445081e-07,0.00155066288
1.446081e-07,0.00155658144
1.447081e-07,0.00155584162
1.448081e-07,0.00155177261
1.449081e-07,0.00155066288
1.450081e-07,0.00155473189
1.451081e-07,0.00156397964
1.452081e-07,0.0015735973
1.453081e-07,0.00158025568
1.454081e-07,0.00158247514
1.455081e-07,0.00158284505
1.456081e-07,0.00158654415
1.457081e-07,0.00159801136
1.458081e-07,0.00161835642
1.459081e-07,0.00164425012
1.460081e-07,0.00166903409
1.461081e-07,0.00168678977
1.462081e-07,0.00169455788
1.463081e-07,0.00169455788
1.464081e-07,0.00169196851
1.465081e-07,0.00169270833
1.466081e-07,0.0016989968
1.467081e-07,0.00170898438
1.468081e-07,0.00171823213
1.469081e-07,0.00172230114
1.470081e-07,0.0017208215
1.471081e-07,0.00171675249
1.472081e-07,0.00171564276
1.473081e-07,0.00172230114
1.474081e-07,0.00173672763
1.475081e-07,0.00175448331
1.476081e-07,0.00176743016
1.477081e-07,0.00176964962
1.478081e-07,0.00175929214
1.479081e-07,0.00173968691
1.480081e-07,0.00171934186
1.481081e-07,0.00170454545
1.482081e-07,0.00169936671
1.483081e-07,0.00170121626
1.484081e-07,0.00170491536
1.485081e-07,0.00170454545
1.486081e-07,0.00169788707
1.487081e-07,0.00168641986
1.488081e-07,0.00167532256
1.489081e-07,0.00166903409
1.490081e-07,0.00166792436
1.491081e-07,0.00166829427
1.492081e-07,0.00166422526
1.493081e-07,0.00165127841
1.494081e-07,0.00162945372
1.495081e-07,0.0016031901
1.496081e-07,0.0015809955
1.497081e-07,0.00156841856
1.498081e-07,0.0015661991
1.499081e-07,0.00156952829
1.500081e-07,0.00157026811
1.501081e-07,0.0015625
1.502081e-07,0.00154511423
1.503081e-07,0.00152291963
1.504081e-07,0.00150479403
1.505081e-07,0.00149739583
1.506081e-07,0.00150257457
1.507081e-07,0.0015144117
1.508081e-07,0.00152328954
1.509081e-07,0.00152107008
1.510081e-07,0.00150405421
1.511081e-07,0.00147668087
1.512081e-07,0.00144745798
1.513081e-07,0.00142637311
1.514081e-07,0.00141712536
1.515081e-07,0.00141712536
1.516081e-07,0.00141897491
1.517081e-07,0.00141453598
1.518081e-07,0.0014004794
1.519081e-07,0.00137976444
1.520081e-07,0.00136015921
1.521081e-07,0.00134943182
1.522081e-07,0.00135128137
1.523081e-07,0.00136274858
1.524081e-07,0.00137495561
1.525081e-07,0.00137902462
1.526081e-07,0.00137014678
1.527081e-07,0.00135017164
1.528081e-07,0.0013264974
1.529081e-07,0.00130800189
1.530081e-07,0.00130023378
1.531081e-07,0.00130245324
1.532081e-07,0.00130948153
1.533081e-07,0.00131392045
1.534081e-07,0.00131133108
1.535081e-07,0.00130245324
1.536081e-07,0.00129135594
1.537081e-07,0.00128432765
1.538081e-07,0.00128432765
1.539081e-07,0.0012898763
1.540081e-07,0.00129542495
1.541081e-07,0.00129616477
1.542081e-07,0.00128876657
1.543081e-07,0.00127618963
1.544081e-07,0.00126287287
1.545081e-07,0.00125473485
1.546081e-07,0.00125362512
1.547081e-07,0.00125584458
1.548081e-07,0.00125621449
1.549081e-07,0.00124881629
1.550081e-07,0.00123254025
1.551081e-07,0.00121219519
1.552081e-07,0.00119517933
1.553081e-07,0.00118963068
1.554081e-07,0.00119702888
1.555081e-07,0.00121293501
1.556081e-07,0.00122736151
1.557081e-07,0.00123106061
1.558081e-07,0.00121848366
1.559081e-07,0.00119148023
1.560081e-07,0.00115892815
1.561081e-07,0.00113044508
1.562081e-07,0.00111379912
1.563081e-07,0.00110973011
1.564081e-07,0.00111416903
1.565081e-07,0.00111860795
1.566081e-07,0.00111786813
1.567081e-07,0.00111010002
1.568081e-07,0.00109863281
1.569081e-07,0.00108901515
1.570081e-07,0.00108531605
1.571081e-07,0.00108753551
1.572081e-07,0.00109234434
1.573081e-07,0.00109493371
1.574081e-07,0.00109234434
1.575081e-07,0.00108494614
1.576081e-07,0.00107643821
1.577081e-07,0.00107125947
1.578081e-07,0.00107162938
1.579081e-07,0.00107569839
1.580081e-07,0.00107939749
1.581081e-07,0.00107717803
1.582081e-07,0.00106719046
1.583081e-07,0.00105128433
1.584081e-07,0.00103500829
1.585081e-07,0.00102391098
1.586081e-07,0.0010209517
1.587081e-07,0.0010246508
1.588081e-07,0.00102982955
1.589081e-07,0.00102982955
1.590081e-07,0.00102132161
1.591081e-07,0.00100541548
1.592081e-07,0.000986550071
1.593081e-07,0.000970643939
1.594081e-07,0.000962136009
1.595081e-07,0.000961026278
1.596081e-07,0.000963615649
1.597081e-07,0.000964725379
1.598081e-07,0.000961026278
1.599081e-07,0.000952888258
1.600081e-07,0.000942530777
1.601081e-07,0.000935132576
1.602081e-07,0.000932543205
1.603081e-07,0.000934392756
1.604081e-07,0.000936982126
1.605081e-07,0.000935132576
1.606081e-07,0.000926624645
1.607081e-07,0.000911828243
1.608081e-07,0.000895552202
1.609081e-07,0.00088186553
1.610081e-07,0.00087483724
1.611081e-07,0.00087483724
1.612081e-07,0.00087853634
1.613081e-07,0.00088186553
1.614081e-07,0.00088112571
1.615081e-07,0.00087557706
1.616081e-07,0.000867069129
1.617081e-07,0.000858191288
1.618081e-07,0.000850793087
1.619081e-07,0.000844874527
1.620081e-07,0.000838216146
1.621081e-07,0.000828598485
1.622081e-07,0.000814911813
1.623081e-07,0.000798265862
1.624081e-07,0.00078198982
1.625081e-07,0.000769412879
1.626081e-07,0.000761274858
1.627081e-07,0.000755726207
1.628081e-07,0.000749807647
1.629081e-07,0.000739820076
1.630081e-07,0.000725023674
1.631081e-07,0.000707267992
1.632081e-07,0.000691361861
1.633081e-07,0.00068063447
1.634081e-07,0.000677675189
1.635081e-07,0.00068063447
1.636081e-07,0.00068507339
1.637081e-07,0.00068655303
1.638081e-07,0.0006817442
1.639081e-07,0.000671016809
1.640081e-07,0.000657330137
1.641081e-07,0.000645123106
1.642081e-07,0.000637724905
1.643081e-07,0.000635505445
1.644081e-07,0.000636985085
1.645081e-07,0.000639204545
1.646081e-07,0.000639944366
1.647081e-07,0.000638464725
1.648081e-07,0.000635875355
1.649081e-07,0.000633285985
1.650081e-07,0.000631806345
1.651081e-07,0.000631066525
1.652081e-07,0.000629956795
1.653081e-07,0.000627367424
1.654081e-07,0.000623668324
1.655081e-07,0.000620709044
1.656081e-07,0.000619599313
1.657081e-07,0.000621448864
1.658081e-07,0.000624038234
1.659081e-07,0.000624038234
1.660081e-07,0.000617749763
1.661081e-07,0.000603693182
1.662081e-07,0.00058334813
1.663081e-07,0.000562263258
1.664081e-07,0.000545987216
1.665081e-07,0.000538589015
1.666081e-07,0.000540438565
1.667081e-07,0.000547096946
1.668081e-07,0.000552645597
1.669081e-07,0.000550426136
1.670081e-07,0.000538958925
1.671081e-07,0.000520463423
1.672081e-07,0.000500858191
1.673081e-07,0.00048532197
1.674081e-07,0.000477553859
1.675081e-07,0.000475704309
1.676081e-07,0.000476074219
1.677081e-07,0.000473484848
1.678081e-07,0.000464976918
1.679081e-07,0.000451290246
1.680081e-07,0.000436863755
1.681081e-07,0.000426136364
1.682081e-07,0.000422067353
1.683081e-07,0.000423546993
1.684081e-07,0.000426876184
1.685081e-07,0.000426136364
1.686081e-07,0.000418368253
1.687081e-07,0.000403201941
1.688081e-07,0.000384336529
1.689081e-07,0.000366950758
1.690081e-07,0.000355853456
1.691081e-07,0.000352154356
1.692081e-07,0.000355113636
1.693081e-07,0.000361032197
1.694081e-07,0.000366210938
1.695081e-07,0.000368800308
1.696081e-07,0.000368430398
1.697081e-07,0.000366950758
1.698081e-07,0.000365471117
1.699081e-07,0.000363991477
1.700081e-07,0.000362881747
1.701081e-07,0.000361032197
1.702081e-07,0.000358812737
1.703081e-07,0.000358072917
1.704081e-07,0.000360292377
1.705081e-07,0.000366950758
1.706081e-07,0.000377678149
1.707081e-07,0.00038988518
1.708081e-07,0.000400982481
1.709081e-07,0.000408380682
1.710081e-07,0.000412079782
1.711081e-07,0.000414299242
1.712081e-07,0.000418368253
1.713081e-07,0.000426136364
1.714081e-07,0.000438713305
1.715081e-07,0.000453879616
1.716081e-07,0.000468306108
1.717081e-07,0.000479403409
1.718081e-07,0.00048606179
1.719081e-07,0.00048976089
1.720081e-07,0.00049309008
1.721081e-07,0.000497159091
1.722081e-07,0.000502337831
1.723081e-07,0.000506406842
1.724081e-07,0.000506776752
1.725081e-07,0.000503077652
1.726081e-07,0.000496419271
1.727081e-07,0.00049050071
1.728081e-07,0.0004901308
1.729081e-07,0.000497159091
1.730081e-07,0.000510475852
1.731081e-07,0.000525272254
1.732081e-07,0.000536369555
1.733081e-07,0.000538589015
1.734081e-07,0.000531930634
1.735081e-07,0.000519723603
1.736081e-07,0.000506776752
1.737081e-07,0.000497159091
1.738081e-07,0.00049198035
1.739081e-07,0.00048902107
1.740081e-07,0.00048384233
1.741081e-07,0.000473484848
1.742081e-07,0.000457948627
1.743081e-07,0.000440932765
1.744081e-07,0.000427246094
1.745081e-07,0.000420217803
1.746081e-07,0.000419108073
1.747081e-07,0.000419477983
1.748081e-07,0.000415408973
1.749081e-07,0.000402462121
1.750081e-07,0.000380267519
1.751081e-07,0.000352524266
1.752081e-07,0.000326630563
1.753081e-07,0.000307765152
1.754081e-07,0.00029703776
1.755081e-07,0.00029148911
1.756081e-07,0.000284830729
1.757081e-07,0.000272253788
1.758081e-07,0.000252278646
1.759081e-07,0.000228234493
1.760081e-07,0.000205669981
1.761081e-07,0.000189393939
1.762081e-07,0.000180886009
1.763081e-07,0.000176077178
1.764081e-07,0.000169048887
1.765081e-07,0.000153882576
1.766081e-07,0.000129838423
1.767081e-07,0.00010061553
1.768081e-07,7.28722775e-05
1.769081e-07,5.32670455e-05
1.770081e-07,4.36493845e-05
1.771081e-07,4.10600142e-05
1.772081e-07,3.84706439e-05
1.773081e-07,2.9592803e-05
1.774081e-07,1.14672112e-05
1.775081e-07,-1.22070313e-05
1.776081e-07,-3.44016335e-05
1.777081e-07,-4.73484848e-05
1.778081e-07,-4.77183949e-05
1.779081e-07,-3.73609138e-05
1.780081e-07,-2.29344223e-05
1.781081e-07,-1.18371212e-05
1.782081e-07,-9.24775095e-06
1.783081e-07,-1.47964015e-05
1.784081e-07,-2.36742424e-05
1.785081e-07,-2.9592803e-05
1.786081e-07,-2.9222893e-05
1.787081e-07,-2.29344223e-05
1.788081e-07,-1.51663116e-05
1.789081e-07,-1.18371212e-05
1.790081e-07,-1.55362216e-05
1.791081e-07,-2.47839725e-05
1.792081e-07,-3.36618134e-05
1.793081e-07,-3.55113636e-05
1.794081e-07,-2.62636127e-05
1.795081e-07,-7.39820076e-06
1.796081e-07,1.59061316e-05
1.797081e-07,3.55113636e-05
1.798081e-07,4.51290246e-05
1.799081e-07,4.29095644e-05
1.800081e-07,3.18122633e-05
1.801081e-07,1.77556818e-05
1.802081e-07,5.91856061e-06
1.803081e-07,-1.10973011e-06
1.804081e-07,-4.06901042e-06
1.805081e-07,-5.91856061e-06
1.806081e-07,-9.98757102e-06
1.807081e-07,-1.70158617e-05
1.808081e-07,-2.62636127e-05
1.809081e-07,-3.55113636e-05
1.810081e-07,-4.32794744e-05
1.811081e-07,-4.95679451e-05
1.812081e-07,-5.62263258e-05
1.813081e-07,-6.51041667e-05
1.814081e-07,-7.65713778e-05
1.815081e-07,-8.91483191e-05
1.816081e-07,-9.98757102e-05
1.817081e-07,-0.000106534091
1.818081e-07,-0.000108753551
1.819081e-07,-0.000109123461
1.820081e-07,-0.000111342921
1.821081e-07,-0.000118371212
1.822081e-07,-0.000131318063
1.823081e-07,-0.000147594105
1.824081e-07,-0.000164240057
1.825081e-07,-0.000177556818
1.826081e-07,-0.000186064749
1.827081e-07,-0.00019198331
1.828081e-07,-0.00019790187
1.829081e-07,-0.000207149621
1.830081e-07,-0.000219726563
1.831081e-07,-0.000233783144
1.832081e-07,-0.000245990175
1.833081e-07,-0.000254498106
1.834081e-07,-0.000259676847
1.835081e-07,-0.000265225497
1.836081e-07,-0.000274473248
1.837081e-07,-0.00029000947
1.838081e-07,-0.000310724432
1.839081e-07,-0.000332179214
1.840081e-07,-0.000348085346
1.841081e-07,-0.000355113636
1.842081e-07,-0.000353264086
1.843081e-07,-0.000346975616
1.844081e-07,-0.000342166785
1.845081e-07,-0.000343276515
1.846081e-07,-0.000350674716
1.847081e-07,-0.000360662287
1.848081e-07,-0.000367690578
1.849081e-07,-0.000366950758
1.850081e-07,-0.000359182647
1.851081e-07,-0.000348455256
1.852081e-07,-0.000341426965
1.853081e-07,-0.000343276515
1.854081e-07,-0.000353633996
1.855081e-07,-0.000368060488
1.856081e-07,-0.000378417969
1.857081e-07,-0.000378787879
1.858081e-07,-0.000368060488
1.859081e-07,-0.000351414536
1.860081e-07,-0.000336618134
1.861081e-07,-0.000331439394
1.862081e-07,-0.000338097775
1.863081e-07,-0.000352524266
1.864081e-07,-0.000366950758
1.865081e-07,-0.000372869318
1.866081e-07,-0.000366580848
1.867081e-07,-0.000350304806
1.868081e-07,-0.000331809304
1.869081e-07,-0.000319602273
1.870081e-07,-0.000318862453
1.871081e-07,-0.000328850024
1.872081e-07,-0.000343646425
1.873081e-07,-0.000355113636
1.874081e-07,-0.000358072917
1.875081e-07,-0.000352524266
1.876081e-07,-0.000343276515
1.877081e-07,-0.000337357955
1.878081e-07,-0.000340317235
1.879081e-07,-0.000353264086
1.880081e-07,-0.000372129498
1.881081e-07,-0.000390625
1.882081e-07,-0.000403941761
1.883081e-07,-0.000410230232
1.884081e-07,-0.000412449692
1.885081e-07,-0.000414299242
1.886081e-07,-0.000420217803
1.887081e-07,-0.000431315104
1.888081e-07,-0.000446111506
1.889081e-07,-0.000461647727
1.890081e-07,-0.000475334399
1.891081e-07,-0.00048754143
1.892081e-07,-0.000500118371
1.893081e-07,-0.000514914773
1.894081e-07,-0.000533410275
1.895081e-07,-0.000553385417
1.896081e-07,-0.000571880919
1.897081e-07,-0.0005859375
1.898081e-07,-0.000594445431
1.899081e-07,-0.000599254261
1.900081e-07,-0.000605172822
1.901081e-07,-0.000615530303
1.902081e-07,-0.000631806345
1.903081e-07,-0.000652151397
1.904081e-07,-0.000671756629
1.905081e-07,-0.00068655303
1.906081e-07,-0.000694691051
1.907081e-07,-0.000697650331
1.908081e-07,-0.000699499882
1.909081e-07,-0.000704308712
1.910081e-07,-0.000713926373
1.911081e-07,-0.000726503314
1.912081e-07,-0.000738710346
1.913081e-07,-0.000745738636
1.914081e-07,-0.000746478456
1.915081e-07,-0.000742409446
1.916081e-07,-0.000737230705
1.917081e-07,-0.000733901515
1.918081e-07,-0.000733901515
1.919081e-07,-0.000735011245
1.920081e-07,-0.000733901515
1.921081e-07,-0.000727982955
1.922081e-07,-0.000717625473
1.923081e-07,-0.000705788352
1.924081e-07,-0.000698390152
1.925081e-07,-0.000698390152
1.926081e-07,-0.000706528172
1.927081e-07,-0.000719105114
1.928081e-07,-0.000729832505
1.929081e-07,-0.000733901515
1.930081e-07,-0.000729092685
1.931081e-07,-0.000717995384
1.932081e-07,-0.000706158262
1.933081e-07,-0.000698390152
1.934081e-07,-0.000697280421
1.935081e-07,-0.000701349432
1.936081e-07,-0.000706898082
1.937081e-07,-0.000710227273
1.938081e-07,-0.000709487453
1.939081e-07,-0.000707267992
1.940081e-07,-0.000706528172
1.941081e-07,-0.000710227273
1.942081e-07,-0.000718365294
1.943081e-07,-0.000727982955
1.944081e-07,-0.000734271425
1.945081e-07,-0.000733901515
1.946081e-07,-0.000727243134
1.947081e-07,-0.000718735204
1.948081e-07,-0.000713926373
1.949081e-07,-0.000716145833
1.950081e-07,-0.000725763494
1.951081e-07,-0.000737600616
1.952081e-07,-0.000745738636
1.953081e-07,-0.000745738636
1.954081e-07,-0.000737970526
1.955081e-07,-0.000726873224
1.956081e-07,-0.000719844934
1.957081e-07,-0.000722064394
1.958081e-07,-0.000733161695
1.959081e-07,-0.000747958097
1.960081e-07,-0.000757945668
1.961081e-07,-0.000757575758
1.962081e-07,-0.000746108546
1.963081e-07,-0.000729092685
1.964081e-07,-0.000716515743
1.965081e-07,-0.000716145833
1.966081e-07,-0.000729832505
1.967081e-07,-0.000753136837
1.968081e-07,-0.000775331439
1.969081e-07,-0.000787168561
1.970081e-07,-0.00078420928
1.971081e-07,-0.000769782789
1.972081e-07,-0.000753506747
1.973081e-07,-0.000745738636
1.974081e-07,-0.000753506747
1.975081e-07,-0.000776071259
1.976081e-07,-0.000806403883
1.977081e-07,-0.000834517045
1.978081e-07,-0.000852642637
1.979081e-07,-0.000858561198
1.980081e-07,-0.000855971828
1.981081e-07,-0.000852272727
1.982081e-07,-0.000853382457
1.983081e-07,-0.000861520478
1.984081e-07,-0.00087446733
1.985081e-07,-0.000887784091
1.986081e-07,-0.000896661932
1.987081e-07,-0.000900730942
1.988081e-07,-0.000902210582
1.989081e-07,-0.000905539773
1.990081e-07,-0.000914047704
1.991081e-07,-0.000927734375
1.992081e-07,-0.000944010417
1.993081e-07,-0.000958806818
1.994081e-07,-0.000968424479
1.995081e-07,-0.00097323331
1.996081e-07,-0.00097471295
1.997081e-07,-0.0009765625
1.998081e-07,-0.00098063151
1.999081e-07,-0.000986919981
2.000081e-07,-0.000992468632
2.001081e-07,-0.000994318182
2.002081e-07,-0.000992098722
2.003081e-07,-0.000986919981
2.004081e-07,-0.000982850971
2.005081e-07,-0.000982481061
2.006081e-07,-0.000986550071
2.007081e-07,-0.000992468632
2.008081e-07,-0.000996537642
2.009081e-07,-0.000994318182
2.010081e-07,-0.000985440341
2.011081e-07,-0.00097249349
2.012081e-07,-0.000959916548
2.013081e-07,-0.000952888258
2.014081e-07,-0.000952148438
2.015081e-07,-0.000955847538
2.016081e-07,-0.000959546638
2.017081e-07,-0.000958806818
2.018081e-07,-0.000952518348
2.019081e-07,-0.000943640507
2.020081e-07,-0.000936242306
2.021081e-07,-0.000935132576
2.022081e-07,-0.000941051136
2.023081e-07,-0.000952148438
2.024081e-07,-0.000963245739
2.025081e-07,-0.000970643939
2.026081e-07,-0.00097323331
2.027081e-07,-0.00097360322
2.028081e-07,-0.00097730232
2.029081e-07,-0.000988399621
2.030081e-07,-0.00100689512
2.031081e-07,-0.00102908973
2.032081e-07,-0.00104869496
2.033081e-07,-0.00105942235
2.034081e-07,-0.00105979226
2.035081e-07,-0.00105239406
2.036081e-07,-0.00104425604
2.037081e-07,-0.00104166667
2.038081e-07,-0.00104832505
2.039081e-07,-0.00106275154
2.040081e-07,-0.0010797674
2.041081e-07,-0.00109493371
2.042081e-07,-0.00110455137
2.043081e-07,-0.00111010002
2.044081e-07,-0.00111527876
2.045081e-07,-0.00112452652
2.046081e-07,-0.00113932292
2.047081e-07,-0.00115781842
2.048081e-07,-0.00117631392
2.049081e-07,-0.00118963068
2.050081e-07,-0.00119702888
2.051081e-07,-0.00120035807
2.052081e-07,-0.00120442708
2.053081e-07,-0.00121330492
2.054081e-07,-0.00122810133
2.055081e-07,-0.00124696674
2.056081e-07,-0.00126509233
2.057081e-07,-0.00127840909
2.058081e-07,-0.00128654711
2.059081e-07,-0.00129320549
2.060081e-07,-0.00130282315
2.061081e-07,-0.00131983902
2.062081e-07,-0.00134425308
2.063081e-07,-0.00137125651
2.064081e-07,-0.00139493075
2.065081e-07,-0.00140861742
2.066081e-07,-0.0014115767
2.067081e-07,-0.0014078776
2.068081e-07,-0.00140454841
2.069081e-07,-0.00140861742
2.070081e-07,-0.00142267401
2.071081e-07,-0.00144412879
2.072081e-07,-0.00146706321
2.073081e-07,-0.00148555871
2.074081e-07,-0.00149702592
2.075081e-07,-0.00150294448
2.076081e-07,-0.00150923295
2.077081e-07,-0.00152107008
2.078081e-07,-0.00153993549
2.079081e-07,-0.00156323982
2.080081e-07,-0.0015846946
2.081081e-07,-0.00159801136
2.082081e-07,-0.00160060073
2.083081e-07,-0.00159542199
2.084081e-07,-0.0015883937
2.085081e-07,-0.00158617424
2.086081e-07,-0.00159172289
2.087081e-07,-0.00160429983
2.088081e-07,-0.00161798651
2.089081e-07,-0.00162760417
2.090081e-07,-0.00163056345
2.091081e-07,-0.00162834399
2.092081e-07,-0.00162538471
2.093081e-07,-0.00162760417
2.094081e-07,-0.00163648201
2.095081e-07,-0.00164979877
2.096081e-07,-0.00166237571
2.097081e-07,-0.00166903409
2.098081e-07,-0.00166792436
2.099081e-07,-0.00166126598
2.100081e-07,-0.00165386778
2.101081e-07,-0.00165127841
2.102081e-07,-0.0016546076
2.103081e-07,-0.00166126598
2.104081e-07,-0.00166607481
2.105081e-07,-0.00166311553
2.106081e-07,-0.00165164832
2.107081e-07,-0.00163574219
2.108081e-07,-0.0016213157
2.109081e-07,-0.00161576705
2.110081e-07,-0.00162094579
2.111081e-07,-0.00163426255
2.112081e-07,-0.00164905895
2.113081e-07,-0.00165719697
2.114081e-07,-0.00165497751
2.115081e-07,-0.00164314039
2.116081e-07,-0.00162612453
2.117081e-07,-0.00160984848
2.118081e-07,-0.00159838127
2.119081e-07,-0.00159135298
2.120081e-07,-0.00158617424
2.121081e-07,-0.00158025568
2.122081e-07,-0.00157248757
2.123081e-07,-0.00156545928
2.124081e-07,-0.00156323982
2.125081e-07,-0.00156841856
2.126081e-07,-0.00158062559
2.127081e-07,-0.00159505208
2.128081e-07,-0.00160651929
2.129081e-07,-0.00160984848
2.130081e-07,-0.00160540956
2.131081e-07,-0.00159801136
2.132081e-07,-0.00159394235
2.133081e-07,-0.00159801136
2.134081e-07,-0.00161021839
2.135081e-07,-0.00162612453
2.136081e-07,-0.00163759174
2.137081e-07,-0.00163944129
2.138081e-07,-0.00163093336
2.139081e-07,-0.00161798651
2.140081e-07,-0.00160873875
2.141081e-07,-0.00160984848
2.142081e-07,-0.00162316525
2.143081e-07,-0.00164425012
2.144081e-07,-0.00166422526
2.145081e-07,-0.00167495265
2.146081e-07,-0.00167384292
2.147081e-07,-0.00166385535
2.148081e-07,-0.00165201823
2.149081e-07,-0.00164535985
2.150081e-07,-0.00164609967
2.151081e-07,-0.00165164832
2.152081e-07,-0.00165497751
2.153081e-07,-0.00165127841
2.154081e-07,-0.00163944129
2.155081e-07,-0.00162427498
2.156081e-07,-0.00161428741
2.157081e-07,-0.00161576705
2.158081e-07,-0.00162982363
2.159081e-07,-0.00165127841
2.160081e-07,-0.00166903409
2.161081e-07,-0.00167495265
2.162081e-07,-0.00166459517
2.163081e-07,-0.00164240057
2.164081e-07,-0.00161687678
2.165081e-07,-0.00159801136
2.166081e-07,-0.00159098307
2.167081e-07,-0.00159505208
2.168081e-07,-0.00160392992
2.169081e-07,-0.00160984848
2.170081e-07,-0.00160910866
2.171081e-07,-0.0016031901
2.172081e-07,-0.00159764145
2.173081e-07,-0.00159801136
2.174081e-07,-0.00160614938
2.175081e-07,-0.00161909624
2.176081e-07,-0.00163019354
2.177081e-07,-0.00163352273
2.178081e-07,-0.00162723426
2.179081e-07,-0.00161502723
2.180081e-07,-0.00160503965
2.181081e-07,-0.00160392992
2.182081e-07,-0.0016139175
2.183081e-07,-0.00163093336
2.184081e-07,-0.00164757931
2.185081e-07,-0.00165719697
2.186081e-07,-0.00165756688
2.187081e-07,-0.00165238814
2.188081e-07,-0.00164979877
2.189081e-07,-0.00165719697
2.190081e-07,-0.00167643229
2.191081e-07,-0.00170343572
2.192081e-07,-0.00172932943
2.193081e-07,-0.00174597538
2.194081e-07,-0.00175078421
2.195081e-07,-0.00174745502
2.196081e-07,-0.00174523556
2.197081e-07,-0.00175189394
2.198081e-07,-0.00177112926
2.199081e-07,-0.0017985026
2.200081e-07,-0.00182476622
2.201081e-07,-0.00184067235
2.202081e-07,-0.00184141217
2.203081e-07,-0.00182994496
2.204081e-07,-0.00181440874
2.205081e-07,-0.00180516098
2.206081e-07,-0.00180775036
2.207081e-07,-0.00182069721
2.208081e-07,-0.00183845289
2.209081e-07,-0.00185250947
2.210081e-07,-0.00185768821
2.211081e-07,-0.00185509884
2.212081e-07,-0.00184918028
2.213081e-07,-0.00184659091
2.214081e-07,-0.0018499201
2.215081e-07,-0.0018573183
2.216081e-07,-0.00186212713
2.217081e-07,-0.00185842803
2.218081e-07,-0.00184400154
2.219081e-07,-0.00182217685
2.220081e-07,-0.00180072206
2.221081e-07,-0.0017874053
2.222081e-07,-0.00178592566
2.223081e-07,-0.00179369377
2.224081e-07,-0.00180257161
2.225081e-07,-0.00180516098
2.226081e-07,-0.00179665305
2.227081e-07,-0.00177815755
2.228081e-07,-0.00175707268
2.229081e-07,-0.00174005682
2.230081e-07,-0.00173154889
2.231081e-07,-0.00173080907
2.232081e-07,-0.00173154889
2.233081e-07,-0.0017282197
2.234081e-07,-0.00171749231
2.235081e-07,-0.00170195608
2.236081e-07,-0.00168752959
2.237081e-07,-0.00168087121
2.238081e-07,-0.00168457031
2.239081e-07,-0.00169640743
2.240081e-07,-0.00170935429
2.241081e-07,-0.00171638258
2.242081e-07,-0.00171453303
2.243081e-07,-0.00170528527
2.244081e-07,-0.00169566761
2.245081e-07,-0.00169270833
2.246081e-07,-0.00169973662
2.247081e-07,-0.00171490294
2.248081e-07,-0.00173265862
2.249081e-07,-0.00174597538
2.250081e-07,-0.00175226385
2.251081e-07,-0.00175337358
2.252081e-07,-0.00175522313
2.253081e-07,-0.00176373106
2.254081e-07,-0.00178185665
2.255081e-07,-0.00180627071
2.256081e-07,-0.00183031487
2.257081e-07,-0.00184659091
2.258081e-07,-0.00185176965
2.259081e-07,-0.00184844046
2.260081e-07,-0.00184400154
2.261081e-07,-0.00184659091
2.262081e-07,-0.00186138731
2.263081e-07,-0.00188654119
2.264081e-07,-0.001916134
2.265081e-07,-0.00194128788
2.266081e-07,-0.00195645419
2.267081e-07,-0.0019605232
2.268081e-07,-0.00195941347
2.269081e-07,-0.00195904356
2.270081e-07,-0.00196570194
2.271081e-07,-0.00198012843
2.272081e-07,-0.00199936375
2.273081e-07,-0.00201822917
2.274081e-07,-0.00203191584
2.275081e-07,-0.00203968395
2.276081e-07,-0.00204375296
2.277081e-07,-0.00204782197
2.278081e-07,-0.00205485026
2.279081e-07,-0.00206409801
2.280081e-07,-0.00207297585
2.281081e-07,-0.00207741477
2.282081e-07,-0.00207667495
2.283081e-07,-0.00207223603
2.284081e-07,-0.00206890684
2.285081e-07,-0.00207149621
2.286081e-07,-0.00208148378
2.287081e-07,-0.00209628018
2.288081e-07,-0.00211070668
2.289081e-07,-0.0021188447
2.290081e-07,-0.00211773497
2.291081e-07,-0.00210959695
2.292081e-07,-0.00209997929
2.293081e-07,-0.00209517045
2.294081e-07,-0.00209960938
2.295081e-07,-0.00211255623
2.296081e-07,-0.00212920218
2.297081e-07,-0.00214251894
2.298081e-07,-0.00214769768
2.299081e-07,-0.0021447384
2.300081e-07,-0.00213697029
2.301081e-07,-0.00213068182
2.302081e-07,-0.00213142164
2.303081e-07,-0.0021410393
2.304081e-07,-0.00215657552
2.305081e-07,-0.00217211174
2.306081e-07,-0.00218246922
2.307081e-07,-0.00218468868
2.308081e-07,-0.00217987985
2.309081e-07,-0.00217211174
2.310081e-07,-0.00216582327
2.311081e-07,-0.00216471354
2.312081e-07,-0.00216915246
2.313081e-07,-0.0021780303
2.314081e-07,-0.00218875769
2.315081e-07,-0.002199855
2.316081e-07,-0.00220984257
2.317081e-07,-0.00221946023
2.318081e-07,-0.00222833807
2.319081e-07,-0.00223610618
2.320081e-07,-0.00224128492
2.321081e-07,-0.00224313447
2.322081e-07,-0.00224165483
2.323081e-07,-0.00223869555
2.324081e-07,-0.00223795573
2.325081e-07,-0.00224313447
2.326081e-07,-0.0022553415
2.327081e-07,-0.002273837
2.328081e-07,-0.00229492188
2.329081e-07,-0.0023141572
2.330081e-07,-0.00232821378
2.331081e-07,-0.0023363518
2.332081e-07,-0.00234042081
2.333081e-07,-0.00234375
2.334081e-07,-0.00234966856
2.335081e-07,-0.00235965613
2.336081e-07,-0.00237223307
2.337081e-07,-0.00238517992
2.338081e-07,-0.00239553741
2.339081e-07,-0.00240182588
2.340081e-07,-0.00240552498
2.341081e-07,-0.00240885417
2.342081e-07,-0.00241514264
2.343081e-07,-0.00242550012
2.344081e-07,-0.00243992661
2.345081e-07,-0.00245620265
2.346081e-07,-0.00247136896
2.347081e-07,-0.00248357599
2.348081e-07,-0.00249171402
2.349081e-07,-0.00249763258
2.350081e-07,-0.00250355114
2.351081e-07,-0.00251168916
2.352081e-07,-0.00252389619
2.353081e-07,-0.0025390625
2.354081e-07,-0.00255607836
2.355081e-07,-0.00257309422
2.356081e-07,-0.00258752071
2.357081e-07,-0.00259824811
2.358081e-07,-0.00260564631
2.359081e-07,-0.00261082505
2.360081e-07,-0.00261526397
2.361081e-07,-0.00262192235
2.362081e-07,-0.00263190992
2.363081e-07,-0.00264559659
2.364081e-07,-0.00266261245
2.365081e-07,-0.00268110795
2.366081e-07,-0.00269849373
2.367081e-07,-0.00271292022
2.368081e-07,-0.00272253788
2.369081e-07,-0.00272845644
2.370081e-07,-0.00273178563
2.371081e-07,-0.00273511482
2.372081e-07,-0.00273955374
2.373081e-07,-0.00274621212
2.374081e-07,-0.00275398023
2.375081e-07,-0.00276211825
2.376081e-07,-0.00276951645
2.377081e-07,-0.00277580492
2.378081e-07,-0.0027824633
2.379081e-07,-0.00279023142
2.380081e-07,-0.00280021899
2.381081e-07,-0.00281131629
2.382081e-07,-0.00282130386
2.383081e-07,-0.00282833215
2.384081e-07,-0.00283055161
2.385081e-07,-0.00282907197
2.386081e-07,-0.00282611269
2.387081e-07,-0.00282537287
2.388081e-07,-0.00282833215
2.389081e-07,-0.00283499053
2.390081e-07,-0.00284238873
2.391081e-07,-0.00284608783
2.392081e-07,-0.00284386837
2.393081e-07,-0.00283499053
2.394081e-07,-0.00282315341
2.395081e-07,-0.00281390566
2.396081e-07,-0.0028116862
2.397081e-07,-0.00281723485
2.398081e-07,-0.00282833215
2.399081e-07,-0.00283831972
2.400081e-07,-0.00284164891
2.401081e-07,-0.00283499053
2.402081e-07,-0.00282056404
2.403081e-07,-0.00280391809
2.404081e-07,-0.0027931907
2.405081e-07,-0.00279356061
2.406081e-07,-0.00280502782
2.407081e-07,-0.00282241359
2.408081e-07,-0.00283868963
2.409081e-07,-0.00284682765
2.410081e-07,-0.0028449781
2.411081e-07,-0.00283573035
2.412081e-07,-0.00282611269
2.413081e-07,-0.00282315341
2.414081e-07,-0.00282981179
2.415081e-07,-0.0028449781
2.416081e-07,-0.00286273378
2.417081e-07,-0.00287642045
2.418081e-07,-0.00288122929
2.419081e-07,-0.00287716027
2.420081e-07,-0.00286754261
2.421081e-07,-0.00285866477
2.422081e-07,-0.00285496567
2.423081e-07,-0.00285792495
2.424081e-07,-0.00286643288
2.425081e-07,-0.00287642045
2.426081e-07,-0.0028852983
2.427081e-07,-0.00289232659
2.428081e-07,-0.00289824515
2.429081e-07,-0.00290601326
2.430081e-07,-0.00291600083
2.431081e-07,-0.00292709813
2.432081e-07,-0.00293671579
2.433081e-07,-0.00294152462
2.434081e-07,-0.00294041489
2.435081e-07,-0.00293523615
2.436081e-07,-0.00293042732
2.437081e-07,-0.0029296875
2.438081e-07,-0.00293634588
2.439081e-07,-0.00295003255
2.440081e-07,-0.00296704841
2.441081e-07,-0.00298295455
2.442081e-07,-0.00299442176
2.443081e-07,-0.00300071023
2.444081e-07,-0.00300366951
2.445081e-07,-0.00300662879
2.446081e-07,-0.00301217744
2.447081e-07,-0.00302068537
2.448081e-07,-0.00302956321
2.449081e-07,-0.00303622159
2.450081e-07,-0.00303807114
2.451081e-07,-0.00303511186
2.452081e-07,-0.0030291933
2.453081e-07,-0.00302438447
2.454081e-07,-0.00302364465
2.455081e-07,-0.00302845348
2.456081e-07,-0.00303733132
2.457081e-07,-0.00304805871
2.458081e-07,-0.00305730646
2.459081e-07,-0.00306359493
2.460081e-07,-0.0030661843
2.461081e-07,-0.00306581439
2.462081e-07,-0.00306359493
2.463081e-07,-0.00306026574
2.464081e-07,-0.00305693655
2.465081e-07,-0.00305397727
2.466081e-07,-0.00305175781
2.467081e-07,-0.0030513879
2.468081e-07,-0.00305212772
2.469081e-07,-0.00305397727
2.470081e-07,-0.00305397727
2.471081e-07,-0.00305027817
2.472081e-07,-0.0030402906
2.473081e-07,-0.00302438447
2.474081e-07,-0.00300588897
2.475081e-07,-0.00298924302
2.476081e-07,-0.00297888554
2.477081e-07,-0.00297703598
2.478081e-07,-0.00298221473
2.479081e-07,-0.00298961293
2.480081e-07,-0.00299331203
2.481081e-07,-0.00298887311
2.482081e-07,-0.00297592625
2.483081e-07,-0.00295706084
2.484081e-07,-0.00293819543
2.485081e-07,-0.00292376894
2.486081e-07,-0.00291637074
2.487081e-07,-0.0029148911
2.488081e-07,-0.00291452119
2.489081e-07,-0.00291193182
2.490081e-07,-0.00290416371
2.491081e-07,-0.00289232659
2.492081e-07,-0.00287974964
2.493081e-07,-0.00287050189
2.494081e-07,-0.00286643288
2.495081e-07,-0.0028671727
2.496081e-07,-0.00286976207
2.497081e-07,-0.00287050189
2.498081e-07,-0.0028671727
2.499081e-07,-0.00285940459
2.500081e-07,-0.00284978693
2.501081e-07,-0.00284090909
2.502081e-07,-0.00283536044
2.503081e-07,-0.00283314098
2.504081e-07,-0.00283351089
2.505081e-07,-0.00283499053
2.506081e-07,-0.00283684008
2.507081e-07,-0.00283942945
2.508081e-07,-0.00284460819
2.509081e-07,-0.00285274621
2.510081e-07,-0.00286310369
2.511081e-07,-0.00287346117
2.512081e-07,-0.00288048946
2.513081e-07,-0.00288233902
2.514081e-07,-0.00287937973
2.515081e-07,-0.0028745709
2.516081e-07,-0.00287235144
2.517081e-07,-0.00287642045
2.518081e-07,-0.00288751776
2.519081e-07,-0.00290342389
2.520081e-07,-0.00292043975
2.521081e-07,-0.00293560606
2.522081e-07,-0.00294707327
2.523081e-07,-0.0029555812
2.524081e-07,-0.00296482895
2.525081e-07,-0.00297703598
2.526081e-07,-0.00299257221
2.527081e-07,-0.00300884825
2.528081e-07,-0.00302253492
2.529081e-07,-0.00303030303
2.530081e-07,-0.00303141276
2.531081e-07,-0.00302771366
2.532081e-07,-0.00302401456
2.533081e-07,-0.00302438447
2.534081e-07,-0.00303030303
2.535081e-07,-0.00304066051
2.536081e-07,-0.00305175781
2.537081e-07,-0.00305989583
2.538081e-07,-0.00306322502
2.539081e-07,-0.00306359493
2.540081e-07,-0.00306507457
2.541081e-07,-0.00307173295
2.542081e-07,-0.00308504972
2.543081e-07,-0.00310354522
2.544081e-07,-0.00312241063
2.545081e-07,-0.00313683712
2.546081e-07,-0.0031434955
2.547081e-07,-0.00314312559
2.548081e-07,-0.00313905658
2.549081e-07,-0.00313683712
2.550081e-07,-0.00314016631
2.551081e-07,-0.00315015388
2.552081e-07,-0.00316421046
2.553081e-07,-0.00317826705
2.554081e-07,-0.00318862453
2.555081e-07,-0.003194913
2.556081e-07,-0.00319787228
2.557081e-07,-0.00320194129
2.558081e-07,-0.0032097094
2.559081e-07,-0.00322265625
2.560081e-07,-0.00323893229
2.561081e-07,-0.00325520833
2.562081e-07,-0.00326815518
2.563081e-07,-0.00327629321
2.564081e-07,-0.00328073213
2.565081e-07,-0.00328480114
2.566081e-07,-0.00329145952
2.567081e-07,-0.00330255682
2.568081e-07,-0.00331698331
2.569081e-07,-0.00333214962
2.570081e-07,-0.00334509647
2.571081e-07,-0.00335286458
2.572081e-07,-0.00335619377
2.573081e-07,-0.00335582386
2.574081e-07,-0.00335471413
2.575081e-07,-0.00335545395
2.576081e-07,-0.00335767341
2.577081e-07,-0.00336174242
2.578081e-07,-0.00336581143
2.579081e-07,-0.00336877071
2.580081e-07,-0.00337099018
2.581081e-07,-0.00337357955
2.582081e-07,-0.00337838838
2.583081e-07,-0.00338615649
2.584081e-07,-0.00339688388
2.585081e-07,-0.00340909091
2.586081e-07,-0.00342018821
2.587081e-07,-0.00342832623
2.588081e-07,-0.00343202533
2.589081e-07,-0.00343276515
2.590081e-07,-0.00343165542
2.591081e-07,-0.00343128551
2.592081e-07,-0.00343350497
2.593081e-07,-0.00343868371
2.594081e-07,-0.00344608191
2.595081e-07,-0.00345385002
2.596081e-07,-0.00345976858
2.597081e-07,-0.00346235795
2.598081e-07,-0.00346087831
2.599081e-07,-0.00345643939
2.600081e-07,-0.00345015092
2.601081e-07,-0.00344460227
2.602081e-07,-0.00344127308
2.603081e-07,-0.00344164299
2.604081e-07,-0.00344534209
2.605081e-07,-0.00345052083
2.606081e-07,-0.00345569957
2.607081e-07,-0.00345902876
2.608081e-07,-0.00345939867
2.609081e-07,-0.00345643939
2.610081e-07,-0.00345126065
2.611081e-07,-0.00344497218
2.612081e-07,-0.00343868371
2.613081e-07,-0.00343276515
2.614081e-07,-0.00342684659
2.615081e-07,-0.00342092803
2.616081e-07,-0.00341463956
2.617081e-07,-0.00340909091
2.618081e-07,-0.0034050219
2.619081e-07,-0.00340317235
2.620081e-07,-0.00340317235
2.621081e-07,-0.00340317235
2.622081e-07,-0.00340095289
2.623081e-07,-0.00339429451
2.624081e-07,-0.00338245739
2.625081e-07,-0.00336766098
2.626081e-07,-0.00335249467
2.627081e-07,-0.00334139737
2.628081e-07,-0.00333658854
2.629081e-07,-0.00333806818
2.630081e-07,-0.00334324692
2.631081e-07,-0.00334805575
2.632081e-07,-0.00334879557
2.633081e-07,-0.00334398674
2.634081e-07,-0.0033351089
2.635081e-07,-0.00332586115
2.636081e-07,-0.00331994259
2.637081e-07,-0.0033203125
2.638081e-07,-0.00332586115
2.639081e-07,-0.00333325935
2.640081e-07,-0.00333843809
2.641081e-07,-0.00333806818
2.642081e-07,-0.00333214962
2.643081e-07,-0.00332364169
2.644081e-07,-0.00331624349
2.645081e-07,-0.00331439394
2.646081e-07,-0.00331846295
2.647081e-07,-0.00332660097
2.648081e-07,-0.00333436908
2.649081e-07,-0.00333806818
2.650081e-07,-0.00333584872
2.651081e-07,-0.00332956025
2.652081e-07,-0.00332290187
2.653081e-07,-0.0033203125
2.654081e-07,-0.00332512133
2.655081e-07,-0.00333732836
2.656081e-07,-0.00335471413
2.657081e-07,-0.00337357955
2.658081e-07,-0.00339059541
2.659081e-07,-0.00340391217
2.660081e-07,-0.00341352983
2.661081e-07,-0.00342092803
2.662081e-07,-0.00342684659
2.663081e-07,-0.00343165542
2.664081e-07,-0.00343572443
2.665081e-07,-0.00343868371
2.666081e-07,-0.00344164299
2.667081e-07,-0.00344645182
2.668081e-07,-0.00345495975
2.669081e-07,-0.00346827652
2.670081e-07,-0.00348566229
2.671081e-07,-0.00350378788
2.672081e-07,-0.00351895419
2.673081e-07,-0.00352746212
2.674081e-07,-0.00352820194
2.675081e-07,-0.0035230232
2.676081e-07,-0.003515625
2.677081e-07,-0.00350970644
2.678081e-07,-0.00350785689
2.679081e-07,-0.00350970644
2.680081e-07,-0.00351303563
2.681081e-07,-0.003515625
2.682081e-07,-0.00351525509
2.683081e-07,-0.00351155599
2.684081e-07,-0.00350711707
2.685081e-07,-0.00350378788
2.686081e-07,-0.00350378788
2.687081e-07,-0.00350674716
2.688081e-07,-0.00351155599
2.689081e-07,-0.003515625
2.690081e-07,-0.00351784446
2.691081e-07,-0.00351710464
2.692081e-07,-0.00351414536
2.693081e-07,-0.00350970644
2.694081e-07,-0.00350415779
2.695081e-07,-0.00349749941
2.696081e-07,-0.00348936139
2.697081e-07,-0.00348011364
2.698081e-07,-0.00347086589
2.699081e-07,-0.0034642075
2.700081e-07,-0.00346124822
2.701081e-07,-0.00346235795
2.702081e-07,-0.00346605705
2.703081e-07,-0.00346938625
2.704081e-07,-0.00346864643
2.705081e-07,-0.00346235795
2.706081e-07,-0.00345126065
2.707081e-07,-0.00343794389
2.708081e-07,-0.0034272165
2.709081e-07,-0.00342092803
2.710081e-07,-0.00341944839
2.711081e-07,-0.0034198183
2.712081e-07,-0.00341907848
2.713081e-07,-0.00341500947
2.714081e-07,-0.00340761127
2.715081e-07,-0.00339984316
2.716081e-07,-0.00339540424
2.717081e-07,-0.00339725379
2.718081e-07,-0.00340539181
2.719081e-07,-0.00341685902
2.720081e-07,-0.00342684659
2.721081e-07,-0.00343276515
2.722081e-07,-0.00343313506
2.723081e-07,-0.0034309156
2.724081e-07,-0.00342943596
2.725081e-07,-0.00343276515
2.726081e-07,-0.00344164299
2.727081e-07,-0.00345458984
2.728081e-07,-0.00346790661
2.729081e-07,-0.00348011364
2.730081e-07,-0.00349010121
2.731081e-07,-0.0035008286
2.732081e-07,-0.00351451527
2.733081e-07,-0.00353338068
2.734081e-07,-0.0035563151
2.735081e-07,-0.00357961944
2.736081e-07,-0.00359885476
2.737081e-07,-0.00361032197
2.738081e-07,-0.0036151308
2.739081e-07,-0.00361735026
2.740081e-07,-0.003622529
2.741081e-07,-0.00363399621
2.742081e-07,-0.00365175189
2.743081e-07,-0.00367172704
2.744081e-07,-0.00368689335
2.745081e-07,-0.00369318182
2.746081e-07,-0.00368948272
2.747081e-07,-0.00367949515
2.748081e-07,-0.00367098722
2.749081e-07,-0.00366950758
2.750081e-07,-0.0036776456
2.751081e-07,-0.003692442
2.752081e-07,-0.00370760831
2.753081e-07,-0.00371685606
2.754081e-07,-0.00371685606
2.755081e-07,-0.00370908795
2.756081e-07,-0.00369947029
2.757081e-07,-0.00369318182
2.758081e-07,-0.00369429155
2.759081e-07,-0.00370168975
2.760081e-07,-0.00371130741
2.761081e-07,-0.00371685606
2.762081e-07,-0.00371574633
2.763081e-07,-0.00370797822
2.764081e-07,-0.00369873047
2.765081e-07,-0.00369318182
2.766081e-07,-0.00369503137
2.767081e-07,-0.00370390921
2.768081e-07,-0.00371685606
2.769081e-07,-0.00372869318
2.770081e-07,-0.00373572147
2.771081e-07,-0.00373720111
2.772081e-07,-0.00373535156
2.773081e-07,-0.00373461174
2.774081e-07,-0.00373757102
2.775081e-07,-0.00374459931
2.776081e-07,-0.00375458688
2.777081e-07,-0.00376420455
2.778081e-07,-0.00377197266
2.779081e-07,-0.00377789122
2.780081e-07,-0.00378270005
2.781081e-07,-0.00378787879
2.782081e-07,-0.00379379735
2.783081e-07,-0.00379897609
2.784081e-07,-0.00380119555
2.785081e-07,-0.00379971591
2.786081e-07,-0.00379527699
2.787081e-07,-0.00379157789
2.788081e-07,-0.00379231771
2.789081e-07,-0.00379971591
2.790081e-07,-0.00381266276
2.791081e-07,-0.00382671934
2.792081e-07,-0.00383559718
2.793081e-07,-0.00383522727
2.794081e-07,-0.0038252397
2.795081e-07,-0.0038104433
2.796081e-07,-0.00379786636
2.797081e-07,-0.00379379735
2.798081e-07,-0.00380082564
2.799081e-07,-0.00381636186
2.800081e-07,-0.00383411754
2.801081e-07,-0.00384706439
2.802081e-07,-0.00385076349
2.803081e-07,-0.00384595466
2.804081e-07,-0.00383707682
2.805081e-07,-0.00382930871
2.806081e-07,-0.00382708925
2.807081e-07,-0.00383041844
2.808081e-07,-0.003836337
2.809081e-07,-0.00384114583
2.810081e-07,-0.00384188565
2.811081e-07,-0.00383892637
2.812081e-07,-0.00383559718
2.813081e-07,-0.00383522727
2.814081e-07,-0.0038400361
2.815081e-07,-0.00384891394
2.816081e-07,-0.00385853161
2.817081e-07,-0.00386482008
2.818081e-07,-0.00386518999
2.819081e-07,-0.00386112098
2.820081e-07,-0.00385557232
2.821081e-07,-0.00385298295
2.822081e-07,-0.00385631214
2.823081e-07,-0.00386445017
2.824081e-07,-0.00387480765
2.825081e-07,-0.00388257576
2.826081e-07,-0.00388590495
2.827081e-07,-0.00388479522
2.828081e-07,-0.00388220585
2.829081e-07,-0.00388257576
2.830081e-07,-0.00388812441
2.831081e-07,-0.00389811198
2.832081e-07,-0.00390957919
2.833081e-07,-0.00391808712
2.834081e-07,-0.00392141631
2.835081e-07,-0.00391919685
2.836081e-07,-0.00391475793
2.837081e-07,-0.00391216856
2.838081e-07,-0.00391401811
2.839081e-07,-0.0039210464
2.840081e-07,-0.00392955433
2.841081e-07,-0.0039358428
2.842081e-07,-0.00393658262
2.843081e-07,-0.00393103397
2.844081e-07,-0.00392141631
2.845081e-07,-0.00391216856
2.846081e-07,-0.00390661991
2.847081e-07,-0.00390625
2.848081e-07,-0.00390920928
2.849081e-07,-0.00391216856
2.850081e-07,-0.00391105883
2.851081e-07,-0.00390403054
2.852081e-07,-0.00389182351
2.853081e-07,-0.0038766572
2.854081e-07,-0.00386260062
2.855081e-07,-0.00385261304
2.856081e-07,-0.00384780421
2.857081e-07,-0.00384706439
2.858081e-07,-0.00384928385
2.859081e-07,-0.00385261304
2.860081e-07,-0.00385594223
2.861081e-07,-0.00385890152
2.862081e-07,-0.00386112098
2.863081e-07,-0.00386260062
2.864081e-07,-0.0038618608
2.865081e-07,-0.00385890152
2.866081e-07,-0.00385372277
2.867081e-07,-0.0038474343
2.868081e-07,-0.00384262547
2.869081e-07,-0.00384114583
2.870081e-07,-0.00384484493
2.871081e-07,-0.00385298295
2.872081e-07,-0.00386445017
2.873081e-07,-0.0038766572
2.874081e-07,-0.00388701468
2.875081e-07,-0.0038951527
2.876081e-07,-0.00390107126
2.877081e-07,-0.00390625
2.878081e-07,-0.00391290838
2.879081e-07,-0.00392215613
2.880081e-07,-0.00393399325
2.881081e-07,-0.00394767992
2.882081e-07,-0.0039613666
2.883081e-07,-0.00397431345
2.884081e-07,-0.00398541075
2.885081e-07,-0.00399502841
2.886081e-07,-0.00400316643
2.887081e-07,-0.00400982481
2.888081e-07,-0.00401500355
2.889081e-07,-0.00401870265
2.890081e-07,-0.00402092211
2.891081e-07,-0.00402240175
2.892081e-07,-0.00402536103
2.893081e-07,-0.00403053977
2.894081e-07,-0.00403941761
2.895081e-07,-0.00405162464
2.896081e-07,-0.00406531132
2.897081e-07,-0.00407788826
2.898081e-07,-0.00408713601
2.899081e-07,-0.00409194484
2.900081e-07,-0.00409231475
2.901081e-07,-0.00408972538
2.902081e-07,-0.00408750592
2.903081e-07,-0.00408750592
2.904081e-07,-0.00409231475
2.905081e-07,-0.0041015625
2.906081e-07,-0.00411376953
2.907081e-07,-0.00412634647
2.908081e-07,-0.00413707386
2.909081e-07,-0.00414299242
2.910081e-07,-0.00414373224
2.911081e-07,-0.00413966323
2.912081e-07,-0.00413263494
2.913081e-07,-0.00412523674
2.914081e-07,-0.004120058
2.915081e-07,-0.00411931818
2.916081e-07,-0.00412301728
2.917081e-07,-0.0041311553
2.918081e-07,-0.00414151278
2.919081e-07,-0.00415224018
2.920081e-07,-0.00416111802
2.921081e-07,-0.00416666667
2.922081e-07,-0.00416925604
2.923081e-07,-0.00416999586
2.924081e-07,-0.00417036577
2.925081e-07,-0.00417258523
2.926081e-07,-0.00417739406
2.927081e-07,-0.00418553208
2.928081e-07,-0.00419625947
2.929081e-07,-0.00420809659
2.930081e-07,-0.0042195638
2.931081e-07,-0.00422918146
2.932081e-07,-0.00423546993
2.933081e-07,-0.00423768939
2.934081e-07,-0.00423583984
2.935081e-07,-0.00423140092
2.936081e-07,-0.00422511245
2.937081e-07,-0.00421993371
2.938081e-07,-0.00421734434
2.939081e-07,-0.00421845407
2.940081e-07,-0.00422363281
2.941081e-07,-0.00423177083
2.942081e-07,-0.00424064867
2.943081e-07,-0.00424804688
2.944081e-07,-0.00425322562
2.945081e-07,-0.00425544508
2.946081e-07,-0.0042561849
2.947081e-07,-0.00425692472
2.948081e-07,-0.00425840436
2.949081e-07,-0.00426136364
2.950081e-07,-0.00426469283
2.951081e-07,-0.0042672822
2.952081e-07,-0.00426802202
2.953081e-07,-0.0042672822
2.954081e-07,-0.00426691229
2.955081e-07,-0.00426876184
2.956081e-07,-0.0042746804
2.957081e-07,-0.00428503788
2.958081e-07,-0.00429798473
2.959081e-07,-0.00431093158
2.960081e-07,-0.00432091915
2.961081e-07,-0.0043264678
2.962081e-07,-0.00432794744
2.963081e-07,-0.00432831735
2.964081e-07,-0.00433090672
2.965081e-07,-0.00433830492
2.966081e-07,-0.00435125178
2.967081e-07,-0.00436826764
2.968081e-07,-0.00438676314
2.969081e-07,-0.00440340909
2.970081e-07,-0.00441672585
2.971081e-07,-0.00442634351
2.972081e-07,-0.00443300189
2.973081e-07,-0.00443892045
2.974081e-07,-0.0044440992
2.975081e-07,-0.00444853812
2.976081e-07,-0.00445112749
2.977081e-07,-0.00445075758
2.978081e-07,-0.0044477983
2.979081e-07,-0.00444335938
2.980081e-07,-0.00444003018
2.981081e-07,-0.00443892045
2.982081e-07,-0.00444113991
2.983081e-07,-0.00444594875
2.984081e-07,-0.00445186731
2.985081e-07,-0.00445667614
2.986081e-07,-0.00446000533
2.987081e-07,-0.00446148497
2.988081e-07,-0.00446222479
2.989081e-07,-0.0044625947
2.990081e-07,-0.00446296461
2.991081e-07,-0.0044625947
2.992081e-07,-0.00446074515
2.993081e-07,-0.00445667614
2.994081e-07,-0.0044514974
2.995081e-07,-0.00444705848
2.996081e-07,-0.00444446911
2.997081e-07,-0.00444483902
2.998081e-07,-0.00444705848
2.999081e-07,-0.00444927794
3.000081e-07,-0.00444890803
3.001081e-07,-0.00444483902
3.002081e-07,-0.00443781072
3.003081e-07,-0.00443078243
3.004081e-07,-0.00442634351
3.005081e-07,-0.00442708333
3.006081e-07,-0.00443226207
3.007081e-07,-0.00443929036
3.008081e-07,-0.00444446911
3.009081e-07,-0.00444483902
3.010081e-07,-0.00443966027
3.011081e-07,-0.00443115234
3.012081e-07,-0.00442190459
3.013081e-07,-0.00441524621
3.014081e-07,-0.00441228693
3.015081e-07,-0.00441228693
3.016081e-07,-0.00441191702
3.017081e-07,-0.00440932765
3.018081e-07,-0.00440303918
3.019081e-07,-0.00439453125
3.020081e-07,-0.00438565341
3.021081e-07,-0.00437973485
3.022081e-07,-0.00437714548
3.023081e-07,-0.0043778853
3.024081e-07,-0.00437936494
3.025081e-07,-0.00437973485
3.026081e-07,-0.00437899503
3.027081e-07,-0.00437751539
3.028081e-07,-0.00437751539
3.029081e-07,-0.00437973485
3.030081e-07,-0.00438380386
3.031081e-07,-0.00438787287
3.032081e-07,-0.0043889826
3.033081e-07,-0.00438565341
3.034081e-07,-0.00437899503
3.035081e-07,-0.00437270656
3.036081e-07,-0.00436974728
3.037081e-07,-0.00437381629
3.038081e-07,-0.00438417377
3.039081e-07,-0.00439749053
3.040081e-07,-0.00440932765
3.041081e-07,-0.00441524621
3.042081e-07,-0.00441450639
3.043081e-07,-0.00440932765
3.044081e-07,-0.00440414891
3.045081e-07,-0.00440340909
3.046081e-07,-0.00440895774
3.047081e-07,-0.00441931522
3.048081e-07,-0.00443078243
3.049081e-07,-0.00443892045
3.050081e-07,-0.00444187973
3.051081e-07,-0.00444077
3.052081e-07,-0.00443855054
3.053081e-07,-0.00443892045
3.054081e-07,-0.0044440992
3.055081e-07,-0.00445297704
3.056081e-07,-0.00446222479
3.057081e-07,-0.00446851326
3.058081e-07,-0.00446925308
3.059081e-07,-0.00446444425
3.060081e-07,-0.00445741596
3.061081e-07,-0.00445075758
3.062081e-07,-0.00444742839
3.063081e-07,-0.00444742839
3.064081e-07,-0.00444927794
3.065081e-07,-0.00445075758
3.066081e-07,-0.00445075758
3.067081e-07,-0.00444964785
3.068081e-07,-0.00444927794
3.069081e-07,-0.00445075758
3.070081e-07,-0.00445482659
3.071081e-07,-0.00445963542
3.072081e-07,-0.00446296461
3.073081e-07,-0.0044625947
3.074081e-07,-0.00445815578
3.075081e-07,-0.0044514974
3.076081e-07,-0.00444631866
3.077081e-07,-0.00444483902
3.078081e-07,-0.00444816821
3.079081e-07,-0.00445408677
3.080081e-07,-0.00446000533
3.081081e-07,-0.0044625947
3.082081e-07,-0.00446111506
3.083081e-07,-0.00445741596
3.084081e-07,-0.00445482659
3.085081e-07,-0.00445667614
3.086081e-07,-0.00446370443
3.087081e-07,-0.00447332209
3.088081e-07,-0.00448256984
3.089081e-07,-0.00448626894
3.090081e-07,-0.00448330966
3.091081e-07,-0.00447480173
3.092081e-07,-0.00446444425
3.093081e-07,-0.00445667614
3.094081e-07,-0.00445371686
3.095081e-07,-0.00445556641
3.096081e-07,-0.00445963542
3.097081e-07,-0.0044625947
3.098081e-07,-0.00446222479
3.099081e-07,-0.00445852569
3.100081e-07,-0.00445371686
3.101081e-07,-0.00445075758
3.102081e-07,-0.00445075758
3.103081e-07,-0.00445334695
3.104081e-07,-0.00445630623
3.105081e-07,-0.00445667614
3.106081e-07,-0.00445297704
3.107081e-07,-0.00444631866
3.108081e-07,-0.00443855054
3.109081e-07,-0.00443300189
3.110081e-07,-0.00443078243
3.111081e-07,-0.00443115234
3.112081e-07,-0.00443263198
3.113081e-07,-0.00443300189
3.114081e-07,-0.00443115234
3.115081e-07,-0.00442782315
3.116081e-07,-0.0044259736
3.117081e-07,-0.00442708333
3.118081e-07,-0.00443226207
3.119081e-07,-0.00444003018
3.120081e-07,-0.00444705848
3.121081e-07,-0.00445075758
3.122081e-07,-0.00445001776
3.123081e-07,-0.00444594875
3.124081e-07,-0.00444113991
3.125081e-07,-0.00443892045
3.126081e-07,-0.00444077
3.127081e-07,-0.00444594875
3.128081e-07,-0.00445186731
3.129081e-07,-0.00445667614
3.130081e-07,-0.00445926551
3.131081e-07,-0.00446037524
3.132081e-07,-0.0044625947
3.133081e-07,-0.00446851326
3.134081e-07,-0.00447813092
3.135081e-07,-0.00448996804
3.136081e-07,-0.0044995857
3.137081e-07,-0.00450402462
3.138081e-07,-0.00450143525
3.139081e-07,-0.00449292732
3.140081e-07,-0.00448256984
3.141081e-07,-0.00447443182
3.142081e-07,-0.00447184245
3.143081e-07,-0.00447517164
3.144081e-07,-0.00448293975
3.145081e-07,-0.0044921875
3.146081e-07,-0.00450106534
3.147081e-07,-0.00450809363
3.148081e-07,-0.00451475201
3.149081e-07,-0.0045217803
3.150081e-07,-0.00452954841
3.151081e-07,-0.0045365767
3.152081e-07,-0.00454064571
3.153081e-07,-0.00453953598
3.154081e-07,-0.0045328776
3.155081e-07,-0.00452325994
3.156081e-07,-0.00451401219
3.157081e-07,-0.00450994318
3.158081e-07,-0.00451327237
3.159081e-07,-0.00452362985
3.160081e-07,-0.00453805634
3.161081e-07,-0.00455137311
3.162081e-07,-0.00455988104
3.163081e-07,-0.0045621005
3.164081e-07,-0.0045584014
3.165081e-07,-0.00455137311
3.166081e-07,-0.00454397491
3.167081e-07,-0.00453805634
3.168081e-07,-0.00453324751
3.169081e-07,-0.00452769886
3.170081e-07,-0.00451993075
3.171081e-07,-0.00450957327
3.172081e-07,-0.00449773615
3.173081e-07,-0.00448626894
3.174081e-07,-0.00447776101
3.175081e-07,-0.00447258227
3.176081e-07,-0.00447036281
3.177081e-07,-0.00446851326
3.178081e-07,-0.00446518407
3.179081e-07,-0.00445852569
3.180081e-07,-0.00444927794
3.181081e-07,-0.00443892045
3.182081e-07,-0.00443004261
3.183081e-07,-0.00442412405
3.184081e-07,-0.00442153468
3.185081e-07,-0.00442116477
3.186081e-07,-0.00442153468
3.187081e-07,-0.00442079486
3.188081e-07,-0.0044185754
3.189081e-07,-0.00441524621
3.190081e-07,-0.00441191702
3.191081e-07,-0.00441006747
3.192081e-07,-0.00440932765
3.193081e-07,-0.00440932765
3.194081e-07,-0.00440895774
3.195081e-07,-0.00440784801
3.196081e-07,-0.00440562855
3.197081e-07,-0.00440340909
3.198081e-07,-0.00440303918
3.199081e-07,-0.00440562855
3.200081e-07,-0.00441191702
3.201081e-07,-0.00442116477
3.202081e-07,-0.00443152225
3.203081e-07,-0.00444113991
3.204081e-07,-0.00444964785
3.205081e-07,-0.00445667614
3.206081e-07,-0.00446444425
3.207081e-07,-0.00447406191
3.208081e-07,-0.00448737867
3.209081e-07,-0.00450402462
3.210081e-07,-0.00452252012
3.211081e-07,-0.00454064571
3.212081e-07,-0.00455655185
3.213081e-07,-0.00456912879
3.214081e-07,-0.00457874645
3.215081e-07,-0.0045879942
3.216081e-07,-0.00459798177
3.217081e-07,-0.00461055871
3.218081e-07,-0.00462572502
3.219081e-07,-0.00464200107
3.220081e-07,-0.00465716738
3.221081e-07,-0.00466974432
3.222081e-07,-0.00467862216
3.223081e-07,-0.00468454072
3.224081e-07,-0.00468860973
3.225081e-07,-0.00469341856
3.226081e-07,-0.00469933712
3.227081e-07,-0.00470710523
3.228081e-07,-0.00471524325
3.229081e-07,-0.00472301136
3.230081e-07,-0.00472966974
3.231081e-07,-0.0047355883
3.232081e-07,-0.00474113696
3.233081e-07,-0.00474668561
3.234081e-07,-0.00475297408
3.235081e-07,-0.00475963246
3.236081e-07,-0.00476555102
3.237081e-07,-0.00477035985
3.238081e-07,-0.00477331913
3.239081e-07,-0.00477442886
3.240081e-07,-0.00477516868
3.241081e-07,-0.00477627841
3.242081e-07,-0.00477886778
3.243081e-07,-0.00478404652
3.244081e-07,-0.00479107481
3.245081e-07,-0.00479995265
3.246081e-07,-0.00481031013
3.247081e-07,-0.00482103752
3.248081e-07,-0.00483176491
3.249081e-07,-0.00484138258
3.250081e-07,-0.00484878078
3.251081e-07,-0.00485284979
3.252081e-07,-0.00485395952
3.253081e-07,-0.0048532197
3.254081e-07,-0.00485210997
3.255081e-07,-0.0048532197
3.256081e-07,-0.00485765862
3.257081e-07,-0.00486505682
3.258081e-07,-0.00487356475
3.259081e-07,-0.00487985322
3.260081e-07,-0.00488133286
3.261081e-07,-0.00487689394
3.262081e-07,-0.00486838601
3.263081e-07,-0.00485876835
3.264081e-07,-0.00485284979
3.265081e-07,-0.0048532197
3.266081e-07,-0.00486098781
3.267081e-07,-0.00487319484
3.268081e-07,-0.00488614169
3.269081e-07,-0.00489464962
3.270081e-07,-0.00489575935
3.271081e-07,-0.00488947088
3.272081e-07,-0.00487763376
3.273081e-07,-0.00486505682
3.274081e-07,-0.00485469934
3.275081e-07,-0.00484878078
3.276081e-07,-0.00484693123
3.277081e-07,-0.00484730114
3.278081e-07,-0.00484730114
3.279081e-07,-0.00484508168
3.280081e-07,-0.00484064276
3.281081e-07,-0.00483546402
3.282081e-07,-0.00483102509
3.283081e-07,-0.00482880563
3.284081e-07,-0.00482880563
3.285081e-07,-0.00482954545
3.286081e-07,-0.00482991536
3.287081e-07,-0.00482843572
3.288081e-07,-0.0048239968
3.289081e-07,-0.00481770833
3.290081e-07,-0.00481031013
3.291081e-07,-0.00480328184
3.292081e-07,-0.00479736328
3.293081e-07,-0.00479403409
3.294081e-07,-0.00479329427
3.295081e-07,-0.00479514382
3.296081e-07,-0.00479958274
3.297081e-07,-0.00480587121
3.298081e-07,-0.0048128995
3.299081e-07,-0.00481955788
3.300081e-07,-0.00482362689
3.301081e-07,-0.00482362689
3.302081e-07,-0.00481881806
3.303081e-07,-0.00481031013
3.304081e-07,-0.00479921283
3.305081e-07,-0.00478811553
3.306081e-07,-0.0047796076
3.307081e-07,-0.00477479877
3.308081e-07,-0.00477405895
3.309081e-07,-0.00477627841
3.310081e-07,-0.00478034742
3.311081e-07,-0.00478478634
3.312081e-07,-0.00478959517
3.313081e-07,-0.00479403409
3.314081e-07,-0.00479884292
3.315081e-07,-0.00480402166
3.316081e-07,-0.00480883049
3.317081e-07,-0.00481178977
3.318081e-07,-0.00481141986
3.319081e-07,-0.00480698094
3.320081e-07,-0.00479884292
3.321081e-07,-0.00478811553
3.322081e-07,-0.00477738814
3.323081e-07,-0.00476888021
3.324081e-07,-0.00476444129
3.325081e-07,-0.00476444129
3.326081e-07,-0.00476740057
3.327081e-07,-0.00477146958
3.328081e-07,-0.00477479877
3.329081e-07,-0.00477627841
3.330081e-07,-0.0047759085
3.331081e-07,-0.00477405895
3.332081e-07,-0.0047722094
3.333081e-07,-0.00477035985
3.334081e-07,-0.00476888021
3.335081e-07,-0.00476666075
3.336081e-07,-0.00476333156
3.337081e-07,-0.00475852273
3.338081e-07,-0.00475260417
3.339081e-07,-0.00474668561
3.340081e-07,-0.0047426166
3.341081e-07,-0.00474076705
3.342081e-07,-0.00474113696
3.343081e-07,-0.00474224669
3.344081e-07,-0.0047426166
3.345081e-07,-0.00474076705
3.346081e-07,-0.00473632813
3.347081e-07,-0.00473077947
3.348081e-07,-0.00472560073
3.349081e-07,-0.00472301136
3.350081e-07,-0.00472412109
3.351081e-07,-0.00472782019
3.352081e-07,-0.00473225911
3.353081e-07,-0.00473484848
3.354081e-07,-0.00473336884
3.355081e-07,-0.00472856001
3.356081e-07,-0.00472190163
3.357081e-07,-0.0047170928
3.358081e-07,-0.00471746271
3.359081e-07,-0.00472375118
3.360081e-07,-0.00473484848
3.361081e-07,-0.00474668561
3.362081e-07,-0.00475408381
3.363081e-07,-0.00475445372
3.364081e-07,-0.00474668561
3.365081e-07,-0.00473484848
3.366081e-07,-0.00472412109
3.367081e-07,-0.00472005208
3.368081e-07,-0.00472597064
3.369081e-07,-0.00474076705
3.370081e-07,-0.00476000237
3.371081e-07,-0.00477812796
3.372081e-07,-0.00478996508
3.373081e-07,-0.00479403409
3.374081e-07,-0.00479255445
3.375081e-07,-0.00478996508
3.376081e-07,-0.00479144472
3.377081e-07,-0.00479995265
3.378081e-07,-0.00481437914
3.379081e-07,-0.00483102509
3.380081e-07,-0.00484508168
3.381081e-07,-0.0048532197
3.382081e-07,-0.00485506925
3.383081e-07,-0.0048532197
3.384081e-07,-0.00485137015
3.385081e-07,-0.0048532197
3.386081e-07,-0.00485950817
3.387081e-07,-0.00486838601
3.388081e-07,-0.00487726385
3.389081e-07,-0.0048828125
3.390081e-07,-0.00488503196
3.391081e-07,-0.00488540187
3.392081e-07,-0.00488799124
3.393081e-07,-0.00489464962
3.394081e-07,-0.00490611683
3.395081e-07,-0.00491943359
3.396081e-07,-0.0049309008
3.397081e-07,-0.00493607955
3.398081e-07,-0.00493386009
3.399081e-07,-0.00492646188
3.400081e-07,-0.00491758404
3.401081e-07,-0.0049124053
3.402081e-07,-0.00491351503
3.403081e-07,-0.00492017341
3.404081e-07,-0.00492942116
3.405081e-07,-0.00493607955
3.406081e-07,-0.00493718928
3.407081e-07,-0.00493275036
3.408081e-07,-0.00492498224
3.409081e-07,-0.00491832386
3.410081e-07,-0.00491647431
3.411081e-07,-0.00492017341
3.412081e-07,-0.00492831143
3.413081e-07,-0.00493607955
3.414081e-07,-0.00494014856
3.415081e-07,-0.00493866892
3.416081e-07,-0.00493238045
3.417081e-07,-0.00492424242
3.418081e-07,-0.00491832386
3.419081e-07,-0.00491721413
3.420081e-07,-0.00492165305
3.421081e-07,-0.00493016098
3.422081e-07,-0.00494014856
3.423081e-07,-0.00494976622
3.424081e-07,-0.00495790424
3.425081e-07,-0.00496567235
3.426081e-07,-0.00497381037
3.427081e-07,-0.00498305812
3.428081e-07,-0.00499304569
3.429081e-07,-0.00500118371
3.430081e-07,-0.00500636245
3.431081e-07,-0.00500710227
3.432081e-07,-0.0050045129
3.433081e-07,-0.00500118371
3.434081e-07,-0.00499933416
3.435081e-07,-0.00500118371
3.436081e-07,-0.00500636245
3.437081e-07,-0.00501302083
3.438081e-07,-0.00501819957
3.439081e-07,-0.00501856948
3.440081e-07,-0.00501450047
3.441081e-07,-0.00500710227
3.442081e-07,-0.00500007398
3.443081e-07,-0.00499748461
3.444081e-07,-0.00500192353
3.445081e-07,-0.00501302083
3.446081e-07,-0.00502781723
3.447081e-07,-0.00504187382
3.448081e-07,-0.00504964193
3.449081e-07,-0.0050485322
3.450081e-07,-0.00503780481
3.451081e-07,-0.00502041903
3.452081e-07,-0.00500044389
3.453081e-07,-0.00498342803
3.454081e-07,-0.00497233073
3.455081e-07,-0.00496863163
3.456081e-07,-0.004971221
3.457081e-07,-0.00497750947
3.458081e-07,-0.00498416785
3.459081e-07,-0.00498934659
3.460081e-07,-0.00499082623
3.461081e-07,-0.00498934659
3.462081e-07,-0.00498527758
3.463081e-07,-0.00497935902
3.464081e-07,-0.00497270064
3.465081e-07,-0.00496567235
3.466081e-07,-0.00495864406
3.467081e-07,-0.00495235559
3.468081e-07,-0.00494643703
3.469081e-07,-0.00494199811
3.470081e-07,-0.00493866892
3.471081e-07,-0.00493607955
3.472081e-07,-0.00493349018
3.473081e-07,-0.00493016098
3.474081e-07,-0.00492609197
3.475081e-07,-0.00492091323
3.476081e-07,-0.0049161044
3.477081e-07,-0.0049124053
3.478081e-07,-0.00491055575
3.479081e-07,-0.00491055575
3.480081e-07,-0.00491166548
3.481081e-07,-0.0049124053
3.482081e-07,-0.00491166548
3.483081e-07,-0.0049087062
3.484081e-07,-0.00490426728
3.485081e-07,-0.00490056818
3.486081e-07,-0.00489871863
3.487081e-07,-0.00490056818
3.488081e-07,-0.00490537701
3.489081e-07,-0.0049124053
3.490081e-07,-0.00491906368
3.491081e-07,-0.0049235026
3.492081e-07,-0.00492498224
3.493081e-07,-0.00492424242
3.494081e-07,-0.00492313269
3.495081e-07,-0.0049235026
3.496081e-07,-0.00492609197
3.497081e-07,-0.00493016098
3.498081e-07,-0.00493386009
3.499081e-07,-0.00493496982
3.500081e-07,-0.00493164063
3.501081e-07,-0.00492424242
3.502081e-07,-0.00491499467
3.503081e-07,-0.00490648674
3.504081e-07,-0.004901308
3.505081e-07,-0.00490056818
3.506081e-07,-0.00490278764
3.507081e-07,-0.0049050071
3.508081e-07,-0.0049050071
3.509081e-07,-0.00490056818
3.510081e-07,-0.00489243016
3.511081e-07,-0.00488207268
3.512081e-07,-0.00487245502
3.513081e-07,-0.00486505682
3.514081e-07,-0.00486024799
3.515081e-07,-0.00485580907
3.516081e-07,-0.00484989051
3.517081e-07,-0.00484138258
3.518081e-07,-0.00483028527
3.519081e-07,-0.00481844815
3.520081e-07,-0.00480957031
3.521081e-07,-0.00480587121
3.522081e-07,-0.00480735085
3.523081e-07,-0.00481215968
3.524081e-07,-0.00481696851
3.525081e-07,-0.00481770833
3.526081e-07,-0.0048128995
3.527081e-07,-0.00480365175
3.528081e-07,-0.00479218454
3.529081e-07,-0.00478219697
3.530081e-07,-0.00477664832
3.531081e-07,-0.0047759085
3.532081e-07,-0.00477886778
3.533081e-07,-0.00478219697
3.534081e-07,-0.00478404652
3.535081e-07,-0.00478293679
3.536081e-07,-0.0047796076
3.537081e-07,-0.00477627841
3.538081e-07,-0.00477442886
3.539081e-07,-0.00477516868
3.540081e-07,-0.00477812796
3.541081e-07,-0.00478219697
3.542081e-07,-0.00478552616
3.543081e-07,-0.00478737571
3.544081e-07,-0.00478774562
3.545081e-07,-0.00478811553
3.546081e-07,-0.00478922526
3.547081e-07,-0.00479181463
3.548081e-07,-0.00479551373
3.549081e-07,-0.00479995265
3.550081e-07,-0.00480365175
3.551081e-07,-0.00480661103
3.552081e-07,-0.0048092004
3.553081e-07,-0.00481178977
3.554081e-07,-0.00481548887
3.555081e-07,-0.00482103752
3.556081e-07,-0.0048276959
3.557081e-07,-0.00483546402
3.558081e-07,-0.00484323213
3.559081e-07,-0.00485063033
3.560081e-07,-0.00485802853
3.561081e-07,-0.00486505682
3.562081e-07,-0.00487282493
3.563081e-07,-0.00488133286
3.564081e-07,-0.00489058061
3.565081e-07,-0.00490056818
3.566081e-07,-0.00491018584
3.567081e-07,-0.00491869377
3.568081e-07,-0.00492572206
3.569081e-07,-0.00493016098
3.570081e-07,-0.00493201054
3.571081e-07,-0.00493201054
3.572081e-07,-0.0049309008
3.573081e-07,-0.00493016098
3.574081e-07,-0.00493127071
3.575081e-07,-0.00493533973
3.576081e-07,-0.00494125829
3.577081e-07,-0.00494791667
3.578081e-07,-0.0049527255
3.579081e-07,-0.00495346532
3.580081e-07,-0.00494939631
3.581081e-07,-0.00494199811
3.582081e-07,-0.00493349018
3.583081e-07,-0.00492683179
3.584081e-07,-0.00492387251
3.585081e-07,-0.00492424242
3.586081e-07,-0.00492535215
3.587081e-07,-0.0049235026
3.588081e-07,-0.00491721413
3.589081e-07,-0.00490648674
3.590081e-07,-0.00489427971
3.591081e-07,-0.00488503196
3.592081e-07,-0.0048828125
3.593081e-07,-0.00488873106
3.594081e-07,-0.00490019827
3.595081e-07,-0.00491129557
3.596081e-07,-0.00491647431
3.597081e-07,-0.0049124053
3.598081e-07,-0.00489945845
3.599081e-07,-0.0048828125
3.600081e-07,-0.00486949574
3.601081e-07,-0.00486505682
3.602081e-07,-0.00487134529
3.603081e-07,-0.00488577178
3.604081e-07,-0.00490204782
3.605081e-07,-0.0049124053
3.606081e-07,-0.00491314512
3.607081e-07,-0.00490389737
3.608081e-07,-0.00488947088
3.609081e-07,-0.00487689394
3.610081e-07,-0.00487134529
3.611081e-07,-0.0048754143
3.612081e-07,-0.0048865116
3.613081e-07,-0.00490056818
3.614081e-07,-0.00491203539
3.615081e-07,-0.00491795395
3.616081e-07,-0.00491906368
3.617081e-07,-0.00491832386
3.618081e-07,-0.0049198035
3.619081e-07,-0.00492609197
3.620081e-07,-0.00493644946
3.621081e-07,-0.00494791667
3.622081e-07,-0.0049564246
3.623081e-07,-0.00495864406
3.624081e-07,-0.00495494496
3.625081e-07,-0.00494791667
3.626081e-07,-0.00494236802
3.627081e-07,-0.00494199811
3.628081e-07,-0.00494828658
3.629081e-07,-0.00495975379
3.630081e-07,-0.00497196082
3.631081e-07,-0.00498046875
3.632081e-07,-0.00498194839
3.633081e-07,-0.00497750947
3.634081e-07,-0.00497011127
3.635081e-07,-0.00496419271
3.636081e-07,-0.00496419271
3.637081e-07,-0.00497159091
3.638081e-07,-0.00498453776
3.639081e-07,-0.00499933416
3.640081e-07,-0.0050119111
3.641081e-07,-0.00501893939
3.642081e-07,-0.00502041903
3.643081e-07,-0.00501782966
3.644081e-07,-0.00501487038
3.645081e-07,-0.00501302083
3.646081e-07,-0.00501376065
3.647081e-07,-0.00501524029
3.648081e-07,-0.0050156102
3.649081e-07,-0.00501302083
3.650081e-07,-0.00500710227
3.651081e-07,-0.00499896425
3.652081e-07,-0.00499230587
3.653081e-07,-0.00498934659
3.654081e-07,-0.00499230587
3.655081e-07,-0.0050008138
3.656081e-07,-0.00501265092
3.657081e-07,-0.00502485795
3.658081e-07,-0.00503484553
3.659081e-07,-0.00504150391
3.660081e-07,-0.00504372337
3.661081e-07,-0.00504261364
3.662081e-07,-0.00503928445
3.663081e-07,-0.00503484553
3.664081e-07,-0.0050300367
3.665081e-07,-0.00502485795
3.666081e-07,-0.00502078894
3.667081e-07,-0.00501856948
3.668081e-07,-0.00501967921
3.669081e-07,-0.00502485795
3.670081e-07,-0.00503336589
3.671081e-07,-0.00504298355
3.672081e-07,-0.00505112157
3.673081e-07,-0.00505445076
3.674081e-07,-0.00505149148
3.675081e-07,-0.00504261364
3.676081e-07,-0.00503077652
3.677081e-07,-0.00501893939
3.678081e-07,-0.00501080137
3.679081e-07,-0.00500858191
3.680081e-07,-0.0050119111
3.681081e-07,-0.00501893939
3.682081e-07,-0.0050267075
3.683081e-07,-0.00503299598
3.684081e-07,-0.00503595526
3.685081e-07,-0.00503669508
3.686081e-07,-0.00503595526
3.687081e-07,-0.00503521544
3.688081e-07,-0.00503521544
3.689081e-07,-0.00503669508
3.690081e-07,-0.00503854463
3.691081e-07,-0.00504039418
3.692081e-07,-0.00504150391
3.693081e-07,-0.00504261364
3.694081e-07,-0.00504446319
3.695081e-07,-0.00504742247
3.696081e-07,-0.00505297112
3.697081e-07,-0.00506036932
3.698081e-07,-0.00506850734
3.699081e-07,-0.00507590554
3.700081e-07,-0.00508108428
3.701081e-07,-0.00508404356
3.702081e-07,-0.00508478338
3.703081e-07,-0.00508515329
3.704081e-07,-0.00508626302
3.705081e-07,-0.00508996212
3.706081e-07,-0.0050966205
3.707081e-07,-0.00510549834
3.708081e-07,-0.00511585582
3.709081e-07,-0.00512547348
3.710081e-07,-0.00513287169
3.711081e-07,-0.0051369407
3.712081e-07,-0.00513805043
3.713081e-07,-0.00513731061
3.714081e-07,-0.00513657079
3.715081e-07,-0.00513842034
3.716081e-07,-0.0051443389
3.717081e-07,-0.00515506629
3.718081e-07,-0.00516986269
3.719081e-07,-0.00518650864
3.720081e-07,-0.00520204486
3.721081e-07,-0.00521425189
3.722081e-07,-0.00522128018
3.723081e-07,-0.00522386955
3.724081e-07,-0.00522423946
3.725081e-07,-0.00522608902
3.726081e-07,-0.00523237749
3.727081e-07,-0.00524421461
3.728081e-07,-0.00526123047
3.729081e-07,-0.00527935606
3.730081e-07,-0.00529489228
3.731081e-07,-0.00530414003
3.732081e-07,-0.00530635949
3.733081e-07,-0.0053030303
3.734081e-07,-0.00529822147
3.735081e-07,-0.0052956321
3.736081e-07,-0.00529748165
3.737081e-07,-0.0053030303
3.738081e-07,-0.00530931877
3.739081e-07,-0.00531190814
3.740081e-07,-0.00530783913
3.741081e-07,-0.00529711174
3.742081e-07,-0.00528231534
3.743081e-07,-0.00526825876
3.744081e-07,-0.00525901101
3.745081e-07,-0.00525568182
3.746081e-07,-0.00525642164
3.747081e-07,-0.00525753137
3.748081e-07,-0.00525383227
3.749081e-07,-0.0052438447
3.750081e-07,-0.00522830848
3.751081e-07,-0.00521166252
3.752081e-07,-0.00519797585
3.753081e-07,-0.00519057765
3.754081e-07,-0.0051887281
3.755081e-07,-0.00518983783
3.756081e-07,-0.00518909801
3.757081e-07,-0.00518465909
3.758081e-07,-0.00517652107
3.759081e-07,-0.00516727332
3.760081e-07,-0.00516135476
3.761081e-07,-0.00516098485
3.762081e-07,-0.00516505386
3.763081e-07,-0.00517060251
3.764081e-07,-0.00517208215
3.765081e-07,-0.00516690341
3.766081e-07,-0.00515580611
3.767081e-07,-0.00514359908
3.768081e-07,-0.00513583097
3.769081e-07,-0.00513731061
3.770081e-07,-0.005148038
3.771081e-07,-0.00516431404
3.772081e-07,-0.00517837062
3.773081e-07,-0.00518465909
3.774081e-07,-0.00518022017
3.775081e-07,-0.00516764323
3.776081e-07,-0.00515284683
3.777081e-07,-0.00514322917
3.778081e-07,-0.00514322917
3.779081e-07,-0.00515247692
3.780081e-07,-0.00516616359
3.781081e-07,-0.00517874053
3.782081e-07,-0.00518465909
3.783081e-07,-0.00518280954
3.784081e-07,-0.00517541134
3.785081e-07,-0.00516690341
3.786081e-07,-0.00516135476
3.787081e-07,-0.00515950521
3.788081e-07,-0.00516061494
3.789081e-07,-0.00516098485
3.790081e-07,-0.00515765566
3.791081e-07,-0.00515025746
3.792081e-07,-0.00514026989
3.793081e-07,-0.00513139205
3.794081e-07,-0.0051262133
3.795081e-07,-0.00512584339
3.796081e-07,-0.00512843277
3.797081e-07,-0.00513139205
3.798081e-07,-0.00513176196
3.799081e-07,-0.00512806286
3.800081e-07,-0.00512140447
3.801081e-07,-0.00511363636
3.802081e-07,-0.00510660807
3.803081e-07,-0.00510068951
3.804081e-07,-0.00509551077
3.805081e-07,-0.00508996212
3.806081e-07,-0.00508293383
3.807081e-07,-0.00507553563
3.808081e-07,-0.00506924716
3.809081e-07,-0.00506628788
3.810081e-07,-0.0050670277
3.811081e-07,-0.00507109671
3.812081e-07,-0.00507553563
3.813081e-07,-0.005078125
3.814081e-07,-0.00507738518
3.815081e-07,-0.0050744259
3.816081e-07,-0.00507146662
3.817081e-07,-0.00507220644
3.818081e-07,-0.005078125
3.819081e-07,-0.00508885239
3.820081e-07,-0.00510179924
3.821081e-07,-0.00511363636
3.822081e-07,-0.00512103456
3.823081e-07,-0.00512325402
3.824081e-07,-0.00512177438
3.825081e-07,-0.00511955492
3.826081e-07,-0.00511992483
3.827081e-07,-0.00512436375
3.828081e-07,-0.00513287169
3.829081e-07,-0.00514322917
3.830081e-07,-0.00515321674
3.831081e-07,-0.00516061494
3.832081e-07,-0.00516505386
3.833081e-07,-0.00516690341
3.834081e-07,-0.00516727332
3.835081e-07,-0.00516690341
3.836081e-07,-0.00516690341
3.837081e-07,-0.00516690341
3.838081e-07,-0.00516727332
3.839081e-07,-0.00516801314
3.840081e-07,-0.00516986269
3.841081e-07,-0.00517282197
3.842081e-07,-0.00517689098
3.843081e-07,-0.00518095999
3.844081e-07,-0.00518391927
3.845081e-07,-0.00518465909
3.846081e-07,-0.00518280954
3.847081e-07,-0.00517911044
3.848081e-07,-0.00517504143
3.849081e-07,-0.00517282197
3.850081e-07,-0.00517282197
3.851081e-07,-0.00517467152
3.852081e-07,-0.00517726089
3.853081e-07,-0.00517874053
3.854081e-07,-0.00517800071
3.855081e-07,-0.00517430161
3.856081e-07,-0.00516838305
3.857081e-07,-0.00516098485
3.858081e-07,-0.00515358665
3.859081e-07,-0.00514729818
3.860081e-07,-0.00514359908
3.861081e-07,-0.00514322917
3.862081e-07,-0.00514655836
3.863081e-07,-0.00515358665
3.864081e-07,-0.00516320431
3.865081e-07,-0.00517282197
3.866081e-07,-0.00517911044
3.867081e-07,-0.00517985026
3.868081e-07,-0.00517356179
3.869081e-07,-0.00516098485
3.870081e-07,-0.00514581854
3.871081e-07,-0.00513287169
3.872081e-07,-0.00512547348
3.873081e-07,-0.00512547348
3.874081e-07,-0.00513176196
3.875081e-07,-0.00514026989
3.876081e-07,-0.00514692827
3.877081e-07,-0.00514914773
3.878081e-07,-0.00514692827
3.879081e-07,-0.00514248935
3.880081e-07,-0.00514026989
3.881081e-07,-0.00514322917
3.882081e-07,-0.00515136719
3.883081e-07,-0.0051628344
3.884081e-07,-0.00517319188
3.885081e-07,-0.00517874053
3.886081e-07,-0.00517726089
3.887081e-07,-0.00516949278
3.888081e-07,-0.00515876539
3.889081e-07,-0.00514914773
3.890081e-07,-0.00514248935
3.891081e-07,-0.00513953007
3.892081e-07,-0.00513879025
3.893081e-07,-0.00513731061
3.894081e-07,-0.00513435133
3.895081e-07,-0.00512991241
3.896081e-07,-0.0051262133
3.897081e-07,-0.00512547348
3.898081e-07,-0.00512917259
3.899081e-07,-0.00513620088
3.900081e-07,-0.00514396899
3.901081e-07,-0.00514914773
3.902081e-07,-0.00515025746
3.903081e-07,-0.00514729818
3.904081e-07,-0.00514359908
3.905081e-07,-0.00514322917
3.906081e-07,-0.00514914773
3.907081e-07,-0.0051628344
3.908081e-07,-0.00518169981
3.909081e-07,-0.00520241477
3.910081e-07,-0.00522017045
3.911081e-07,-0.0052327474
3.912081e-07,-0.00523977569
3.913081e-07,-0.0052438447
3.914081e-07,-0.00524828362
3.915081e-07,-0.00525568182
3.916081e-07,-0.00526862867
3.917081e-07,-0.00528527462
3.918081e-07,-0.00530414003
3.919081e-07,-0.00532226563
3.920081e-07,-0.00533817176
3.921081e-07,-0.00535037879
3.922081e-07,-0.00535925663
3.923081e-07,-0.00536480528
3.924081e-07,-0.00536776456
3.925081e-07,-0.00536813447
3.926081e-07,-0.00536628492
3.927081e-07,-0.00536258582
3.928081e-07,-0.00535888672
3.929081e-07,-0.00535629735
3.930081e-07,-0.00535666726
3.931081e-07,-0.00536073627
3.932081e-07,-0.00536739465
3.933081e-07,-0.00537405303
3.934081e-07,-0.00537812204
3.935081e-07,-0.0053766424
3.936081e-07,-0.0053692442
3.937081e-07,-0.00535629735
3.938081e-07,-0.00534076113
3.939081e-07,-0.00532559482
3.940081e-07,-0.00531264796
3.941081e-07,-0.0053030303
3.942081e-07,-0.0052956321
3.943081e-07,-0.00528934363
3.944081e-07,-0.00528194543
3.945081e-07,-0.0052734375
3.946081e-07,-0.00526455966
3.947081e-07,-0.00525716146
3.948081e-07,-0.00525235263
3.949081e-07,-0.00524976326
3.950081e-07,-0.00524828362
3.951081e-07,-0.00524606416
3.952081e-07,-0.00524088542
3.953081e-07,-0.00523200758
3.954081e-07,-0.00522128018
3.955081e-07,-0.00521203243
3.956081e-07,-0.00520685369
3.957081e-07,-0.00520833333
3.958081e-07,-0.00521573153
3.959081e-07,-0.00522682884
3.960081e-07,-0.00523755623
3.961081e-07,-0.0052438447
3.962081e-07,-0.00524421461
3.963081e-07,-0.00523940578
3.964081e-07,-0.00523200758
3.965081e-07,-0.00522608902
3.966081e-07,-0.00522460938
3.967081e-07,-0.00522941821
3.968081e-07,-0.00524051551
3.969081e-07,-0.00525568182
3.970081e-07,-0.00527306759
3.971081e-07,-0.00529045336
3.972081e-07,-0.0053067294
3.973081e-07,-0.00532078598
3.974081e-07,-0.00533299302
3.975081e-07,-0.00534372041
3.976081e-07,-0.00535333807
3.977081e-07,-0.00536221591
3.978081e-07,-0.00537146366
3.979081e-07,-0.00538108132
3.980081e-07,-0.00539217862
3.981081e-07,-0.00540364583
3.982081e-07,-0.00541511304
3.983081e-07,-0.00542510062
3.984081e-07,-0.00543323864
3.985081e-07,-0.0054391572
3.986081e-07,-0.00544396603
3.987081e-07,-0.00544877486
3.988081e-07,-0.00545506333
3.989081e-07,-0.00546283144
3.990081e-07,-0.00547059955
3.991081e-07,-0.0054761482
3.992081e-07,-0.00547799775
3.993081e-07,-0.00547466856
3.994081e-07,-0.00546764027
3.995081e-07,-0.00545987216
3.996081e-07,-0.00545358369
3.997081e-07,-0.00545099432
3.998081e-07,-0.00545173414
3.999081e-07,-0.00545358369
4.000081e-07,-0.0054539536
4.001081e-07,-0.00545099432
4.002081e-07,-0.00544544567
4.003081e-07,-0.0054391572
4.004081e-07,-0.00543619792
4.005081e-07,-0.0054391572
4.006081e-07,-0.00544840495
4.007081e-07,-0.00546098189
4.008081e-07,-0.00547318892
4.009081e-07,-0.00548058712
4.010081e-07,-0.00548021721
4.011081e-07,-0.00547281901
4.012081e-07,-0.0054613518
4.013081e-07,-0.00545099432
4.014081e-07,-0.00544544567
4.015081e-07,-0.00544618549
4.016081e-07,-0.00545284387
4.017081e-07,-0.00546283144
4.018081e-07,-0.00547355883
4.019081e-07,-0.00548280658
4.020081e-07,-0.0054909446
4.021081e-07,-0.0054983428
4.022081e-07,-0.005505741
4.023081e-07,-0.0055131392
4.024081e-07,-0.00551905777
4.025081e-07,-0.00552201705
4.026081e-07,-0.00552127723
4.027081e-07,-0.00551720821
4.028081e-07,-0.00551239938
4.029081e-07,-0.00551017992
4.030081e-07,-0.00551239938
4.031081e-07,-0.0055201675
4.032081e-07,-0.00553052498
4.033081e-07,-0.00553977273
4.034081e-07,-0.00554384174
4.035081e-07,-0.00554051255
4.036081e-07,-0.00553015507
4.037081e-07,-0.00551609848
4.038081e-07,-0.00550352154
4.039081e-07,-0.00549686316
4.040081e-07,-0.00549760298
4.041081e-07,-0.00550426136
4.042081e-07,-0.00551276929
4.043081e-07,-0.00551868786
4.044081e-07,-0.00551794804
4.045081e-07,-0.00551017992
4.046081e-07,-0.00549797289
4.047081e-07,-0.00548613577
4.048081e-07,-0.00547947739
4.049081e-07,-0.00548058712
4.050081e-07,-0.00548872514
4.051081e-07,-0.00550056226
4.052081e-07,-0.00551128965
4.053081e-07,-0.00551609848
4.054081e-07,-0.0055131392
4.055081e-07,-0.00550426136
4.056081e-07,-0.00549353397
4.057081e-07,-0.00548650568
4.058081e-07,-0.00548761541
4.059081e-07,-0.0054983428
4.060081e-07,-0.00551720821
4.061081e-07,-0.00553977273
4.062081e-07,-0.00556048769
4.063081e-07,-0.00557528409
4.064081e-07,-0.00558157256
4.065081e-07,-0.00558120265
4.066081e-07,-0.00557713364
4.067081e-07,-0.00557417436
4.068081e-07,-0.00557491418
4.069081e-07,-0.00558120265
4.070081e-07,-0.00559119022
4.071081e-07,-0.00560265743
4.072081e-07,-0.00561153527
4.073081e-07,-0.00561671402
4.074081e-07,-0.00561745384
4.075081e-07,-0.00561560429
4.076081e-07,-0.00561449455
4.077081e-07,-0.00561671402
4.078081e-07,-0.00562374231
4.079081e-07,-0.0056344697
4.080081e-07,-0.00564704664
4.081081e-07,-0.00565814394
4.082081e-07,-0.0056640625
4.083081e-07,-0.00566369259
4.084081e-07,-0.00565703421
4.085081e-07,-0.00564630682
4.086081e-07,-0.00563483961
4.087081e-07,-0.00562522195
4.088081e-07,-0.00561930339
4.089081e-07,-0.00561671402
4.090081e-07,-0.00561634411
4.091081e-07,-0.0056159742
4.092081e-07,-0.00561449455
4.093081e-07,-0.00561079545
4.094081e-07,-0.00560598662
4.095081e-07,-0.00560191761
4.096081e-07,-0.00559932824
4.097081e-07,-0.00559895833
4.098081e-07,-0.00560006806
4.099081e-07,-0.0056015477
4.100081e-07,-0.0056015477
4.101081e-07,-0.00559895833
4.102081e-07,-0.00559451941
4.103081e-07,-0.00558897076
4.104081e-07,-0.00558416193
4.105081e-07,-0.00558120265
4.106081e-07,-0.00558009292
4.107081e-07,-0.00558046283
4.108081e-07,-0.00558083274
4.109081e-07,-0.00558120265
4.110081e-07,-0.00558120265
4.111081e-07,-0.00558157256
4.112081e-07,-0.00558342211
4.113081e-07,-0.00558712121
4.114081e-07,-0.00559193004
4.115081e-07,-0.00559636896
4.116081e-07,-0.00559895833
4.117081e-07,-0.00559895833
4.118081e-07,-0.00559599905
4.119081e-07,-0.00559193004
4.120081e-07,-0.00558860085
4.121081e-07,-0.00558712121
4.122081e-07,-0.00558823094
4.123081e-07,-0.00559082031
4.124081e-07,-0.00559303977
4.125081e-07,-0.00559303977
4.126081e-07,-0.00559008049
4.127081e-07,-0.00558490175
4.128081e-07,-0.0055793531
4.129081e-07,-0.00557528409
4.130081e-07,-0.00557417436
4.131081e-07,-0.005575654
4.132081e-07,-0.00557861328
4.133081e-07,-0.00558120265
4.134081e-07,-0.00558157256
4.135081e-07,-0.00557898319
4.136081e-07,-0.00557454427
4.137081e-07,-0.00556936553
4.138081e-07,-0.00556529652
4.139081e-07,-0.00556307706
4.140081e-07,-0.00556307706
4.141081e-07,-0.00556344697
4.142081e-07,-0.00556270715
4.143081e-07,-0.00555900805
4.144081e-07,-0.00555123994
4.145081e-07,-0.00553977273
4.146081e-07,-0.00552534624
4.147081e-07,-0.00551017992
4.148081e-07,-0.00549649325
4.149081e-07,-0.00548650568
4.150081e-07,-0.00548206676
4.151081e-07,-0.00548280658
4.152081e-07,-0.00548761541
4.153081e-07,-0.00549242424
4.154081e-07,-0.00549390388
4.155081e-07,-0.00548872514
4.156081e-07,-0.0054761482
4.157081e-07,-0.00545691288
4.158081e-07,-0.0054354581
4.159081e-07,-0.00541622277
4.160081e-07,-0.00540290601
4.161081e-07,-0.00539772727
4.162081e-07,-0.00539809718
4.163081e-07,-0.00540031664
4.164081e-07,-0.00539957682
4.165081e-07,-0.00539180871
4.166081e-07,-0.00537701231
4.167081e-07,-0.0053581469
4.168081e-07,-0.0053396514
4.169081e-07,-0.00532670455
4.170081e-07,-0.00532115589
4.171081e-07,-0.00532300545
4.172081e-07,-0.00532818419
4.173081e-07,-0.00533262311
4.174081e-07,-0.00533299302
4.175081e-07,-0.0053285541
4.176081e-07,-0.0053215258
4.177081e-07,-0.00531486742
4.178081e-07,-0.00531264796
4.179081e-07,-0.00531560724
4.180081e-07,-0.00532337536
4.181081e-07,-0.00533262311
4.182081e-07,-0.0053396514
4.183081e-07,-0.00534150095
4.184081e-07,-0.00533854167
4.185081e-07,-0.00533262311
4.186081e-07,-0.00532670455
4.187081e-07,-0.00532411518
4.188081e-07,-0.00532596473
4.189081e-07,-0.00533262311
4.190081e-07,-0.00534187086
4.191081e-07,-0.0053507487
4.192081e-07,-0.00535777699
4.193081e-07,-0.00536221591
4.194081e-07,-0.00536443537
4.195081e-07,-0.00536628492
4.196081e-07,-0.0053692442
4.197081e-07,-0.00537405303
4.198081e-07,-0.00538145123
4.199081e-07,-0.00539032907
4.200081e-07,-0.00540031664
4.201081e-07,-0.00540956439
4.202081e-07,-0.00541770241
4.203081e-07,-0.00542473071
4.204081e-07,-0.00542990945
4.205081e-07,-0.00543323864
4.206081e-07,-0.00543471828
4.207081e-07,-0.00543434837
4.208081e-07,-0.005431759
4.209081e-07,-0.00542732008
4.210081e-07,-0.00542103161
4.211081e-07,-0.0054136334
4.212081e-07,-0.00540549538
4.213081e-07,-0.00539772727
4.214081e-07,-0.00539069898
4.215081e-07,-0.00538515033
4.216081e-07,-0.00538182114
4.217081e-07,-0.00537997159
4.218081e-07,-0.00537997159
4.219081e-07,-0.0053803415
4.220081e-07,-0.00538071141
4.221081e-07,-0.00537997159
4.222081e-07,-0.00537701231
4.223081e-07,-0.00537183357
4.224081e-07,-0.00536443537
4.225081e-07,-0.00535629735
4.226081e-07,-0.00534852924
4.227081e-07,-0.0053433505
4.228081e-07,-0.00534187086
4.229081e-07,-0.00534446023
4.230081e-07,-0.00535148852
4.231081e-07,-0.005361846
4.232081e-07,-0.00537405303
4.233081e-07,-0.00538589015
4.234081e-07,-0.00539587772
4.235081e-07,-0.00540327592
4.236081e-07,-0.00540771484
4.237081e-07,-0.00540956439
4.238081e-07,-0.00541067412
4.239081e-07,-0.00541215376
4.240081e-07,-0.00541585286
4.241081e-07,-0.00542140152
4.242081e-07,-0.00542916963
4.243081e-07,-0.00543767756
4.244081e-07,-0.00544544567
4.245081e-07,-0.00545099432
4.246081e-07,-0.00545321378
4.247081e-07,-0.00545136423
4.248081e-07,-0.0054465554
4.249081e-07,-0.0054391572
4.250081e-07,-0.00543138909
4.251081e-07,-0.00542510062
4.252081e-07,-0.00542140152
4.253081e-07,-0.00542140152
4.254081e-07,-0.0054243608
4.255081e-07,-0.00542879972
4.256081e-07,-0.00543249882
4.257081e-07,-0.00543323864
4.258081e-07,-0.00542916963
4.259081e-07,-0.00541992188
4.260081e-07,-0.00540660511
4.261081e-07,-0.00539180871
4.262081e-07,-0.00537812204
4.263081e-07,-0.00536776456
4.264081e-07,-0.00536073627
4.265081e-07,-0.00535629735
4.266081e-07,-0.00535222834
4.267081e-07,-0.00534593987
4.268081e-07,-0.00533743194
4.269081e-07,-0.00532670455
4.270081e-07,-0.00531671697
4.271081e-07,-0.00530931877
4.272081e-07,-0.00530709931
4.273081e-07,-0.00530894886
4.274081e-07,-0.00531264796
4.275081e-07,-0.00531449751
4.276081e-07,-0.00531153823
4.277081e-07,-0.0053030303
4.278081e-07,-0.00529008345
4.279081e-07,-0.00527565696
4.280081e-07,-0.00526344993
4.281081e-07,-0.00525568182
4.282081e-07,-0.00525198272
4.283081e-07,-0.00525050308
4.284081e-07,-0.00524865353
4.285081e-07,-0.0052438447
4.286081e-07,-0.00523681641
4.287081e-07,-0.00522941821
4.288081e-07,-0.00522497929
4.289081e-07,-0.00522608902
4.290081e-07,-0.0052327474
4.291081e-07,-0.00524310488
4.292081e-07,-0.00525383227
4.293081e-07,-0.00526160038
4.294081e-07,-0.00526492957
4.295081e-07,-0.00526418975
4.296081e-07,-0.0052623402
4.297081e-07,-0.00526160038
4.298081e-07,-0.00526455966
4.299081e-07,-0.00527158795
4.300081e-07,-0.0052808357
4.301081e-07,-0.00529119318
4.302081e-07,-0.00530044093
4.303081e-07,-0.00530820904
4.304081e-07,-0.00531486742
4.305081e-07,-0.00532078598
4.306081e-07,-0.00532670455
4.307081e-07,-0.00533188329
4.308081e-07,-0.0053359523
4.309081e-07,-0.00533854167
4.310081e-07,-0.00534002131
4.311081e-07,-0.00534187086
4.312081e-07,-0.00534520005
4.313081e-07,-0.00535037879
4.314081e-07,-0.00535666726
4.315081e-07,-0.00536221591
4.316081e-07,-0.00536406546
4.317081e-07,-0.00536221591
4.318081e-07,-0.00535703717
4.319081e-07,-0.00535111861
4.320081e-07,-0.00534815933
4.321081e-07,-0.00535037879
4.322081e-07,-0.0053581469
4.323081e-07,-0.00536887429
4.324081e-07,-0.00537923177
4.325081e-07,-0.00538589015
4.326081e-07,-0.0053877397
4.327081e-07,-0.00538662997
4.328081e-07,-0.00538478042
4.329081e-07,-0.00538589015
4.330081e-07,-0.0053914388
4.331081e-07,-0.00539994673
4.332081e-07,-0.00540919448
4.333081e-07,-0.00541548295
4.334081e-07,-0.00541696259
4.335081e-07,-0.0054136334
4.336081e-07,-0.00540808475
4.337081e-07,-0.00540364583
4.338081e-07,-0.0054025361
4.339081e-07,-0.00540512547
4.340081e-07,-0.00541067412
4.341081e-07,-0.00541548295
4.342081e-07,-0.00541770241
4.343081e-07,-0.00541622277
4.344081e-07,-0.00541141394
4.345081e-07,-0.00540364583
4.346081e-07,-0.00539476799
4.347081e-07,-0.00538552024
4.348081e-07,-0.0053766424
4.349081e-07,-0.00536813447
4.350081e-07,-0.00536110618
4.351081e-07,-0.00535703717
4.352081e-07,-0.00535740708
4.353081e-07,-0.00536221591
4.354081e-07,-0.00537072384
4.355081e-07,-0.00537960168
4.356081e-07,-0.00538552024
4.357081e-07,-0.00538589015
4.358081e-07,-0.0053803415
4.359081e-07,-0.00537109375
4.360081e-07,-0.00536147609
4.361081e-07,-0.00535629735
4.362081e-07,-0.00535703717
4.363081e-07,-0.00536332564
4.364081e-07,-0.00537220348
4.365081e-07,-0.00537997159
4.366081e-07,-0.0053840406
4.367081e-07,-0.0053840406
4.368081e-07,-0.00538145123
4.369081e-07,-0.00537997159
4.370081e-07,-0.00538219105
4.371081e-07,-0.00538884943
4.372081e-07,-0.005398837
4.373081e-07,-0.00540956439
4.374081e-07,-0.00541807232
4.375081e-07,-0.00542362098
4.376081e-07,-0.00542584044
4.377081e-07,-0.00542732008
4.378081e-07,-0.00543027936
4.379081e-07,-0.00543582801
4.380081e-07,-0.00544322621
4.381081e-07,-0.00545099432
4.382081e-07,-0.00545691288
4.383081e-07,-0.00545913234
4.384081e-07,-0.00545876243
4.385081e-07,-0.00545691288
4.386081e-07,-0.00545654297
4.387081e-07,-0.00545950225
4.388081e-07,-0.00546579072
4.389081e-07,-0.00547466856
4.390081e-07,-0.00548391631
4.391081e-07,-0.0054909446
4.392081e-07,-0.00549575343
4.393081e-07,-0.0054983428
4.394081e-07,-0.00550056226
4.395081e-07,-0.00550463127
4.396081e-07,-0.00551202947
4.397081e-07,-0.00552201705
4.398081e-07,-0.00553385417
4.399081e-07,-0.00554532138
4.400081e-07,-0.00555530895
4.401081e-07,-0.00556344697
4.402081e-07,-0.00557010535
4.403081e-07,-0.00557639382
4.404081e-07,-0.00558416193
4.405081e-07,-0.00559303977
4.406081e-07,-0.00560302734
4.407081e-07,-0.00561301491
4.408081e-07,-0.00562152285
4.409081e-07,-0.00562855114
4.410081e-07,-0.00563409979
4.411081e-07,-0.00563890862
4.412081e-07,-0.00564482718
4.413081e-07,-0.00565222538
4.414081e-07,-0.00566073331
4.415081e-07,-0.00566961115
4.416081e-07,-0.00567700935
4.417081e-07,-0.00568181818
4.418081e-07,-0.00568366773
4.419081e-07,-0.00568329782
4.420081e-07,-0.00568218809
4.421081e-07,-0.00568181818
4.422081e-07,-0.00568292791
4.423081e-07,-0.00568514737
4.424081e-07,-0.00568699692
4.425081e-07,-0.00568773674
4.426081e-07,-0.00568551728
4.427081e-07,-0.00568033854
4.428081e-07,-0.00567257043
4.429081e-07,-0.0056640625
4.430081e-07,-0.00565629439
4.431081e-07,-0.00565037583
4.432081e-07,-0.00564704664
4.433081e-07,-0.00564630682
4.434081e-07,-0.00564704664
4.435081e-07,-0.00564815637
4.436081e-07,-0.00564815637
4.437081e-07,-0.00564630682
4.438081e-07,-0.0056418679
4.439081e-07,-0.00563520952
4.440081e-07,-0.00562633168
4.441081e-07,-0.00561671402
4.442081e-07,-0.00560783617
4.443081e-07,-0.0056015477
4.444081e-07,-0.00559821851
4.445081e-07,-0.00559895833
4.446081e-07,-0.00560228752
4.447081e-07,-0.00560672644
4.448081e-07,-0.00561005563
4.449081e-07,-0.00561079545
4.450081e-07,-0.00560820608
4.451081e-07,-0.00560302734
4.452081e-07,-0.00559747869
4.453081e-07,-0.00559303977
4.454081e-07,-0.00559156013
4.455081e-07,-0.00559303977
4.456081e-07,-0.00559636896
4.457081e-07,-0.00559895833
4.458081e-07,-0.00559895833
4.459081e-07,-0.00559525923
4.460081e-07,-0.00558860085
4.461081e-07,-0.00558120265
4.462081e-07,-0.00557528409
4.463081e-07,-0.00557306463
4.464081e-07,-0.00557528409
4.465081e-07,-0.00558120265
4.466081e-07,-0.00558823094
4.467081e-07,-0.00559340968
4.468081e-07,-0.00559525923
4.469081e-07,-0.00559303977
4.470081e-07,-0.00558786103
4.471081e-07,-0.00558194247
4.472081e-07,-0.00557750355
4.473081e-07,-0.00557528409
4.474081e-07,-0.00557602391
4.475081e-07,-0.00557898319
4.476081e-07,-0.0055830522
4.477081e-07,-0.00558712121
4.478081e-07,-0.00559119022
4.479081e-07,-0.00559488932
4.480081e-07,-0.00559747869
4.481081e-07,-0.00559895833
4.482081e-07,-0.00559710878
4.483081e-07,-0.00559119022
4.484081e-07,-0.00557972301
4.485081e-07,-0.00556344697
4.486081e-07,-0.00554495147
4.487081e-07,-0.00552719579
4.488081e-07,-0.00551276929
4.489081e-07,-0.00550426136
4.490081e-07,-0.00550056226
4.491081e-07,-0.00549982244
4.492081e-07,-0.00549797289
4.493081e-07,-0.00549242424
4.494081e-07,-0.00548169685
4.495081e-07,-0.00546616063
4.496081e-07,-0.00544914477
4.497081e-07,-0.00543323864
4.498081e-07,-0.00542103161
4.499081e-07,-0.00541326349
4.500081e-07,-0.00540845466
4.501081e-07,-0.00540364583
4.502081e-07,-0.00539661754
4.503081e-07,-0.00538589015
4.504081e-07,-0.00537183357
4.505081e-07,-0.00535629735
4.506081e-07,-0.00534261068
4.507081e-07,-0.00533336293
4.508081e-07,-0.00533003374
4.509081e-07,-0.00533262311
4.510081e-07,-0.00533891158
4.511081e-07,-0.00534593987
4.512081e-07,-0.00535037879
4.513081e-07,-0.00535037879
4.514081e-07,-0.00534483014
4.515081e-07,-0.00533447266
4.516081e-07,-0.0053215258
4.517081e-07,-0.00530894886
4.518081e-07,-0.0052993312
4.519081e-07,-0.00529415246
4.520081e-07,-0.00529378255
4.521081e-07,-0.00529711174
4.522081e-07,-0.00530155066
4.523081e-07,-0.00530561967
4.524081e-07,-0.00530783913
4.525081e-07,-0.00530894886
4.526081e-07,-0.00531005859
4.527081e-07,-0.00531338778
4.528081e-07,-0.00531893643
4.529081e-07,-0.00532670455
4.530081e-07,-0.00533447266
4.531081e-07,-0.0053396514
4.532081e-07,-0.00534076113
4.533081e-07,-0.00533854167
4.534081e-07,-0.00533484257
4.535081e-07,-0.00533336293
4.536081e-07,-0.00533632221
4.537081e-07,-0.00534446023
4.538081e-07,-0.00535592744
4.539081e-07,-0.00536665483
4.540081e-07,-0.00537331321
4.541081e-07,-0.00537405303
4.542081e-07,-0.00536961411
4.543081e-07,-0.00536332564
4.544081e-07,-0.00535962654
4.545081e-07,-0.00536221591
4.546081e-07,-0.00537109375
4.547081e-07,-0.0053840406
4.548081e-07,-0.00539624763
4.549081e-07,-0.00540364583
4.550081e-07,-0.00540512547
4.551081e-07,-0.00540179628
4.552081e-07,-0.00539772727
4.553081e-07,-0.00539772727
4.554081e-07,-0.00540475556
4.555081e-07,-0.00541807232
4.556081e-07,-0.00543508819
4.557081e-07,-0.00545099432
4.558081e-07,-0.00546209162
4.559081e-07,-0.00546727036
4.560081e-07,-0.00546838009
4.561081e-07,-0.00546875
4.562081e-07,-0.00547207919
4.563081e-07,-0.00548021721
4.564081e-07,-0.00549205433
4.565081e-07,-0.00550426136
4.566081e-07,-0.00551350911
4.567081e-07,-0.00551794804
4.568081e-07,-0.00551794804
4.569081e-07,-0.00551609848
4.570081e-07,-0.00551646839
4.571081e-07,-0.00552127723
4.572081e-07,-0.00553200462
4.573081e-07,-0.00554569129
4.574081e-07,-0.00555900805
4.575081e-07,-0.0055682558
4.576081e-07,-0.00557121508
4.577081e-07,-0.00556936553
4.578081e-07,-0.00556492661
4.579081e-07,-0.00556196733
4.580081e-07,-0.00556344697
4.581081e-07,-0.00556936553
4.582081e-07,-0.00557898319
4.583081e-07,-0.00558934067
4.584081e-07,-0.00559858842
4.585081e-07,-0.00560487689
4.586081e-07,-0.00560931581
4.587081e-07,-0.00561375473
4.588081e-07,-0.00562004321
4.589081e-07,-0.00562855114
4.590081e-07,-0.00563890862
4.591081e-07,-0.0056492661
4.592081e-07,-0.00565814394
4.593081e-07,-0.0056640625
4.594081e-07,-0.0056677616
4.595081e-07,-0.00567109079
4.596081e-07,-0.00567552971
4.597081e-07,-0.00568181818
4.598081e-07,-0.00568958629
4.599081e-07,-0.00569624467
4.600081e-07,-0.00570031368
4.601081e-07,-0.00569957386
4.602081e-07,-0.00569513494
4.603081e-07,-0.00568847656
4.604081e-07,-0.00568329782
4.605081e-07,-0.00568181818
4.606081e-07,-0.00568514737
4.607081e-07,-0.00569180575
4.608081e-07,-0.00569957386
4.609081e-07,-0.00570549242
4.610081e-07,-0.00570808179
4.611081e-07,-0.00570697206
4.612081e-07,-0.00570364287
4.613081e-07,-0.00569957386
4.614081e-07,-0.00569661458
4.615081e-07,-0.00569476503
4.616081e-07,-0.00569439512
4.617081e-07,-0.0056936553
4.618081e-07,-0.00569217566
4.619081e-07,-0.00568958629
4.620081e-07,-0.00568588719
4.621081e-07,-0.00568181818
4.622081e-07,-0.00567737926
4.623081e-07,-0.00567294034
4.624081e-07,-0.00566850142
4.625081e-07,-0.0056640625
4.626081e-07,-0.0056603634
4.627081e-07,-0.00565814394
4.628081e-07,-0.00565777403
4.629081e-07,-0.00565814394
4.630081e-07,-0.00565777403
