LECROYHDO6104B,11090,Waveform
Segments,1,SegmentSize,5002
Segment,TrigTime,TimeSinceSegment1
#1,04-May-2026 18:33:23,0                 
Time,Ampl
-3.707997e-08,-0.005198133
-3.697997e-08,-0.0052160846
-3.687997e-08,-0.0052426528
-3.677997e-08,-0.0052720933
-3.667997e-08,-0.0052957893
-3.657997e-08,-0.0053079963
-3.647997e-08,-0.0053094324
-3.637997e-08,-0.005304406
-3.627997e-08,-0.0053015338
-3.617997e-08,-0.0053079963
-3.607997e-08,-0.0053252298
-3.597997e-08,-0.0053496438
-3.587997e-08,-0.0053733398
-3.577997e-08,-0.0053884191
-3.567997e-08,-0.0053927275
-3.557997e-08,-0.0053891372
-3.547997e-08,-0.0053855469
-3.537997e-08,-0.0053884191
-3.527997e-08,-0.0054013442
-3.517997e-08,-0.0054214499
-3.507997e-08,-0.0054422737
-3.497997e-08,-0.0054573529
-3.487997e-08,-0.0054623794
-3.477997e-08,-0.0054602252
-3.467997e-08,-0.0054566349
-3.457997e-08,-0.0054573529
-3.447997e-08,-0.0054659697
-3.437997e-08,-0.0054803309
-3.427997e-08,-0.0054954102
-3.417997e-08,-0.0055033088
-3.407997e-08,-0.0055018727
-3.397997e-08,-0.0054918199
-3.387997e-08,-0.0054788948
-3.377997e-08,-0.0054688419
-3.367997e-08,-0.0054659697
-3.357997e-08,-0.00546956
-3.347997e-08,-0.0054753045
-3.337997e-08,-0.0054803309
-3.327997e-08,-0.005481767
-3.317997e-08,-0.005481767
-3.307997e-08,-0.0054839212
-3.297997e-08,-0.0054918199
-3.287997e-08,-0.0055047449
-3.277997e-08,-0.0055191062
-3.267997e-08,-0.0055277229
-3.257997e-08,-0.0055262868
-3.247997e-08,-0.0055147978
-3.237997e-08,-0.0054982824
-3.227997e-08,-0.0054846392
-3.217997e-08,-0.0054803309
-3.207997e-08,-0.0054882295
-3.197997e-08,-0.005505463
-3.187997e-08,-0.0055241326
-3.177997e-08,-0.0055377757
-3.167997e-08,-0.0055435202
-3.157997e-08,-0.0055435202
-3.147997e-08,-0.0055435202
-3.137997e-08,-0.0055492647
-3.127997e-08,-0.0055636259
-3.117997e-08,-0.0055830136
-3.107997e-08,-0.0056031193
-3.097997e-08,-0.0056181985
-3.087997e-08,-0.0056253791
-3.077997e-08,-0.0056268153
-3.067997e-08,-0.0056268153
-3.057997e-08,-0.0056296875
-3.047997e-08,-0.0056347139
-3.037997e-08,-0.0056397403
-3.027997e-08,-0.0056383042
-3.017997e-08,-0.0056296875
-3.007997e-08,-0.0056160443
-2.997997e-08,-0.0056038373
-2.987997e-08,-0.0056031193
-2.977997e-08,-0.0056181985
-2.967997e-08,-0.0056462029
-2.957997e-08,-0.0056770795
-2.947997e-08,-0.0056979033
-2.937997e-08,-0.0056986213
-2.927997e-08,-0.0056785156
-2.917997e-08,-0.0056447668
-2.907997e-08,-0.005612454
-2.897997e-08,-0.0055952206
-2.887997e-08,-0.005600247
-2.877997e-08,-0.0056246611
-2.867997e-08,-0.0056576919
-2.857997e-08,-0.0056871324
-2.847997e-08,-0.0057029297
-2.837997e-08,-0.0057022116
-2.827997e-08,-0.0056907227
-2.817997e-08,-0.0056756434
-2.807997e-08,-0.0056634364
-2.797997e-08,-0.0056576919
-2.787997e-08,-0.0056548196
-2.777997e-08,-0.0056526654
-2.767997e-08,-0.0056483571
-2.757997e-08,-0.0056433307
-2.747997e-08,-0.0056397403
-2.737997e-08,-0.0056411765
-2.727997e-08,-0.005646921
-2.717997e-08,-0.0056533835
-2.707997e-08,-0.0056562557
-2.697997e-08,-0.0056526654
-2.687997e-08,-0.0056440487
-2.677997e-08,-0.005635432
-2.667997e-08,-0.0056332778
-2.657997e-08,-0.0056411765
-2.647997e-08,-0.0056555377
-2.637997e-08,-0.0056677447
-2.627997e-08,-0.0056684628
-2.617997e-08,-0.0056526654
-2.607997e-08,-0.005623225
-2.597997e-08,-0.0055901942
-2.587997e-08,-0.0055664982
-2.577997e-08,-0.0055607537
-2.567997e-08,-0.0055729607
-2.557997e-08,-0.0055952206
-2.547997e-08,-0.0056138902
-2.537997e-08,-0.0056181985
-2.527997e-08,-0.0056059915
-2.517997e-08,-0.0055844497
-2.507997e-08,-0.0055657801
-2.497997e-08,-0.0055607537
-2.487997e-08,-0.0055722426
-2.477997e-08,-0.0055937845
-2.467997e-08,-0.0056131721
-2.457997e-08,-0.0056181985
-2.447997e-08,-0.0056045554
-2.437997e-08,-0.005576551
-2.427997e-08,-0.0055463925
-2.417997e-08,-0.0055262868
-2.407997e-08,-0.0055212603
-2.397997e-08,-0.0055284409
-2.387997e-08,-0.0055370577
-2.377997e-08,-0.0055377757
-2.367997e-08,-0.0055255687
-2.357997e-08,-0.005505463
-2.347997e-08,-0.0054867934
-2.337997e-08,-0.0054803309
-2.327997e-08,-0.0054896657
-2.317997e-08,-0.0055104894
-2.307997e-08,-0.0055305951
-2.297997e-08,-0.0055377757
-2.287997e-08,-0.0055262868
-2.277997e-08,-0.0054997185
-2.267997e-08,-0.0054688419
-2.257997e-08,-0.005445864
-2.247997e-08,-0.0054386834
-2.237997e-08,-0.005445864
-2.227997e-08,-0.0054595071
-2.217997e-08,-0.0054688419
-2.207997e-08,-0.0054681239
-2.197997e-08,-0.0054566349
-2.187997e-08,-0.0054429917
-2.177997e-08,-0.005434375
-2.167997e-08,-0.0054365292
-2.157997e-08,-0.0054480182
-2.147997e-08,-0.0054609432
-2.137997e-08,-0.0054688419
-2.127997e-08,-0.0054659697
-2.117997e-08,-0.0054544807
-2.107997e-08,-0.0054415556
-2.097997e-08,-0.005434375
-2.087997e-08,-0.0054365292
-2.077997e-08,-0.0054451459
-2.067997e-08,-0.0054544807
-2.057997e-08,-0.0054573529
-2.047997e-08,-0.0054516085
-2.037997e-08,-0.0054408375
-2.027997e-08,-0.0054329389
-2.017997e-08,-0.005434375
-2.007997e-08,-0.0054473001
-1.997997e-08,-0.0054652516
-1.987997e-08,-0.0054788948
-1.977997e-08,-0.0054803309
-1.967997e-08,-0.0054674058
-1.957997e-08,-0.005446582
-1.947997e-08,-0.0054279125
-1.937997e-08,-0.005422886
-1.927997e-08,-0.005434375
-1.917997e-08,-0.0054573529
-1.907997e-08,-0.0054803309
-1.897997e-08,-0.0054918199
-1.887997e-08,-0.0054853573
-1.877997e-08,-0.0054645335
-1.867997e-08,-0.0054401195
-1.857997e-08,-0.005422886
-1.847997e-08,-0.0054200138
-1.837997e-08,-0.0054307847
-1.827997e-08,-0.005446582
-1.817997e-08,-0.0054573529
-1.807997e-08,-0.0054573529
-1.797997e-08,-0.005446582
-1.787997e-08,-0.0054322208
-1.777997e-08,-0.005422886
-1.767997e-08,-0.0054236041
-1.757997e-08,-0.0054322208
-1.747997e-08,-0.0054429917
-1.737997e-08,-0.005445864
-1.727997e-08,-0.0054372472
-1.717997e-08,-0.0054200138
-1.707997e-08,-0.0054006261
-1.697997e-08,-0.0053884191
-1.687997e-08,-0.0053884191
-1.677997e-08,-0.00539919
-1.667997e-08,-0.0054135512
-1.657997e-08,-0.005422886
-1.647997e-08,-0.005422168
-1.637997e-08,-0.0054113971
-1.627997e-08,-0.0053977539
-1.617997e-08,-0.0053884191
-1.607997e-08,-0.005386983
-1.597997e-08,-0.0053927275
-1.587997e-08,-0.00539919
-1.577997e-08,-0.0053999081
-1.567997e-08,-0.0053905733
-1.557997e-08,-0.0053733398
-1.547997e-08,-0.0053546703
-1.537997e-08,-0.0053424632
-1.527997e-08,-0.0053403091
-1.517997e-08,-0.0053474897
-1.507997e-08,-0.0053582606
-1.497997e-08,-0.0053654412
-1.487997e-08,-0.0053661592
-1.477997e-08,-0.0053625689
-1.467997e-08,-0.0053604148
-1.457997e-08,-0.0053654412
-1.447997e-08,-0.0053790843
-1.437997e-08,-0.005398472
-1.427997e-08,-0.0054149874
-1.417997e-08,-0.005422886
-1.407997e-08,-0.0054178596
-1.397997e-08,-0.0054034984
-1.387997e-08,-0.005386983
-1.377997e-08,-0.0053769301
-1.367997e-08,-0.0053769301
-1.357997e-08,-0.0053855469
-1.347997e-08,-0.0053955997
-1.337997e-08,-0.0053999081
-1.327997e-08,-0.0053941636
-1.317997e-08,-0.0053798024
-1.307997e-08,-0.0053640051
-1.297997e-08,-0.0053539522
-1.287997e-08,-0.0053546703
-1.277997e-08,-0.0053640051
-1.267997e-08,-0.0053776482
-1.257997e-08,-0.0053884191
-1.247997e-08,-0.0053912914
-1.237997e-08,-0.0053877011
-1.227997e-08,-0.0053805205
-1.217997e-08,-0.0053769301
-1.207997e-08,-0.0053783663
-1.197997e-08,-0.0053841108
-1.187997e-08,-0.0053891372
-1.177997e-08,-0.0053884191
-1.167997e-08,-0.0053805205
-1.157997e-08,-0.0053683134
-1.147997e-08,-0.0053575425
-1.137997e-08,-0.0053539522
-1.127997e-08,-0.0053596967
-1.117997e-08,-0.0053719037
-1.107997e-08,-0.0053833927
-1.097997e-08,-0.0053884191
-1.087997e-08,-0.0053833927
-1.077997e-08,-0.0053719037
-1.067997e-08,-0.0053596967
-1.057997e-08,-0.0053539522
-1.047997e-08,-0.0053582606
-1.037997e-08,-0.0053697495
-1.027997e-08,-0.0053819566
-1.017997e-08,-0.0053884191
-1.007997e-08,-0.0053855469
-9.979969e-09,-0.005374776
-9.879969e-09,-0.0053618509
-9.779969e-09,-0.0053539522
-9.679969e-09,-0.0053546703
-9.579969e-09,-0.0053625689
-9.479969e-09,-0.0053719037
-9.379969e-09,-0.0053769301
-9.279969e-09,-0.0053733398
-9.179969e-09,-0.0053640051
-9.079969e-09,-0.0053553883
-8.979969e-09,-0.0053539522
-8.879969e-09,-0.0053647231
-8.779969e-09,-0.0053862649
-8.679969e-09,-0.0054121151
-8.579969e-09,-0.005434375
-8.479969e-09,-0.005446582
-8.379969e-09,-0.0054480182
-8.279969e-09,-0.0054422737
-8.179969e-09,-0.005434375
-8.079969e-09,-0.0054315028
-7.979969e-09,-0.0054350931
-7.879969e-09,-0.0054451459
-7.779969e-09,-0.0054573529
-7.679969e-09,-0.005470278
-7.579969e-09,-0.0054824851
-7.479969e-09,-0.0054968463
-7.379969e-09,-0.0055147978
-7.279969e-09,-0.0055377757
-7.179969e-09,-0.0055621898
-7.079969e-09,-0.0055830136
-6.979969e-09,-0.0055952206
-6.879969e-09,-0.0055952206
-6.779969e-09,-0.0055844497
-6.679969e-09,-0.0055672162
-6.579969e-09,-0.0055492647
-6.479969e-09,-0.0055349035
-6.379969e-09,-0.0055248506
-6.279969e-09,-0.0055162339
-6.179969e-09,-0.0055033088
-6.079969e-09,-0.0054832031
-5.979969e-09,-0.0054537626
-5.879969e-09,-0.0054178596
-5.779969e-09,-0.0053769301
-5.679969e-09,-0.0053338465
-5.579969e-09,-0.0052886087
-5.479969e-09,-0.0052390625
-5.379969e-09,-0.0051816176
-5.279969e-09,-0.0051155561
-5.179969e-09,-0.00504375
-5.079969e-09,-0.0049683536
-4.979969e-09,-0.0048943934
-4.879969e-09,-0.0048240234
-4.779969e-09,-0.0047543716
-4.679969e-09,-0.0046804113
-4.579969e-09,-0.0045956801
-4.479969e-09,-0.0044958697
-4.379969e-09,-0.0043802619
-4.279969e-09,-0.0042546013
-4.179969e-09,-0.0041246324
-4.079969e-09,-0.0039982537
-3.979969e-09,-0.0038790556
-3.879969e-09,-0.003765602
-3.779969e-09,-0.0036535846
-3.679969e-09,-0.0035372587
-3.579969e-09,-0.0034123162
-3.479969e-09,-0.0032780388
-3.379969e-09,-0.0031365809
-3.279969e-09,-0.0029929687
-3.179969e-09,-0.0028507927
-3.079969e-09,-0.0027107709
-2.979969e-09,-0.0025736213
-2.879969e-09,-0.0024364717
-2.779969e-09,-0.002297886
-2.679969e-09,-0.0021593003
-2.579969e-09,-0.0020221507
-2.479969e-09,-0.0018914637
-2.379969e-09,-0.0017708295
-2.279969e-09,-0.0016616843
-2.179969e-09,-0.0015625919
-2.079969e-09,-0.001469244
-1.979969e-09,-0.0013773323
-1.879969e-09,-0.0012825483
-1.779969e-09,-0.0011834559
-1.679969e-09,-0.0010807732
-1.579969e-09,-0.00097737247
-1.479969e-09,-0.00087612592
-1.379969e-09,-0.00078134191
-1.279969e-09,-0.00069373851
-1.179969e-09,-0.00061403378
-1.079969e-09,-0.00054007353
-9.799694e-10,-0.00047113971
-8.799694e-10,-0.00040507812
-7.799694e-10,-0.00034117073
-6.799694e-10,-0.00027869945
-5.799694e-10,-0.00021838235
-4.799694e-10,-0.00016165556
-3.799694e-10,-0.00010923713
-2.799694e-10,-6.2563189e-05
-1.799694e-10,-2.3069853e-05
-7.996942e-11,9.2428768e-06
2.003058e-11,3.5811121e-05
1.200306e-10,5.8789063e-05
2.200306e-10,8.0330882e-05
3.200306e-10,0.00010402688
4.200306e-10,0.00013131319
5.200306e-10,0.0001621898
6.200306e-10,0.00019522059
7.200306e-10,0.00022681526
8.200306e-10,0.00025481962
9.200306e-10,0.00027492532
1.020031e-09,0.00028713235
1.120031e-09,0.00029287684
1.220031e-09,0.00029503102
1.320031e-09,0.00029574908
1.420031e-09,0.00029862132
1.520031e-09,0.00030364775
1.620031e-09,0.00031011029
1.720031e-09,0.00031657284
1.820031e-09,0.00032159926
1.920031e-09,0.00032518957
2.020031e-09,0.00032734375
2.120031e-09,0.00032949793
2.220031e-09,0.00033308824
2.320031e-09,0.0003373966
2.420031e-09,0.00034242302
2.520031e-09,0.00034529527
2.620031e-09,0.00034457721
2.720031e-09,0.00033883272
2.820031e-09,0.00032806181
2.920031e-09,0.00031441866
3.020031e-09,0.00029862132
3.120031e-09,0.00028354205
3.220031e-09,0.0002698989
3.320031e-09,0.00025984605
3.420031e-09,0.00025266544
3.520031e-09,0.0002497932
3.620031e-09,0.00025122932
3.720031e-09,0.00025625574
3.820031e-09,0.00026415441
3.920031e-09,0.00027205308
4.020031e-09,0.00027851562
4.120031e-09,0.00027995175
4.220031e-09,0.00027564338
4.320031e-09,0.00026774472
4.420031e-09,0.00025840993
4.520031e-09,0.00025194738
4.620031e-09,0.00025266544
4.720031e-09,0.00026128217
4.820031e-09,0.00027636144
4.920031e-09,0.00029431296
5.020031e-09,0.00031011029
5.120031e-09,0.00032016314
5.220031e-09,0.00032303539
5.320031e-09,0.00031872702
5.420031e-09,0.00031011029
5.520031e-09,0.00030149357
5.620031e-09,0.00029574908
5.720031e-09,0.00029503102
5.820031e-09,0.00029862132
5.920031e-09,0.00030508387
6.020031e-09,0.00031154642
6.120031e-09,0.00031800896
6.220031e-09,0.00032159926
6.320031e-09,0.00032303539
6.420031e-09,0.00032303539
6.520031e-09,0.00032231733
6.620031e-09,0.00032159926
6.720031e-09,0.0003208812
6.820031e-09,0.0003208812
6.920031e-09,0.00032159926
7.020031e-09,0.00032159926
7.120031e-09,0.0003208812
7.220031e-09,0.00031872702
7.320031e-09,0.00031513672
7.420031e-09,0.00031011029
7.520031e-09,0.00030436581
7.620031e-09,0.00029933938
7.720031e-09,0.0002935949
7.820031e-09,0.00028713235
7.920031e-09,0.00027923369
8.020031e-09,0.00026918084
8.120031e-09,0.00025625574
8.220031e-09,0.00024117647
8.320031e-09,0.00022537914
8.420031e-09,0.00021029986
8.520031e-09,0.00019665671
8.620031e-09,0.00018373162
8.720031e-09,0.00017152459
8.820031e-09,0.00015716337
8.920031e-09,0.0001420841
9.020031e-09,0.00012628676
9.120031e-09,0.00011264361
9.220031e-09,0.00010330882
9.320031e-09,0.00010043658
9.420031e-09,0.00010330882
9.520031e-09,0.00010761719
9.620031e-09,0.00010977137
9.720031e-09,0.00010474494
9.820031e-09,9.1819853e-05
9.920031e-09,7.1714154e-05
1.002003e-08,4.8736213e-05
1.012003e-08,2.7194393e-05
1.022003e-08,1.1397059e-05
1.032003e-08,1.3442096e-06
1.042003e-08,-3.6822151e-06
1.052003e-08,-7.2725184e-06
1.062003e-08,-1.1580882e-05
1.072003e-08,-1.8043428e-05
1.082003e-08,-2.5224035e-05
1.092003e-08,-3.096852e-05
1.102003e-08,-3.4558824e-05
1.112003e-08,-3.6713006e-05
1.122003e-08,-4.0303309e-05
1.132003e-08,-4.6765855e-05
1.142003e-08,-5.7536765e-05
1.152003e-08,-7.1897978e-05
1.162003e-08,-8.6977252e-05
1.172003e-08,-9.7748162e-05
1.182003e-08,-0.00010349265
1.192003e-08,-0.00010421071
1.202003e-08,-0.00010349265
1.212003e-08,-0.00010564683
1.222003e-08,-0.00011498162
1.232003e-08,-0.00013077895
1.242003e-08,-0.00014873047
1.252003e-08,-0.0001645278
1.262003e-08,-0.00017242647
1.272003e-08,-0.00017170841
1.282003e-08,-0.00016380974
1.292003e-08,-0.00015519301
1.302003e-08,-0.00014944853
1.312003e-08,-0.00015016659
1.322003e-08,-0.00015519301
1.332003e-08,-0.0001609375
1.342003e-08,-0.0001609375
1.352003e-08,-0.00015303883
1.362003e-08,-0.0001372415
1.372003e-08,-0.00011928998
1.382003e-08,-0.00010349265
1.392003e-08,-9.559398e-05
1.402003e-08,-9.7748162e-05
1.412003e-08,-0.00010564683
1.422003e-08,-0.00011498162
1.432003e-08,-0.00012000804
1.442003e-08,-0.00011785386
1.452003e-08,-0.00010708295
1.462003e-08,-9.2003676e-05
1.472003e-08,-7.5488281e-05
1.482003e-08,-5.9690947e-05
1.492003e-08,-4.6047794e-05
1.502003e-08,-3.4558824e-05
1.512003e-08,-2.3069853e-05
1.522003e-08,-1.0862822e-05
1.532003e-08,1.3442096e-06
1.542003e-08,1.1397059e-05
1.552003e-08,1.7141544e-05
1.562003e-08,1.8577665e-05
1.572003e-08,1.5705423e-05
1.582003e-08,1.1397059e-05
1.592003e-08,7.8067555e-06
1.602003e-08,6.3706342e-06
1.612003e-08,7.8067555e-06
1.622003e-08,1.1397059e-05
1.632003e-08,1.4987362e-05
1.642003e-08,1.7859605e-05
1.652003e-08,2.0731847e-05
1.662003e-08,2.2886029e-05
1.672003e-08,2.6476333e-05
1.682003e-08,3.0066636e-05
1.692003e-08,3.3656939e-05
1.702003e-08,3.4375e-05
1.712003e-08,3.0066636e-05
1.722003e-08,2.0013787e-05
1.732003e-08,4.9345129e-06
1.742003e-08,-1.1580882e-05
1.752003e-08,-2.5942096e-05
1.762003e-08,-3.4558824e-05
1.772003e-08,-3.7431066e-05
1.782003e-08,-3.4558824e-05
1.792003e-08,-2.9532399e-05
1.802003e-08,-2.5942096e-05
1.812003e-08,-2.7378217e-05
1.822003e-08,-3.4558824e-05
1.832003e-08,-4.7483915e-05
1.842003e-08,-6.2563189e-05
1.852003e-08,-7.8360524e-05
1.862003e-08,-9.2003676e-05
1.872003e-08,-0.00010205653
1.882003e-08,-0.00010851907
1.892003e-08,-0.00011210938
1.902003e-08,-0.00011498162
1.912003e-08,-0.00011785386
1.922003e-08,-0.00012288028
1.932003e-08,-0.00012934283
1.942003e-08,-0.00013795956
1.952003e-08,-0.00014801241
1.962003e-08,-0.00015806526
1.972003e-08,-0.00016668199
1.982003e-08,-0.00017242647
1.992003e-08,-0.00017458065
2.002003e-08,-0.00017242647
2.012003e-08,-0.00016668199
2.022003e-08,-0.0001609375
2.032003e-08,-0.00015662914
2.042003e-08,-0.0001573472
2.052003e-08,-0.00016309168
2.062003e-08,-0.00017242647
2.072003e-08,-0.00018391544
2.082003e-08,-0.00019253217
2.092003e-08,-0.00019684053
2.102003e-08,-0.00019540441
2.112003e-08,-0.00018894187
2.122003e-08,-0.0001810432
2.132003e-08,-0.00017458065
2.142003e-08,-0.00017242647
2.152003e-08,-0.00017458065
2.162003e-08,-0.00018032514
2.172003e-08,-0.00018391544
2.182003e-08,-0.00018391544
2.192003e-08,-0.0001774529
2.202003e-08,-0.00016524586
2.212003e-08,-0.00015088465
2.222003e-08,-0.00013795956
2.232003e-08,-0.00013077895
2.242003e-08,-0.00013149701
2.252003e-08,-0.00013867762
2.262003e-08,-0.00014944853
2.272003e-08,-0.0001609375
2.282003e-08,-0.00016883617
2.292003e-08,-0.00017242647
2.302003e-08,-0.00017242647
2.312003e-08,-0.00017099035
2.322003e-08,-0.00016955423
2.332003e-08,-0.00017027229
2.342003e-08,-0.00017242647
2.352003e-08,-0.00017529871
2.362003e-08,-0.00017817096
2.372003e-08,-0.0001810432
2.382003e-08,-0.00018391544
2.392003e-08,-0.00018965993
2.402003e-08,-0.00019899472
2.412003e-08,-0.00021335593
2.422003e-08,-0.00022987132
2.432003e-08,-0.00024710478
2.442003e-08,-0.00026074793
2.452003e-08,-0.00027080078
2.462003e-08,-0.00027582721
2.472003e-08,-0.00027869945
2.482003e-08,-0.00028300781
2.492003e-08,-0.00028947036
2.502003e-08,-0.00029880515
2.512003e-08,-0.000308858
2.522003e-08,-0.00031747472
2.532003e-08,-0.00032178309
2.542003e-08,-0.00032178309
2.552003e-08,-0.00031891085
2.562003e-08,-0.0003160386
2.572003e-08,-0.00031675666
2.582003e-08,-0.00032178309
2.592003e-08,-0.00033111788
2.602003e-08,-0.00034117073
2.612003e-08,-0.00034978745
2.622003e-08,-0.00035625
2.632003e-08,-0.0003598403
2.642003e-08,-0.00036271255
2.652003e-08,-0.00036486673
2.662003e-08,-0.00036773897
2.672003e-08,-0.00036845703
2.682003e-08,-0.00036558479
2.692003e-08,-0.00035696806
2.702003e-08,-0.00034476103
2.712003e-08,-0.000332554
2.722003e-08,-0.00032680951
2.732003e-08,-0.00033039982
2.742003e-08,-0.00034476103
2.752003e-08,-0.00036558479
2.762003e-08,-0.00038784467
2.772003e-08,-0.00040507812
2.782003e-08,-0.00041369485
2.792003e-08,-0.00041584903
2.802003e-08,-0.00041584903
2.812003e-08,-0.00041800322
2.822003e-08,-0.00042518382
2.832003e-08,-0.00043523667
2.842003e-08,-0.00044313534
2.852003e-08,-0.0004438534
2.862003e-08,-0.00043667279
2.872003e-08,-0.0004237477
2.882003e-08,-0.00041369485
2.892003e-08,-0.00041225873
2.902003e-08,-0.00042518382
2.912003e-08,-0.00044887983
2.922003e-08,-0.00047616613
2.932003e-08,-0.00049698989
2.942003e-08,-0.00050560662
2.952003e-08,-0.00050273438
2.962003e-08,-0.00049555377
2.972003e-08,-0.00049339959
2.982003e-08,-0.00050560662
2.992003e-08,-0.00053289292
3.002003e-08,-0.0005680779
3.012003e-08,-0.00060110869
3.022003e-08,-0.00062049632
3.032003e-08,-0.00062193244
3.042003e-08,-0.00060757123
3.052003e-08,-0.00058818359
3.062003e-08,-0.00057454044
3.072003e-08,-0.00057382238
3.082003e-08,-0.00058746553
3.092003e-08,-0.00060972541
3.102003e-08,-0.00063198529
3.112003e-08,-0.00064778263
3.122003e-08,-0.00065639936
3.132003e-08,-0.00066070772
3.142003e-08,-0.00066645221
3.152003e-08,-0.00067865924
3.162003e-08,-0.00069732881
3.172003e-08,-0.00071815257
3.182003e-08,-0.00073538603
3.192003e-08,-0.0007432847
3.202003e-08,-0.00074184858
3.212003e-08,-0.00073323185
3.222003e-08,-0.00072389706
3.232003e-08,-0.00071815257
3.242003e-08,-0.00071743451
3.252003e-08,-0.00072030676
3.262003e-08,-0.00072389706
3.272003e-08,-0.00072533318
3.282003e-08,-0.00072533318
3.292003e-08,-0.00072748736
3.302003e-08,-0.00073538603
3.312003e-08,-0.0007504653
3.322003e-08,-0.000770571
3.332003e-08,-0.0007906767
3.342003e-08,-0.00080431985
3.352003e-08,-0.0008071921
3.362003e-08,-0.00079929343
3.372003e-08,-0.00078493222
3.382003e-08,-0.00076985294
3.392003e-08,-0.00076123621
3.402003e-08,-0.00076051815
3.412003e-08,-0.00076841682
3.422003e-08,-0.00078134191
3.432003e-08,-0.00079498506
3.442003e-08,-0.00080791016
3.452003e-08,-0.00081796301
3.462003e-08,-0.00082729779
3.472003e-08,-0.00083591452
3.482003e-08,-0.00084309513
3.492003e-08,-0.00084812155
3.502003e-08,-0.00085027574
3.512003e-08,-0.00084883961
3.522003e-08,-0.00084668543
3.532003e-08,-0.00084668543
3.542003e-08,-0.00085027574
3.552003e-08,-0.00085889246
3.562003e-08,-0.00086966337
3.572003e-08,-0.00087971622
3.582003e-08,-0.00088474265
3.592003e-08,-0.00088474265
3.602003e-08,-0.0008818704
3.612003e-08,-0.00088043428
3.622003e-08,-0.00088474265
3.632003e-08,-0.00089694968
3.642003e-08,-0.00091490119
3.652003e-08,-0.00093572495
3.662003e-08,-0.00095367647
3.672003e-08,-0.00096516544
3.682003e-08,-0.00096947381
3.692003e-08,-0.00096875574
3.702003e-08,-0.00096516544
3.712003e-08,-0.00096157514
3.722003e-08,-0.00095726677
3.732003e-08,-0.00095152229
3.742003e-08,-0.0009421875
3.752003e-08,-0.00092926241
3.762003e-08,-0.00091490119
3.772003e-08,-0.00090269416
3.782003e-08,-0.00089623162
3.792003e-08,-0.00089623162
3.802003e-08,-0.00090269416
3.812003e-08,-0.00091202895
3.822003e-08,-0.00091920956
3.832003e-08,-0.00092279986
3.842003e-08,-0.0009220818
3.852003e-08,-0.00091992762
3.862003e-08,-0.00091920956
3.872003e-08,-0.0009220818
3.882003e-08,-0.00092854435
3.892003e-08,-0.00093572495
3.902003e-08,-0.0009421875
3.912003e-08,-0.00094434168
3.922003e-08,-0.0009421875
3.932003e-08,-0.00093716108
3.942003e-08,-0.00093069853
3.952003e-08,-0.0009256721
3.962003e-08,-0.0009220818
3.972003e-08,-0.00091992762
3.982003e-08,-0.00091920956
3.992003e-08,-0.00091920956
4.002003e-08,-0.0009220818
4.012003e-08,-0.00092998047
4.022003e-08,-0.0009421875
4.032003e-08,-0.0009587029
4.042003e-08,-0.00097450023
4.052003e-08,-0.0009859892
4.062003e-08,-0.00098814338
4.072003e-08,-0.00098096278
4.082003e-08,-0.00096875574
4.092003e-08,-0.00095726677
4.102003e-08,-0.00095367647
4.112003e-08,-0.00096157514
4.122003e-08,-0.00098024472
4.132003e-08,-0.0010032227
4.142003e-08,-0.0010226103
4.152003e-08,-0.001030509
4.162003e-08,-0.0010240464
4.172003e-08,-0.001007531
4.182003e-08,-0.00098814338
4.192003e-08,-0.00097593635
4.202003e-08,-0.00097737247
4.212003e-08,-0.00099460593
4.222003e-08,-0.0010226103
4.232003e-08,-0.0010534869
4.242003e-08,-0.001077901
4.252003e-08,-0.0010908261
4.262003e-08,-0.0010915441
4.272003e-08,-0.0010836455
4.282003e-08,-0.0010743107
4.292003e-08,-0.0010685662
4.302003e-08,-0.0010685662
4.312003e-08,-0.0010735926
4.322003e-08,-0.0010793371
4.332003e-08,-0.0010814913
4.342003e-08,-0.0010800551
4.352003e-08,-0.0010757468
4.362003e-08,-0.0010735926
4.372003e-08,-0.001078619
4.382003e-08,-0.0010915441
4.392003e-08,-0.0011109318
4.402003e-08,-0.0011317555
4.412003e-08,-0.0011461167
4.422003e-08,-0.001148989
4.432003e-08,-0.0011396542
4.442003e-08,-0.0011224207
4.452003e-08,-0.0011037511
4.462003e-08,-0.0010915441
4.472003e-08,-0.0010908261
4.482003e-08,-0.0011037511
4.492003e-08,-0.001125293
4.502003e-08,-0.001148989
4.512003e-08,-0.0011683766
4.522003e-08,-0.0011791475
4.532003e-08,-0.0011791475
4.542003e-08,-0.0011719669
4.552003e-08,-0.0011619141
4.562003e-08,-0.0011547335
4.572003e-08,-0.0011532973
4.582003e-08,-0.0011604779
4.592003e-08,-0.0011748392
4.602003e-08,-0.0011935087
4.612003e-08,-0.0012128964
4.622003e-08,-0.0012294118
4.632003e-08,-0.0012401827
4.642003e-08,-0.001244491
4.652003e-08,-0.001243773
4.662003e-08,-0.0012409007
4.672003e-08,-0.0012401827
4.682003e-08,-0.0012452091
4.692003e-08,-0.0012574161
4.702003e-08,-0.0012753676
4.712003e-08,-0.0012969095
4.722003e-08,-0.0013170152
4.732003e-08,-0.0013335306
4.742003e-08,-0.0013443015
4.752003e-08,-0.0013514821
4.762003e-08,-0.0013593807
4.772003e-08,-0.0013715878
4.782003e-08,-0.0013902574
4.792003e-08,-0.0014132353
4.802003e-08,-0.0014376494
4.812003e-08,-0.0014584731
4.822003e-08,-0.0014706801
4.832003e-08,-0.0014742705
4.842003e-08,-0.0014706801
4.852003e-08,-0.0014642176
4.862003e-08,-0.0014591912
4.872003e-08,-0.001457037
4.882003e-08,-0.0014577551
4.892003e-08,-0.0014591912
4.902003e-08,-0.0014591912
4.912003e-08,-0.0014577551
4.922003e-08,-0.0014556009
4.932003e-08,-0.0014556009
4.942003e-08,-0.0014591912
4.952003e-08,-0.0014663718
4.962003e-08,-0.0014742705
4.972003e-08,-0.001480733
4.982003e-08,-0.0014821691
4.992003e-08,-0.0014778608
5.002003e-08,-0.0014706801
5.012003e-08,-0.0014627815
5.022003e-08,-0.0014591912
5.032003e-08,-0.0014606273
5.042003e-08,-0.0014649357
5.052003e-08,-0.001469244
5.062003e-08,-0.0014706801
5.072003e-08,-0.0014670898
5.082003e-08,-0.0014613454
5.092003e-08,-0.001457037
5.102003e-08,-0.0014591912
5.112003e-08,-0.0014699621
5.122003e-08,-0.0014886317
5.132003e-08,-0.0015101735
5.142003e-08,-0.001528125
5.152003e-08,-0.0015381778
5.162003e-08,-0.001539614
5.172003e-08,-0.0015338695
5.182003e-08,-0.001528125
5.192003e-08,-0.0015274069
5.202003e-08,-0.0015374598
5.212003e-08,-0.0015575655
5.222003e-08,-0.0015855699
5.232003e-08,-0.0016164465
5.242003e-08,-0.0016444508
5.252003e-08,-0.0016652746
5.262003e-08,-0.0016774816
5.272003e-08,-0.0016810719
5.282003e-08,-0.0016789177
5.292003e-08,-0.0016724552
5.302003e-08,-0.0016659926
5.312003e-08,-0.0016609662
5.322003e-08,-0.0016595301
5.332003e-08,-0.0016609662
5.342003e-08,-0.0016659926
5.352003e-08,-0.0016724552
5.362003e-08,-0.0016803539
5.372003e-08,-0.0016889706
5.382003e-08,-0.0017004596
5.392003e-08,-0.0017148208
5.402003e-08,-0.0017342084
5.412003e-08,-0.0017571864
5.422003e-08,-0.0017808824
5.432003e-08,-0.0018017061
5.442003e-08,-0.0018146312
5.452003e-08,-0.0018189396
5.462003e-08,-0.0018153493
5.472003e-08,-0.0018081687
5.482003e-08,-0.0018031422
5.492003e-08,-0.0018052964
5.502003e-08,-0.0018153493
5.512003e-08,-0.0018304285
5.522003e-08,-0.0018462259
5.532003e-08,-0.0018569968
5.542003e-08,-0.0018613051
5.552003e-08,-0.0018613051
5.562003e-08,-0.0018620232
5.572003e-08,-0.0018692038
5.582003e-08,-0.0018842831
5.592003e-08,-0.0019058249
5.602003e-08,-0.0019266487
5.612003e-08,-0.0019402918
5.622003e-08,-0.0019417279
5.632003e-08,-0.001930957
5.642003e-08,-0.0019122875
5.652003e-08,-0.001895054
5.662003e-08,-0.0018842831
5.672003e-08,-0.001882847
5.682003e-08,-0.0018878734
5.692003e-08,-0.0018936179
5.702003e-08,-0.0018957721
5.712003e-08,-0.0018914637
5.722003e-08,-0.001883565
5.732003e-08,-0.0018756664
5.742003e-08,-0.0018727941
5.752003e-08,-0.0018763844
5.762003e-08,-0.0018842831
5.772003e-08,-0.0018921818
5.782003e-08,-0.0018957721
5.792003e-08,-0.0018936179
5.802003e-08,-0.0018885915
5.812003e-08,-0.0018842831
5.822003e-08,-0.0018842831
5.832003e-08,-0.0018893095
5.842003e-08,-0.0018957721
5.852003e-08,-0.0018986443
5.862003e-08,-0.0018957721
5.872003e-08,-0.0018864373
5.882003e-08,-0.0018735122
5.892003e-08,-0.0018641774
5.902003e-08,-0.0018613051
5.912003e-08,-0.0018656135
5.922003e-08,-0.0018727941
5.932003e-08,-0.0018771025
5.942003e-08,-0.0018727941
5.952003e-08,-0.001859869
5.962003e-08,-0.0018433536
5.972003e-08,-0.0018304285
5.982003e-08,-0.0018268382
5.992003e-08,-0.0018347369
6.002003e-08,-0.0018512523
6.012003e-08,-0.0018699219
6.022003e-08,-0.0018842831
6.032003e-08,-0.0018921818
6.042003e-08,-0.001895054
6.052003e-08,-0.0018986443
6.062003e-08,-0.001907261
6.072003e-08,-0.0019216222
6.082003e-08,-0.0019388557
6.092003e-08,-0.0019510627
6.102003e-08,-0.0019532169
6.112003e-08,-0.0019438821
6.122003e-08,-0.0019259306
6.132003e-08,-0.001907261
6.142003e-08,-0.0018957721
6.152003e-08,-0.001895054
6.162003e-08,-0.0019036707
6.172003e-08,-0.0019173139
6.182003e-08,-0.001930239
6.192003e-08,-0.0019388557
6.202003e-08,-0.0019438821
6.212003e-08,-0.0019474724
6.222003e-08,-0.0019532169
6.232003e-08,-0.0019603975
6.242003e-08,-0.0019654239
6.252003e-08,-0.0019639878
6.262003e-08,-0.0019532169
6.272003e-08,-0.0019359835
6.282003e-08,-0.0019194681
6.292003e-08,-0.0019115694
6.302003e-08,-0.00191875
6.312003e-08,-0.0019395738
6.322003e-08,-0.0019668601
6.332003e-08,-0.001989838
6.342003e-08,-0.0019991728
6.352003e-08,-0.0019919922
6.362003e-08,-0.0019726045
6.372003e-08,-0.0019524989
6.382003e-08,-0.0019417279
6.392003e-08,-0.0019453182
6.402003e-08,-0.0019596795
6.412003e-08,-0.001977631
6.422003e-08,-0.0019876838
6.432003e-08,-0.0019840935
6.442003e-08,-0.0019675781
6.452003e-08,-0.0019460363
6.462003e-08,-0.001930239
6.472003e-08,-0.0019273667
6.482003e-08,-0.0019374196
6.492003e-08,-0.0019568072
6.502003e-08,-0.0019761949
6.512003e-08,-0.0019876838
6.522003e-08,-0.0019891199
6.532003e-08,-0.0019826574
6.542003e-08,-0.0019761949
6.552003e-08,-0.0019740407
6.562003e-08,-0.001977631
6.572003e-08,-0.0019840935
6.582003e-08,-0.0019876838
6.592003e-08,-0.0019826574
6.602003e-08,-0.0019690142
6.612003e-08,-0.0019489085
6.622003e-08,-0.001930239
6.632003e-08,-0.00191875
6.642003e-08,-0.0019173139
6.652003e-08,-0.0019266487
6.662003e-08,-0.0019417279
6.672003e-08,-0.0019589614
6.682003e-08,-0.0019747587
6.692003e-08,-0.0019876838
6.702003e-08,-0.0019991728
6.712003e-08,-0.0020092256
6.722003e-08,-0.0020171243
6.732003e-08,-0.0020221507
6.742003e-08,-0.0020221507
6.752003e-08,-0.0020178424
6.762003e-08,-0.0020113798
6.772003e-08,-0.0020070715
6.782003e-08,-0.0020106618
6.792003e-08,-0.0020228688
6.802003e-08,-0.0020436926
6.812003e-08,-0.0020681066
6.822003e-08,-0.0020910846
6.832003e-08,-0.0021090361
6.842003e-08,-0.0021219612
6.852003e-08,-0.0021298598
6.862003e-08,-0.0021370404
6.872003e-08,-0.0021449391
6.882003e-08,-0.002154992
6.892003e-08,-0.0021643267
6.902003e-08,-0.0021715074
6.912003e-08,-0.0021758157
6.922003e-08,-0.0021772518
6.932003e-08,-0.002178688
6.942003e-08,-0.0021829963
6.952003e-08,-0.002190895
6.962003e-08,-0.0022016659
6.972003e-08,-0.0022153091
6.982003e-08,-0.0022289522
6.992003e-08,-0.0022425954
7.002003e-08,-0.0022562385
7.012003e-08,-0.0022713178
7.022003e-08,-0.0022863971
7.032003e-08,-0.0023000402
7.042003e-08,-0.0023079389
7.052003e-08,-0.0023072208
7.062003e-08,-0.002297886
7.072003e-08,-0.0022820887
7.082003e-08,-0.0022670094
7.092003e-08,-0.0022591108
7.102003e-08,-0.0022634191
7.112003e-08,-0.0022792165
7.122003e-08,-0.0023007583
7.132003e-08,-0.002320864
7.142003e-08,-0.0023323529
7.152003e-08,-0.0023316349
7.162003e-08,-0.0023201459
7.172003e-08,-0.0023029125
7.182003e-08,-0.0022863971
7.192003e-08,-0.00227419
7.202003e-08,-0.0022677275
7.212003e-08,-0.0022648552
7.222003e-08,-0.0022634191
7.232003e-08,-0.002261983
7.242003e-08,-0.0022612649
7.252003e-08,-0.0022648552
7.262003e-08,-0.0022749081
7.272003e-08,-0.0022899874
7.282003e-08,-0.0023057847
7.292003e-08,-0.0023172737
7.302003e-08,-0.002320864
7.312003e-08,-0.0023151195
7.322003e-08,-0.0023029125
7.332003e-08,-0.0022914235
7.342003e-08,-0.0022863971
7.352003e-08,-0.0022907054
7.362003e-08,-0.0023029125
7.372003e-08,-0.0023187098
7.382003e-08,-0.0023323529
7.392003e-08,-0.0023402516
7.402003e-08,-0.0023424058
7.412003e-08,-0.0023424058
7.422003e-08,-0.0023438419
7.432003e-08,-0.0023495864
7.442003e-08,-0.0023603573
7.452003e-08,-0.0023747185
7.462003e-08,-0.0023897978
7.472003e-08,-0.0024055951
7.482003e-08,-0.0024213925
7.492003e-08,-0.002439344
7.502003e-08,-0.0024587316
7.512003e-08,-0.0024781193
7.522003e-08,-0.0024946347
7.532003e-08,-0.0025039694
7.542003e-08,-0.0025046875
7.552003e-08,-0.0024996611
7.562003e-08,-0.0024946347
7.572003e-08,-0.0024953527
7.582003e-08,-0.0025046875
7.592003e-08,-0.002522639
7.602003e-08,-0.0025427447
7.612003e-08,-0.002557824
7.622003e-08,-0.0025621324
7.632003e-08,-0.0025556698
7.642003e-08,-0.0025434628
7.652003e-08,-0.0025319738
7.662003e-08,-0.0025276654
7.672003e-08,-0.0025326919
7.682003e-08,-0.0025427447
7.692003e-08,-0.0025506434
7.702003e-08,-0.0025506434
7.712003e-08,-0.0025398725
7.722003e-08,-0.0025212029
7.732003e-08,-0.0025032514
7.742003e-08,-0.0024931985
7.752003e-08,-0.0024953527
7.762003e-08,-0.0025075597
7.772003e-08,-0.0025247932
7.782003e-08,-0.0025391544
7.792003e-08,-0.002546335
7.802003e-08,-0.002545617
7.812003e-08,-0.0025413086
7.822003e-08,-0.0025391544
7.832003e-08,-0.0025420267
7.842003e-08,-0.0025499253
7.852003e-08,-0.002557824
7.862003e-08,-0.0025621324
7.872003e-08,-0.0025592601
7.882003e-08,-0.0025513614
7.892003e-08,-0.0025427447
7.902003e-08,-0.0025391544
7.912003e-08,-0.0025441808
7.922003e-08,-0.0025563879
7.932003e-08,-0.0025714671
7.942003e-08,-0.0025851103
7.952003e-08,-0.0025922909
7.962003e-08,-0.0025922909
7.972003e-08,-0.0025887006
7.982003e-08,-0.0025851103
7.992003e-08,-0.0025836742
8.002003e-08,-0.0025851103
8.012003e-08,-0.0025865464
8.022003e-08,-0.0025851103
8.032003e-08,-0.0025800839
8.042003e-08,-0.0025721852
8.052003e-08,-0.0025650046
8.062003e-08,-0.0025621324
8.072003e-08,-0.0025650046
8.082003e-08,-0.0025721852
8.092003e-08,-0.0025800839
8.102003e-08,-0.0025851103
8.112003e-08,-0.0025865464
8.122003e-08,-0.0025858284
8.132003e-08,-0.0025879825
8.142003e-08,-0.0025965993
8.152003e-08,-0.0026116785
8.162003e-08,-0.0026296301
8.172003e-08,-0.0026461455
8.182003e-08,-0.0026540441
8.192003e-08,-0.002652608
8.202003e-08,-0.0026439913
8.212003e-08,-0.0026346565
8.222003e-08,-0.0026310662
8.232003e-08,-0.0026375287
8.242003e-08,-0.002652608
8.252003e-08,-0.0026719956
8.262003e-08,-0.002688511
8.272003e-08,-0.0026978458
8.282003e-08,-0.0027
8.292003e-08,-0.0026985639
8.302003e-08,-0.0027
8.312003e-08,-0.0027078987
8.322003e-08,-0.002723696
8.332003e-08,-0.0027423656
8.342003e-08,-0.0027574449
8.352003e-08,-0.0027639074
8.362003e-08,-0.002759599
8.372003e-08,-0.0027481101
8.382003e-08,-0.0027344669
8.392003e-08,-0.0027265682
8.402003e-08,-0.0027280044
8.412003e-08,-0.0027394933
8.422003e-08,-0.0027574449
8.432003e-08,-0.0027753964
8.442003e-08,-0.0027890395
8.452003e-08,-0.002794784
8.462003e-08,-0.0027919118
8.472003e-08,-0.002783295
8.482003e-08,-0.002771088
8.492003e-08,-0.0027581629
8.502003e-08,-0.0027459559
8.512003e-08,-0.002735185
8.522003e-08,-0.0027265682
8.532003e-08,-0.0027222599
8.542003e-08,-0.0027229779
8.552003e-08,-0.0027280044
8.562003e-08,-0.002735903
8.572003e-08,-0.0027430836
8.582003e-08,-0.0027459559
8.592003e-08,-0.0027416475
8.602003e-08,-0.0027301585
8.612003e-08,-0.0027143612
8.622003e-08,-0.0027
8.632003e-08,-0.0026913833
8.642003e-08,-0.0026913833
8.652003e-08,-0.0026992819
8.662003e-08,-0.002711489
8.672003e-08,-0.0027229779
8.682003e-08,-0.0027294405
8.692003e-08,-0.0027287224
8.702003e-08,-0.0027229779
8.712003e-08,-0.0027165154
8.722003e-08,-0.0027143612
8.732003e-08,-0.0027201057
8.742003e-08,-0.0027344669
8.752003e-08,-0.0027538545
8.762003e-08,-0.0027732422
8.772003e-08,-0.0027868853
8.782003e-08,-0.0027919118
8.792003e-08,-0.0027883215
8.802003e-08,-0.0027797047
8.812003e-08,-0.002771088
8.822003e-08,-0.0027689338
8.832003e-08,-0.0027761144
8.842003e-08,-0.0027926298
8.852003e-08,-0.0028148897
8.862003e-08,-0.0028378676
8.872003e-08,-0.0028558192
8.882003e-08,-0.002865154
8.892003e-08,-0.002865872
8.902003e-08,-0.0028608456
8.912003e-08,-0.0028551011
8.922003e-08,-0.0028551011
8.932003e-08,-0.0028644359
8.942003e-08,-0.0028838235
8.952003e-08,-0.0029118279
8.962003e-08,-0.0029419864
8.972003e-08,-0.0029685547
8.982003e-08,-0.0029872243
8.992003e-08,-0.0029944049
9.002003e-08,-0.0029922507
9.012003e-08,-0.002984352
9.022003e-08,-0.0029757353
9.032003e-08,-0.002972145
9.042003e-08,-0.0029771714
9.052003e-08,-0.0029908146
9.062003e-08,-0.0030102022
9.072003e-08,-0.003031744
9.082003e-08,-0.0030504136
9.092003e-08,-0.0030626206
9.102003e-08,-0.0030676471
9.112003e-08,-0.0030662109
9.122003e-08,-0.0030619026
9.132003e-08,-0.0030575942
9.142003e-08,-0.0030561581
9.152003e-08,-0.0030590303
9.162003e-08,-0.0030654929
9.172003e-08,-0.0030733915
9.182003e-08,-0.003079136
9.192003e-08,-0.0030827263
9.202003e-08,-0.0030841625
9.212003e-08,-0.0030855986
9.222003e-08,-0.003090625
9.232003e-08,-0.0030999598
9.242003e-08,-0.0031136029
9.252003e-08,-0.0031279642
9.262003e-08,-0.0031365809
9.272003e-08,-0.0031351448
9.282003e-08,-0.0031215016
9.292003e-08,-0.0030970875
9.302003e-08,-0.0030676471
9.312003e-08,-0.0030410788
9.322003e-08,-0.0030252815
9.332003e-08,-0.0030231273
9.342003e-08,-0.0030331801
9.352003e-08,-0.0030496955
9.362003e-08,-0.0030640568
9.372003e-08,-0.0030712374
9.382003e-08,-0.0030676471
9.392003e-08,-0.00305544
9.402003e-08,-0.0030410788
9.412003e-08,-0.0030281537
9.422003e-08,-0.0030216912
9.432003e-08,-0.0030202551
9.442003e-08,-0.0030202551
9.452003e-08,-0.0030173828
9.462003e-08,-0.0030102022
9.472003e-08,-0.0029994313
9.482003e-08,-0.0029893784
9.492003e-08,-0.002984352
9.502003e-08,-0.0029872243
9.512003e-08,-0.0029972771
9.522003e-08,-0.0030102022
9.532003e-08,-0.003019537
9.542003e-08,-0.0030216912
9.552003e-08,-0.0030159467
9.562003e-08,-0.0030066119
9.572003e-08,-0.0029994313
9.582003e-08,-0.0029987132
9.592003e-08,-0.0030066119
9.602003e-08,-0.0030202551
9.612003e-08,-0.0030346163
9.622003e-08,-0.0030446691
9.632003e-08,-0.0030489775
9.642003e-08,-0.0030482594
9.652003e-08,-0.0030496955
9.662003e-08,-0.0030561581
9.672003e-08,-0.0030712374
9.682003e-08,-0.0030934972
9.692003e-08,-0.0031171932
9.702003e-08,-0.0031365809
9.712003e-08,-0.0031473518
9.722003e-08,-0.0031480699
9.732003e-08,-0.0031430434
9.742003e-08,-0.0031365809
9.752003e-08,-0.0031344267
9.762003e-08,-0.003138017
9.772003e-08,-0.0031473518
9.782003e-08,-0.0031595588
9.792003e-08,-0.0031724839
9.802003e-08,-0.0031839729
9.812003e-08,-0.0031947438
9.822003e-08,-0.0032055147
9.832003e-08,-0.0032177217
9.842003e-08,-0.0032306468
9.852003e-08,-0.0032421358
9.862003e-08,-0.0032514706
9.872003e-08,-0.0032572151
9.882003e-08,-0.0032600873
9.892003e-08,-0.0032615234
9.902003e-08,-0.0032629596
9.912003e-08,-0.0032651137
9.922003e-08,-0.0032651137
9.932003e-08,-0.0032615234
9.942003e-08,-0.0032514706
9.952003e-08,-0.0032356733
9.962003e-08,-0.0032177217
9.972003e-08,-0.0032026425
9.982003e-08,-0.0031940257
9.992003e-08,-0.0031947438
1.0002e-07,-0.0032040786
1.0012e-07,-0.0032170037
1.0022e-07,-0.0032284926
1.0032e-07,-0.0032342371
1.0042e-07,-0.003232083
1.0052e-07,-0.0032249023
1.0062e-07,-0.0032170037
1.0072e-07,-0.0032119773
1.0082e-07,-0.0032119773
1.0092e-07,-0.0032177217
1.0102e-07,-0.0032284926
1.0112e-07,-0.0032421358
1.0122e-07,-0.003256497
1.0132e-07,-0.0032715763
1.0142e-07,-0.0032859375
1.0152e-07,-0.0032988626
1.0162e-07,-0.0033103516
1.0172e-07,-0.0033175322
1.0182e-07,-0.0033204044
1.0192e-07,-0.0033204044
1.0202e-07,-0.0033189683
1.0212e-07,-0.0033182502
1.0222e-07,-0.0033204044
1.0232e-07,-0.0033254308
1.0242e-07,-0.0033304573
1.0252e-07,-0.0033333295
1.0262e-07,-0.0033318934
1.0272e-07,-0.0033254308
1.0282e-07,-0.003315378
1.0292e-07,-0.0033046071
1.0302e-07,-0.0032974265
1.0312e-07,-0.0032938362
1.0322e-07,-0.0032924
1.0332e-07,-0.0032902459
1.0342e-07,-0.0032859375
1.0352e-07,-0.0032773208
1.0362e-07,-0.0032665499
1.0372e-07,-0.0032572151
1.0382e-07,-0.0032514706
1.0392e-07,-0.0032514706
1.0402e-07,-0.003255779
1.0412e-07,-0.0032608054
1.0422e-07,-0.0032629596
1.0432e-07,-0.0032593693
1.0442e-07,-0.0032507525
1.0452e-07,-0.0032392636
1.0462e-07,-0.0032284926
1.0472e-07,-0.0032220301
1.0482e-07,-0.003220594
1.0492e-07,-0.0032241843
1.0502e-07,-0.0032284926
1.0512e-07,-0.003232083
1.0522e-07,-0.003232801
1.0532e-07,-0.0032313649
1.0542e-07,-0.0032284926
1.0552e-07,-0.0032256204
1.0562e-07,-0.0032227482
1.0572e-07,-0.0032198759
1.0582e-07,-0.0032170037
1.0592e-07,-0.0032134134
1.0602e-07,-0.003209105
1.0612e-07,-0.0032062328
1.0622e-07,-0.0032055147
1.0632e-07,-0.0032069508
1.0642e-07,-0.0032098231
1.0652e-07,-0.0032098231
1.0662e-07,-0.0032055147
1.0672e-07,-0.0031954619
1.0682e-07,-0.0031796645
1.0692e-07,-0.0031624311
1.0702e-07,-0.0031480699
1.0712e-07,-0.0031394531
1.0722e-07,-0.0031394531
1.0732e-07,-0.0031466337
1.0742e-07,-0.0031595588
1.0752e-07,-0.00317392
1.0762e-07,-0.0031875632
1.0772e-07,-0.0031983341
1.0782e-07,-0.0032055147
1.0792e-07,-0.0032105411
1.0802e-07,-0.0032148495
1.0812e-07,-0.0032198759
1.0822e-07,-0.0032284926
1.0832e-07,-0.0032414177
1.0842e-07,-0.0032593693
1.0852e-07,-0.0032823472
1.0862e-07,-0.0033089154
1.0872e-07,-0.0033376379
1.0882e-07,-0.0033656422
1.0892e-07,-0.0033914924
1.0902e-07,-0.0034123162
1.0912e-07,-0.0034288316
1.0922e-07,-0.0034410386
1.0932e-07,-0.0034503734
1.0942e-07,-0.0034582721
1.0952e-07,-0.0034654527
1.0962e-07,-0.0034733513
1.0972e-07,-0.0034819681
1.0982e-07,-0.003492739
1.0992e-07,-0.0035063821
1.1002e-07,-0.0035228975
1.1012e-07,-0.0035422852
1.1022e-07,-0.0035616728
1.1032e-07,-0.0035774701
1.1042e-07,-0.003587523
1.1052e-07,-0.0035889591
1.1062e-07,-0.0035846507
1.1072e-07,-0.0035781882
1.1082e-07,-0.003576034
1.1092e-07,-0.0035810604
1.1102e-07,-0.0035961397
1.1112e-07,-0.0036176815
1.1122e-07,-0.0036392233
1.1132e-07,-0.0036564568
1.1142e-07,-0.0036650735
1.1152e-07,-0.0036657916
1.1162e-07,-0.0036622013
1.1172e-07,-0.0036600471
1.1182e-07,-0.0036650735
1.1192e-07,-0.0036779986
1.1202e-07,-0.0036959501
1.1212e-07,-0.0037160558
1.1222e-07,-0.0037340074
1.1232e-07,-0.0037476505
1.1242e-07,-0.0037584214
1.1252e-07,-0.0037684743
1.1262e-07,-0.0037799632
1.1272e-07,-0.0037928883
1.1282e-07,-0.0038043773
1.1292e-07,-0.003812276
1.1302e-07,-0.0038144301
1.1312e-07,-0.0038115579
1.1322e-07,-0.0038072495
1.1332e-07,-0.0038072495
1.1342e-07,-0.0038144301
1.1352e-07,-0.0038295094
1.1362e-07,-0.003848179
1.1372e-07,-0.0038639763
1.1382e-07,-0.003871875
1.1392e-07,-0.0038697208
1.1402e-07,-0.0038589499
1.1412e-07,-0.0038460248
1.1422e-07,-0.0038374081
1.1432e-07,-0.003835972
1.1442e-07,-0.0038424345
1.1452e-07,-0.0038524874
1.1462e-07,-0.003860386
1.1472e-07,-0.0038632583
1.1482e-07,-0.003860386
1.1492e-07,-0.0038539235
1.1502e-07,-0.0038488971
1.1512e-07,-0.0038474609
1.1522e-07,-0.0038510512
1.1532e-07,-0.0038560777
1.1542e-07,-0.003860386
1.1552e-07,-0.0038618222
1.1562e-07,-0.003859668
1.1572e-07,-0.0038582318
1.1582e-07,-0.003860386
1.1592e-07,-0.0038682847
1.1602e-07,-0.0038812098
1.1612e-07,-0.003895571
1.1622e-07,-0.0039063419
1.1632e-07,-0.0039099322
1.1642e-07,-0.0039056239
1.1652e-07,-0.0038948529
1.1662e-07,-0.003883364
1.1672e-07,-0.0038754653
1.1682e-07,-0.0038747472
1.1692e-07,-0.0038819278
1.1702e-07,-0.0038948529
1.1712e-07,-0.0039099322
1.1722e-07,-0.0039242934
1.1732e-07,-0.0039350643
1.1742e-07,-0.0039408088
1.1752e-07,-0.0039415269
1.1762e-07,-0.0039365005
1.1772e-07,-0.0039286018
1.1782e-07,-0.0039178309
1.1792e-07,-0.00390706
1.1802e-07,-0.0038991613
1.1812e-07,-0.0038948529
1.1822e-07,-0.0038948529
1.1832e-07,-0.0038977252
1.1842e-07,-0.0038998794
1.1852e-07,-0.0038998794
1.1862e-07,-0.0038948529
1.1872e-07,-0.0038869543
1.1882e-07,-0.0038783375
1.1892e-07,-0.0038725931
1.1902e-07,-0.003871875
1.1912e-07,-0.0038761834
1.1922e-07,-0.0038819278
1.1932e-07,-0.0038855182
1.1942e-07,-0.003883364
1.1952e-07,-0.0038754653
1.1962e-07,-0.0038646944
1.1972e-07,-0.0038546415
1.1982e-07,-0.0038488971
1.1992e-07,-0.0038496151
1.2002e-07,-0.0038553596
1.2012e-07,-0.0038639763
1.2022e-07,-0.003871875
1.2032e-07,-0.0038776195
1.2042e-07,-0.0038826459
1.2052e-07,-0.0038876723
1.2062e-07,-0.0038948529
1.2072e-07,-0.0039041877
1.2082e-07,-0.0039128045
1.2092e-07,-0.0039185489
1.2102e-07,-0.0039178309
1.2112e-07,-0.0039113683
1.2122e-07,-0.0039005974
1.2132e-07,-0.0038905446
1.2142e-07,-0.003883364
1.2152e-07,-0.0038812098
1.2162e-07,-0.0038819278
1.2172e-07,-0.003884082
1.2182e-07,-0.003883364
1.2192e-07,-0.0038804917
1.2202e-07,-0.0038776195
1.2212e-07,-0.0038776195
1.2222e-07,-0.003883364
1.2232e-07,-0.003895571
1.2242e-07,-0.0039120864
1.2252e-07,-0.0039286018
1.2262e-07,-0.0039408088
1.2272e-07,-0.0039479894
1.2282e-07,-0.0039522978
1.2292e-07,-0.0039558881
1.2302e-07,-0.0039637868
1.2312e-07,-0.0039767119
1.2322e-07,-0.0039925092
1.2332e-07,-0.0040090246
1.2342e-07,-0.0040212316
1.2352e-07,-0.0040284122
1.2362e-07,-0.0040305664
1.2372e-07,-0.0040312845
1.2382e-07,-0.0040327206
1.2392e-07,-0.004037747
1.2402e-07,-0.0040456457
1.2412e-07,-0.0040564166
1.2422e-07,-0.0040671875
1.2432e-07,-0.0040786765
1.2442e-07,-0.0040916016
1.2452e-07,-0.0041073989
1.2462e-07,-0.0041246324
1.2472e-07,-0.0041418658
1.2482e-07,-0.0041547909
1.2492e-07,-0.0041605354
1.2502e-07,-0.0041590993
1.2512e-07,-0.0041540728
1.2522e-07,-0.0041504825
1.2532e-07,-0.004155509
1.2542e-07,-0.0041705882
1.2552e-07,-0.0041942842
1.2562e-07,-0.0042186983
1.2572e-07,-0.0042359318
1.2582e-07,-0.0042395221
1.2592e-07,-0.0042294692
1.2602e-07,-0.0042100816
1.2612e-07,-0.0041921301
1.2622e-07,-0.0041820772
1.2632e-07,-0.0041856675
1.2642e-07,-0.0042000287
1.2652e-07,-0.0042201344
1.2662e-07,-0.0042395221
1.2672e-07,-0.0042524472
1.2682e-07,-0.0042596278
1.2692e-07,-0.0042617819
1.2702e-07,-0.0042625
1.2712e-07,-0.0042632181
1.2722e-07,-0.0042617819
1.2732e-07,-0.0042546013
1.2742e-07,-0.0042395221
1.2752e-07,-0.0042179802
1.2762e-07,-0.0041942842
1.2772e-07,-0.0041763327
1.2782e-07,-0.0041705882
1.2792e-07,-0.0041777688
1.2802e-07,-0.0041950023
1.2812e-07,-0.0042143899
1.2822e-07,-0.0042280331
1.2832e-07,-0.0042323415
1.2842e-07,-0.0042280331
1.2852e-07,-0.0042208525
1.2862e-07,-0.0042165441
1.2872e-07,-0.0042194164
1.2882e-07,-0.0042294692
1.2892e-07,-0.0042416762
1.2902e-07,-0.004251011
1.2912e-07,-0.0042538833
1.2922e-07,-0.004250293
1.2932e-07,-0.0042438304
1.2942e-07,-0.0042395221
1.2952e-07,-0.0042395221
1.2962e-07,-0.0042445485
1.2972e-07,-0.0042495749
1.2982e-07,-0.004251011
1.2992e-07,-0.0042474207
1.3002e-07,-0.0042395221
1.3012e-07,-0.0042316234
1.3022e-07,-0.0042280331
1.3032e-07,-0.0042316234
1.3042e-07,-0.0042395221
1.3052e-07,-0.0042481388
1.3062e-07,-0.004251011
1.3072e-07,-0.0042459846
1.3082e-07,-0.0042337776
1.3092e-07,-0.0042179802
1.3102e-07,-0.0042050551
1.3112e-07,-0.0041978745
1.3122e-07,-0.0041957204
1.3132e-07,-0.0041957204
1.3142e-07,-0.0041935662
1.3152e-07,-0.0041856675
1.3162e-07,-0.0041713063
1.3172e-07,-0.0041533548
1.3182e-07,-0.0041361213
1.3192e-07,-0.0041217601
1.3202e-07,-0.0041117073
1.3212e-07,-0.0041016544
1.3222e-07,-0.0040901654
1.3232e-07,-0.0040750862
1.3242e-07,-0.0040564166
1.3252e-07,-0.004037747
1.3262e-07,-0.0040212316
1.3272e-07,-0.0040090246
1.3282e-07,-0.0039996898
1.3292e-07,-0.0039932273
1.3302e-07,-0.0039867647
1.3312e-07,-0.0039803022
1.3322e-07,-0.0039752757
1.3332e-07,-0.0039731216
1.3342e-07,-0.0039752757
1.3352e-07,-0.0039795841
1.3362e-07,-0.0039810202
1.3372e-07,-0.0039767119
1.3382e-07,-0.0039637868
1.3392e-07,-0.0039436811
1.3402e-07,-0.0039214212
1.3412e-07,-0.0039034697
1.3422e-07,-0.0038948529
1.3432e-07,-0.0038970071
1.3442e-07,-0.003907778
1.3452e-07,-0.0039199851
1.3462e-07,-0.0039293199
1.3472e-07,-0.0039336282
1.3482e-07,-0.0039329102
1.3492e-07,-0.003930756
1.3502e-07,-0.0039293199
1.3512e-07,-0.0039293199
1.3522e-07,-0.0039286018
1.3532e-07,-0.0039250115
1.3542e-07,-0.0039178309
1.3552e-07,-0.0039092142
1.3562e-07,-0.0039034697
1.3572e-07,-0.0039063419
1.3582e-07,-0.0039178309
1.3592e-07,-0.0039350643
1.3602e-07,-0.0039515797
1.3612e-07,-0.0039580423
1.3622e-07,-0.0039522978
1.3632e-07,-0.0039357824
1.3642e-07,-0.0039171128
1.3652e-07,-0.0039049058
1.3662e-07,-0.0039063419
1.3672e-07,-0.0039199851
1.3682e-07,-0.0039400908
1.3692e-07,-0.0039573242
1.3702e-07,-0.0039637868
1.3712e-07,-0.0039594784
1.3722e-07,-0.0039501436
1.3732e-07,-0.0039451172
1.3742e-07,-0.0039522978
1.3752e-07,-0.0039731216
1.3762e-07,-0.0040032801
1.3772e-07,-0.0040334386
1.3782e-07,-0.0040556985
1.3792e-07,-0.0040679056
1.3802e-07,-0.004072932
1.3812e-07,-0.0040786765
1.3822e-07,-0.0040901654
1.3832e-07,-0.004108835
1.3842e-07,-0.0041289407
1.3852e-07,-0.00414402
1.3862e-07,-0.0041476103
1.3872e-07,-0.0041404297
1.3882e-07,-0.0041303768
1.3892e-07,-0.0041260685
1.3902e-07,-0.0041361213
1.3912e-07,-0.0041612534
1.3922e-07,-0.0041935662
1.3932e-07,-0.0042230067
1.3942e-07,-0.0042395221
1.3952e-07,-0.0042402401
1.3962e-07,-0.0042316234
1.3972e-07,-0.0042237247
1.3982e-07,-0.0042280331
1.3992e-07,-0.0042481388
1.4002e-07,-0.0042790154
1.4012e-07,-0.004309892
1.4022e-07,-0.0043314338
1.4032e-07,-0.0043371783
1.4042e-07,-0.0043299977
1.4052e-07,-0.0043170726
1.4062e-07,-0.0043084559
1.4072e-07,-0.0043070198
1.4082e-07,-0.0043113281
1.4092e-07,-0.0043142004
1.4102e-07,-0.0043084559
1.4112e-07,-0.0042940947
1.4122e-07,-0.0042768612
1.4132e-07,-0.0042675264
1.4142e-07,-0.004273989
1.4152e-07,-0.0042991211
1.4162e-07,-0.0043350241
1.4172e-07,-0.004368773
1.4182e-07,-0.0043888787
1.4192e-07,-0.0043881606
1.4202e-07,-0.0043709272
1.4212e-07,-0.0043479492
1.4222e-07,-0.0043314338
1.4232e-07,-0.0043299977
1.4242e-07,-0.0043429228
1.4252e-07,-0.0043623104
1.4262e-07,-0.0043773897
1.4272e-07,-0.00438098
1.4282e-07,-0.0043737994
1.4292e-07,-0.0043623104
1.4302e-07,-0.0043544118
1.4312e-07,-0.0043565659
1.4322e-07,-0.0043673369
1.4332e-07,-0.00438098
1.4342e-07,-0.0043888787
1.4352e-07,-0.0043867245
1.4362e-07,-0.0043752355
1.4372e-07,-0.0043615924
1.4382e-07,-0.0043544118
1.4392e-07,-0.0043587201
1.4402e-07,-0.0043737994
1.4412e-07,-0.0043939051
1.4422e-07,-0.0044118566
1.4432e-07,-0.0044226275
1.4442e-07,-0.0044269359
1.4452e-07,-0.0044290901
1.4462e-07,-0.0044348346
1.4472e-07,-0.0044477597
1.4482e-07,-0.0044664292
1.4492e-07,-0.004487253
1.4502e-07,-0.0045037684
1.4512e-07,-0.0045145393
1.4522e-07,-0.0045217199
1.4532e-07,-0.0045281824
1.4542e-07,-0.0045382353
1.4552e-07,-0.0045511604
1.4562e-07,-0.0045626494
1.4572e-07,-0.0045669577
1.4582e-07,-0.0045612132
1.4592e-07,-0.0045475701
1.4602e-07,-0.0045332089
1.4612e-07,-0.0045281824
1.4622e-07,-0.0045382353
1.4632e-07,-0.0045619313
1.4642e-07,-0.0045906537
1.4652e-07,-0.0046129136
1.4662e-07,-0.0046186581
1.4672e-07,-0.0046071691
1.4682e-07,-0.0045856273
1.4692e-07,-0.0045662397
1.4702e-07,-0.0045612132
1.4712e-07,-0.0045741383
1.4722e-07,-0.0045999885
1.4732e-07,-0.0046265568
1.4742e-07,-0.004641636
1.4752e-07,-0.0046394818
1.4762e-07,-0.0046229665
1.4772e-07,-0.0046007066
1.4782e-07,-0.0045841912
1.4792e-07,-0.0045798828
1.4802e-07,-0.0045870634
1.4812e-07,-0.0045985524
1.4822e-07,-0.0046071691
1.4832e-07,-0.0046078872
1.4842e-07,-0.0046021427
1.4852e-07,-0.0045956801
1.4862e-07,-0.0045956801
1.4872e-07,-0.0046035788
1.4882e-07,-0.0046150678
1.4892e-07,-0.0046222484
1.4902e-07,-0.0046186581
1.4912e-07,-0.0046021427
1.4922e-07,-0.0045770106
1.4932e-07,-0.0045525965
1.4942e-07,-0.0045382353
1.4952e-07,-0.0045375172
1.4962e-07,-0.004546852
1.4972e-07,-0.0045576229
1.4982e-07,-0.0045612132
1.4992e-07,-0.0045540326
1.5002e-07,-0.0045389534
1.5012e-07,-0.0045238741
1.5022e-07,-0.0045152574
1.5032e-07,-0.0045166935
1.5042e-07,-0.0045238741
1.5052e-07,-0.0045296186
1.5062e-07,-0.0045267463
1.5072e-07,-0.0045131032
1.5082e-07,-0.0044929975
1.5092e-07,-0.004475764
1.5102e-07,-0.0044693015
1.5112e-07,-0.004475046
1.5122e-07,-0.0044886891
1.5132e-07,-0.0045008961
1.5142e-07,-0.0045037684
1.5152e-07,-0.0044951517
1.5162e-07,-0.0044807904
1.5172e-07,-0.0044693015
1.5182e-07,-0.0044693015
1.5192e-07,-0.0044829446
1.5202e-07,-0.0045037684
1.5212e-07,-0.0045217199
1.5222e-07,-0.0045267463
1.5232e-07,-0.0045174115
1.5242e-07,-0.004498742
1.5252e-07,-0.0044829446
1.5262e-07,-0.0044807904
1.5272e-07,-0.0044965878
1.5282e-07,-0.0045253102
1.5292e-07,-0.0045547507
1.5302e-07,-0.0045727022
1.5312e-07,-0.0045727022
1.5322e-07,-0.004558341
1.5332e-07,-0.0045389534
1.5342e-07,-0.0045267463
1.5352e-07,-0.0045274644
1.5362e-07,-0.0045396714
1.5372e-07,-0.0045547507
1.5382e-07,-0.0045612132
1.5392e-07,-0.0045540326
1.5402e-07,-0.0045353631
1.5412e-07,-0.0045145393
1.5422e-07,-0.0045037684
1.5432e-07,-0.0045095129
1.5442e-07,-0.0045310547
1.5452e-07,-0.0045597771
1.5462e-07,-0.0045841912
1.5472e-07,-0.0045956801
1.5482e-07,-0.0045928079
1.5492e-07,-0.004582037
1.5502e-07,-0.0045727022
1.5512e-07,-0.0045719841
1.5522e-07,-0.004582037
1.5532e-07,-0.0045963982
1.5542e-07,-0.0046071691
1.5552e-07,-0.0046093233
1.5562e-07,-0.0046014246
1.5572e-07,-0.0045906537
1.5582e-07,-0.0045841912
1.5592e-07,-0.0045892176
1.5602e-07,-0.0046071691
1.5612e-07,-0.0046308651
1.5622e-07,-0.004653125
1.5632e-07,-0.004665332
1.5642e-07,-0.004665332
1.5652e-07,-0.0046552792
1.5662e-07,-0.004641636
1.5672e-07,-0.0046308651
1.5682e-07,-0.0046279929
1.5692e-07,-0.0046323012
1.5702e-07,-0.004641636
1.5712e-07,-0.0046538431
1.5722e-07,-0.0046674862
1.5732e-07,-0.0046825655
1.5742e-07,-0.0046990809
1.5752e-07,-0.0047163143
1.5762e-07,-0.0047299575
1.5772e-07,-0.00473642
1.5782e-07,-0.0047335478
1.5792e-07,-0.0047213408
1.5802e-07,-0.0047055434
1.5812e-07,-0.0046919003
1.5822e-07,-0.0046875919
1.5832e-07,-0.0046933364
1.5842e-07,-0.0047069795
1.5852e-07,-0.0047220588
1.5862e-07,-0.0047335478
1.5872e-07,-0.0047378562
1.5882e-07,-0.0047349839
1.5892e-07,-0.0047292394
1.5902e-07,-0.0047220588
1.5912e-07,-0.0047148782
1.5922e-07,-0.0047055434
1.5932e-07,-0.0046926183
1.5942e-07,-0.0046761029
1.5952e-07,-0.0046595875
1.5962e-07,-0.0046495347
1.5972e-07,-0.0046509708
1.5982e-07,-0.004664614
1.5992e-07,-0.0046847197
1.6002e-07,-0.0047012351
1.6012e-07,-0.0047041073
1.6022e-07,-0.0046875919
1.6032e-07,-0.0046552792
1.6042e-07,-0.00461794
1.6052e-07,-0.0045870634
1.6062e-07,-0.0045727022
1.6072e-07,-0.0045748564
1.6082e-07,-0.0045849092
1.6092e-07,-0.0045913718
1.6102e-07,-0.0045841912
1.6112e-07,-0.0045612132
1.6122e-07,-0.0045289005
1.6132e-07,-0.004498742
1.6142e-07,-0.0044807904
1.6152e-07,-0.0044793543
1.6162e-07,-0.0044886891
1.6172e-07,-0.0045001781
1.6182e-07,-0.0045037684
1.6192e-07,-0.0044958697
1.6202e-07,-0.0044800724
1.6212e-07,-0.0044649931
1.6222e-07,-0.0044578125
1.6232e-07,-0.0044592486
1.6242e-07,-0.004464275
1.6252e-07,-0.0044628389
1.6262e-07,-0.0044463235
1.6272e-07,-0.0044140108
1.6282e-07,-0.0043716452
1.6292e-07,-0.0043328699
1.6302e-07,-0.0043084559
1.6312e-07,-0.0043019933
1.6322e-07,-0.0043084559
1.6332e-07,-0.0043185087
1.6342e-07,-0.0043199449
1.6352e-07,-0.0043091739
1.6362e-07,-0.0042890682
1.6372e-07,-0.0042703987
1.6382e-07,-0.0042625
1.6392e-07,-0.0042689625
1.6402e-07,-0.004286196
1.6412e-07,-0.0043027114
1.6422e-07,-0.0043084559
1.6432e-07,-0.004298403
1.6442e-07,-0.0042768612
1.6452e-07,-0.0042538833
1.6462e-07,-0.0042395221
1.6472e-07,-0.0042402401
1.6482e-07,-0.0042524472
1.6492e-07,-0.0042668084
1.6502e-07,-0.004273989
1.6512e-07,-0.0042682445
1.6522e-07,-0.0042517291
1.6532e-07,-0.0042352137
1.6542e-07,-0.0042280331
1.6552e-07,-0.0042366498
1.6562e-07,-0.0042574736
1.6572e-07,-0.0042811696
1.6582e-07,-0.0042969669
1.6592e-07,-0.004297685
1.6602e-07,-0.0042840418
1.6612e-07,-0.0042646542
1.6622e-07,-0.004251011
1.6632e-07,-0.004251011
1.6642e-07,-0.0042646542
1.6652e-07,-0.0042869141
1.6662e-07,-0.0043084559
1.6672e-07,-0.0043235352
1.6682e-07,-0.0043299977
1.6692e-07,-0.0043343061
1.6702e-07,-0.0043429228
1.6712e-07,-0.0043594382
1.6722e-07,-0.0043824161
1.6732e-07,-0.0044068302
1.6742e-07,-0.0044233456
1.6752e-07,-0.004428372
1.6762e-07,-0.0044240636
1.6772e-07,-0.0044154469
1.6782e-07,-0.0044118566
1.6792e-07,-0.0044183192
1.6802e-07,-0.0044341165
1.6812e-07,-0.0044535041
1.6822e-07,-0.0044693015
1.6832e-07,-0.004475764
1.6842e-07,-0.0044728918
1.6852e-07,-0.0044649931
1.6862e-07,-0.0044578125
1.6872e-07,-0.0044563764
1.6882e-07,-0.0044606847
1.6892e-07,-0.0044664292
1.6902e-07,-0.0044693015
1.6912e-07,-0.0044664292
1.6922e-07,-0.0044585306
1.6932e-07,-0.0044506319
1.6942e-07,-0.0044463235
1.6952e-07,-0.0044477597
1.6962e-07,-0.0044535041
1.6972e-07,-0.0044585306
1.6982e-07,-0.0044578125
1.6992e-07,-0.00445135
1.7002e-07,-0.0044420152
1.7012e-07,-0.0044348346
1.7022e-07,-0.0044348346
1.7032e-07,-0.0044420152
1.7042e-07,-0.0044506319
1.7052e-07,-0.0044542222
1.7062e-07,-0.0044463235
1.7072e-07,-0.0044254998
1.7082e-07,-0.0043974954
1.7092e-07,-0.0043709272
1.7102e-07,-0.0043544118
1.7112e-07,-0.0043515395
1.7122e-07,-0.0043594382
1.7132e-07,-0.0043709272
1.7142e-07,-0.0043773897
1.7152e-07,-0.0043759536
1.7162e-07,-0.004369491
1.7172e-07,-0.0043637466
1.7182e-07,-0.0043659007
1.7192e-07,-0.0043781078
1.7202e-07,-0.0043974954
1.7212e-07,-0.0044154469
1.7222e-07,-0.0044233456
1.7232e-07,-0.0044176011
1.7242e-07,-0.0044003676
1.7252e-07,-0.0043795439
1.7262e-07,-0.0043659007
1.7272e-07,-0.0043651827
1.7282e-07,-0.0043781078
1.7292e-07,-0.0044003676
1.7302e-07,-0.0044233456
1.7312e-07,-0.0044420152
1.7322e-07,-0.0044542222
1.7332e-07,-0.0044614028
1.7342e-07,-0.0044693015
1.7352e-07,-0.0044793543
1.7362e-07,-0.0044922794
1.7372e-07,-0.0045052045
1.7382e-07,-0.0045152574
1.7392e-07,-0.0045210018
1.7402e-07,-0.0045260283
1.7412e-07,-0.004534645
1.7422e-07,-0.0045497243
1.7432e-07,-0.0045719841
1.7442e-07,-0.0045971163
1.7452e-07,-0.00461794
1.7462e-07,-0.0046301471
1.7472e-07,-0.0046315832
1.7482e-07,-0.0046258387
1.7492e-07,-0.0046193761
1.7502e-07,-0.0046186581
1.7512e-07,-0.0046258387
1.7522e-07,-0.0046380457
1.7532e-07,-0.0046488166
1.7542e-07,-0.004653125
1.7552e-07,-0.0046488166
1.7562e-07,-0.0046387638
1.7572e-07,-0.0046308651
1.7582e-07,-0.0046301471
1.7592e-07,-0.0046387638
1.7602e-07,-0.0046524069
1.7612e-07,-0.0046631778
1.7622e-07,-0.004664614
1.7632e-07,-0.0046538431
1.7642e-07,-0.0046344554
1.7652e-07,-0.0046157858
1.7662e-07,-0.0046071691
1.7672e-07,-0.0046129136
1.7682e-07,-0.0046315832
1.7692e-07,-0.0046559972
1.7702e-07,-0.0046761029
1.7712e-07,-0.0046847197
1.7722e-07,-0.0046811294
1.7732e-07,-0.0046682043
1.7742e-07,-0.004653125
1.7752e-07,-0.004641636
1.7762e-07,-0.0046373277
1.7772e-07,-0.0046380457
1.7782e-07,-0.004641636
1.7792e-07,-0.0046459444
1.7802e-07,-0.0046502528
1.7812e-07,-0.0046559972
1.7822e-07,-0.004664614
1.7832e-07,-0.0046753849
1.7842e-07,-0.0046854377
1.7852e-07,-0.0046897461
1.7862e-07,-0.0046875919
1.7872e-07,-0.0046789752
1.7882e-07,-0.0046682043
1.7892e-07,-0.0046624598
1.7902e-07,-0.004664614
1.7912e-07,-0.0046753849
1.7922e-07,-0.004689028
1.7932e-07,-0.0046990809
1.7942e-07,-0.0046990809
1.7952e-07,-0.00468831
1.7962e-07,-0.0046703585
1.7972e-07,-0.004653125
1.7982e-07,-0.004641636
1.7992e-07,-0.0046380457
1.8002e-07,-0.0046387638
1.8012e-07,-0.0046380457
1.8022e-07,-0.0046301471
1.8032e-07,-0.0046143497
1.8042e-07,-0.004594244
1.8052e-07,-0.0045784467
1.8062e-07,-0.0045727022
1.8072e-07,-0.0045791648
1.8082e-07,-0.004594244
1.8092e-07,-0.0046100414
1.8102e-07,-0.0046186581
1.8112e-07,-0.0046165039
1.8122e-07,-0.004605733
1.8132e-07,-0.004593526
1.8142e-07,-0.0045841912
1.8152e-07,-0.004582037
1.8162e-07,-0.0045849092
1.8172e-07,-0.0045870634
1.8182e-07,-0.0045841912
1.8192e-07,-0.0045748564
1.8202e-07,-0.0045626494
1.8212e-07,-0.0045525965
1.8222e-07,-0.0045497243
1.8232e-07,-0.0045540326
1.8242e-07,-0.0045612132
1.8252e-07,-0.0045655216
1.8262e-07,-0.0045612132
1.8272e-07,-0.0045490062
1.8282e-07,-0.0045339269
1.8292e-07,-0.0045238741
1.8302e-07,-0.0045267463
1.8312e-07,-0.0045418256
1.8322e-07,-0.0045640855
1.8332e-07,-0.0045849092
1.8342e-07,-0.0045956801
1.8352e-07,-0.0045949621
1.8362e-07,-0.0045870634
1.8372e-07,-0.0045813189
1.8382e-07,-0.0045841912
1.8392e-07,-0.0045992705
1.8402e-07,-0.0046222484
1.8412e-07,-0.0046466625
1.8422e-07,-0.004664614
1.8432e-07,-0.0046753849
1.8442e-07,-0.0046840016
1.8452e-07,-0.0046976448
1.8462e-07,-0.0047220588
1.8472e-07,-0.0047579619
1.8482e-07,-0.0047974552
1.8492e-07,-0.004830486
1.8502e-07,-0.0048484375
1.8512e-07,-0.0048484375
1.8522e-07,-0.0048376666
1.8532e-07,-0.0048261776
1.8542e-07,-0.0048254596
1.8552e-07,-0.0048398208
1.8562e-07,-0.004866389
1.8572e-07,-0.0048958295
1.8582e-07,-0.0049173713
1.8592e-07,-0.0049267061
1.8602e-07,-0.0049259881
1.8612e-07,-0.0049238339
1.8622e-07,-0.0049288603
1.8632e-07,-0.0049453757
1.8642e-07,-0.0049712259
1.8652e-07,-0.0049992302
1.8662e-07,-0.0050207721
1.8672e-07,-0.005031543
1.8682e-07,-0.0050329791
1.8692e-07,-0.0050308249
1.8702e-07,-0.005032261
1.8712e-07,-0.0050387236
1.8722e-07,-0.0050466222
1.8732e-07,-0.0050502125
1.8742e-07,-0.00504375
1.8752e-07,-0.0050272346
1.8762e-07,-0.0050056928
1.8772e-07,-0.0049898955
1.8782e-07,-0.0049863051
1.8792e-07,-0.004996358
1.8802e-07,-0.0050143095
1.8812e-07,-0.0050293888
1.8822e-07,-0.005032261
1.8832e-07,-0.0050214901
1.8842e-07,-0.0050013844
1.8852e-07,-0.0049827148
1.8862e-07,-0.0049748162
1.8872e-07,-0.0049812787
1.8882e-07,-0.0049985122
1.8892e-07,-0.0050143095
1.8902e-07,-0.0050207721
1.8912e-07,-0.0050121553
1.8922e-07,-0.0049920496
1.8932e-07,-0.0049690717
1.8942e-07,-0.0049518382
1.8952e-07,-0.0049453757
1.8962e-07,-0.0049468118
1.8972e-07,-0.0049511202
1.8982e-07,-0.0049518382
1.8992e-07,-0.0049475299
1.9002e-07,-0.0049417854
1.9012e-07,-0.0049417854
1.9022e-07,-0.0049518382
1.9032e-07,-0.0049697898
1.9042e-07,-0.0049877413
1.9052e-07,-0.0049956399
1.9062e-07,-0.0049863051
1.9072e-07,-0.0049618911
1.9082e-07,-0.0049317325
1.9092e-07,-0.0049094727
1.9102e-07,-0.0049058824
1.9112e-07,-0.0049209616
1.9122e-07,-0.0049468118
1.9132e-07,-0.0049690717
1.9142e-07,-0.0049748162
1.9152e-07,-0.0049618911
1.9162e-07,-0.004936759
1.9172e-07,-0.004913781
1.9182e-07,-0.0049058824
1.9192e-07,-0.0049173713
1.9202e-07,-0.0049439396
1.9212e-07,-0.0049712259
1.9222e-07,-0.0049863051
1.9232e-07,-0.0049834329
1.9242e-07,-0.0049661994
1.9252e-07,-0.0049439396
1.9262e-07,-0.0049288603
1.9272e-07,-0.00492527
1.9282e-07,-0.0049302964
1.9292e-07,-0.0049346048
1.9302e-07,-0.0049288603
1.9312e-07,-0.0049116268
1.9322e-07,-0.0048886489
1.9332e-07,-0.0048714154
1.9342e-07,-0.0048714154
1.9352e-07,-0.004890085
1.9362e-07,-0.0049195255
1.9372e-07,-0.0049446576
1.9382e-07,-0.0049518382
1.9392e-07,-0.0049346048
1.9402e-07,-0.0049001379
1.9412e-07,-0.0048620807
1.9422e-07,-0.0048369485
1.9432e-07,-0.0048333582
1.9442e-07,-0.0048484375
1.9452e-07,-0.0048699793
1.9462e-07,-0.0048829044
1.9472e-07,-0.004878596
1.9482e-07,-0.0048584903
1.9492e-07,-0.0048319221
1.9502e-07,-0.0048139706
1.9512e-07,-0.0048125345
1.9522e-07,-0.0048276137
1.9532e-07,-0.0048477194
1.9542e-07,-0.0048599265
1.9552e-07,-0.0048534639
1.9562e-07,-0.0048290499
1.9572e-07,-0.004795301
1.9582e-07,-0.0047680147
1.9592e-07,-0.0047579619
1.9602e-07,-0.0047694508
1.9612e-07,-0.0047960191
1.9622e-07,-0.0048254596
1.9632e-07,-0.0048455653
1.9642e-07,-0.0048513097
1.9652e-07,-0.0048455653
1.9662e-07,-0.0048369485
1.9672e-07,-0.0048355124
1.9682e-07,-0.0048448472
1.9692e-07,-0.0048635168
1.9702e-07,-0.0048829044
1.9712e-07,-0.0048958295
1.9722e-07,-0.0048987017
1.9732e-07,-0.0048922392
1.9742e-07,-0.0048829044
1.9752e-07,-0.004877878
1.9762e-07,-0.0048807502
1.9772e-07,-0.0048915211
1.9782e-07,-0.0049058824
1.9792e-07,-0.0049180894
1.9802e-07,-0.00492527
1.9812e-07,-0.0049281422
1.9822e-07,-0.0049288603
1.9832e-07,-0.0049310145
1.9842e-07,-0.004936759
1.9852e-07,-0.0049446576
1.9862e-07,-0.0049518382
1.9872e-07,-0.0049561466
1.9882e-07,-0.0049568647
1.9892e-07,-0.0049547105
1.9902e-07,-0.0049518382
1.9912e-07,-0.0049496841
1.9922e-07,-0.0049475299
1.9932e-07,-0.0049446576
1.9942e-07,-0.0049403493
1.9952e-07,-0.0049338867
1.9962e-07,-0.0049281422
1.9972e-07,-0.0049259881
1.9982e-07,-0.0049288603
1.9992e-07,-0.004936759
2.0002e-07,-0.0049460937
2.0012e-07,-0.0049518382
2.0022e-07,-0.0049518382
2.0032e-07,-0.0049446576
2.0042e-07,-0.0049346048
2.0052e-07,-0.0049281422
2.0062e-07,-0.0049288603
2.0072e-07,-0.0049396312
2.0082e-07,-0.0049561466
2.0092e-07,-0.0049740981
2.0102e-07,-0.0049863051
2.0112e-07,-0.0049898955
2.0122e-07,-0.0049855871
2.0132e-07,-0.0049784065
2.0142e-07,-0.0049748162
2.0152e-07,-0.0049784065
2.0162e-07,-0.0049891774
2.0172e-07,-0.0050049747
2.0182e-07,-0.0050207721
2.0192e-07,-0.0050336972
2.0202e-07,-0.0050430319
2.0212e-07,-0.0050494945
2.0222e-07,-0.005055239
2.0232e-07,-0.0050617015
2.0242e-07,-0.0050688821
2.0252e-07,-0.0050746266
2.0262e-07,-0.0050782169
2.0272e-07,-0.0050803711
2.0282e-07,-0.0050832433
2.0292e-07,-0.0050897059
2.0302e-07,-0.0051011949
2.0312e-07,-0.0051169922
2.0322e-07,-0.0051342256
2.0332e-07,-0.0051493049
2.0342e-07,-0.0051586397
2.0352e-07,-0.0051636661
2.0362e-07,-0.0051665384
2.0372e-07,-0.0051722829
2.0382e-07,-0.0051816176
2.0392e-07,-0.0051938247
2.0402e-07,-0.0052045956
2.0412e-07,-0.005208904
2.0422e-07,-0.0052045956
2.0432e-07,-0.0051931066
2.0442e-07,-0.0051816176
2.0452e-07,-0.0051758732
2.0462e-07,-0.0051816176
2.0472e-07,-0.005198133
2.0482e-07,-0.0052203929
2.0492e-07,-0.0052404986
2.0502e-07,-0.0052505515
2.0512e-07,-0.0052491153
2.0522e-07,-0.0052404986
2.0532e-07,-0.0052304458
2.0542e-07,-0.0052275735
2.0552e-07,-0.0052340361
2.0562e-07,-0.0052476792
2.0572e-07,-0.0052627585
2.0582e-07,-0.0052735294
2.0592e-07,-0.0052764017
2.0602e-07,-0.0052720933
2.0612e-07,-0.0052656307
2.0622e-07,-0.0052620404
2.0632e-07,-0.0052634766
2.0642e-07,-0.0052677849
2.0652e-07,-0.0052728114
2.0662e-07,-0.0052735294
2.0672e-07,-0.0052706572
2.0682e-07,-0.0052663488
2.0692e-07,-0.0052663488
2.0702e-07,-0.0052735294
2.0712e-07,-0.0052886087
2.0722e-07,-0.0053058421
2.0732e-07,-0.0053180492
2.0742e-07,-0.0053194853
2.0752e-07,-0.0053094324
2.0762e-07,-0.005292917
2.0772e-07,-0.0052778378
2.0782e-07,-0.0052735294
2.0792e-07,-0.0052828642
2.0802e-07,-0.0053022518
2.0812e-07,-0.0053252298
2.0822e-07,-0.0053424632
2.0832e-07,-0.0053489258
2.0842e-07,-0.0053453355
2.0852e-07,-0.0053367188
2.0862e-07,-0.0053309743
2.0872e-07,-0.0053331284
2.0882e-07,-0.0053424632
2.0892e-07,-0.0053553883
2.0902e-07,-0.0053654412
2.0912e-07,-0.0053683134
2.0922e-07,-0.0053640051
2.0932e-07,-0.0053575425
2.0942e-07,-0.0053539522
2.0952e-07,-0.0053582606
2.0962e-07,-0.0053697495
2.0972e-07,-0.0053855469
2.0982e-07,-0.0053999081
2.0992e-07,-0.0054085248
2.1002e-07,-0.0054113971
2.1012e-07,-0.005410679
2.1022e-07,-0.0054113971
2.1032e-07,-0.0054164235
2.1042e-07,-0.0054250402
2.1052e-07,-0.0054365292
2.1062e-07,-0.005445864
2.1072e-07,-0.0054508904
2.1082e-07,-0.0054508904
2.1092e-07,-0.0054480182
2.1102e-07,-0.005445864
2.1112e-07,-0.005445864
2.1122e-07,-0.0054473001
2.1132e-07,-0.0054480182
2.1142e-07,-0.005445864
2.1152e-07,-0.0054408375
2.1162e-07,-0.0054350931
2.1172e-07,-0.0054322208
2.1182e-07,-0.005434375
2.1192e-07,-0.0054429917
2.1202e-07,-0.0054544807
2.1212e-07,-0.0054645335
2.1222e-07,-0.0054688419
2.1232e-07,-0.0054666877
2.1242e-07,-0.0054595071
2.1252e-07,-0.0054516085
2.1262e-07,-0.005445864
2.1272e-07,-0.0054444278
2.1282e-07,-0.005445864
2.1292e-07,-0.0054473001
2.1302e-07,-0.005445864
2.1312e-07,-0.0054422737
2.1322e-07,-0.0054386834
2.1332e-07,-0.0054386834
2.1342e-07,-0.005445864
2.1352e-07,-0.005458071
2.1362e-07,-0.0054717142
2.1372e-07,-0.0054803309
2.1382e-07,-0.0054803309
2.1392e-07,-0.0054724322
2.1402e-07,-0.0054602252
2.1412e-07,-0.0054501723
2.1422e-07,-0.005445864
2.1432e-07,-0.0054480182
2.1442e-07,-0.0054530446
2.1452e-07,-0.0054537626
2.1462e-07,-0.005445864
2.1472e-07,-0.0054307847
2.1482e-07,-0.0054128332
2.1492e-07,-0.0054006261
2.1502e-07,-0.0053999081
2.1512e-07,-0.0054113971
2.1522e-07,-0.0054293486
2.1532e-07,-0.0054437098
2.1542e-07,-0.005445864
2.1552e-07,-0.0054322208
2.1562e-07,-0.0054070887
2.1572e-07,-0.0053776482
2.1582e-07,-0.0053539522
2.1592e-07,-0.0053424632
2.1602e-07,-0.0053431813
2.1612e-07,-0.0053496438
2.1622e-07,-0.0053539522
2.1632e-07,-0.0053503619
2.1642e-07,-0.0053381549
2.1652e-07,-0.0053223575
2.1662e-07,-0.0053079963
2.1672e-07,-0.0053008157
2.1682e-07,-0.0053015338
2.1692e-07,-0.0053058421
2.1702e-07,-0.0053079963
2.1712e-07,-0.0053029699
2.1722e-07,-0.0052907629
2.1732e-07,-0.0052749655
2.1742e-07,-0.0052620404
2.1752e-07,-0.005256296
2.1762e-07,-0.0052584501
2.1772e-07,-0.0052663488
2.1782e-07,-0.0052735294
2.1792e-07,-0.0052756836
2.1802e-07,-0.0052706572
2.1812e-07,-0.0052606043
2.1822e-07,-0.0052505515
2.1832e-07,-0.0052440889
2.1842e-07,-0.0052433709
2.1852e-07,-0.0052462431
2.1862e-07,-0.0052505515
2.1872e-07,-0.0052512695
2.1882e-07,-0.0052469612
2.1892e-07,-0.0052383444
2.1902e-07,-0.0052275735
2.1912e-07,-0.0052182387
2.1922e-07,-0.0052117762
2.1932e-07,-0.0052074678
2.1942e-07,-0.0052045956
2.1952e-07,-0.0052010053
2.1962e-07,-0.005197415
2.1972e-07,-0.0051945427
2.1982e-07,-0.0051931066
2.1992e-07,-0.0051952608
2.2002e-07,-0.0051988511
2.2012e-07,-0.0052031595
2.2022e-07,-0.0052045956
2.2032e-07,-0.0052017233
2.2042e-07,-0.0051959789
2.2052e-07,-0.0051880802
2.2062e-07,-0.0051816176
2.2072e-07,-0.0051787454
2.2082e-07,-0.0051787454
2.2092e-07,-0.0051801815
2.2102e-07,-0.0051816176
2.2112e-07,-0.0051816176
2.2122e-07,-0.0051801815
2.2132e-07,-0.0051794635
2.2142e-07,-0.0051816176
2.2152e-07,-0.0051880802
2.2162e-07,-0.005198133
2.2172e-07,-0.0052081859
2.2182e-07,-0.0052160846
2.2192e-07,-0.0052203929
2.2202e-07,-0.005221111
2.2212e-07,-0.0052225471
2.2222e-07,-0.0052275735
2.2232e-07,-0.0052390625
2.2242e-07,-0.005256296
2.2252e-07,-0.0052771197
2.2262e-07,-0.0052965074
2.2272e-07,-0.0053115866
2.2282e-07,-0.0053209214
2.2292e-07,-0.0053259478
2.2302e-07,-0.0053309743
2.2312e-07,-0.0053403091
2.2322e-07,-0.0053561064
2.2332e-07,-0.0053769301
2.2342e-07,-0.0053999081
2.2352e-07,-0.0054200138
2.2362e-07,-0.0054329389
2.2372e-07,-0.0054372472
2.2382e-07,-0.005434375
2.2392e-07,-0.0054293486
2.2402e-07,-0.0054271944
2.2412e-07,-0.0054322208
2.2422e-07,-0.005445864
2.2432e-07,-0.0054681239
2.2442e-07,-0.005493974
2.2452e-07,-0.0055191062
2.2462e-07,-0.0055377757
2.2472e-07,-0.0055471105
2.2482e-07,-0.0055471105
2.2492e-07,-0.0055384938
2.2502e-07,-0.0055262868
2.2512e-07,-0.0055140797
2.2522e-07,-0.005505463
2.2532e-07,-0.0055025908
2.2542e-07,-0.0055033088
2.2552e-07,-0.0055068991
2.2562e-07,-0.0055097714
2.2572e-07,-0.0055126436
2.2582e-07,-0.0055147978
2.2592e-07,-0.0055183881
2.2602e-07,-0.0055241326
2.2612e-07,-0.0055313132
2.2622e-07,-0.0055377757
2.2632e-07,-0.0055384938
2.2642e-07,-0.0055298771
2.2652e-07,-0.0055097714
2.2662e-07,-0.0054803309
2.2672e-07,-0.0054480182
2.2682e-07,-0.0054200138
2.2692e-07,-0.0054027803
2.2702e-07,-0.0053999081
2.2712e-07,-0.0054078068
2.2722e-07,-0.0054192957
2.2732e-07,-0.0054264763
2.2742e-07,-0.005422886
2.2752e-07,-0.0054070887
2.2762e-07,-0.0053819566
2.2772e-07,-0.0053546703
2.2782e-07,-0.0053309743
2.2792e-07,-0.005315895
2.2802e-07,-0.0053087144
2.2812e-07,-0.0053079963
2.2822e-07,-0.0053079963
2.2832e-07,-0.0053072783
2.2842e-07,-0.005303688
2.2852e-07,-0.0052993796
2.2862e-07,-0.0052965074
2.2872e-07,-0.0052950712
2.2882e-07,-0.0052957893
2.2892e-07,-0.0052965074
2.2902e-07,-0.0052965074
2.2912e-07,-0.0052950712
2.2922e-07,-0.0052936351
2.2932e-07,-0.0052943532
2.2942e-07,-0.0052965074
2.2952e-07,-0.0053008157
2.2962e-07,-0.0053051241
2.2972e-07,-0.0053079963
2.2982e-07,-0.0053079963
2.2992e-07,-0.0053072783
2.3002e-07,-0.0053079963
2.3012e-07,-0.0053123047
2.3022e-07,-0.0053194853
2.3032e-07,-0.0053266659
2.3042e-07,-0.0053295381
2.3052e-07,-0.0053230756
2.3062e-07,-0.0053079963
2.3072e-07,-0.0052886087
2.3082e-07,-0.0052713752
2.3092e-07,-0.0052656307
2.3102e-07,-0.0052735294
2.3112e-07,-0.0052936351
2.3122e-07,-0.0053180492
2.3132e-07,-0.0053367188
2.3142e-07,-0.0053424632
2.3152e-07,-0.0053338465
2.3162e-07,-0.0053151769
2.3172e-07,-0.0052957893
2.3182e-07,-0.0052850184
2.3192e-07,-0.0052864545
2.3202e-07,-0.0052986615
2.3212e-07,-0.005315895
2.3222e-07,-0.0053309743
2.3232e-07,-0.0053403091
2.3242e-07,-0.0053460535
2.3252e-07,-0.0053525161
2.3262e-07,-0.0053654412
2.3272e-07,-0.0053877011
2.3282e-07,-0.0054171415
2.3292e-07,-0.005446582
2.3302e-07,-0.0054688419
2.3312e-07,-0.0054781767
2.3322e-07,-0.0054738683
2.3332e-07,-0.0054602252
2.3342e-07,-0.005445864
2.3352e-07,-0.0054358111
2.3362e-07,-0.0054329389
2.3372e-07,-0.0054379653
2.3382e-07,-0.005445864
2.3392e-07,-0.0054544807
2.3402e-07,-0.0054609432
2.3412e-07,-0.0054659697
2.3422e-07,-0.0054688419
2.3432e-07,-0.005470278
2.3442e-07,-0.00546956
2.3452e-07,-0.0054652516
2.3462e-07,-0.0054573529
2.3472e-07,-0.0054480182
2.3482e-07,-0.0054408375
2.3492e-07,-0.0054394014
2.3502e-07,-0.005445864
2.3512e-07,-0.0054573529
2.3522e-07,-0.005470278
2.3532e-07,-0.0054788948
2.3542e-07,-0.0054803309
2.3552e-07,-0.0054745864
2.3562e-07,-0.0054659697
2.3572e-07,-0.0054595071
2.3582e-07,-0.0054573529
2.3592e-07,-0.0054595071
2.3602e-07,-0.0054630974
2.3612e-07,-0.0054623794
2.3622e-07,-0.0054573529
2.3632e-07,-0.0054494543
2.3642e-07,-0.005445864
2.3652e-07,-0.0054516085
2.3662e-07,-0.0054688419
2.3672e-07,-0.0054946921
2.3682e-07,-0.0055198242
2.3692e-07,-0.0055356216
2.3702e-07,-0.0055377757
2.3712e-07,-0.0055284409
2.3722e-07,-0.005516952
2.3732e-07,-0.0055140797
2.3742e-07,-0.0055262868
2.3752e-07,-0.0055535731
2.3762e-07,-0.0055873219
2.3772e-07,-0.0056153263
2.3782e-07,-0.0056296875
2.3792e-07,-0.0056275333
2.3802e-07,-0.0056160443
2.3812e-07,-0.0056052734
2.3822e-07,-0.0056067096
2.3832e-07,-0.0056225069
2.3842e-07,-0.005647639
2.3852e-07,-0.0056727711
2.3862e-07,-0.0056871324
2.3872e-07,-0.0056878504
2.3882e-07,-0.0056785156
2.3892e-07,-0.0056670267
2.3902e-07,-0.0056641544
2.3912e-07,-0.0056727711
2.3922e-07,-0.0056900046
2.3932e-07,-0.0057093922
2.3942e-07,-0.0057215993
2.3952e-07,-0.0057251896
2.3962e-07,-0.0057230354
2.3972e-07,-0.0057237534
2.3982e-07,-0.0057330882
2.3992e-07,-0.0057524759
2.4002e-07,-0.0057768899
2.4012e-07,-0.0057962776
2.4022e-07,-0.0058020221
2.4032e-07,-0.0057912511
2.4042e-07,-0.0057697093
2.4052e-07,-0.0057474494
2.4062e-07,-0.0057330882
2.4072e-07,-0.0057316521
2.4082e-07,-0.0057381147
2.4092e-07,-0.0057452953
2.4102e-07,-0.0057445772
2.4112e-07,-0.0057323702
2.4122e-07,-0.0057122645
2.4132e-07,-0.005694313
2.4142e-07,-0.0056871324
2.4152e-07,-0.0056928768
2.4162e-07,-0.0057072381
2.4172e-07,-0.0057201631
2.4182e-07,-0.0057215993
2.4192e-07,-0.0057079561
2.4202e-07,-0.005683542
2.4212e-07,-0.0056576919
2.4222e-07,-0.0056411765
2.4232e-07,-0.0056390223
2.4242e-07,-0.005647639
2.4252e-07,-0.005659128
2.4262e-07,-0.0056641544
2.4272e-07,-0.0056562557
2.4282e-07,-0.0056375862
2.4292e-07,-0.0056138902
2.4302e-07,-0.0055952206
2.4312e-07,-0.0055844497
2.4322e-07,-0.0055815774
2.4332e-07,-0.0055794233
2.4342e-07,-0.0055722426
2.4352e-07,-0.0055585995
2.4362e-07,-0.0055420841
2.4372e-07,-0.005529159
2.4382e-07,-0.0055262868
2.4392e-07,-0.0055327493
2.4402e-07,-0.0055428022
2.4412e-07,-0.0055471105
2.4422e-07,-0.0055377757
2.4432e-07,-0.0055140797
2.4442e-07,-0.0054839212
2.4452e-07,-0.0054573529
2.4462e-07,-0.005445864
2.4472e-07,-0.0054516085
2.4482e-07,-0.0054688419
2.4492e-07,-0.0054860754
2.4502e-07,-0.0054918199
2.4512e-07,-0.005481767
2.4522e-07,-0.0054609432
2.4532e-07,-0.0054415556
2.4542e-07,-0.005434375
2.4552e-07,-0.005445864
2.4562e-07,-0.0054731503
2.4572e-07,-0.0055040269
2.4582e-07,-0.0055262868
2.4592e-07,-0.0055313132
2.4602e-07,-0.0055191062
2.4612e-07,-0.0054982824
2.4622e-07,-0.0054803309
2.4632e-07,-0.0054724322
2.4642e-07,-0.0054760225
2.4652e-07,-0.0054846392
2.4662e-07,-0.0054918199
2.4672e-07,-0.0054911018
2.4682e-07,-0.0054824851
2.4692e-07,-0.0054731503
2.4702e-07,-0.0054688419
2.4712e-07,-0.0054738683
2.4722e-07,-0.0054860754
2.4732e-07,-0.0054982824
2.4742e-07,-0.0055033088
2.4752e-07,-0.0054968463
2.4762e-07,-0.005481767
2.4772e-07,-0.0054659697
2.4782e-07,-0.0054573529
2.4792e-07,-0.0054616613
2.4802e-07,-0.0054760225
2.4812e-07,-0.0054925379
2.4822e-07,-0.0055033088
2.4832e-07,-0.0055018727
2.4842e-07,-0.0054903837
2.4852e-07,-0.0054760225
2.4862e-07,-0.0054688419
2.4872e-07,-0.0054738683
2.4882e-07,-0.0054903837
2.4892e-07,-0.0055112075
2.4902e-07,-0.0055262868
2.4912e-07,-0.0055284409
2.4922e-07,-0.0055155159
2.4932e-07,-0.005493256
2.4942e-07,-0.0054688419
2.4952e-07,-0.0054501723
2.4962e-07,-0.0054408375
2.4972e-07,-0.0054365292
2.4982e-07,-0.005434375
2.4992e-07,-0.0054279125
2.5002e-07,-0.0054171415
2.5012e-07,-0.0054027803
2.5022e-07,-0.0053884191
2.5032e-07,-0.0053776482
2.5042e-07,-0.0053697495
2.5052e-07,-0.005363287
2.5062e-07,-0.0053539522
2.5072e-07,-0.0053417452
2.5082e-07,-0.0053295381
2.5092e-07,-0.0053202034
2.5102e-07,-0.0053194853
2.5112e-07,-0.0053266659
2.5122e-07,-0.005339591
2.5132e-07,-0.0053503619
2.5142e-07,-0.0053539522
2.5152e-07,-0.0053467716
2.5162e-07,-0.0053316923
2.5172e-07,-0.0053130227
2.5182e-07,-0.0052965074
2.5192e-07,-0.0052864545
2.5202e-07,-0.0052814281
2.5212e-07,-0.0052785558
2.5222e-07,-0.0052735294
2.5232e-07,-0.0052663488
2.5242e-07,-0.0052584501
2.5252e-07,-0.0052555779
2.5262e-07,-0.0052620404
2.5272e-07,-0.0052778378
2.5282e-07,-0.0052986615
2.5292e-07,-0.0053180492
2.5302e-07,-0.0053309743
2.5312e-07,-0.0053338465
2.5322e-07,-0.0053288201
2.5332e-07,-0.0053223575
2.5342e-07,-0.0053194853
2.5352e-07,-0.0053230756
2.5362e-07,-0.0053324104
2.5372e-07,-0.0053438994
2.5382e-07,-0.0053539522
2.5392e-07,-0.0053611328
2.5402e-07,-0.0053668773
2.5412e-07,-0.005374776
2.5422e-07,-0.0053884191
2.5432e-07,-0.0054063706
2.5442e-07,-0.0054250402
2.5452e-07,-0.0054394014
2.5462e-07,-0.005445864
2.5472e-07,-0.005445864
2.5482e-07,-0.0054429917
2.5492e-07,-0.0054422737
2.5502e-07,-0.005445864
2.5512e-07,-0.0054523265
2.5522e-07,-0.0054559168
2.5532e-07,-0.0054501723
2.5542e-07,-0.005434375
2.5552e-07,-0.005410679
2.5562e-07,-0.0053884191
2.5572e-07,-0.005375494
2.5582e-07,-0.0053769301
2.5592e-07,-0.0053891372
2.5602e-07,-0.0054027803
2.5612e-07,-0.0054085248
2.5622e-07,-0.0053999081
2.5632e-07,-0.0053790843
2.5642e-07,-0.0053553883
2.5652e-07,-0.0053403091
2.5662e-07,-0.0053424632
2.5672e-07,-0.0053596967
2.5682e-07,-0.0053833927
2.5692e-07,-0.0053999081
2.5702e-07,-0.0053999081
2.5712e-07,-0.0053833927
2.5722e-07,-0.0053596967
2.5732e-07,-0.0053424632
2.5742e-07,-0.0053424632
2.5752e-07,-0.0053611328
2.5762e-07,-0.0053905733
2.5772e-07,-0.0054149874
2.5782e-07,-0.005422886
2.5792e-07,-0.0054092429
2.5802e-07,-0.0053819566
2.5812e-07,-0.0053546703
2.5822e-07,-0.0053424632
2.5832e-07,-0.00535108
2.5842e-07,-0.0053762121
2.5852e-07,-0.0054049345
2.5862e-07,-0.005422886
2.5872e-07,-0.005422168
2.5882e-07,-0.0054063706
2.5892e-07,-0.0053862649
2.5902e-07,-0.0053769301
2.5912e-07,-0.0053862649
2.5922e-07,-0.0054135512
2.5932e-07,-0.0054494543
2.5942e-07,-0.0054803309
2.5952e-07,-0.0054961282
2.5962e-07,-0.0054961282
2.5972e-07,-0.0054875115
2.5982e-07,-0.0054803309
2.5992e-07,-0.0054832031
2.6002e-07,-0.0054982824
2.6012e-07,-0.0055191062
2.6022e-07,-0.0055377757
2.6032e-07,-0.0055471105
2.6042e-07,-0.0055471105
2.6052e-07,-0.005541366
2.6062e-07,-0.0055377757
2.6072e-07,-0.0055420841
2.6082e-07,-0.0055542911
2.6092e-07,-0.0055708065
2.6102e-07,-0.0055837316
2.6112e-07,-0.0055901942
2.6122e-07,-0.0055909122
2.6132e-07,-0.0055909122
2.6142e-07,-0.0055952206
2.6152e-07,-0.0056074276
2.6162e-07,-0.0056253791
2.6172e-07,-0.0056426126
2.6182e-07,-0.0056526654
2.6192e-07,-0.0056519474
2.6202e-07,-0.0056418945
2.6212e-07,-0.0056289694
2.6222e-07,-0.0056181985
2.6232e-07,-0.0056131721
2.6242e-07,-0.005611736
2.6252e-07,-0.0056110179
2.6262e-07,-0.0056067096
2.6272e-07,-0.005599529
2.6282e-07,-0.0055945025
2.6292e-07,-0.005599529
2.6302e-07,-0.0056181985
2.6312e-07,-0.0056490751
2.6322e-07,-0.0056842601
2.6332e-07,-0.0057115464
2.6342e-07,-0.0057215993
2.6352e-07,-0.0057108284
2.6362e-07,-0.0056864143
2.6372e-07,-0.005659128
2.6382e-07,-0.0056411765
2.6392e-07,-0.0056390223
2.6402e-07,-0.0056497932
2.6412e-07,-0.0056655905
2.6422e-07,-0.0056756434
2.6432e-07,-0.0056742073
2.6442e-07,-0.0056612822
2.6452e-07,-0.0056433307
2.6462e-07,-0.0056296875
2.6472e-07,-0.005623943
2.6482e-07,-0.005623943
2.6492e-07,-0.0056246611
2.6502e-07,-0.0056181985
2.6512e-07,-0.0056009651
2.6522e-07,-0.0055743968
2.6532e-07,-0.0055471105
2.6542e-07,-0.0055262868
2.6552e-07,-0.0055162339
2.6562e-07,-0.0055155159
2.6572e-07,-0.00551767
2.6582e-07,-0.0055147978
2.6592e-07,-0.0055033088
2.6602e-07,-0.0054853573
2.6612e-07,-0.0054681239
2.6622e-07,-0.0054573529
2.6632e-07,-0.005458071
2.6642e-07,-0.0054666877
2.6652e-07,-0.0054767406
2.6662e-07,-0.0054803309
2.6672e-07,-0.0054738683
2.6682e-07,-0.0054595071
2.6692e-07,-0.0054437098
2.6702e-07,-0.005434375
2.6712e-07,-0.0054365292
2.6722e-07,-0.0054473001
2.6732e-07,-0.0054602252
2.6742e-07,-0.0054688419
2.6752e-07,-0.0054681239
2.6762e-07,-0.0054609432
2.6772e-07,-0.0054544807
2.6782e-07,-0.0054573529
2.6792e-07,-0.0054745864
2.6802e-07,-0.0055033088
2.6812e-07,-0.0055356216
2.6822e-07,-0.0055607537
2.6832e-07,-0.0055693704
2.6842e-07,-0.0055607537
2.6852e-07,-0.0055392119
2.6862e-07,-0.0055147978
2.6872e-07,-0.0054975643
2.6882e-07,-0.0054918199
2.6892e-07,-0.0054997185
2.6902e-07,-0.0055147978
2.6912e-07,-0.0055320312
2.6922e-07,-0.0055463925
2.6932e-07,-0.0055564453
2.6942e-07,-0.0055607537
2.6952e-07,-0.0055614717
2.6962e-07,-0.0055593176
2.6972e-07,-0.0055550092
2.6982e-07,-0.0055492647
2.6992e-07,-0.0055442383
2.7002e-07,-0.0055435202
2.7012e-07,-0.0055485466
2.7022e-07,-0.0055607537
2.7032e-07,-0.0055772691
2.7042e-07,-0.0055916303
2.7052e-07,-0.0055988109
2.7062e-07,-0.0055952206
2.7072e-07,-0.0055830136
2.7082e-07,-0.0055686523
2.7092e-07,-0.0055593176
2.7102e-07,-0.0055607537
2.7112e-07,-0.0055729607
2.7122e-07,-0.0055901942
2.7132e-07,-0.0056038373
2.7142e-07,-0.0056067096
2.7152e-07,-0.0055959386
2.7162e-07,-0.0055751149
2.7172e-07,-0.005552855
2.7182e-07,-0.0055377757
2.7192e-07,-0.0055349035
2.7202e-07,-0.0055435202
2.7212e-07,-0.0055585995
2.7222e-07,-0.0055722426
2.7232e-07,-0.0055808594
2.7242e-07,-0.0055851677
2.7252e-07,-0.005588758
2.7262e-07,-0.0055952206
2.7272e-07,-0.0056074276
2.7282e-07,-0.0056217888
2.7292e-07,-0.0056347139
2.7302e-07,-0.0056411765
2.7312e-07,-0.0056383042
2.7322e-07,-0.0056296875
2.7332e-07,-0.0056210708
2.7342e-07,-0.0056181985
2.7352e-07,-0.005623943
2.7362e-07,-0.0056368681
2.7372e-07,-0.0056519474
2.7382e-07,-0.0056641544
2.7392e-07,-0.0056698989
2.7402e-07,-0.005671335
2.7412e-07,-0.0056720531
2.7422e-07,-0.0056756434
2.7432e-07,-0.005683542
2.7442e-07,-0.0056935949
2.7452e-07,-0.0057007755
2.7462e-07,-0.0056986213
2.7472e-07,-0.0056864143
2.7482e-07,-0.0056670267
2.7492e-07,-0.0056462029
2.7502e-07,-0.0056296875
2.7512e-07,-0.0056203527
2.7522e-07,-0.0056181985
2.7532e-07,-0.0056189166
2.7542e-07,-0.0056181985
2.7552e-07,-0.0056138902
2.7562e-07,-0.0056067096
2.7572e-07,-0.005599529
2.7582e-07,-0.0055952206
2.7592e-07,-0.0055930664
2.7602e-07,-0.0055901942
2.7612e-07,-0.0055837316
2.7622e-07,-0.0055722426
2.7632e-07,-0.0055578814
2.7642e-07,-0.0055456744
2.7652e-07,-0.0055420841
2.7662e-07,-0.0055492647
2.7672e-07,-0.0055657801
2.7682e-07,-0.0055851677
2.7692e-07,-0.005600247
2.7702e-07,-0.0056067096
2.7712e-07,-0.0056059915
2.7722e-07,-0.0056031193
2.7732e-07,-0.0056059915
2.7742e-07,-0.0056181985
2.7752e-07,-0.00563615
2.7762e-07,-0.0056519474
2.7772e-07,-0.0056555377
2.7782e-07,-0.0056411765
2.7792e-07,-0.005611736
2.7802e-07,-0.0055779871
2.7812e-07,-0.0055535731
2.7822e-07,-0.0055492647
2.7832e-07,-0.0055672162
2.7842e-07,-0.005599529
2.7852e-07,-0.0056325597
2.7862e-07,-0.0056526654
2.7872e-07,-0.0056548196
2.7882e-07,-0.0056418945
2.7892e-07,-0.0056260972
2.7902e-07,-0.0056181985
2.7912e-07,-0.0056253791
2.7922e-07,-0.0056462029
2.7932e-07,-0.0056698989
2.7942e-07,-0.0056871324
2.7952e-07,-0.0056900046
2.7962e-07,-0.0056799517
2.7972e-07,-0.0056641544
2.7982e-07,-0.0056526654
2.7992e-07,-0.0056519474
2.8002e-07,-0.0056620002
2.8012e-07,-0.0056763614
2.8022e-07,-0.0056871324
2.8032e-07,-0.0056892865
2.8042e-07,-0.005683542
2.8052e-07,-0.0056763614
2.8062e-07,-0.0056756434
2.8072e-07,-0.0056864143
2.8082e-07,-0.0057072381
2.8092e-07,-0.005730216
2.8102e-07,-0.0057445772
2.8112e-07,-0.0057445772
2.8122e-07,-0.0057280618
2.8132e-07,-0.0057022116
2.8142e-07,-0.0056756434
2.8152e-07,-0.0056562557
2.8162e-07,-0.005646921
2.8172e-07,-0.005647639
2.8182e-07,-0.0056526654
2.8192e-07,-0.0056584099
2.8202e-07,-0.0056627183
2.8212e-07,-0.0056677447
2.8222e-07,-0.0056756434
2.8232e-07,-0.0056864143
2.8242e-07,-0.0056993394
2.8252e-07,-0.0057079561
2.8262e-07,-0.0057101103
2.8272e-07,-0.0057036477
2.8282e-07,-0.0056921588
2.8292e-07,-0.0056806698
2.8302e-07,-0.0056756434
2.8312e-07,-0.0056785156
2.8322e-07,-0.0056871324
2.8332e-07,-0.0056957491
2.8342e-07,-0.0056986213
2.8352e-07,-0.005694313
2.8362e-07,-0.0056849782
2.8372e-07,-0.0056770795
2.8382e-07,-0.0056756434
2.8392e-07,-0.0056842601
2.8402e-07,-0.0057007755
2.8412e-07,-0.0057194451
2.8422e-07,-0.0057330882
2.8432e-07,-0.0057388327
2.8442e-07,-0.0057381147
2.8452e-07,-0.0057345244
2.8462e-07,-0.0057330882
2.8472e-07,-0.0057366785
2.8482e-07,-0.0057445772
2.8492e-07,-0.0057517578
2.8502e-07,-0.0057560662
2.8512e-07,-0.0057560662
2.8522e-07,-0.0057546301
2.8532e-07,-0.0057575023
2.8542e-07,-0.0057675551
2.8552e-07,-0.0057855067
2.8562e-07,-0.0058056124
2.8572e-07,-0.0058206916
2.8582e-07,-0.005825
2.8592e-07,-0.0058178194
2.8602e-07,-0.0058034582
2.8612e-07,-0.0057919692
2.8622e-07,-0.0057905331
2.8632e-07,-0.0058034582
2.8642e-07,-0.0058271542
2.8652e-07,-0.0058530044
2.8662e-07,-0.0058709559
2.8672e-07,-0.0058759823
2.8682e-07,-0.0058688017
2.8692e-07,-0.0058565947
2.8702e-07,-0.0058479779
2.8712e-07,-0.0058501321
2.8722e-07,-0.0058623392
2.8732e-07,-0.0058802907
2.8742e-07,-0.0058939338
2.8752e-07,-0.0058968061
2.8762e-07,-0.0058853171
2.8772e-07,-0.0058630572
2.8782e-07,-0.005836489
2.8792e-07,-0.0058142291
2.8802e-07,-0.005801304
2.8812e-07,-0.0057977137
2.8822e-07,-0.0058020221
2.8832e-07,-0.0058099207
2.8842e-07,-0.0058171013
2.8852e-07,-0.0058221278
2.8862e-07,-0.005825
2.8872e-07,-0.0058242819
2.8882e-07,-0.0058206916
2.8892e-07,-0.005812793
2.8902e-07,-0.0058020221
2.8912e-07,-0.005789097
2.8922e-07,-0.005777608
2.8932e-07,-0.0057697093
2.8942e-07,-0.0057675551
2.8952e-07,-0.0057697093
2.8962e-07,-0.0057718635
2.8972e-07,-0.0057718635
2.8982e-07,-0.0057675551
2.8992e-07,-0.0057603745
2.9002e-07,-0.0057553481
2.9012e-07,-0.0057575023
2.9022e-07,-0.0057675551
2.9032e-07,-0.0057840705
2.9042e-07,-0.0057998679
2.9052e-07,-0.0058077665
2.9062e-07,-0.0058020221
2.9072e-07,-0.0057833525
2.9082e-07,-0.0057582204
2.9092e-07,-0.0057345244
2.9102e-07,-0.0057215993
2.9112e-07,-0.0057215993
2.9122e-07,-0.0057323702
2.9132e-07,-0.0057467314
2.9142e-07,-0.0057560662
2.9152e-07,-0.0057575023
2.9162e-07,-0.0057503217
2.9172e-07,-0.0057402688
2.9182e-07,-0.0057330882
2.9192e-07,-0.0057316521
2.9202e-07,-0.0057352424
2.9212e-07,-0.0057402688
2.9222e-07,-0.0057445772
2.9232e-07,-0.0057460133
2.9242e-07,-0.0057452953
2.9252e-07,-0.0057481675
2.9262e-07,-0.0057560662
2.9272e-07,-0.0057697093
2.9282e-07,-0.0057847886
2.9292e-07,-0.0057969956
2.9302e-07,-0.0058020221
2.9312e-07,-0.005801304
2.9322e-07,-0.0057984318
2.9332e-07,-0.005801304
2.9342e-07,-0.005813511
2.9352e-07,-0.0058350528
2.9362e-07,-0.0058594669
2.9372e-07,-0.0058781365
2.9382e-07,-0.0058824449
2.9392e-07,-0.0058709559
2.9402e-07,-0.0058472599
2.9412e-07,-0.0058214097
2.9422e-07,-0.0058020221
2.9432e-07,-0.0057962776
2.9442e-07,-0.0058034582
2.9452e-07,-0.0058192555
2.9462e-07,-0.005836489
2.9472e-07,-0.0058494141
2.9482e-07,-0.0058558766
2.9492e-07,-0.0058587489
2.9502e-07,-0.0058594669
2.9512e-07,-0.005860185
2.9522e-07,-0.005860185
2.9532e-07,-0.0058565947
2.9542e-07,-0.0058479779
2.9552e-07,-0.0058357709
2.9562e-07,-0.0058242819
2.9572e-07,-0.0058199736
2.9582e-07,-0.005825
2.9592e-07,-0.0058393612
2.9602e-07,-0.0058587489
2.9612e-07,-0.0058745462
2.9622e-07,-0.0058824449
2.9632e-07,-0.0058810087
2.9642e-07,-0.0058745462
2.9652e-07,-0.0058695198
2.9662e-07,-0.0058709559
2.9672e-07,-0.0058795726
2.9682e-07,-0.0058910616
2.9692e-07,-0.0058975241
2.9702e-07,-0.0058939338
2.9712e-07,-0.0058795726
2.9722e-07,-0.0058594669
2.9732e-07,-0.0058429515
2.9742e-07,-0.005836489
2.9752e-07,-0.0058422335
2.9762e-07,-0.0058544405
2.9772e-07,-0.0058666475
2.9782e-07,-0.0058709559
2.9792e-07,-0.0058644933
2.9802e-07,-0.0058515682
2.9812e-07,-0.0058400793
2.9822e-07,-0.005836489
2.9832e-07,-0.0058429515
2.9842e-07,-0.0058565947
2.9852e-07,-0.0058680836
2.9862e-07,-0.0058709559
2.9872e-07,-0.0058630572
2.9882e-07,-0.0058494141
2.9892e-07,-0.0058379251
2.9902e-07,-0.005836489
2.9912e-07,-0.005848696
2.9922e-07,-0.0058702378
2.9932e-07,-0.0058924977
2.9942e-07,-0.0059054228
2.9952e-07,-0.0059054228
2.9962e-07,-0.0058953699
2.9972e-07,-0.005884599
2.9982e-07,-0.0058824449
2.9992e-07,-0.0058946519
3.0002e-07,-0.0059190659
3.0012e-07,-0.0059492245
3.0022e-07,-0.0059743566
3.0032e-07,-0.0059879998
3.0042e-07,-0.0059894359
3.0052e-07,-0.0059822553
3.0062e-07,-0.0059743566
3.0072e-07,-0.0059700483
3.0082e-07,-0.0059707663
3.0092e-07,-0.0059736386
3.0102e-07,-0.0059743566
3.0112e-07,-0.0059707663
3.0122e-07,-0.0059650218
3.0132e-07,-0.0059607135
3.0142e-07,-0.0059628676
3.0152e-07,-0.0059714844
3.0162e-07,-0.0059822553
3.0172e-07,-0.0059894359
3.0182e-07,-0.0059858456
3.0192e-07,-0.0059707663
3.0202e-07,-0.0059485064
3.0212e-07,-0.0059276827
3.0222e-07,-0.0059169118
3.0232e-07,-0.005919784
3.0242e-07,-0.0059334272
3.0252e-07,-0.0059506606
3.0262e-07,-0.0059628676
3.0272e-07,-0.0059643038
3.0282e-07,-0.0059564051
3.0292e-07,-0.0059456342
3.0302e-07,-0.0059398897
3.0312e-07,-0.0059441981
3.0322e-07,-0.0059578412
3.0332e-07,-0.0059743566
3.0342e-07,-0.0059858456
3.0352e-07,-0.0059858456
3.0362e-07,-0.0059743566
3.0372e-07,-0.0059564051
3.0382e-07,-0.0059398897
3.0392e-07,-0.005931991
3.0402e-07,-0.0059355813
3.0412e-07,-0.0059477884
3.0422e-07,-0.0059628676
3.0432e-07,-0.0059757927
3.0442e-07,-0.0059829733
3.0452e-07,-0.0059858456
3.0462e-07,-0.0059858456
3.0472e-07,-0.0059858456
3.0482e-07,-0.0059865636
3.0492e-07,-0.0059872817
3.0502e-07,-0.0059858456
3.0512e-07,-0.0059822553
3.0522e-07,-0.005979383
3.0532e-07,-0.005979383
3.0542e-07,-0.0059858456
3.0552e-07,-0.0060002068
3.0562e-07,-0.0060203125
3.0572e-07,-0.0060432904
3.0582e-07,-0.0060662684
3.0592e-07,-0.0060870921
3.0602e-07,-0.0061050437
3.0612e-07,-0.006120841
3.0622e-07,-0.0061352022
3.0632e-07,-0.0061452551
3.0642e-07,-0.0061488454
3.0652e-07,-0.0061452551
3.0662e-07,-0.0061352022
3.0672e-07,-0.0061251494
3.0682e-07,-0.0061229952
3.0692e-07,-0.0061337661
3.0702e-07,-0.0061581801
3.0712e-07,-0.0061890568
3.0722e-07,-0.0062163431
3.0732e-07,-0.0062307043
3.0742e-07,-0.006227114
3.0752e-07,-0.0062098805
3.0762e-07,-0.0061897748
3.0772e-07,-0.0061775678
3.0782e-07,-0.0061811581
3.0792e-07,-0.0061991096
3.0802e-07,-0.0062213695
3.0812e-07,-0.0062378849
3.0822e-07,-0.0062386029
3.0832e-07,-0.0062242417
3.0842e-07,-0.0062026999
3.0852e-07,-0.0061847484
3.0862e-07,-0.0061811581
3.0872e-07,-0.006191929
3.0882e-07,-0.0062084444
3.0892e-07,-0.0062199334
3.0902e-07,-0.006215625
3.0912e-07,-0.0061926471
3.0922e-07,-0.0061581801
3.0932e-07,-0.0061237132
3.0942e-07,-0.0061007353
3.0952e-07,-0.0060928366
3.0962e-07,-0.0060949908
3.0972e-07,-0.0060978631
3.0982e-07,-0.0060892463
3.0992e-07,-0.0060662684
3.1002e-07,-0.0060332376
3.1012e-07,-0.0059987707
3.1022e-07,-0.0059743566
3.1032e-07,-0.0059635857
3.1042e-07,-0.0059621496
3.1052e-07,-0.0059607135
3.1062e-07,-0.0059513787
3.1072e-07,-0.0059291188
3.1082e-07,-0.0058989602
3.1092e-07,-0.0058688017
3.1102e-07,-0.0058479779
3.1112e-07,-0.0058400793
3.1122e-07,-0.0058422335
3.1132e-07,-0.0058436696
3.1142e-07,-0.005836489
3.1152e-07,-0.0058178194
3.1162e-07,-0.0057926873
3.1172e-07,-0.0057689913
3.1182e-07,-0.0057560662
3.1192e-07,-0.0057553481
3.1202e-07,-0.0057618107
3.1212e-07,-0.005765401
3.1222e-07,-0.0057560662
3.1232e-07,-0.0057323702
3.1242e-07,-0.0057007755
3.1252e-07,-0.0056742073
3.1262e-07,-0.0056641544
3.1272e-07,-0.0056742073
3.1282e-07,-0.0057000574
3.1292e-07,-0.0057273438
3.1302e-07,-0.0057445772
3.1312e-07,-0.0057438591
3.1322e-07,-0.0057266257
3.1332e-07,-0.0057043658
3.1342e-07,-0.0056871324
3.1352e-07,-0.005682824
3.1362e-07,-0.0056907227
3.1372e-07,-0.0057029297
3.1382e-07,-0.0057101103
3.1392e-07,-0.0057072381
3.1402e-07,-0.0056971852
3.1412e-07,-0.0056871324
3.1422e-07,-0.0056871324
3.1432e-07,-0.0057000574
3.1442e-07,-0.0057230354
3.1452e-07,-0.0057452953
3.1462e-07,-0.0057560662
3.1472e-07,-0.0057496036
3.1482e-07,-0.0057294979
3.1492e-07,-0.0057043658
3.1502e-07,-0.0056871324
3.1512e-07,-0.0056842601
3.1522e-07,-0.0056964671
3.1532e-07,-0.0057158548
3.1542e-07,-0.0057330882
3.1552e-07,-0.0057409869
3.1562e-07,-0.0057395508
3.1572e-07,-0.0057345244
3.1582e-07,-0.0057330882
3.1592e-07,-0.0057388327
3.1602e-07,-0.0057517578
3.1612e-07,-0.0057632468
3.1622e-07,-0.0057675551
3.1632e-07,-0.0057603745
3.1642e-07,-0.0057452953
3.1652e-07,-0.0057287799
3.1662e-07,-0.0057215993
3.1672e-07,-0.0057273438
3.1682e-07,-0.0057438591
3.1692e-07,-0.0057639648
3.1702e-07,-0.0057790441
3.1712e-07,-0.0057840705
3.1722e-07,-0.0057804802
3.1732e-07,-0.0057761719
3.1742e-07,-0.0057790441
3.1752e-07,-0.0057948415
3.1762e-07,-0.0058228458
3.1772e-07,-0.0058551585
3.1782e-07,-0.0058824449
3.1792e-07,-0.0058989602
3.1802e-07,-0.0059025506
3.1812e-07,-0.0058989602
3.1822e-07,-0.0058939338
3.1832e-07,-0.0058924977
3.1842e-07,-0.0058968061
3.1852e-07,-0.0059025506
3.1862e-07,-0.0059054228
3.1872e-07,-0.0059039867
3.1882e-07,-0.0058989602
3.1892e-07,-0.0058939338
3.1902e-07,-0.0058939338
3.1912e-07,-0.0058996783
3.1922e-07,-0.0059090131
3.1932e-07,-0.0059161937
3.1942e-07,-0.0059169118
3.1952e-07,-0.0059097312
3.1962e-07,-0.0058975241
3.1972e-07,-0.0058867532
3.1982e-07,-0.0058824449
3.1992e-07,-0.0058853171
3.2002e-07,-0.0058917796
3.2012e-07,-0.005896088
3.2022e-07,-0.0058939338
3.2032e-07,-0.005884599
3.2042e-07,-0.0058738281
3.2052e-07,-0.0058673656
3.2062e-07,-0.0058709559
3.2072e-07,-0.0058831629
3.2082e-07,-0.0058975241
3.2092e-07,-0.0059032686
3.2102e-07,-0.0058939338
3.2112e-07,-0.0058680836
3.2122e-07,-0.0058321806
3.2132e-07,-0.0057991498
3.2142e-07,-0.0057790441
3.2152e-07,-0.0057761719
3.2162e-07,-0.0057869428
3.2172e-07,-0.0058027401
3.2182e-07,-0.005813511
3.2192e-07,-0.0058142291
3.2202e-07,-0.0058070485
3.2212e-07,-0.0057998679
3.2222e-07,-0.0058020221
3.2232e-07,-0.0058171013
3.2242e-07,-0.0058415154
3.2252e-07,-0.0058666475
3.2262e-07,-0.0058824449
3.2272e-07,-0.0058831629
3.2282e-07,-0.0058702378
3.2292e-07,-0.0058515682
3.2302e-07,-0.005836489
3.2312e-07,-0.0058321806
3.2322e-07,-0.0058400793
3.2332e-07,-0.0058558766
3.2342e-07,-0.0058709559
3.2352e-07,-0.0058810087
3.2362e-07,-0.005883881
3.2372e-07,-0.0058824449
3.2382e-07,-0.0058824449
3.2392e-07,-0.0058853171
3.2402e-07,-0.0058910616
3.2412e-07,-0.0058953699
3.2422e-07,-0.0058939338
3.2432e-07,-0.0058867532
3.2442e-07,-0.0058767004
3.2452e-07,-0.0058695198
3.2462e-07,-0.0058709559
3.2472e-07,-0.0058824449
3.2482e-07,-0.0058996783
3.2492e-07,-0.0059169118
3.2502e-07,-0.0059284007
3.2512e-07,-0.005931273
3.2522e-07,-0.0059284007
3.2532e-07,-0.0059262466
3.2542e-07,-0.0059284007
3.2552e-07,-0.0059377355
3.2562e-07,-0.0059499426
3.2572e-07,-0.0059599954
3.2582e-07,-0.0059628676
3.2592e-07,-0.0059578412
3.2602e-07,-0.0059499426
3.2612e-07,-0.0059463523
3.2622e-07,-0.0059513787
3.2632e-07,-0.005966458
3.2642e-07,-0.0059858456
3.2652e-07,-0.006002361
3.2662e-07,-0.0060088235
3.2672e-07,-0.0060045152
3.2682e-07,-0.0059944623
3.2692e-07,-0.0059858456
3.2702e-07,-0.0059858456
3.2712e-07,-0.0059951804
3.2722e-07,-0.0060081055
3.2732e-07,-0.0060188764
3.2742e-07,-0.0060203125
3.2752e-07,-0.0060124138
3.2762e-07,-0.0060002068
3.2772e-07,-0.0059937443
3.2782e-07,-0.0059973346
3.2792e-07,-0.0060124138
3.2802e-07,-0.0060310834
3.2812e-07,-0.0060440085
3.2822e-07,-0.0060432904
3.2832e-07,-0.0060282112
3.2842e-07,-0.0060045152
3.2852e-07,-0.0059836914
3.2862e-07,-0.0059743566
3.2872e-07,-0.005978665
3.2882e-07,-0.005990154
3.2892e-07,-0.0059994887
3.2902e-07,-0.0059973346
3.2912e-07,-0.0059808192
3.2922e-07,-0.005955687
3.2932e-07,-0.005931991
3.2942e-07,-0.0059169118
3.2952e-07,-0.0059133215
3.2962e-07,-0.0059169118
3.2972e-07,-0.0059161937
3.2982e-07,-0.0059054228
3.2992e-07,-0.0058831629
3.3002e-07,-0.0058565947
3.3012e-07,-0.0058379251
3.3022e-07,-0.005836489
3.3032e-07,-0.0058537224
3.3042e-07,-0.0058802907
3.3052e-07,-0.0059018325
3.3062e-07,-0.0059054228
3.3072e-07,-0.0058853171
3.3082e-07,-0.0058479779
3.3092e-07,-0.0058070485
3.3102e-07,-0.0057790441
3.3112e-07,-0.0057711455
3.3122e-07,-0.0057819164
3.3132e-07,-0.0058005859
3.3142e-07,-0.005813511
3.3152e-07,-0.0058120749
3.3162e-07,-0.0057962776
3.3172e-07,-0.0057740177
3.3182e-07,-0.0057560662
3.3192e-07,-0.0057503217
3.3202e-07,-0.0057553481
3.3212e-07,-0.0057646829
3.3222e-07,-0.0057675551
3.3232e-07,-0.0057589384
3.3242e-07,-0.0057409869
3.3252e-07,-0.0057208812
3.3262e-07,-0.0057101103
3.3272e-07,-0.0057144187
3.3282e-07,-0.0057323702
3.3292e-07,-0.0057575023
3.3302e-07,-0.0057790441
3.3312e-07,-0.005789815
3.3322e-07,-0.005789097
3.3332e-07,-0.0057826344
3.3342e-07,-0.0057790441
3.3352e-07,-0.0057833525
3.3362e-07,-0.0057948415
3.3372e-07,-0.0058077665
3.3382e-07,-0.005813511
3.3392e-07,-0.0058084846
3.3402e-07,-0.0057941234
3.3412e-07,-0.0057768899
3.3422e-07,-0.0057675551
3.3432e-07,-0.0057718635
3.3442e-07,-0.005789097
3.3452e-07,-0.005813511
3.3462e-07,-0.005836489
3.3472e-07,-0.0058501321
3.3482e-07,-0.0058522863
3.3492e-07,-0.0058458238
3.3502e-07,-0.005836489
3.3512e-07,-0.0058300264
3.3522e-07,-0.0058293084
3.3532e-07,-0.0058321806
3.3542e-07,-0.005836489
3.3552e-07,-0.0058386432
3.3562e-07,-0.0058386432
3.3572e-07,-0.0058379251
3.3582e-07,-0.005836489
3.3592e-07,-0.0058343348
3.3602e-07,-0.0058285903
3.3612e-07,-0.0058178194
3.3622e-07,-0.0058020221
3.3632e-07,-0.0057855067
3.3642e-07,-0.0057747358
3.3652e-07,-0.0057761719
3.3662e-07,-0.0057905331
3.3672e-07,-0.005812793
3.3682e-07,-0.0058328987
3.3692e-07,-0.0058386432
3.3702e-07,-0.005825
3.3712e-07,-0.0057934053
3.3722e-07,-0.0057553481
3.3732e-07,-0.0057237534
3.3742e-07,-0.0057101103
3.3752e-07,-0.0057158548
3.3762e-07,-0.0057330882
3.3772e-07,-0.0057503217
3.3782e-07,-0.0057560662
3.3792e-07,-0.0057474494
3.3802e-07,-0.0057294979
3.3812e-07,-0.0057137006
3.3822e-07,-0.0057101103
3.3832e-07,-0.0057215993
3.3842e-07,-0.0057431411
3.3852e-07,-0.0057625287
3.3862e-07,-0.0057675551
3.3872e-07,-0.005753912
3.3882e-07,-0.0057251896
3.3892e-07,-0.005695031
3.3902e-07,-0.0056756434
3.3912e-07,-0.0056756434
3.3922e-07,-0.0056921588
3.3932e-07,-0.0057158548
3.3942e-07,-0.0057330882
3.3952e-07,-0.0057352424
3.3962e-07,-0.0057208812
3.3972e-07,-0.0056971852
3.3982e-07,-0.0056756434
3.3992e-07,-0.0056641544
3.4002e-07,-0.0056663086
3.4012e-07,-0.0056763614
3.4022e-07,-0.0056871324
3.4032e-07,-0.0056914407
3.4042e-07,-0.0056871324
3.4052e-07,-0.0056799517
3.4062e-07,-0.0056756434
3.4072e-07,-0.0056806698
3.4082e-07,-0.005695031
3.4092e-07,-0.0057144187
3.4102e-07,-0.0057330882
3.4112e-07,-0.0057445772
3.4122e-07,-0.0057474494
3.4132e-07,-0.0057452953
3.4142e-07,-0.0057445772
3.4152e-07,-0.0057496036
3.4162e-07,-0.0057603745
3.4172e-07,-0.0057761719
3.4182e-07,-0.0057905331
3.4192e-07,-0.0058005859
3.4202e-07,-0.0058056124
3.4212e-07,-0.0058092027
3.4222e-07,-0.005813511
3.4232e-07,-0.0058221278
3.4242e-07,-0.0058343348
3.4252e-07,-0.0058472599
3.4262e-07,-0.0058594669
3.4272e-07,-0.0058688017
3.4282e-07,-0.0058781365
3.4292e-07,-0.0058896255
3.4302e-07,-0.0059054228
3.4312e-07,-0.0059248104
3.4322e-07,-0.0059427619
3.4332e-07,-0.0059528148
3.4342e-07,-0.0059513787
3.4352e-07,-0.0059398897
3.4362e-07,-0.0059240924
3.4372e-07,-0.0059140395
3.4382e-07,-0.0059169118
3.4392e-07,-0.0059355813
3.4402e-07,-0.0059650218
3.4412e-07,-0.0059966165
3.4422e-07,-0.0060203125
3.4432e-07,-0.0060303653
3.4442e-07,-0.0060274931
3.4452e-07,-0.0060174403
3.4462e-07,-0.0060088235
3.4472e-07,-0.0060066693
3.4482e-07,-0.0060131319
3.4492e-07,-0.0060231847
3.4502e-07,-0.0060318015
3.4512e-07,-0.0060353918
3.4522e-07,-0.0060346737
3.4532e-07,-0.0060318015
3.4542e-07,-0.0060318015
3.4552e-07,-0.0060361098
3.4562e-07,-0.0060447266
3.4572e-07,-0.0060519072
3.4582e-07,-0.0060547794
3.4592e-07,-0.006050471
3.4602e-07,-0.0060404182
3.4612e-07,-0.0060296473
3.4622e-07,-0.0060203125
3.4632e-07,-0.0060152861
3.4642e-07,-0.0060116958
3.4652e-07,-0.0060066693
3.4662e-07,-0.0059973346
3.4672e-07,-0.0059829733
3.4682e-07,-0.005967176
3.4692e-07,-0.005954969
3.4702e-07,-0.0059513787
3.4712e-07,-0.005954969
3.4722e-07,-0.0059628676
3.4732e-07,-0.005967176
3.4742e-07,-0.0059628676
3.4752e-07,-0.0059499426
3.4762e-07,-0.005931273
3.4772e-07,-0.0059147576
3.4782e-07,-0.0059054228
3.4792e-07,-0.0059054228
3.4802e-07,-0.0059118853
3.4812e-07,-0.0059176298
3.4822e-07,-0.0059169118
3.4832e-07,-0.0059068589
3.4842e-07,-0.0058896255
3.4852e-07,-0.005872392
3.4862e-07,-0.0058594669
3.4872e-07,-0.0058544405
3.4882e-07,-0.0058551585
3.4892e-07,-0.0058580308
3.4902e-07,-0.0058594669
3.4912e-07,-0.0058587489
3.4922e-07,-0.0058573127
3.4932e-07,-0.005860903
3.4942e-07,-0.0058709559
3.4952e-07,-0.0058853171
3.4962e-07,-0.0058996783
3.4972e-07,-0.0059068589
3.4982e-07,-0.0059054228
3.4992e-07,-0.0058968061
3.5002e-07,-0.0058896255
3.5012e-07,-0.0058910616
3.5022e-07,-0.0059054228
3.5032e-07,-0.005931273
3.5042e-07,-0.0059592773
3.5052e-07,-0.005979383
3.5062e-07,-0.0059858456
3.5072e-07,-0.005978665
3.5082e-07,-0.005967176
3.5092e-07,-0.0059628676
3.5102e-07,-0.0059743566
3.5112e-07,-0.0060016429
3.5122e-07,-0.0060368279
3.5132e-07,-0.0060655503
3.5142e-07,-0.0060777574
3.5152e-07,-0.0060684226
3.5162e-07,-0.0060440085
3.5172e-07,-0.0060167222
3.5182e-07,-0.0059973346
3.5192e-07,-0.0059930262
3.5202e-07,-0.006003079
3.5212e-07,-0.0060181583
3.5222e-07,-0.0060318015
3.5232e-07,-0.0060397001
3.5242e-07,-0.0060440085
3.5252e-07,-0.006050471
3.5262e-07,-0.0060662684
3.5272e-07,-0.0060899644
3.5282e-07,-0.0061158146
3.5292e-07,-0.006133048
3.5302e-07,-0.0061352022
3.5312e-07,-0.006120841
3.5322e-07,-0.0060985811
3.5332e-07,-0.0060806296
3.5342e-07,-0.0060777574
3.5352e-07,-0.0060921186
3.5362e-07,-0.0061172507
3.5372e-07,-0.0061402286
3.5382e-07,-0.0061466912
3.5392e-07,-0.0061316119
3.5402e-07,-0.0060992992
3.5412e-07,-0.00606196
3.5422e-07,-0.0060318015
3.5432e-07,-0.0060181583
3.5442e-07,-0.0060195944
3.5452e-07,-0.0060274931
3.5462e-07,-0.0060318015
3.5472e-07,-0.0060246209
3.5482e-07,-0.0060081055
3.5492e-07,-0.0059879998
3.5502e-07,-0.0059743566
3.5512e-07,-0.0059729205
3.5522e-07,-0.0059808192
3.5532e-07,-0.0059923081
3.5542e-07,-0.0059973346
3.5552e-07,-0.0059915901
3.5562e-07,-0.0059765108
3.5572e-07,-0.0059599954
3.5582e-07,-0.0059513787
3.5592e-07,-0.0059535329
3.5602e-07,-0.0059643038
3.5612e-07,-0.0059743566
3.5622e-07,-0.0059743566
3.5632e-07,-0.0059585593
3.5642e-07,-0.005931273
3.5652e-07,-0.0059018325
3.5662e-07,-0.0058824449
3.5672e-07,-0.0058824449
3.5682e-07,-0.0059011144
3.5692e-07,-0.005931991
3.5702e-07,-0.0059628676
3.5712e-07,-0.0059836914
3.5722e-07,-0.005990154
3.5732e-07,-0.0059851275
3.5742e-07,-0.0059743566
3.5752e-07,-0.0059643038
3.5762e-07,-0.0059578412
3.5772e-07,-0.005954969
3.5782e-07,-0.0059513787
3.5792e-07,-0.0059463523
3.5802e-07,-0.0059398897
3.5812e-07,-0.0059370175
3.5822e-07,-0.0059398897
3.5832e-07,-0.0059506606
3.5842e-07,-0.0059650218
3.5852e-07,-0.005978665
3.5862e-07,-0.0059858456
3.5872e-07,-0.0059851275
3.5882e-07,-0.005979383
3.5892e-07,-0.0059736386
3.5902e-07,-0.0059743566
3.5912e-07,-0.0059815372
3.5922e-07,-0.0059923081
3.5932e-07,-0.0059994887
3.5942e-07,-0.0059973346
3.5952e-07,-0.0059836914
3.5962e-07,-0.0059635857
3.5972e-07,-0.0059427619
3.5982e-07,-0.0059284007
3.5992e-07,-0.0059240924
3.6002e-07,-0.0059262466
3.6012e-07,-0.0059298369
3.6022e-07,-0.0059284007
3.6032e-07,-0.0059212201
3.6042e-07,-0.0059126034
3.6052e-07,-0.0059090131
3.6062e-07,-0.0059169118
3.6072e-07,-0.0059362994
3.6082e-07,-0.0059628676
3.6092e-07,-0.0059858456
3.6102e-07,-0.0059973346
3.6112e-07,-0.0059930262
3.6122e-07,-0.0059765108
3.6132e-07,-0.005955687
3.6142e-07,-0.0059398897
3.6152e-07,-0.0059334272
3.6162e-07,-0.0059370175
3.6172e-07,-0.0059449161
3.6182e-07,-0.0059513787
3.6192e-07,-0.0059528148
3.6202e-07,-0.0059506606
3.6212e-07,-0.0059485064
3.6222e-07,-0.0059513787
3.6232e-07,-0.0059592773
3.6242e-07,-0.005967176
3.6252e-07,-0.0059707663
3.6262e-07,-0.0059628676
3.6272e-07,-0.0059449161
3.6282e-07,-0.0059212201
3.6292e-07,-0.0059018325
3.6302e-07,-0.0058939338
3.6312e-07,-0.0058989602
3.6322e-07,-0.0059126034
3.6332e-07,-0.0059248104
3.6342e-07,-0.0059284007
3.6352e-07,-0.005919784
3.6362e-07,-0.0059032686
3.6372e-07,-0.0058881893
3.6382e-07,-0.0058824449
3.6392e-07,-0.0058903435
3.6402e-07,-0.0059068589
3.6412e-07,-0.0059233743
3.6422e-07,-0.0059284007
3.6432e-07,-0.0059169118
3.6442e-07,-0.0058917796
3.6452e-07,-0.005860903
3.6462e-07,-0.005836489
3.6472e-07,-0.0058264361
3.6482e-07,-0.0058307445
3.6492e-07,-0.0058451057
3.6502e-07,-0.0058594669
3.6512e-07,-0.0058659295
3.6522e-07,-0.0058623392
3.6532e-07,-0.0058508502
3.6542e-07,-0.005836489
3.6552e-07,-0.0058242819
3.6562e-07,-0.0058156652
3.6572e-07,-0.0058092027
3.6582e-07,-0.0058020221
3.6592e-07,-0.0057919692
3.6602e-07,-0.0057797622
3.6612e-07,-0.0057704274
3.6622e-07,-0.0057675551
3.6632e-07,-0.0057725816
3.6642e-07,-0.0057833525
3.6652e-07,-0.0057948415
3.6662e-07,-0.0058020221
3.6672e-07,-0.0058034582
3.6682e-07,-0.005801304
3.6692e-07,-0.0057991498
3.6702e-07,-0.0058020221
3.6712e-07,-0.0058113568
3.6722e-07,-0.005825
3.6732e-07,-0.0058386432
3.6742e-07,-0.0058479779
3.6752e-07,-0.0058508502
3.6762e-07,-0.0058501321
3.6772e-07,-0.0058479779
3.6782e-07,-0.0058479779
3.6792e-07,-0.0058494141
3.6802e-07,-0.0058501321
3.6812e-07,-0.0058458238
3.6822e-07,-0.005836489
3.6832e-07,-0.005825
3.6842e-07,-0.0058171013
3.6852e-07,-0.0058206916
3.6862e-07,-0.005836489
3.6872e-07,-0.005860185
3.6882e-07,-0.0058824449
3.6892e-07,-0.0058917796
3.6902e-07,-0.0058824449
3.6912e-07,-0.0058573127
3.6922e-07,-0.0058257181
3.6932e-07,-0.0058005859
3.6942e-07,-0.0057905331
3.6952e-07,-0.0057969956
3.6962e-07,-0.005812793
3.6972e-07,-0.005825
3.6982e-07,-0.005825
3.6992e-07,-0.0058092027
3.7002e-07,-0.0057840705
3.7012e-07,-0.0057589384
3.7022e-07,-0.0057445772
3.7032e-07,-0.005742423
3.7042e-07,-0.0057481675
3.7052e-07,-0.0057517578
3.7062e-07,-0.0057445772
3.7072e-07,-0.0057259076
3.7082e-07,-0.0057029297
3.7092e-07,-0.0056864143
3.7102e-07,-0.0056871324
3.7112e-07,-0.00570652
3.7122e-07,-0.0057366785
3.7132e-07,-0.005765401
3.7142e-07,-0.0057790441
3.7152e-07,-0.0057732996
3.7162e-07,-0.005753912
3.7172e-07,-0.0057316521
3.7182e-07,-0.0057215993
3.7192e-07,-0.0057294979
3.7202e-07,-0.0057531939
3.7212e-07,-0.0057819164
3.7222e-07,-0.0058020221
3.7232e-07,-0.0058056124
3.7242e-07,-0.0057934053
3.7252e-07,-0.0057725816
3.7262e-07,-0.0057560662
3.7272e-07,-0.0057517578
3.7282e-07,-0.0057610926
3.7292e-07,-0.0057804802
3.7302e-07,-0.0058020221
3.7312e-07,-0.0058199736
3.7322e-07,-0.0058328987
3.7332e-07,-0.0058451057
3.7342e-07,-0.0058594669
3.7352e-07,-0.0058774184
3.7362e-07,-0.005896088
3.7372e-07,-0.0059068589
3.7382e-07,-0.0059054228
3.7392e-07,-0.0058910616
3.7402e-07,-0.0058695198
3.7412e-07,-0.0058522863
3.7422e-07,-0.0058479779
3.7432e-07,-0.005860903
3.7442e-07,-0.0058853171
3.7452e-07,-0.0059118853
3.7462e-07,-0.0059284007
3.7472e-07,-0.0059298369
3.7482e-07,-0.0059190659
3.7492e-07,-0.0059032686
3.7502e-07,-0.0058939338
3.7512e-07,-0.0058968061
3.7522e-07,-0.0059104492
3.7532e-07,-0.0059276827
3.7542e-07,-0.0059398897
3.7552e-07,-0.0059413258
3.7562e-07,-0.0059334272
3.7572e-07,-0.0059226563
3.7582e-07,-0.0059169118
3.7592e-07,-0.0059212201
3.7602e-07,-0.0059348633
3.7612e-07,-0.0059513787
3.7622e-07,-0.0059628676
3.7632e-07,-0.0059650218
3.7642e-07,-0.0059578412
3.7652e-07,-0.0059470703
3.7662e-07,-0.0059398897
3.7672e-07,-0.0059391716
3.7682e-07,-0.0059441981
3.7692e-07,-0.0059499426
3.7702e-07,-0.0059513787
3.7712e-07,-0.0059456342
3.7722e-07,-0.0059362994
3.7732e-07,-0.0059284007
3.7742e-07,-0.0059284007
3.7752e-07,-0.0059377355
3.7762e-07,-0.0059535329
3.7772e-07,-0.0059678941
3.7782e-07,-0.0059743566
3.7792e-07,-0.0059714844
3.7802e-07,-0.0059635857
3.7812e-07,-0.0059578412
3.7822e-07,-0.0059628676
3.7832e-07,-0.0059801011
3.7842e-07,-0.0060059513
3.7852e-07,-0.0060303653
3.7862e-07,-0.0060432904
3.7872e-07,-0.0060404182
3.7882e-07,-0.0060239028
3.7892e-07,-0.006002361
3.7902e-07,-0.0059858456
3.7912e-07,-0.0059801011
3.7922e-07,-0.0059858456
3.7932e-07,-0.0059980526
3.7942e-07,-0.0060088235
3.7952e-07,-0.00601385
3.7962e-07,-0.0060124138
3.7972e-07,-0.0060095416
3.7982e-07,-0.0060088235
3.7992e-07,-0.0060131319
3.8002e-07,-0.0060203125
3.8012e-07,-0.0060246209
3.8022e-07,-0.0060203125
3.8032e-07,-0.0060059513
3.8042e-07,-0.0059851275
3.8052e-07,-0.0059643038
3.8062e-07,-0.0059513787
3.8072e-07,-0.0059492245
3.8082e-07,-0.005954969
3.8092e-07,-0.0059621496
3.8102e-07,-0.0059628676
3.8112e-07,-0.0059535329
3.8122e-07,-0.0059362994
3.8132e-07,-0.0059176298
3.8142e-07,-0.0059054228
3.8152e-07,-0.0059039867
3.8162e-07,-0.0059118853
3.8172e-07,-0.0059226563
3.8182e-07,-0.0059284007
3.8192e-07,-0.0059248104
3.8202e-07,-0.0059118853
3.8212e-07,-0.0058953699
3.8222e-07,-0.0058824449
3.8232e-07,-0.0058767004
3.8242e-07,-0.0058781365
3.8252e-07,-0.0058824449
3.8262e-07,-0.0058824449
3.8272e-07,-0.0058745462
3.8282e-07,-0.0058594669
3.8292e-07,-0.0058407973
3.8302e-07,-0.005825
3.8312e-07,-0.0058163833
3.8322e-07,-0.0058142291
3.8332e-07,-0.0058149472
3.8342e-07,-0.005813511
3.8352e-07,-0.0058077665
3.8362e-07,-0.0057969956
3.8372e-07,-0.0057862247
3.8382e-07,-0.0057790441
3.8392e-07,-0.005777608
3.8402e-07,-0.0057797622
3.8412e-07,-0.0057819164
3.8422e-07,-0.0057790441
3.8432e-07,-0.0057697093
3.8442e-07,-0.0057567842
3.8452e-07,-0.0057467314
3.8462e-07,-0.0057445772
3.8472e-07,-0.005753912
3.8482e-07,-0.0057711455
3.8492e-07,-0.005789815
3.8502e-07,-0.0058020221
3.8512e-07,-0.0058027401
3.8522e-07,-0.0057934053
3.8532e-07,-0.0057790441
3.8542e-07,-0.0057675551
3.8552e-07,-0.005765401
3.8562e-07,-0.0057754538
3.8572e-07,-0.0057934053
3.8582e-07,-0.005813511
3.8592e-07,-0.0058300264
3.8602e-07,-0.0058386432
3.8612e-07,-0.0058400793
3.8622e-07,-0.005836489
3.8632e-07,-0.0058314625
3.8642e-07,-0.0058278722
3.8652e-07,-0.0058257181
3.8662e-07,-0.005825
3.8672e-07,-0.005825
3.8682e-07,-0.0058257181
3.8692e-07,-0.0058264361
3.8702e-07,-0.005825
3.8712e-07,-0.0058199736
3.8722e-07,-0.0058092027
3.8732e-07,-0.0057912511
3.8742e-07,-0.0057675551
3.8752e-07,-0.0057438591
3.8762e-07,-0.0057273438
3.8772e-07,-0.0057230354
3.8782e-07,-0.0057330882
3.8792e-07,-0.005753912
3.8802e-07,-0.0057783261
3.8812e-07,-0.0057962776
3.8822e-07,-0.0058020221
3.8832e-07,-0.0057962776
3.8842e-07,-0.0057855067
3.8852e-07,-0.005777608
3.8862e-07,-0.0057790441
3.8872e-07,-0.0057926873
3.8882e-07,-0.005813511
3.8892e-07,-0.0058343348
3.8902e-07,-0.0058479779
3.8912e-07,-0.0058522863
3.8922e-07,-0.0058494141
3.8932e-07,-0.0058465418
3.8942e-07,-0.0058479779
3.8952e-07,-0.0058565947
3.8962e-07,-0.0058695198
3.8972e-07,-0.0058795726
3.8982e-07,-0.0058824449
3.8992e-07,-0.0058759823
3.9002e-07,-0.0058637753
3.9012e-07,-0.0058522863
3.9022e-07,-0.0058479779
3.9032e-07,-0.0058537224
3.9042e-07,-0.0058666475
3.9052e-07,-0.0058817268
3.9062e-07,-0.0058939338
3.9072e-07,-0.0059011144
3.9082e-07,-0.0059047047
3.9092e-07,-0.005908295
3.9102e-07,-0.0059169118
3.9112e-07,-0.0059298369
3.9122e-07,-0.0059427619
3.9132e-07,-0.0059513787
3.9142e-07,-0.0059513787
3.9152e-07,-0.00594348
3.9162e-07,-0.0059334272
3.9172e-07,-0.0059269646
3.9182e-07,-0.0059284007
3.9192e-07,-0.0059384536
3.9202e-07,-0.0059520967
3.9212e-07,-0.0059614315
3.9222e-07,-0.0059628676
3.9232e-07,-0.005955687
3.9242e-07,-0.0059456342
3.9252e-07,-0.0059391716
3.9262e-07,-0.0059398897
3.9272e-07,-0.0059456342
3.9282e-07,-0.0059506606
3.9292e-07,-0.0059463523
3.9302e-07,-0.0059284007
3.9312e-07,-0.0059003964
3.9322e-07,-0.0058731101
3.9332e-07,-0.0058565947
3.9342e-07,-0.0058594669
3.9352e-07,-0.0058788545
3.9362e-07,-0.0059039867
3.9372e-07,-0.0059205021
3.9382e-07,-0.0059169118
3.9392e-07,-0.0058903435
3.9402e-07,-0.005848696
3.9412e-07,-0.0058070485
3.9422e-07,-0.0057790441
3.9432e-07,-0.0057704274
3.9442e-07,-0.0057768899
3.9452e-07,-0.0057876608
3.9462e-07,-0.0057905331
3.9472e-07,-0.0057797622
3.9482e-07,-0.0057575023
3.9492e-07,-0.0057345244
3.9502e-07,-0.0057215993
3.9512e-07,-0.0057244715
3.9522e-07,-0.005741705
3.9532e-07,-0.0057632468
3.9542e-07,-0.0057790441
3.9552e-07,-0.0057833525
3.9562e-07,-0.005777608
3.9572e-07,-0.0057697093
3.9582e-07,-0.0057675551
3.9592e-07,-0.0057761719
3.9602e-07,-0.0057941234
3.9612e-07,-0.005812793
3.9622e-07,-0.005825
3.9632e-07,-0.0058264361
3.9642e-07,-0.0058214097
3.9652e-07,-0.0058185375
3.9662e-07,-0.005825
3.9672e-07,-0.0058458238
3.9682e-07,-0.0058759823
3.9692e-07,-0.0059068589
3.9702e-07,-0.0059284007
3.9712e-07,-0.0059348633
3.9722e-07,-0.0059298369
3.9732e-07,-0.0059205021
3.9742e-07,-0.0059169118
3.9752e-07,-0.0059240924
3.9762e-07,-0.0059398897
3.9772e-07,-0.005955687
3.9782e-07,-0.0059628676
3.9792e-07,-0.0059564051
3.9802e-07,-0.0059384536
3.9812e-07,-0.0059176298
3.9822e-07,-0.0059054228
3.9832e-07,-0.0059068589
3.9842e-07,-0.0059219382
3.9852e-07,-0.0059441981
3.9862e-07,-0.0059628676
3.9872e-07,-0.0059736386
3.9882e-07,-0.0059750747
3.9892e-07,-0.0059729205
3.9902e-07,-0.0059743566
3.9912e-07,-0.0059822553
3.9922e-07,-0.0059944623
3.9932e-07,-0.0060052332
3.9942e-07,-0.0060088235
3.9952e-07,-0.006002361
3.9962e-07,-0.0059887178
3.9972e-07,-0.0059765108
3.9982e-07,-0.0059743566
3.9992e-07,-0.0059858456
4.0002e-07,-0.0060088235
4.0012e-07,-0.0060346737
4.0022e-07,-0.0060547794
4.0032e-07,-0.0060641142
4.0042e-07,-0.0060626781
4.0052e-07,-0.0060569336
4.0062e-07,-0.0060547794
4.0072e-07,-0.0060590878
4.0082e-07,-0.0060691406
4.0092e-07,-0.0060777574
4.0102e-07,-0.0060777574
4.0112e-07,-0.0060655503
4.0122e-07,-0.0060432904
4.0132e-07,-0.0060174403
4.0142e-07,-0.0059973346
4.0152e-07,-0.0059887178
4.0162e-07,-0.0059930262
4.0172e-07,-0.0060059513
4.0182e-07,-0.0060203125
4.0192e-07,-0.0060318015
4.0202e-07,-0.0060389821
4.0212e-07,-0.0060425724
4.0222e-07,-0.0060432904
4.0232e-07,-0.0060425724
4.0242e-07,-0.006037546
4.0252e-07,-0.006026775
4.0262e-07,-0.0060088235
4.0272e-07,-0.0059865636
4.0282e-07,-0.0059657399
4.0292e-07,-0.0059528148
4.0302e-07,-0.0059513787
4.0312e-07,-0.0059592773
4.0322e-07,-0.0059707663
4.0332e-07,-0.0059772289
4.0342e-07,-0.0059743566
4.0352e-07,-0.0059643038
4.0362e-07,-0.0059542509
4.0372e-07,-0.0059520967
4.0382e-07,-0.0059628676
4.0392e-07,-0.0059844095
4.0402e-07,-0.0060073874
4.0412e-07,-0.0060217486
4.0422e-07,-0.0060203125
4.0432e-07,-0.0060052332
4.0442e-07,-0.0059865636
4.0452e-07,-0.0059772289
4.0462e-07,-0.0059858456
4.0472e-07,-0.0060124138
4.0482e-07,-0.0060475988
4.0492e-07,-0.0060770393
4.0502e-07,-0.0060892463
4.0512e-07,-0.0060827838
4.0522e-07,-0.0060655503
4.0532e-07,-0.0060519072
4.0542e-07,-0.0060547794
4.0552e-07,-0.0060784754
4.0562e-07,-0.0061158146
4.0572e-07,-0.0061509995
4.0582e-07,-0.0061696691
4.0592e-07,-0.0061653608
4.0602e-07,-0.0061423828
4.0612e-07,-0.0061158146
4.0622e-07,-0.0061007353
4.0632e-07,-0.0061079159
4.0642e-07,-0.0061359203
4.0652e-07,-0.0061732594
4.0662e-07,-0.006204136
4.0672e-07,-0.006215625
4.0682e-07,-0.0062062902
4.0692e-07,-0.0061825942
4.0702e-07,-0.0061581801
4.0712e-07,-0.006144537
4.0722e-07,-0.0061466912
4.0732e-07,-0.0061617705
4.0742e-07,-0.0061811581
4.0752e-07,-0.0061962374
4.0762e-07,-0.0062012638
4.0772e-07,-0.0061983915
4.0782e-07,-0.0061926471
4.0792e-07,-0.0061883387
4.0802e-07,-0.0061883387
4.0812e-07,-0.0061912109
4.0822e-07,-0.0061926471
4.0832e-07,-0.0061904929
4.0842e-07,-0.0061847484
4.0852e-07,-0.0061775678
4.0862e-07,-0.0061696691
4.0872e-07,-0.0061624885
4.0882e-07,-0.0061524357
4.0892e-07,-0.0061366383
4.0902e-07,-0.0061122243
4.0912e-07,-0.0060820657
4.0922e-07,-0.0060519072
4.0932e-07,-0.0060296473
4.0942e-07,-0.0060203125
4.0952e-07,-0.0060239028
4.0962e-07,-0.0060325195
4.0972e-07,-0.006038264
4.0982e-07,-0.0060318015
4.0992e-07,-0.0060124138
4.1002e-07,-0.0059865636
4.1012e-07,-0.0059628676
4.1022e-07,-0.0059513787
4.1032e-07,-0.005955687
4.1042e-07,-0.0059707663
4.1052e-07,-0.0059879998
4.1062e-07,-0.0059973346
4.1072e-07,-0.0059930262
4.1082e-07,-0.0059772289
4.1092e-07,-0.0059571232
4.1102e-07,-0.0059398897
4.1112e-07,-0.005931273
4.1122e-07,-0.0059298369
4.1132e-07,-0.0059305549
4.1142e-07,-0.0059284007
4.1152e-07,-0.0059212201
4.1162e-07,-0.0059111673
4.1172e-07,-0.0059039867
4.1182e-07,-0.0059054228
4.1192e-07,-0.0059154756
4.1202e-07,-0.0059298369
4.1212e-07,-0.0059398897
4.1222e-07,-0.0059398897
4.1232e-07,-0.0059291188
4.1242e-07,-0.0059133215
4.1252e-07,-0.0059032686
4.1262e-07,-0.0059054228
4.1272e-07,-0.0059233743
4.1282e-07,-0.0059513787
4.1292e-07,-0.005979383
4.1302e-07,-0.0059973346
4.1312e-07,-0.0060002068
4.1322e-07,-0.005990154
4.1332e-07,-0.0059743566
4.1342e-07,-0.0059628676
4.1352e-07,-0.0059592773
4.1362e-07,-0.0059614315
4.1372e-07,-0.0059650218
4.1382e-07,-0.0059628676
4.1392e-07,-0.005954969
4.1402e-07,-0.0059449161
4.1412e-07,-0.0059413258
4.1422e-07,-0.0059513787
4.1432e-07,-0.0059757927
4.1442e-07,-0.0060088235
4.1452e-07,-0.0060389821
4.1462e-07,-0.0060547794
4.1472e-07,-0.0060511891
4.1482e-07,-0.0060325195
4.1492e-07,-0.0060066693
4.1502e-07,-0.0059858456
4.1512e-07,-0.0059765108
4.1522e-07,-0.0059801011
4.1532e-07,-0.0059894359
4.1542e-07,-0.0059973346
4.1552e-07,-0.0059987707
4.1562e-07,-0.0059944623
4.1572e-07,-0.0059879998
4.1582e-07,-0.0059858456
4.1592e-07,-0.0059894359
4.1602e-07,-0.0059966165
4.1612e-07,-0.0060009249
4.1622e-07,-0.0059973346
4.1632e-07,-0.0059858456
4.1642e-07,-0.0059707663
4.1652e-07,-0.0059607135
4.1662e-07,-0.0059628676
4.1672e-07,-0.005979383
4.1682e-07,-0.0060052332
4.1692e-07,-0.0060296473
4.1702e-07,-0.0060432904
4.1712e-07,-0.0060418543
4.1722e-07,-0.0060274931
4.1732e-07,-0.0060095416
4.1742e-07,-0.0059973346
4.1752e-07,-0.0059966165
4.1762e-07,-0.0060066693
4.1772e-07,-0.0060210306
4.1782e-07,-0.0060318015
4.1792e-07,-0.0060353918
4.1802e-07,-0.0060325195
4.1812e-07,-0.0060289292
4.1822e-07,-0.0060318015
4.1832e-07,-0.0060425724
4.1842e-07,-0.0060583697
4.1852e-07,-0.0060727309
4.1862e-07,-0.0060777574
4.1872e-07,-0.0060712948
4.1882e-07,-0.0060562155
4.1892e-07,-0.0060404182
4.1902e-07,-0.0060318015
4.1912e-07,-0.0060353918
4.1922e-07,-0.0060483169
4.1932e-07,-0.0060648323
4.1942e-07,-0.0060777574
4.1952e-07,-0.0060835018
4.1962e-07,-0.0060842199
4.1972e-07,-0.0060842199
4.1982e-07,-0.0060892463
4.1992e-07,-0.0061007353
4.2002e-07,-0.0061143784
4.2012e-07,-0.0061237132
4.2022e-07,-0.0061237132
4.2032e-07,-0.0061122243
4.2042e-07,-0.0060935547
4.2052e-07,-0.0060756032
4.2062e-07,-0.0060662684
4.2072e-07,-0.0060677045
4.2082e-07,-0.0060770393
4.2092e-07,-0.0060863741
4.2102e-07,-0.0060892463
4.2112e-07,-0.0060827838
4.2122e-07,-0.0060705767
4.2132e-07,-0.0060590878
4.2142e-07,-0.0060547794
4.2152e-07,-0.0060583697
4.2162e-07,-0.0060662684
4.2172e-07,-0.0060712948
4.2182e-07,-0.0060662684
4.2192e-07,-0.0060519072
4.2202e-07,-0.0060332376
4.2212e-07,-0.0060203125
4.2222e-07,-0.0060203125
4.2232e-07,-0.0060353918
4.2242e-07,-0.0060605239
4.2252e-07,-0.006084938
4.2262e-07,-0.0061007353
4.2272e-07,-0.0061043256
4.2282e-07,-0.0061000172
4.2292e-07,-0.0060964269
4.2302e-07,-0.0061007353
4.2312e-07,-0.0061150965
4.2322e-07,-0.0061337661
4.2332e-07,-0.0061466912
4.2342e-07,-0.0061466912
4.2352e-07,-0.0061316119
4.2362e-07,-0.006108634
4.2372e-07,-0.0060899644
4.2382e-07,-0.0060892463
4.2392e-07,-0.0061107881
4.2402e-07,-0.0061488454
4.2412e-07,-0.0061926471
4.2422e-07,-0.006227114
4.2432e-07,-0.0062429113
4.2442e-07,-0.0062407571
4.2452e-07,-0.006227832
4.2462e-07,-0.006215625
4.2472e-07,-0.0062127528
4.2482e-07,-0.0062199334
4.2492e-07,-0.0062314223
4.2502e-07,-0.0062386029
4.2512e-07,-0.0062357307
4.2522e-07,-0.0062228056
4.2532e-07,-0.0062055722
4.2542e-07,-0.0061926471
4.2552e-07,-0.0061904929
4.2562e-07,-0.0061998277
4.2572e-07,-0.0062149069
4.2582e-07,-0.006227114
4.2592e-07,-0.0062307043
4.2602e-07,-0.0062249598
4.2612e-07,-0.0062134708
4.2622e-07,-0.006204136
4.2632e-07,-0.0062012638
4.2642e-07,-0.0062062902
4.2652e-07,-0.0062127528
4.2662e-07,-0.006215625
4.2672e-07,-0.0062084444
4.2682e-07,-0.0061912109
4.2692e-07,-0.0061689511
4.2702e-07,-0.0061466912
4.2712e-07,-0.0061316119
4.2722e-07,-0.0061244313
4.2732e-07,-0.0061237132
4.2742e-07,-0.0061237132
4.2752e-07,-0.006120841
4.2762e-07,-0.0061129423
4.2772e-07,-0.0061014534
4.2782e-07,-0.0060892463
4.2792e-07,-0.0060777574
4.2802e-07,-0.0060669864
4.2812e-07,-0.0060562155
4.2822e-07,-0.0060432904
4.2832e-07,-0.0060296473
4.2842e-07,-0.0060174403
4.2852e-07,-0.0060095416
4.2862e-07,-0.0060088235
4.2872e-07,-0.0060131319
4.2882e-07,-0.0060174403
4.2892e-07,-0.0060174403
4.2902e-07,-0.0060088235
4.2912e-07,-0.0059923081
4.2922e-07,-0.0059729205
4.2932e-07,-0.0059578412
4.2942e-07,-0.0059513787
4.2952e-07,-0.0059535329
4.2962e-07,-0.0059607135
4.2972e-07,-0.0059650218
4.2982e-07,-0.0059628676
4.2992e-07,-0.0059535329
4.3002e-07,-0.0059420439
4.3012e-07,-0.0059355813
4.3022e-07,-0.0059398897
4.3032e-07,-0.005954969
4.3042e-07,-0.0059765108
4.3052e-07,-0.0059966165
4.3062e-07,-0.0060088235
4.3072e-07,-0.0060116958
4.3082e-07,-0.0060102597
4.3092e-07,-0.0060109777
4.3102e-07,-0.0060203125
4.3112e-07,-0.006038264
4.3122e-07,-0.0060590878
4.3132e-07,-0.0060748851
4.3142e-07,-0.0060777574
4.3152e-07,-0.0060662684
4.3162e-07,-0.0060468807
4.3172e-07,-0.0060282112
4.3182e-07,-0.0060203125
4.3192e-07,-0.0060274931
4.3202e-07,-0.0060468807
4.3212e-07,-0.0060698587
4.3222e-07,-0.0060892463
4.3232e-07,-0.0060992992
4.3242e-07,-0.0061007353
4.3252e-07,-0.0060992992
4.3262e-07,-0.0061007353
4.3272e-07,-0.0061079159
4.3282e-07,-0.0061179688
4.3292e-07,-0.0061251494
4.3302e-07,-0.0061237132
4.3312e-07,-0.0061129423
4.3322e-07,-0.0060978631
4.3332e-07,-0.0060870921
4.3342e-07,-0.0060892463
4.3352e-07,-0.0061064798
4.3362e-07,-0.0061344841
4.3372e-07,-0.0061624885
4.3382e-07,-0.0061811581
4.3392e-07,-0.0061847484
4.3402e-07,-0.0061754136
4.3412e-07,-0.0061632066
4.3422e-07,-0.0061581801
4.3432e-07,-0.0061667969
4.3442e-07,-0.0061876206
4.3452e-07,-0.0062113166
4.3462e-07,-0.006227114
4.3472e-07,-0.0062263959
4.3482e-07,-0.0062070083
4.3492e-07,-0.0061768497
4.3502e-07,-0.0061466912
4.3512e-07,-0.0061273035
4.3522e-07,-0.0061229952
4.3532e-07,-0.0061316119
4.3542e-07,-0.0061466912
4.3552e-07,-0.0061588982
4.3562e-07,-0.0061624885
4.3572e-07,-0.006156744
4.3582e-07,-0.0061466912
4.3592e-07,-0.0061373564
4.3602e-07,-0.00613233
4.3612e-07,-0.00613233
4.3622e-07,-0.0061352022
4.3632e-07,-0.0061366383
4.3642e-07,-0.006133048
4.3652e-07,-0.0061244313
4.3662e-07,-0.0061122243
4.3672e-07,-0.0060985811
4.3682e-07,-0.006085656
4.3692e-07,-0.0060748851
4.3702e-07,-0.0060662684
4.3712e-07,-0.0060605239
4.3722e-07,-0.0060569336
4.3732e-07,-0.0060554975
4.3742e-07,-0.0060547794
4.3752e-07,-0.0060526252
4.3762e-07,-0.0060454446
4.3772e-07,-0.0060310834
4.3782e-07,-0.0060088235
4.3792e-07,-0.0059822553
4.3802e-07,-0.0059564051
4.3812e-07,-0.0059370175
4.3822e-07,-0.0059284007
4.3832e-07,-0.0059298369
4.3842e-07,-0.0059377355
4.3852e-07,-0.0059463523
4.3862e-07,-0.0059513787
4.3872e-07,-0.0059520967
4.3882e-07,-0.0059520967
4.3892e-07,-0.0059542509
4.3902e-07,-0.0059628676
4.3912e-07,-0.0059765108
4.3922e-07,-0.0059915901
4.3932e-07,-0.0060002068
4.3942e-07,-0.0059973346
4.3952e-07,-0.0059822553
4.3962e-07,-0.0059585593
4.3972e-07,-0.0059341452
4.3982e-07,-0.0059169118
4.3992e-07,-0.0059111673
4.4002e-07,-0.0059176298
4.4012e-07,-0.0059327091
4.4022e-07,-0.0059513787
4.4032e-07,-0.0059693302
4.4042e-07,-0.0059844095
4.4052e-07,-0.0059973346
4.4062e-07,-0.0060088235
4.4072e-07,-0.0060174403
4.4082e-07,-0.0060217486
4.4092e-07,-0.0060188764
4.4102e-07,-0.0060088235
4.4112e-07,-0.0059944623
4.4122e-07,-0.0059808192
4.4132e-07,-0.0059729205
4.4142e-07,-0.0059743566
4.4152e-07,-0.0059836914
4.4162e-07,-0.0059958984
4.4172e-07,-0.0060052332
4.4182e-07,-0.0060088235
4.4192e-07,-0.0060073874
4.4202e-07,-0.0060052332
4.4212e-07,-0.0060081055
4.4222e-07,-0.0060203125
4.4232e-07,-0.006038264
4.4242e-07,-0.0060554975
4.4252e-07,-0.0060626781
4.4262e-07,-0.0060547794
4.4272e-07,-0.0060332376
4.4282e-07,-0.0060073874
4.4292e-07,-0.0059879998
4.4302e-07,-0.0059858456
4.4312e-07,-0.006003079
4.4322e-07,-0.0060339557
4.4332e-07,-0.0060669864
4.4342e-07,-0.0060892463
4.4352e-07,-0.0060935547
4.4362e-07,-0.0060813477
4.4372e-07,-0.0060605239
4.4382e-07,-0.0060432904
4.4392e-07,-0.006037546
4.4402e-07,-0.0060447266
4.4412e-07,-0.006061242
4.4422e-07,-0.0060777574
4.4432e-07,-0.0060878102
4.4442e-07,-0.0060885283
4.4452e-07,-0.0060827838
4.4462e-07,-0.0060777574
4.4472e-07,-0.0060784754
4.4482e-07,-0.0060863741
4.4492e-07,-0.0060992992
4.4502e-07,-0.0061122243
4.4512e-07,-0.0061194049
4.4522e-07,-0.0061201229
4.4532e-07,-0.0061158146
4.4542e-07,-0.0061122243
4.4552e-07,-0.0061129423
4.4562e-07,-0.0061201229
4.4572e-07,-0.00613233
4.4582e-07,-0.0061466912
4.4592e-07,-0.0061588982
4.4602e-07,-0.0061660788
4.4612e-07,-0.0061696691
4.4622e-07,-0.0061696691
4.4632e-07,-0.006168233
4.4642e-07,-0.0061660788
4.4652e-07,-0.0061624885
4.4662e-07,-0.0061581801
4.4672e-07,-0.0061538718
4.4682e-07,-0.0061509995
4.4692e-07,-0.0061524357
4.4702e-07,-0.0061581801
4.4712e-07,-0.0061667969
4.4722e-07,-0.0061746955
4.4732e-07,-0.0061761317
4.4742e-07,-0.0061696691
4.4752e-07,-0.006156026
4.4762e-07,-0.0061402286
4.4772e-07,-0.0061280216
4.4782e-07,-0.0061237132
4.4792e-07,-0.0061273035
4.4802e-07,-0.0061359203
4.4812e-07,-0.0061438189
4.4822e-07,-0.0061466912
4.4832e-07,-0.0061431009
4.4842e-07,-0.0061352022
4.4852e-07,-0.0061273035
4.4862e-07,-0.0061237132
4.4872e-07,-0.0061244313
4.4882e-07,-0.0061273035
4.4892e-07,-0.0061280216
4.4902e-07,-0.0061237132
4.4912e-07,-0.0061158146
4.4922e-07,-0.006108634
4.4932e-07,-0.0061064798
4.4942e-07,-0.0061122243
4.4952e-07,-0.0061244313
4.4962e-07,-0.0061380744
4.4972e-07,-0.0061466912
4.4982e-07,-0.0061466912
4.4992e-07,-0.0061395106
4.5002e-07,-0.0061308938
4.5012e-07,-0.0061280216
4.5022e-07,-0.0061352022
4.5032e-07,-0.0061509995
4.5042e-07,-0.0061675149
4.5052e-07,-0.0061761317
4.5062e-07,-0.0061696691
4.5072e-07,-0.0061495634
4.5082e-07,-0.0061222771
4.5092e-07,-0.0060992992
4.5102e-07,-0.0060892463
4.5112e-07,-0.0060949908
4.5122e-07,-0.0061107881
4.5132e-07,-0.0061273035
4.5142e-07,-0.0061352022
4.5152e-07,-0.0061294577
4.5162e-07,-0.0061129423
4.5172e-07,-0.0060928366
4.5182e-07,-0.0060777574
4.5192e-07,-0.0060712948
4.5202e-07,-0.0060698587
4.5212e-07,-0.0060669864
4.5222e-07,-0.0060547794
4.5232e-07,-0.0060310834
4.5242e-07,-0.0060002068
4.5252e-07,-0.0059707663
4.5262e-07,-0.0059513787
4.5272e-07,-0.0059477884
4.5282e-07,-0.0059571232
4.5292e-07,-0.0059729205
4.5302e-07,-0.0059858456
4.5312e-07,-0.0059894359
4.5322e-07,-0.0059836914
4.5332e-07,-0.0059729205
4.5342e-07,-0.0059628676
4.5352e-07,-0.0059571232
4.5362e-07,-0.0059542509
4.5372e-07,-0.0059499426
4.5382e-07,-0.0059398897
4.5392e-07,-0.0059219382
4.5402e-07,-0.0059003964
4.5412e-07,-0.0058810087
4.5422e-07,-0.0058709559
4.5432e-07,-0.005872392
4.5442e-07,-0.005883881
4.5452e-07,-0.0058968061
4.5462e-07,-0.0059054228
4.5472e-07,-0.0059061409
4.5482e-07,-0.0059003964
4.5492e-07,-0.0058946519
4.5502e-07,-0.0058939338
4.5512e-07,-0.0059011144
4.5522e-07,-0.0059133215
4.5532e-07,-0.0059240924
4.5542e-07,-0.0059284007
4.5552e-07,-0.0059240924
4.5562e-07,-0.0059140395
4.5572e-07,-0.0059054228
4.5582e-07,-0.0059054228
4.5592e-07,-0.0059154756
4.5602e-07,-0.0059334272
4.5612e-07,-0.0059513787
4.5622e-07,-0.0059628676
4.5632e-07,-0.0059657399
4.5642e-07,-0.0059621496
4.5652e-07,-0.0059585593
4.5662e-07,-0.0059628676
4.5672e-07,-0.0059765108
4.5682e-07,-0.0059951804
4.5692e-07,-0.0060124138
4.5702e-07,-0.0060203125
4.5712e-07,-0.006014568
4.5722e-07,-0.0059980526
4.5732e-07,-0.0059779469
4.5742e-07,-0.0059628676
4.5752e-07,-0.0059578412
4.5762e-07,-0.0059635857
4.5772e-07,-0.0059743566
4.5782e-07,-0.0059858456
4.5792e-07,-0.0059930262
4.5802e-07,-0.0059973346
4.5812e-07,-0.0060016429
4.5822e-07,-0.0060088235
4.5832e-07,-0.0060188764
4.5842e-07,-0.0060282112
4.5852e-07,-0.0060303653
4.5862e-07,-0.0060203125
4.5872e-07,-0.0059987707
4.5882e-07,-0.0059722024
4.5892e-07,-0.0059499426
4.5902e-07,-0.0059398897
4.5912e-07,-0.0059463523
4.5922e-07,-0.0059657399
4.5932e-07,-0.0059894359
4.5942e-07,-0.0060088235
4.5952e-07,-0.0060181583
4.5962e-07,-0.0060174403
4.5972e-07,-0.0060124138
4.5982e-07,-0.0060088235
4.5992e-07,-0.0060102597
4.6002e-07,-0.0060160041
4.6012e-07,-0.0060210306
4.6022e-07,-0.0060203125
4.6032e-07,-0.0060124138
4.6042e-07,-0.0059994887
4.6052e-07,-0.0059887178
4.6062e-07,-0.0059858456
4.6072e-07,-0.0059930262
4.6082e-07,-0.0060081055
4.6092e-07,-0.0060231847
4.6102e-07,-0.0060318015
4.6112e-07,-0.0060310834
4.6122e-07,-0.0060224667
4.6132e-07,-0.0060131319
4.6142e-07,-0.0060088235
4.6152e-07,-0.0060116958
4.6162e-07,-0.0060188764
4.6172e-07,-0.0060239028
4.6182e-07,-0.0060203125
4.6192e-07,-0.0060059513
4.6202e-07,-0.0059836914
4.6212e-07,-0.0059628676
4.6222e-07,-0.0059513787
4.6232e-07,-0.0059542509
4.6242e-07,-0.0059700483
4.6252e-07,-0.005990872
4.6262e-07,-0.0060088235
4.6272e-07,-0.0060174403
4.6282e-07,-0.0060167222
4.6292e-07,-0.0060116958
4.6302e-07,-0.0060088235
