LECROYHDO6104B,11090,Waveform
Segments,1,SegmentSize,5002
Segment,TrigTime,TimeSinceSegment1
#1,04-May-2026 18:33:06,0                 
Time,Ampl
-3.700796e-08,-0.0059169118
-3.690796e-08,-0.0059248104
-3.680796e-08,-0.0059276827
-3.670796e-08,-0.0059276827
-3.660796e-08,-0.0059284007
-3.650796e-08,-0.0059348633
-3.640796e-08,-0.0059463523
-3.630796e-08,-0.0059614315
-3.620796e-08,-0.0059743566
-3.610796e-08,-0.0059801011
-3.600796e-08,-0.0059779469
-3.590796e-08,-0.0059707663
-3.580796e-08,-0.0059628676
-3.570796e-08,-0.0059599954
-3.560796e-08,-0.0059635857
-3.550796e-08,-0.0059729205
-3.540796e-08,-0.0059858456
-3.530796e-08,-0.0059987707
-3.520796e-08,-0.0060102597
-3.510796e-08,-0.0060210306
-3.500796e-08,-0.0060318015
-3.490796e-08,-0.0060440085
-3.480796e-08,-0.0060562155
-3.470796e-08,-0.0060684226
-3.460796e-08,-0.0060777574
-3.450796e-08,-0.0060842199
-3.440796e-08,-0.0060870921
-3.430796e-08,-0.0060885283
-3.420796e-08,-0.0060892463
-3.410796e-08,-0.0060878102
-3.400796e-08,-0.0060835018
-3.390796e-08,-0.0060756032
-3.380796e-08,-0.0060662684
-3.370796e-08,-0.0060598058
-3.360796e-08,-0.006061242
-3.350796e-08,-0.0060756032
-3.340796e-08,-0.0061007353
-3.330796e-08,-0.0061316119
-3.320796e-08,-0.0061588982
-3.310796e-08,-0.0061732594
-3.300796e-08,-0.0061696691
-3.290796e-08,-0.0061502815
-3.280796e-08,-0.0061222771
-3.270796e-08,-0.0060964269
-3.260796e-08,-0.0060777574
-3.250796e-08,-0.0060684226
-3.240796e-08,-0.0060641142
-3.230796e-08,-0.0060569336
-3.220796e-08,-0.0060432904
-3.210796e-08,-0.0060246209
-3.200796e-08,-0.0060073874
-3.190796e-08,-0.0060002068
-3.180796e-08,-0.0060088235
-3.170796e-08,-0.0060310834
-3.160796e-08,-0.0060583697
-3.150796e-08,-0.0060777574
-3.140796e-08,-0.0060777574
-3.130796e-08,-0.0060569336
-3.120796e-08,-0.0060224667
-3.110796e-08,-0.0059865636
-3.100796e-08,-0.0059628676
-3.090796e-08,-0.0059592773
-3.080796e-08,-0.0059736386
-3.070796e-08,-0.0059980526
-3.060796e-08,-0.0060203125
-3.050796e-08,-0.0060318015
-3.040796e-08,-0.0060296473
-3.030796e-08,-0.0060195944
-3.020796e-08,-0.0060088235
-3.010796e-08,-0.006003079
-3.000796e-08,-0.006003079
-2.990796e-08,-0.0060073874
-2.980796e-08,-0.0060088235
-2.970796e-08,-0.0060052332
-2.960796e-08,-0.0059951804
-2.950796e-08,-0.0059836914
-2.940796e-08,-0.0059743566
-2.930796e-08,-0.0059693302
-2.920796e-08,-0.0059686121
-2.910796e-08,-0.005967176
-2.900796e-08,-0.0059628676
-2.890796e-08,-0.0059542509
-2.880796e-08,-0.0059441981
-2.870796e-08,-0.0059377355
-2.860796e-08,-0.0059398897
-2.850796e-08,-0.0059499426
-2.840796e-08,-0.0059643038
-2.830796e-08,-0.0059743566
-2.820796e-08,-0.0059743566
-2.810796e-08,-0.0059621496
-2.800796e-08,-0.0059413258
-2.790796e-08,-0.005919784
-2.780796e-08,-0.0059054228
-2.770796e-08,-0.0059018325
-2.760796e-08,-0.005908295
-2.750796e-08,-0.0059190659
-2.740796e-08,-0.0059284007
-2.730796e-08,-0.0059334272
-2.720796e-08,-0.0059362994
-2.710796e-08,-0.0059413258
-2.700796e-08,-0.0059513787
-2.690796e-08,-0.005967176
-2.680796e-08,-0.0059836914
-2.670796e-08,-0.0059923081
-2.660796e-08,-0.0059858456
-2.650796e-08,-0.0059643038
-2.640796e-08,-0.005931991
-2.630796e-08,-0.0059011144
-2.620796e-08,-0.0058824449
-2.610796e-08,-0.0058831629
-2.600796e-08,-0.0059018325
-2.590796e-08,-0.005931991
-2.580796e-08,-0.0059628676
-2.570796e-08,-0.0059858456
-2.560796e-08,-0.0059958984
-2.550796e-08,-0.0059944623
-2.540796e-08,-0.0059858456
-2.530796e-08,-0.0059743566
-2.520796e-08,-0.0059628676
-2.510796e-08,-0.0059513787
-2.500796e-08,-0.0059398897
-2.490796e-08,-0.0059298369
-2.480796e-08,-0.0059233743
-2.470796e-08,-0.0059226563
-2.460796e-08,-0.0059284007
-2.450796e-08,-0.0059377355
-2.440796e-08,-0.0059449161
-2.430796e-08,-0.0059427619
-2.420796e-08,-0.0059284007
-2.410796e-08,-0.0059039867
-2.400796e-08,-0.0058781365
-2.390796e-08,-0.005860903
-2.380796e-08,-0.0058594669
-2.370796e-08,-0.0058745462
-2.360796e-08,-0.0058989602
-2.350796e-08,-0.0059205021
-2.340796e-08,-0.0059284007
-2.330796e-08,-0.0059169118
-2.320796e-08,-0.0058896255
-2.310796e-08,-0.0058551585
-2.300796e-08,-0.005825
-2.290796e-08,-0.0058077665
-2.280796e-08,-0.0058041762
-2.270796e-08,-0.0058084846
-2.260796e-08,-0.005813511
-2.250796e-08,-0.0058120749
-2.240796e-08,-0.0058048943
-2.230796e-08,-0.0057948415
-2.220796e-08,-0.0057905331
-2.210796e-08,-0.0057955595
-2.200796e-08,-0.0058099207
-2.190796e-08,-0.0058264361
-2.180796e-08,-0.005836489
-2.170796e-08,-0.0058336167
-2.160796e-08,-0.0058163833
-2.150796e-08,-0.0057912511
-2.140796e-08,-0.0057675551
-2.130796e-08,-0.0057553481
-2.120796e-08,-0.0057596565
-2.110796e-08,-0.005777608
-2.100796e-08,-0.0058020221
-2.090796e-08,-0.0058228458
-2.080796e-08,-0.0058328987
-2.070796e-08,-0.0058285903
-2.060796e-08,-0.005813511
-2.050796e-08,-0.0057926873
-2.040796e-08,-0.0057718635
-2.030796e-08,-0.0057553481
-2.020796e-08,-0.0057445772
-2.010796e-08,-0.0057373966
-2.000796e-08,-0.0057323702
-1.990796e-08,-0.0057273438
-1.980796e-08,-0.0057215993
-1.970796e-08,-0.0057137006
-1.960796e-08,-0.0057043658
-1.950796e-08,-0.0056914407
-1.940796e-08,-0.0056756434
-1.930796e-08,-0.0056584099
-1.920796e-08,-0.0056418945
-1.910796e-08,-0.0056311236
-1.900796e-08,-0.0056296875
-1.890796e-08,-0.0056383042
-1.880796e-08,-0.0056548196
-1.870796e-08,-0.0056734892
-1.860796e-08,-0.0056871324
-1.850796e-08,-0.0056892865
-1.840796e-08,-0.0056763614
-1.830796e-08,-0.0056505113
-1.820796e-08,-0.0056181985
-1.810796e-08,-0.0055873219
-1.800796e-08,-0.0055672162
-1.790796e-08,-0.0055614717
-1.780796e-08,-0.0055722426
-1.770796e-08,-0.0055959386
-1.760796e-08,-0.0056253791
-1.750796e-08,-0.0056541016
-1.740796e-08,-0.0056756434
-1.730796e-08,-0.0056856962
-1.720796e-08,-0.0056849782
-1.710796e-08,-0.0056763614
-1.700796e-08,-0.0056641544
-1.690796e-08,-0.0056541016
-1.680796e-08,-0.0056505113
-1.670796e-08,-0.0056541016
-1.660796e-08,-0.0056641544
-1.650796e-08,-0.0056770795
-1.640796e-08,-0.0056885685
-1.630796e-08,-0.0056957491
-1.620796e-08,-0.0056986213
-1.610796e-08,-0.0056979033
-1.600796e-08,-0.0056964671
-1.590796e-08,-0.0056964671
-1.580796e-08,-0.0056986213
-1.570796e-08,-0.0057014936
-1.560796e-08,-0.0057043658
-1.550796e-08,-0.0057072381
-1.540796e-08,-0.0057101103
-1.530796e-08,-0.0057165728
-1.520796e-08,-0.0057294979
-1.510796e-08,-0.0057474494
-1.500796e-08,-0.0057675551
-1.490796e-08,-0.0057826344
-1.480796e-08,-0.0057855067
-1.470796e-08,-0.0057725816
-1.460796e-08,-0.0057445772
-1.450796e-08,-0.0057093922
-1.440796e-08,-0.0056785156
-1.430796e-08,-0.0056612822
-1.420796e-08,-0.0056641544
-1.410796e-08,-0.005683542
-1.400796e-08,-0.0057115464
-1.390796e-08,-0.0057345244
-1.380796e-08,-0.0057445772
-1.370796e-08,-0.0057366785
-1.360796e-08,-0.0057137006
-1.350796e-08,-0.005682824
-1.340796e-08,-0.0056526654
-1.330796e-08,-0.0056296875
-1.320796e-08,-0.0056153263
-1.310796e-08,-0.0056081457
-1.300796e-08,-0.0056067096
-1.290796e-08,-0.0056088637
-1.280796e-08,-0.0056160443
-1.270796e-08,-0.0056268153
-1.260796e-08,-0.0056411765
-1.250796e-08,-0.0056541016
-1.240796e-08,-0.005659846
-1.230796e-08,-0.0056519474
-1.220796e-08,-0.0056296875
-1.210796e-08,-0.0055966567
-1.200796e-08,-0.0055614717
-1.190796e-08,-0.0055356216
-1.180796e-08,-0.0055262868
-1.170796e-08,-0.0055341854
-1.160796e-08,-0.0055521369
-1.150796e-08,-0.0055722426
-1.140796e-08,-0.0055837316
-1.130796e-08,-0.0055837316
-1.120796e-08,-0.0055751149
-1.110796e-08,-0.005565062
-1.100796e-08,-0.0055607537
-1.090796e-08,-0.0055657801
-1.080796e-08,-0.0055779871
-1.070796e-08,-0.0055901942
-1.060796e-08,-0.0055952206
-1.050796e-08,-0.0055894761
-1.040796e-08,-0.0055751149
-1.030796e-08,-0.0055585995
-1.020796e-08,-0.0055492647
-1.010796e-08,-0.0055514189
-1.000796e-08,-0.005565062
-9.907959e-09,-0.0055851677
-9.807959e-09,-0.0056067096
-9.707959e-09,-0.0056246611
-9.607959e-09,-0.0056375862
-9.507959e-09,-0.0056497932
-9.407959e-09,-0.0056641544
-9.307959e-09,-0.0056821059
-9.207959e-09,-0.0057029297
-9.107959e-09,-0.0057208812
-9.007959e-09,-0.0057330882
-8.907959e-09,-0.0057373966
-8.807959e-09,-0.0057352424
-8.707959e-09,-0.0057323702
-8.607959e-09,-0.0057330882
-8.507959e-09,-0.0057395508
-8.407959e-09,-0.0057503217
-8.307959e-09,-0.0057610926
-8.207959e-09,-0.0057675551
-8.107959e-09,-0.0057697093
-8.007959e-09,-0.0057711455
-7.907959e-09,-0.0057768899
-7.807959e-09,-0.0057905331
-7.707959e-09,-0.0058106388
-7.607959e-09,-0.0058307445
-7.507959e-09,-0.0058422335
-7.407959e-09,-0.005836489
-7.307959e-09,-0.0058106388
-7.207959e-09,-0.0057704274
-7.107959e-09,-0.0057251896
-7.007959e-09,-0.0056871324
-6.907959e-09,-0.0056627183
-6.807959e-09,-0.0056526654
-6.707959e-09,-0.0056490751
-6.607959e-09,-0.0056411765
-6.507959e-09,-0.0056196347
-6.407959e-09,-0.0055794233
-6.307959e-09,-0.0055234145
-6.207959e-09,-0.0054573529
-6.107959e-09,-0.0053891372
-6.007959e-09,-0.0053245117
-5.907959e-09,-0.0052641946
-5.807959e-09,-0.0052045956
-5.707959e-09,-0.0051421243
-5.607959e-09,-0.0050731905
-5.507959e-09,-0.0049949219
-5.407959e-09,-0.0049058824
-5.307959e-09,-0.0048053539
-5.207959e-09,-0.0046933364
-5.107959e-09,-0.0045691119
-5.007959e-09,-0.0044348346
-4.907959e-09,-0.0042933766
-4.807959e-09,-0.0041504825
-4.707959e-09,-0.0040126149
-4.607959e-09,-0.003883364
-4.507959e-09,-0.0037634478
-4.407959e-09,-0.003647122
-4.307959e-09,-0.003528642
-4.207959e-09,-0.0034008272
-4.107959e-09,-0.0032600873
-4.007959e-09,-0.0031078585
-3.907959e-09,-0.002949167
-3.807959e-09,-0.0027919118
-3.707959e-09,-0.0026396829
-3.607959e-09,-0.0024946347
-3.507959e-09,-0.0023553309
-3.407959e-09,-0.0022174632
-3.307959e-09,-0.0020803136
-3.207959e-09,-0.0019460363
-3.107959e-09,-0.0018182215
-3.007959e-09,-0.0017004596
-2.907959e-09,-0.0015949046
-2.807959e-09,-0.0014994026
-2.707959e-09,-0.0014060547
-2.607959e-09,-0.0013098346
-2.507959e-09,-0.0012057158
-2.407959e-09,-0.0010951344
-2.307959e-09,-0.00098527114
-2.207959e-09,-0.00088474265
-2.107959e-09,-0.00080144761
-2.007959e-09,-0.00073610409
-1.907959e-09,-0.0006829676
-1.807959e-09,-0.00063198529
-1.707959e-09,-0.0005716682
-1.607959e-09,-0.00049770795
-1.507959e-09,-0.00041082261
-1.407959e-09,-0.00032178309
-1.307959e-09,-0.00024351448
-1.207959e-09,-0.00018822381
-1.107959e-09,-0.00015806526
-1.007959e-09,-0.00014944853
-9.079592e-10,-0.00015016659
-8.079592e-10,-0.00014657629
-7.079592e-10,-0.00012790671
-6.079592e-10,-9.2003676e-05
-5.079592e-10,-4.3893612e-05
-4.079592e-10,4.9345129e-06
-3.079592e-10,4.514591e-05
-2.079592e-10,6.8841912e-05
-1.079592e-10,7.6022518e-05
-7.959241e-12,7.1714154e-05
9.204076e-11,6.3815487e-05
1.920408e-10,5.7352941e-05
2.920408e-10,5.591682e-05
3.920408e-10,5.7352941e-05
4.920408e-10,5.8789063e-05
5.920408e-10,5.7352941e-05
6.920408e-10,5.3044577e-05
7.920408e-10,4.9454274e-05
8.920408e-10,5.0172335e-05
9.920408e-10,5.7352941e-05
1.092041e-09,7.0996094e-05
1.192041e-09,8.6793428e-05
1.292041e-09,9.900046e-05
1.392041e-09,0.00010330882
1.492041e-09,9.8282399e-05
1.592041e-09,8.7511489e-05
1.692041e-09,7.6022518e-05
1.792041e-09,6.8841912e-05
1.892041e-09,6.8123851e-05
1.992041e-09,7.1714154e-05
2.092041e-09,7.3868336e-05
2.192041e-09,6.8841912e-05
2.292041e-09,5.3762638e-05
2.392041e-09,3.1502757e-05
2.492041e-09,7.0886949e-06
2.592041e-09,-1.1580882e-05
2.692041e-09,-1.8761489e-05
2.792041e-09,-1.4453125e-05
2.892041e-09,-1.5280331e-06
2.992041e-09,1.1397059e-05
3.092041e-09,1.7859605e-05
3.192041e-09,1.283318e-05
3.292041e-09,-2.2460937e-06
3.392041e-09,-2.3069853e-05
3.492041e-09,-4.4611673e-05
3.592041e-09,-6.1845129e-05
3.692041e-09,-7.3334099e-05
3.792041e-09,-8.0514706e-05
3.892041e-09,-8.6259191e-05
3.992041e-09,-9.2721737e-05
4.092041e-09,-9.9184283e-05
4.192041e-09,-0.00010349265
4.292041e-09,-0.00010205653
4.392041e-09,-9.2721737e-05
4.492041e-09,-7.6924403e-05
4.592041e-09,-5.7536765e-05
4.692041e-09,-4.1021369e-05
4.792041e-09,-3.2404642e-05
4.892041e-09,-3.4558824e-05
4.992041e-09,-4.6047794e-05
5.092041e-09,-6.3999311e-05
5.192041e-09,-8.2668888e-05
5.292041e-09,-9.631204e-05
5.392041e-09,-0.00010349265
5.492041e-09,-0.00010277459
5.592041e-09,-9.7030101e-05
5.692041e-09,-8.8413373e-05
5.792041e-09,-8.0514706e-05
5.892041e-09,-7.4770221e-05
5.992041e-09,-7.1179917e-05
6.092041e-09,-6.9743796e-05
6.192041e-09,-6.9025735e-05
6.292041e-09,-6.8307675e-05
6.392041e-09,-6.6153493e-05
6.492041e-09,-6.2563189e-05
6.592041e-09,-5.7536765e-05
6.692041e-09,-4.9638097e-05
6.792041e-09,-3.9585248e-05
6.892041e-09,-2.6660156e-05
6.992041e-09,-1.1580882e-05
7.092041e-09,2.7803309e-06
7.192041e-09,1.4987362e-05
7.292041e-09,2.2167969e-05
7.392041e-09,2.2886029e-05
7.492041e-09,1.8577665e-05
7.592041e-09,1.283318e-05
7.692041e-09,8.5248162e-06
7.792041e-09,1.1397059e-05
7.892041e-09,2.4322151e-05
7.992041e-09,4.6582031e-05
8.092041e-09,7.4586397e-05
8.192041e-09,0.00010330882
8.292041e-09,0.00012485064
8.392041e-09,0.00013346737
8.492041e-09,0.00012915901
8.592041e-09,0.00011479779
8.692041e-09,9.7564338e-05
8.792041e-09,8.6075368e-05
8.892041e-09,8.6793428e-05
8.992041e-09,0.00010330882
9.092041e-09,0.00013203125
9.192041e-09,0.00016649816
9.292041e-09,0.00019809283
9.392041e-09,0.00021819853
9.492041e-09,0.00022322495
9.592041e-09,0.00021389017
9.692041e-09,0.00019450253
9.792041e-09,0.00017224265
9.892041e-09,0.00015285501
9.992041e-09,0.00014064798
1.009204e-08,0.00013633961
1.019204e-08,0.00013777574
1.029204e-08,0.00014280216
1.039204e-08,0.00014711052
1.049204e-08,0.00014998277
1.059204e-08,0.00014926471
1.069204e-08,0.0001456744
1.079204e-08,0.00013992992
1.089204e-08,0.00013274931
1.099204e-08,0.00012628676
1.109204e-08,0.0001219784
1.119204e-08,0.00012054228
1.129204e-08,0.0001219784
1.139204e-08,0.00012628676
1.149204e-08,0.00013203125
1.159204e-08,0.00013633961
1.169204e-08,0.0001384938
1.179204e-08,0.00013777574
1.189204e-08,0.00013418543
1.199204e-08,0.00012772289
1.209204e-08,0.00012126034
1.219204e-08,0.00011479779
1.229204e-08,0.00010833525
1.239204e-08,0.00010259076
1.249204e-08,9.6846278e-05
1.259204e-08,9.1819853e-05
1.269204e-08,8.894761e-05
1.279204e-08,8.822955e-05
1.289204e-08,9.0383732e-05
1.299204e-08,9.1819853e-05
1.309204e-08,9.0383732e-05
1.319204e-08,8.2485064e-05
1.329204e-08,6.668773e-05
1.339204e-08,4.5863971e-05
1.349204e-08,2.4322151e-05
1.359204e-08,7.8067555e-06
1.369204e-08,3.4983915e-06
1.379204e-08,1.1397059e-05
1.389204e-08,2.9348575e-05
1.399204e-08,5.0172335e-05
1.409204e-08,6.5251608e-05
1.419204e-08,6.8841912e-05
1.429204e-08,5.8071002e-05
1.439204e-08,3.4375e-05
1.449204e-08,5.6525735e-06
1.459204e-08,-2.3069853e-05
1.469204e-08,-4.5329733e-05
1.479204e-08,-5.8254825e-05
1.489204e-08,-6.1845129e-05
1.499204e-08,-5.7536765e-05
1.509204e-08,-4.7483915e-05
1.519204e-08,-3.3840763e-05
1.529204e-08,-2.0915671e-05
1.539204e-08,-1.1580882e-05
1.549204e-08,-1.1580882e-05
1.559204e-08,-2.5224035e-05
1.569204e-08,-5.3228401e-05
1.579204e-08,-9.2003676e-05
1.589204e-08,-0.00013293313
1.599204e-08,-0.00016596392
1.609204e-08,-0.00018032514
1.619204e-08,-0.00017242647
1.629204e-08,-0.00014585823
1.639204e-08,-0.00011139131
1.649204e-08,-8.1950827e-05
1.659204e-08,-6.9025735e-05
1.669204e-08,-7.7642463e-05
1.679204e-08,-0.00010277459
1.689204e-08,-0.00013508732
1.699204e-08,-0.0001609375
1.709204e-08,-0.00017099035
1.719204e-08,-0.00016309168
1.729204e-08,-0.00014154986
1.739204e-08,-0.00011498162
1.749204e-08,-9.3439798e-05
1.759204e-08,-8.1950827e-05
1.769204e-08,-8.2668888e-05
1.779204e-08,-9.2003676e-05
1.789204e-08,-0.00010421071
1.799204e-08,-0.00011498162
1.809204e-08,-0.00012216222
1.819204e-08,-0.00012647059
1.829204e-08,-0.00012862477
1.839204e-08,-0.00012934283
1.849204e-08,-0.00012862477
1.859204e-08,-0.00012647059
1.869204e-08,-0.00012144416
1.879204e-08,-0.00011498162
1.889204e-08,-0.00010851907
1.899204e-08,-0.00010349265
1.909204e-08,-0.00010205653
1.919204e-08,-0.00010349265
1.929204e-08,-0.00010492877
1.939204e-08,-0.00010349265
1.949204e-08,-9.7748162e-05
1.959204e-08,-8.6259191e-05
1.969204e-08,-7.1897978e-05
1.979204e-08,-5.7536765e-05
1.989204e-08,-4.5329733e-05
1.999204e-08,-3.7431066e-05
2.009204e-08,-3.3840763e-05
2.019204e-08,-3.4558824e-05
2.029204e-08,-3.9585248e-05
2.039204e-08,-4.8201976e-05
2.049204e-08,-6.2563189e-05
2.059204e-08,-8.0514706e-05
2.069204e-08,-0.00010133847
2.079204e-08,-0.0001207261
2.089204e-08,-0.00013365119
2.099204e-08,-0.00013795956
2.109204e-08,-0.00013221507
2.119204e-08,-0.0001207261
2.129204e-08,-0.00010851907
2.139204e-08,-0.00010349265
2.149204e-08,-0.00010923713
2.159204e-08,-0.00012575253
2.169204e-08,-0.00014873047
2.179204e-08,-0.00017242647
2.189204e-08,-0.00018894187
2.199204e-08,-0.00019540441
2.209204e-08,-0.00019253217
2.219204e-08,-0.00018391544
2.229204e-08,-0.00017673483
2.239204e-08,-0.0001774529
2.249204e-08,-0.00018750574
2.259204e-08,-0.00020689338
2.269204e-08,-0.00023130744
2.279204e-08,-0.00025500345
2.289204e-08,-0.00027439108
2.299204e-08,-0.00028731618
2.309204e-08,-0.00029377872
2.319204e-08,-0.0002959329
2.329204e-08,-0.00029736903
2.339204e-08,-0.00029880515
2.349204e-08,-0.00030167739
2.359204e-08,-0.00030598575
2.369204e-08,-0.000308858
2.379204e-08,-0.00031029412
2.389204e-08,-0.00030957606
2.399204e-08,-0.00030742187
2.409204e-08,-0.00030742187
2.419204e-08,-0.00031029412
2.429204e-08,-0.00031747472
2.439204e-08,-0.00032824563
2.449204e-08,-0.00033829848
2.459204e-08,-0.00034476103
2.469204e-08,-0.00034332491
2.479204e-08,-0.000332554
2.489204e-08,-0.0003160386
2.499204e-08,-0.00029880515
2.509204e-08,-0.00028588006
2.519204e-08,-0.00028300781
2.529204e-08,-0.00028803424
2.539204e-08,-0.00029880515
2.549204e-08,-0.00030742187
2.559204e-08,-0.00030742187
2.569204e-08,-0.0002959329
2.579204e-08,-0.00027582721
2.589204e-08,-0.00025500345
2.599204e-08,-0.00024136029
2.609204e-08,-0.00024064223
2.619204e-08,-0.00025284926
2.629204e-08,-0.0002722369
2.639204e-08,-0.00028947036
2.649204e-08,-0.00029521484
2.659204e-08,-0.00028731618
2.669204e-08,-0.0002686466
2.679204e-08,-0.00024710478
2.689204e-08,-0.00023202551
2.699204e-08,-0.00022987132
2.709204e-08,-0.00023920611
2.719204e-08,-0.00025500345
2.729204e-08,-0.0002686466
2.739204e-08,-0.00027582721
2.749204e-08,-0.00027654527
2.759204e-08,-0.00027439108
2.769204e-08,-0.00027726333
2.779204e-08,-0.00028731618
2.789204e-08,-0.00030383157
2.799204e-08,-0.00031962891
2.809204e-08,-0.00032752757
2.819204e-08,-0.00032178309
2.829204e-08,-0.00030454963
2.839204e-08,-0.00028372587
2.849204e-08,-0.00027080078
2.859204e-08,-0.00027582721
2.869204e-08,-0.00030024127
2.879204e-08,-0.00033901654
2.889204e-08,-0.00038066406
2.899204e-08,-0.00041369485
2.909204e-08,-0.00043164637
2.919204e-08,-0.00043595473
2.929204e-08,-0.00043451861
2.939204e-08,-0.00043667279
2.949204e-08,-0.00044887983
2.959204e-08,-0.00047257583
2.969204e-08,-0.00050129825
2.979204e-08,-0.00052858456
2.989204e-08,-0.00054725414
2.999204e-08,-0.00055658892
3.009204e-08,-0.00056017923
3.019204e-08,-0.00056305147
3.029204e-08,-0.00057095014
3.039204e-08,-0.00058531135
3.049204e-08,-0.00060326287
3.059204e-08,-0.00062049632
3.069204e-08,-0.00063485754
3.079204e-08,-0.00064491039
3.089204e-08,-0.00065424517
3.099204e-08,-0.00066645221
3.109204e-08,-0.00068224954
3.119204e-08,-0.00070020106
3.129204e-08,-0.00071528033
3.139204e-08,-0.00072389706
3.149204e-08,-0.000723179
3.159204e-08,-0.00071528033
3.169204e-08,-0.00070594554
3.179204e-08,-0.00070091912
3.189204e-08,-0.0007030733
3.199204e-08,-0.00071312615
3.209204e-08,-0.00072533318
3.219204e-08,-0.00073538603
3.229204e-08,-0.00074113051
3.239204e-08,-0.0007432847
3.249204e-08,-0.000746875
3.259204e-08,-0.00075836397
3.269204e-08,-0.00077990579
3.279204e-08,-0.00080862822
3.289204e-08,-0.00083878676
3.299204e-08,-0.00086176471
3.309204e-08,-0.00087038143
3.319204e-08,-0.00086391889
3.329204e-08,-0.00084668543
3.339204e-08,-0.00082729779
3.349204e-08,-0.00081509076
3.359204e-08,-0.00081509076
3.369204e-08,-0.00082873392
3.379204e-08,-0.00085027574
3.389204e-08,-0.00087397174
3.399204e-08,-0.00089335937
3.409204e-08,-0.00090484835
3.419204e-08,-0.00090772059
3.429204e-08,-0.00090341222
3.439204e-08,-0.00089551356
3.449204e-08,-0.00088474265
3.459204e-08,-0.00087325368
3.469204e-08,-0.00086320083
3.479204e-08,-0.0008545841
3.489204e-08,-0.00085027574
3.499204e-08,-0.00085027574
3.509204e-08,-0.00085386604
3.519204e-08,-0.00085889246
3.529204e-08,-0.00086248277
3.539204e-08,-0.00086176471
3.549204e-08,-0.00085530216
3.559204e-08,-0.00084524931
3.569204e-08,-0.0008344784
3.579204e-08,-0.00082729779
3.589204e-08,-0.00082657973
3.599204e-08,-0.00083232422
3.609204e-08,-0.00084165901
3.619204e-08,-0.00085027574
3.629204e-08,-0.0008545841
3.639204e-08,-0.00085171186
3.649204e-08,-0.00084237707
3.659204e-08,-0.00082729779
3.669204e-08,-0.0008107824
3.679204e-08,-0.00079642119
3.689204e-08,-0.00078565028
3.699204e-08,-0.00078134191
3.709204e-08,-0.00078349609
3.719204e-08,-0.00079283088
3.729204e-08,-0.00080791016
3.739204e-08,-0.00082729779
3.749204e-08,-0.00084740349
3.759204e-08,-0.00086391889
3.769204e-08,-0.00087325368
3.779204e-08,-0.00087325368
3.789204e-08,-0.00086535501
3.799204e-08,-0.00085314798
3.809204e-08,-0.00084309513
3.819204e-08,-0.00083878676
3.829204e-08,-0.00084453125
3.839204e-08,-0.00085889246
3.849204e-08,-0.0008782801
3.859204e-08,-0.00089623162
3.869204e-08,-0.00090772059
3.879204e-08,-0.00090987477
3.889204e-08,-0.00090413028
3.899204e-08,-0.00089623162
3.909204e-08,-0.00089120519
3.919204e-08,-0.0008947955
3.929204e-08,-0.00090843865
3.939204e-08,-0.00093069853
3.949204e-08,-0.00095654871
3.959204e-08,-0.00098168084
3.969204e-08,-0.0010003504
3.979204e-08,-0.0010111213
3.989204e-08,-0.0010154297
3.999204e-08,-0.0010168658
4.009204e-08,-0.0010183019
4.019204e-08,-0.0010226103
4.029204e-08,-0.0010319451
4.039204e-08,-0.0010455882
4.049204e-08,-0.0010621036
4.059204e-08,-0.0010800551
4.069204e-08,-0.0010972886
4.079204e-08,-0.0011123679
4.089204e-08,-0.001126011
4.099204e-08,-0.0011375
4.109204e-08,-0.0011468348
4.119204e-08,-0.0011532973
4.129204e-08,-0.0011576057
4.139204e-08,-0.0011604779
4.149204e-08,-0.0011626321
4.159204e-08,-0.0011640682
4.169204e-08,-0.0011669405
4.179204e-08,-0.0011719669
4.189204e-08,-0.0011784295
4.199204e-08,-0.0011870462
4.209204e-08,-0.001196381
4.219204e-08,-0.0012064338
4.229204e-08,-0.0012157686
4.239204e-08,-0.0012243853
4.249204e-08,-0.0012286937
4.259204e-08,-0.0012294118
4.269204e-08,-0.0012243853
4.279204e-08,-0.0012157686
4.289204e-08,-0.0012042796
4.299204e-08,-0.0011949449
4.309204e-08,-0.0011906365
4.319204e-08,-0.0011935087
4.329204e-08,-0.0012042796
4.339204e-08,-0.0012179228
4.349204e-08,-0.0012294118
4.359204e-08,-0.0012330021
4.369204e-08,-0.0012251034
4.379204e-08,-0.0012064338
4.389204e-08,-0.0011820198
4.399204e-08,-0.0011604779
4.409204e-08,-0.0011475528
4.419204e-08,-0.001148989
4.429204e-08,-0.0011626321
4.439204e-08,-0.0011820198
4.449204e-08,-0.0011992532
4.459204e-08,-0.0012064338
4.469204e-08,-0.0011992532
4.479204e-08,-0.0011798656
4.489204e-08,-0.0011525793
4.499204e-08,-0.001126011
4.509204e-08,-0.0011073415
4.519204e-08,-0.0010994428
4.529204e-08,-0.0011030331
4.539204e-08,-0.0011145221
4.549204e-08,-0.0011288833
4.559204e-08,-0.0011403722
4.569204e-08,-0.0011475528
4.579204e-08,-0.001148989
4.589204e-08,-0.0011446806
4.599204e-08,-0.0011375
4.609204e-08,-0.0011303194
4.619204e-08,-0.001126011
4.629204e-08,-0.0011281652
4.639204e-08,-0.0011382181
4.649204e-08,-0.0011576057
4.659204e-08,-0.0011834559
4.669204e-08,-0.0012128964
4.679204e-08,-0.0012409007
4.689204e-08,-0.0012624426
4.699204e-08,-0.0012753676
4.709204e-08,-0.0012803941
4.719204e-08,-0.001279676
4.729204e-08,-0.0012768038
4.739204e-08,-0.0012753676
4.749204e-08,-0.0012760857
4.759204e-08,-0.0012782399
4.769204e-08,-0.0012818302
4.779204e-08,-0.0012868566
4.789204e-08,-0.0012947553
4.799204e-08,-0.0013076804
4.809204e-08,-0.0013277861
4.819204e-08,-0.0013557904
4.829204e-08,-0.0013873851
4.839204e-08,-0.0014168256
4.849204e-08,-0.0014376494
4.859204e-08,-0.0014477022
4.869204e-08,-0.0014469841
4.879204e-08,-0.0014398035
4.889204e-08,-0.0014347771
4.899204e-08,-0.0014362132
4.909204e-08,-0.0014469841
4.919204e-08,-0.0014634995
4.929204e-08,-0.0014814511
4.939204e-08,-0.0014936581
4.949204e-08,-0.0014972484
4.959204e-08,-0.00149294
4.969204e-08,-0.0014857594
4.979204e-08,-0.0014821691
4.989204e-08,-0.0014864775
4.999204e-08,-0.0014994026
5.009204e-08,-0.0015187902
5.019204e-08,-0.001539614
5.029204e-08,-0.0015575655
5.039204e-08,-0.0015690545
5.049204e-08,-0.0015740809
5.059204e-08,-0.0015740809
5.069204e-08,-0.0015712086
5.079204e-08,-0.0015669003
5.089204e-08,-0.00156331
5.099204e-08,-0.0015625919
5.109204e-08,-0.0015661822
5.119204e-08,-0.0015762351
5.129204e-08,-0.0015941866
5.139204e-08,-0.0016200368
5.149204e-08,-0.0016501953
5.159204e-08,-0.0016796358
5.169204e-08,-0.0017011776
5.179204e-08,-0.0017119485
5.189204e-08,-0.0017105124
5.199204e-08,-0.0016997415
5.209204e-08,-0.0016868164
5.219204e-08,-0.0016774816
5.229204e-08,-0.0016760455
5.239204e-08,-0.001682508
5.249204e-08,-0.0016954331
5.259204e-08,-0.0017119485
5.269204e-08,-0.0017284639
5.279204e-08,-0.0017435432
5.289204e-08,-0.0017571864
5.299204e-08,-0.0017693934
5.309204e-08,-0.0017801643
5.319204e-08,-0.001788063
5.329204e-08,-0.0017916533
5.339204e-08,-0.0017923713
5.349204e-08,-0.0017916533
5.359204e-08,-0.0017938074
5.369204e-08,-0.0018017061
5.379204e-08,-0.0018153493
5.389204e-08,-0.0018318647
5.399204e-08,-0.0018469439
5.409204e-08,-0.0018534065
5.419204e-08,-0.0018498162
5.429204e-08,-0.0018376091
5.439204e-08,-0.001823966
5.449204e-08,-0.0018146312
5.459204e-08,-0.0018153493
5.469204e-08,-0.0018275563
5.479204e-08,-0.0018469439
5.489204e-08,-0.0018677677
5.499204e-08,-0.0018842831
5.509204e-08,-0.0018943359
5.519204e-08,-0.0018986443
5.529204e-08,-0.0019022346
5.539204e-08,-0.001907261
5.549204e-08,-0.0019137236
5.559204e-08,-0.00191875
5.569204e-08,-0.0019173139
5.579204e-08,-0.001907261
5.589204e-08,-0.0018914637
5.599204e-08,-0.0018756664
5.609204e-08,-0.0018677677
5.619204e-08,-0.0018727941
5.629204e-08,-0.0018914637
5.639204e-08,-0.0019165958
5.649204e-08,-0.0019402918
5.659204e-08,-0.0019532169
5.669204e-08,-0.0019517808
5.679204e-08,-0.0019374196
5.689204e-08,-0.0019158778
5.699204e-08,-0.0018957721
5.709204e-08,-0.0018806928
5.719204e-08,-0.0018727941
5.729204e-08,-0.0018706399
5.739204e-08,-0.0018727941
5.749204e-08,-0.0018792567
5.759204e-08,-0.0018914637
5.769204e-08,-0.0019122875
5.779204e-08,-0.0019417279
5.789204e-08,-0.0019754768
5.799204e-08,-0.0020056353
5.809204e-08,-0.0020264591
5.819204e-08,-0.0020336397
5.829204e-08,-0.0020314855
5.839204e-08,-0.0020271772
5.849204e-08,-0.0020300494
5.859204e-08,-0.0020451287
5.869204e-08,-0.0020702608
5.879204e-08,-0.002096829
5.889204e-08,-0.0021140625
5.899204e-08,-0.0021140625
5.909204e-08,-0.0020975471
5.919204e-08,-0.0020738511
5.929204e-08,-0.0020566176
5.939204e-08,-0.0020566176
5.949204e-08,-0.0020781595
5.959204e-08,-0.0021147806
5.969204e-08,-0.0021535558
5.979204e-08,-0.0021829963
5.989204e-08,-0.0021944853
5.999204e-08,-0.0021887408
6.009204e-08,-0.0021743796
6.019204e-08,-0.0021600184
6.029204e-08,-0.0021521197
6.039204e-08,-0.0021514017
6.049204e-08,-0.0021521197
6.059204e-08,-0.0021485294
6.069204e-08,-0.0021384766
6.079204e-08,-0.0021255515
6.089204e-08,-0.0021147806
6.099204e-08,-0.0021140625
6.109204e-08,-0.0021248334
6.119204e-08,-0.002143503
6.129204e-08,-0.0021614545
6.139204e-08,-0.0021715074
6.149204e-08,-0.0021700712
6.159204e-08,-0.0021600184
6.169204e-08,-0.0021506836
6.179204e-08,-0.0021485294
6.189204e-08,-0.0021578642
6.199204e-08,-0.0021765338
6.209204e-08,-0.0021952034
6.219204e-08,-0.0022059743
6.229204e-08,-0.0022052562
6.239204e-08,-0.0021937672
6.249204e-08,-0.0021801241
6.259204e-08,-0.0021715074
6.269204e-08,-0.0021715074
6.279204e-08,-0.002179406
6.289204e-08,-0.0021887408
6.299204e-08,-0.0021944853
6.309204e-08,-0.0021937672
6.319204e-08,-0.0021901769
6.329204e-08,-0.0021887408
6.339204e-08,-0.0021944853
6.349204e-08,-0.0022074104
6.359204e-08,-0.0022210535
6.369204e-08,-0.0022275161
6.379204e-08,-0.0022174632
6.389204e-08,-0.0021916131
6.399204e-08,-0.0021571461
6.409204e-08,-0.0021277057
6.419204e-08,-0.0021140625
6.429204e-08,-0.0021233973
6.439204e-08,-0.0021514017
6.449204e-08,-0.0021873047
6.459204e-08,-0.0022174632
6.469204e-08,-0.0022318244
6.479204e-08,-0.0022282341
6.489204e-08,-0.0022131549
6.499204e-08,-0.0021944853
6.509204e-08,-0.0021801241
6.519204e-08,-0.0021722254
6.529204e-08,-0.002167199
6.539204e-08,-0.0021600184
6.549204e-08,-0.0021478114
6.559204e-08,-0.002131296
6.569204e-08,-0.0021183709
6.579204e-08,-0.0021140625
6.589204e-08,-0.0021233973
6.599204e-08,-0.002143503
6.609204e-08,-0.0021664809
6.619204e-08,-0.0021829963
6.629204e-08,-0.0021858686
6.639204e-08,-0.0021729435
6.649204e-08,-0.0021499655
6.659204e-08,-0.0021255515
6.669204e-08,-0.0021068819
6.679204e-08,-0.0020975471
6.689204e-08,-0.0020975471
6.699204e-08,-0.0021025735
6.709204e-08,-0.002108318
6.719204e-08,-0.0021111903
6.729204e-08,-0.0021133444
6.739204e-08,-0.0021140625
6.749204e-08,-0.0021154986
6.759204e-08,-0.0021162167
6.769204e-08,-0.0021162167
6.779204e-08,-0.0021140625
6.789204e-08,-0.0021119083
6.799204e-08,-0.0021140625
6.809204e-08,-0.0021219612
6.819204e-08,-0.0021370404
6.829204e-08,-0.00215571
6.839204e-08,-0.0021700712
6.849204e-08,-0.0021722254
6.859204e-08,-0.0021600184
6.869204e-08,-0.0021348863
6.879204e-08,-0.0021054458
6.889204e-08,-0.002083904
6.899204e-08,-0.0020795956
6.909204e-08,-0.0020939568
6.919204e-08,-0.0021233973
6.929204e-08,-0.0021564281
6.939204e-08,-0.0021829963
6.949204e-08,-0.0021973575
6.959204e-08,-0.0022002298
6.969204e-08,-0.0021973575
6.979204e-08,-0.0021944853
6.989204e-08,-0.0021959214
6.999204e-08,-0.0022009478
7.009204e-08,-0.0022059743
7.019204e-08,-0.0022059743
7.029204e-08,-0.0022016659
7.039204e-08,-0.0021980756
7.049204e-08,-0.0022016659
7.059204e-08,-0.0022174632
7.069204e-08,-0.0022469037
7.079204e-08,-0.0022820887
7.089204e-08,-0.0023144014
7.099204e-08,-0.0023323529
7.109204e-08,-0.0023316349
7.119204e-08,-0.0023158375
7.129204e-08,-0.0022928596
7.139204e-08,-0.0022749081
7.149204e-08,-0.0022684455
7.159204e-08,-0.0022763442
7.169204e-08,-0.0022921415
7.179204e-08,-0.002309375
7.189204e-08,-0.0023201459
7.199204e-08,-0.0023230182
7.209204e-08,-0.0023179917
7.219204e-08,-0.002309375
7.229204e-08,-0.0023014763
7.239204e-08,-0.0022950138
7.249204e-08,-0.0022899874
7.259204e-08,-0.0022863971
7.269204e-08,-0.0022842429
7.279204e-08,-0.0022871151
7.289204e-08,-0.0022950138
7.299204e-08,-0.002309375
7.309204e-08,-0.0023251723
7.319204e-08,-0.0023345071
7.329204e-08,-0.0023309168
7.339204e-08,-0.002309375
7.349204e-08,-0.00227419
7.359204e-08,-0.0022346967
7.369204e-08,-0.0022045381
7.379204e-08,-0.0021944853
7.389204e-08,-0.0022074104
7.399204e-08,-0.002238287
7.409204e-08,-0.0022763442
7.419204e-08,-0.002309375
7.429204e-08,-0.0023287626
7.439204e-08,-0.0023337891
7.449204e-08,-0.0023287626
7.459204e-08,-0.002320864
7.469204e-08,-0.0023158375
7.479204e-08,-0.0023136834
7.489204e-08,-0.0023129653
7.499204e-08,-0.002309375
7.509204e-08,-0.0023029125
7.519204e-08,-0.002297168
7.529204e-08,-0.002297886
7.539204e-08,-0.002309375
7.549204e-08,-0.0023323529
7.559204e-08,-0.0023610754
7.569204e-08,-0.0023869256
7.579204e-08,-0.0024012868
7.589204e-08,-0.0024020048
7.599204e-08,-0.002391952
7.609204e-08,-0.0023811811
7.619204e-08,-0.0023783088
7.629204e-08,-0.0023890797
7.639204e-08,-0.0024113396
7.649204e-08,-0.0024379079
7.659204e-08,-0.0024587316
7.669204e-08,-0.0024673483
7.679204e-08,-0.0024616039
7.689204e-08,-0.0024486788
7.699204e-08,-0.0024357537
7.709204e-08,-0.0024300092
7.719204e-08,-0.0024335995
7.729204e-08,-0.0024443704
7.739204e-08,-0.0024587316
7.749204e-08,-0.0024709386
7.759204e-08,-0.0024802734
7.769204e-08,-0.002486736
7.779204e-08,-0.0024931985
7.789204e-08,-0.0025003791
7.799204e-08,-0.0025068417
7.809204e-08,-0.0025089959
7.819204e-08,-0.0025046875
7.829204e-08,-0.0024931985
7.839204e-08,-0.0024795554
7.849204e-08,-0.0024695025
7.859204e-08,-0.0024702206
7.869204e-08,-0.0024838637
7.879204e-08,-0.0025089959
7.889204e-08,-0.0025377183
7.899204e-08,-0.0025621324
7.909204e-08,-0.0025772116
7.919204e-08,-0.0025822381
7.929204e-08,-0.0025786477
7.939204e-08,-0.0025736213
7.949204e-08,-0.0025707491
7.959204e-08,-0.0025714671
7.969204e-08,-0.0025772116
7.979204e-08,-0.0025851103
7.989204e-08,-0.0025958812
7.999204e-08,-0.0026102424
8.009204e-08,-0.002628912
8.019204e-08,-0.0026540441
8.029204e-08,-0.0026813304
8.039204e-08,-0.0027064625
8.049204e-08,-0.0027215418
8.059204e-08,-0.0027229779
8.069204e-08,-0.002711489
8.079204e-08,-0.0026928194
8.089204e-08,-0.0026748679
8.099204e-08,-0.0026655331
8.109204e-08,-0.0026684053
8.119204e-08,-0.0026813304
8.129204e-08,-0.0026985639
8.139204e-08,-0.002711489
8.149204e-08,-0.0027172335
8.159204e-08,-0.0027157973
8.169204e-08,-0.002712207
8.179204e-08,-0.002711489
8.189204e-08,-0.0027179515
8.199204e-08,-0.0027301585
8.209204e-08,-0.0027452378
8.219204e-08,-0.0027574449
8.229204e-08,-0.0027639074
8.239204e-08,-0.0027660616
8.249204e-08,-0.0027667796
8.259204e-08,-0.0027689338
8.269204e-08,-0.0027746783
8.279204e-08,-0.0027797047
8.289204e-08,-0.0027797047
8.299204e-08,-0.0027689338
8.309204e-08,-0.0027459559
8.319204e-08,-0.0027150793
8.329204e-08,-0.0026849207
8.339204e-08,-0.0026655331
8.349204e-08,-0.002664097
8.359204e-08,-0.0026798943
8.369204e-08,-0.0027064625
8.379204e-08,-0.0027344669
8.389204e-08,-0.0027524184
8.399204e-08,-0.0027560087
8.409204e-08,-0.0027438017
8.419204e-08,-0.0027229779
8.429204e-08,-0.0027
8.439204e-08,-0.0026813304
8.449204e-08,-0.0026705595
8.459204e-08,-0.0026655331
8.469204e-08,-0.002664097
8.479204e-08,-0.002664097
8.489204e-08,-0.002664097
8.499204e-08,-0.0026655331
8.509204e-08,-0.0026698415
8.519204e-08,-0.002676304
8.529204e-08,-0.0026834846
8.539204e-08,-0.002688511
8.549204e-08,-0.002687793
8.559204e-08,-0.0026798943
8.569204e-08,-0.0026669692
8.579204e-08,-0.0026540441
8.589204e-08,-0.0026461455
8.599204e-08,-0.0026475816
8.609204e-08,-0.0026590705
8.619204e-08,-0.0026770221
8.629204e-08,-0.0026978458
8.639204e-08,-0.0027157973
8.649204e-08,-0.0027280044
8.659204e-08,-0.0027344669
8.669204e-08,-0.0027373392
8.679204e-08,-0.0027409295
8.689204e-08,-0.0027466739
8.699204e-08,-0.0027574449
8.709204e-08,-0.0027718061
8.719204e-08,-0.0027897576
8.729204e-08,-0.0028084272
8.739204e-08,-0.0028263787
8.749204e-08,-0.0028436121
8.759204e-08,-0.0028594095
8.769204e-08,-0.0028730526
8.779204e-08,-0.0028838235
8.789204e-08,-0.002889568
8.799204e-08,-0.0028910041
8.809204e-08,-0.0028881319
8.819204e-08,-0.0028838235
8.829204e-08,-0.0028809513
8.839204e-08,-0.0028831055
8.849204e-08,-0.0028917222
8.859204e-08,-0.0029068015
8.869204e-08,-0.002924753
8.879204e-08,-0.0029405503
8.889204e-08,-0.0029506032
8.899204e-08,-0.0029527574
8.909204e-08,-0.0029470129
8.919204e-08,-0.0029383961
8.929204e-08,-0.0029304975
8.939204e-08,-0.0029297794
8.949204e-08,-0.0029376781
8.959204e-08,-0.0029527574
8.969204e-08,-0.0029714269
8.979204e-08,-0.0029872243
8.989204e-08,-0.002995841
8.999204e-08,-0.0029951229
9.009204e-08,-0.0029872243
9.019204e-08,-0.0029757353
9.029204e-08,-0.0029664005
9.039204e-08,-0.0029635283
9.049204e-08,-0.0029678366
9.059204e-08,-0.0029757353
9.069204e-08,-0.002984352
9.079204e-08,-0.0029893784
9.089204e-08,-0.0029893784
9.099204e-08,-0.0029872243
9.109204e-08,-0.0029857881
9.119204e-08,-0.0029886604
9.129204e-08,-0.0029972771
9.139204e-08,-0.0030102022
9.149204e-08,-0.0030224092
9.159204e-08,-0.0030288718
9.169204e-08,-0.0030281537
9.179204e-08,-0.0030216912
9.189204e-08,-0.0030130744
9.199204e-08,-0.0030087661
9.209204e-08,-0.0030123564
9.219204e-08,-0.0030216912
9.229204e-08,-0.0030338982
9.239204e-08,-0.0030417969
9.249204e-08,-0.0030410788
9.259204e-08,-0.0030331801
9.269204e-08,-0.0030224092
9.279204e-08,-0.0030166648
9.289204e-08,-0.0030231273
9.299204e-08,-0.0030446691
9.309204e-08,-0.0030769818
9.319204e-08,-0.0031107307
9.329204e-08,-0.0031365809
9.339204e-08,-0.0031480699
9.349204e-08,-0.0031444795
9.359204e-08,-0.0031322725
9.369204e-08,-0.0031193474
9.379204e-08,-0.0031136029
9.389204e-08,-0.0031171932
9.399204e-08,-0.0031279642
9.409204e-08,-0.0031401712
9.419204e-08,-0.0031480699
9.429204e-08,-0.003149506
9.439204e-08,-0.0031466337
9.449204e-08,-0.0031451976
9.459204e-08,-0.0031480699
9.469204e-08,-0.0031566866
9.479204e-08,-0.0031674575
9.489204e-08,-0.00317392
9.499204e-08,-0.0031710478
9.509204e-08,-0.0031581227
9.519204e-08,-0.0031387351
9.529204e-08,-0.0031215016
9.539204e-08,-0.0031136029
9.549204e-08,-0.0031179113
9.559204e-08,-0.0031315545
9.569204e-08,-0.0031480699
9.579204e-08,-0.0031595588
9.589204e-08,-0.0031609949
9.599204e-08,-0.0031538143
9.609204e-08,-0.0031430434
9.619204e-08,-0.0031365809
9.629204e-08,-0.0031387351
9.639204e-08,-0.0031509421
9.649204e-08,-0.0031674575
9.659204e-08,-0.0031825368
9.669204e-08,-0.0031904354
9.679204e-08,-0.0031889993
9.689204e-08,-0.0031811006
9.699204e-08,-0.0031710478
9.709204e-08,-0.0031638672
9.719204e-08,-0.0031609949
9.729204e-08,-0.0031602769
9.739204e-08,-0.0031595588
9.749204e-08,-0.0031559685
9.759204e-08,-0.0031509421
9.769204e-08,-0.0031466337
9.779204e-08,-0.0031480699
9.789204e-08,-0.0031581227
9.799204e-08,-0.0031760742
9.809204e-08,-0.003197616
9.819204e-08,-0.0032170037
9.829204e-08,-0.0032284926
9.839204e-08,-0.0032292107
9.849204e-08,-0.0032198759
9.859204e-08,-0.0032055147
9.869204e-08,-0.0031904354
9.879204e-08,-0.0031782284
9.889204e-08,-0.0031717659
9.899204e-08,-0.0031710478
9.909204e-08,-0.0031746381
9.919204e-08,-0.0031825368
9.929204e-08,-0.0031933077
9.939204e-08,-0.0032055147
9.949204e-08,-0.0032184398
9.959204e-08,-0.0032284926
9.969204e-08,-0.003232083
9.979204e-08,-0.0032284926
9.989204e-08,-0.0032170037
9.999204e-08,-0.0032004883
1.00092e-07,-0.0031832548
1.00192e-07,-0.0031710478
1.00292e-07,-0.0031653033
1.00392e-07,-0.0031667394
1.00492e-07,-0.0031696117
1.00592e-07,-0.0031710478
1.00692e-07,-0.0031667394
1.00792e-07,-0.0031552505
1.00892e-07,-0.0031401712
1.00992e-07,-0.0031250919
1.01092e-07,-0.0031157571
1.01192e-07,-0.003114321
1.01292e-07,-0.0031222197
1.01392e-07,-0.0031365809
1.01492e-07,-0.0031530963
1.01592e-07,-0.0031688936
1.01692e-07,-0.0031789465
1.01792e-07,-0.0031825368
1.01892e-07,-0.0031775103
1.01992e-07,-0.0031653033
1.02092e-07,-0.0031466337
1.02192e-07,-0.0031250919
1.02292e-07,-0.0031042682
1.02392e-07,-0.0030899069
1.02492e-07,-0.0030848805
1.02592e-07,-0.003090625
1.02692e-07,-0.0031064223
1.02792e-07,-0.003126528
1.02892e-07,-0.0031466337
1.02992e-07,-0.0031595588
1.03092e-07,-0.0031638672
1.03192e-07,-0.0031588408
1.03292e-07,-0.0031480699
1.03392e-07,-0.0031365809
1.03492e-07,-0.0031279642
1.03592e-07,-0.0031229377
1.03692e-07,-0.0031229377
1.03792e-07,-0.0031250919
1.03892e-07,-0.0031279642
1.03992e-07,-0.0031308364
1.04092e-07,-0.0031329906
1.04192e-07,-0.0031365809
1.04292e-07,-0.0031408892
1.04392e-07,-0.0031451976
1.04492e-07,-0.0031480699
1.04592e-07,-0.0031480699
1.04692e-07,-0.0031444795
1.04792e-07,-0.003138017
1.04892e-07,-0.0031308364
1.04992e-07,-0.0031250919
1.05092e-07,-0.0031229377
1.05192e-07,-0.00312581
1.05292e-07,-0.0031308364
1.05392e-07,-0.0031365809
1.05492e-07,-0.0031416073
1.05592e-07,-0.0031451976
1.05692e-07,-0.0031466337
1.05792e-07,-0.0031480699
1.05892e-07,-0.003149506
1.05992e-07,-0.0031523782
1.06092e-07,-0.0031559685
1.06192e-07,-0.0031595588
1.06292e-07,-0.0031631491
1.06392e-07,-0.0031667394
1.06492e-07,-0.0031696117
1.06592e-07,-0.0031710478
1.06692e-07,-0.0031717659
1.06792e-07,-0.0031717659
1.06892e-07,-0.0031710478
1.06992e-07,-0.0031710478
1.07092e-07,-0.003173202
1.07192e-07,-0.0031796645
1.07292e-07,-0.0031911535
1.07392e-07,-0.0032055147
1.07492e-07,-0.003221312
1.07592e-07,-0.0032356733
1.07692e-07,-0.0032457261
1.07792e-07,-0.0032514706
1.07892e-07,-0.0032536248
1.07992e-07,-0.0032543428
1.08092e-07,-0.0032572151
1.08192e-07,-0.0032629596
1.08292e-07,-0.0032715763
1.08392e-07,-0.0032809111
1.08492e-07,-0.0032895278
1.08592e-07,-0.0032974265
1.08692e-07,-0.0033060432
1.08792e-07,-0.0033175322
1.08892e-07,-0.0033340476
1.08992e-07,-0.0033548713
1.09092e-07,-0.0033756951
1.09192e-07,-0.0033929285
1.09292e-07,-0.0034008272
1.09392e-07,-0.0034008272
1.09492e-07,-0.0033958008
1.09592e-07,-0.0033936466
1.09692e-07,-0.0034022633
1.09792e-07,-0.0034238051
1.09892e-07,-0.0034568359
1.09992e-07,-0.0034941751
1.10092e-07,-0.0035243336
1.10192e-07,-0.0035386949
1.10292e-07,-0.0035336684
1.10392e-07,-0.0035142808
1.10492e-07,-0.0034891487
1.10592e-07,-0.003469761
1.10692e-07,-0.0034647346
1.10792e-07,-0.0034755055
1.10892e-07,-0.0034992015
1.10992e-07,-0.0035272059
1.11092e-07,-0.0035509019
1.11192e-07,-0.0035652631
1.11292e-07,-0.0035674173
1.11392e-07,-0.0035616728
1.11492e-07,-0.0035509019
1.11592e-07,-0.0035386949
1.11692e-07,-0.0035272059
1.11792e-07,-0.0035157169
1.11892e-07,-0.003504946
1.11992e-07,-0.0034963293
1.12092e-07,-0.0034913028
1.12192e-07,-0.003492739
1.12292e-07,-0.0035013557
1.12392e-07,-0.003517153
1.12492e-07,-0.0035351045
1.12592e-07,-0.0035501838
1.12692e-07,-0.0035580825
1.12792e-07,-0.0035559283
1.12892e-07,-0.0035444393
1.12992e-07,-0.0035272059
1.13092e-07,-0.0035085363
1.13192e-07,-0.003493457
1.13292e-07,-0.0034841222
1.13392e-07,-0.00348125
1.13492e-07,-0.0034834042
1.13592e-07,-0.0034877125
1.13692e-07,-0.0034913028
1.13792e-07,-0.003492739
1.13892e-07,-0.0034898667
1.13992e-07,-0.0034826861
1.14092e-07,-0.0034711972
1.14192e-07,-0.0034582721
1.14292e-07,-0.0034467831
1.14392e-07,-0.0034403205
1.14492e-07,-0.0034403205
1.14592e-07,-0.0034467831
1.14692e-07,-0.0034582721
1.14792e-07,-0.0034704791
1.14892e-07,-0.0034790958
1.14992e-07,-0.00348125
1.15092e-07,-0.0034769416
1.15192e-07,-0.0034668888
1.15292e-07,-0.0034561179
1.15392e-07,-0.0034467831
1.15492e-07,-0.0034410386
1.15592e-07,-0.0034403205
1.15692e-07,-0.0034424747
1.15792e-07,-0.0034467831
1.15892e-07,-0.0034525276
1.15992e-07,-0.0034589901
1.16092e-07,-0.0034647346
1.16192e-07,-0.003469761
1.16292e-07,-0.0034711972
1.16392e-07,-0.0034676068
1.16492e-07,-0.0034589901
1.16592e-07,-0.0034467831
1.16692e-07,-0.0034352941
1.16792e-07,-0.0034302677
1.16892e-07,-0.003433858
1.16992e-07,-0.0034467831
1.17092e-07,-0.0034647346
1.17192e-07,-0.0034819681
1.17292e-07,-0.0034920209
1.17392e-07,-0.003492739
1.17492e-07,-0.0034855584
1.17592e-07,-0.0034762236
1.17692e-07,-0.003469761
1.17792e-07,-0.003469761
1.17892e-07,-0.0034762236
1.17992e-07,-0.0034855584
1.18092e-07,-0.0034920209
1.18192e-07,-0.003492739
1.18292e-07,-0.0034891487
1.18392e-07,-0.0034855584
1.18492e-07,-0.0034855584
1.18592e-07,-0.003492739
1.18692e-07,-0.003504946
1.18792e-07,-0.003516435
1.18892e-07,-0.0035207433
1.18992e-07,-0.0035157169
1.19092e-07,-0.0035027918
1.19192e-07,-0.0034898667
1.19292e-07,-0.0034841222
1.19392e-07,-0.003492739
1.19492e-07,-0.0035142808
1.19592e-07,-0.0035415671
1.19692e-07,-0.003563827
1.19792e-07,-0.0035731618
1.19892e-07,-0.0035659812
1.19992e-07,-0.0035458755
1.20092e-07,-0.0035221795
1.20192e-07,-0.0035042279
1.20292e-07,-0.0034984835
1.20392e-07,-0.0035042279
1.20492e-07,-0.003516435
1.20592e-07,-0.0035272059
1.20692e-07,-0.0035329504
1.20792e-07,-0.0035322323
1.20892e-07,-0.003528642
1.20992e-07,-0.0035272059
1.21092e-07,-0.0035300781
1.21192e-07,-0.0035351045
1.21292e-07,-0.0035394129
1.21392e-07,-0.0035386949
1.21492e-07,-0.0035322323
1.21592e-07,-0.0035243336
1.21692e-07,-0.0035207433
1.21792e-07,-0.0035272059
1.21892e-07,-0.0035444393
1.21992e-07,-0.0035695715
1.22092e-07,-0.0035925494
1.22192e-07,-0.0036076287
1.22292e-07,-0.0036105009
1.22392e-07,-0.0036033203
1.22492e-07,-0.0035954216
1.22592e-07,-0.0035961397
1.22692e-07,-0.003611219
1.22792e-07,-0.0036406595
1.22892e-07,-0.0036772806
1.22992e-07,-0.0037110294
1.23092e-07,-0.0037318532
1.23192e-07,-0.0037368796
1.23292e-07,-0.0037275448
1.23392e-07,-0.0037110294
1.23492e-07,-0.0036966682
1.23592e-07,-0.0036887695
1.23692e-07,-0.0036909237
1.23792e-07,-0.0036995404
1.23892e-07,-0.0037117475
1.23992e-07,-0.0037232364
1.24092e-07,-0.0037347254
1.24192e-07,-0.0037454963
1.24292e-07,-0.0037569853
1.24392e-07,-0.0037691923
1.24492e-07,-0.0037813994
1.24592e-07,-0.0037914522
1.24692e-07,-0.0037986328
1.24792e-07,-0.0038036592
1.24892e-07,-0.0038079676
1.24992e-07,-0.0038144301
1.25092e-07,-0.003824483
1.25192e-07,-0.00383669
1.25292e-07,-0.0038496151
1.25392e-07,-0.003860386
1.25492e-07,-0.0038661305
1.25592e-07,-0.0038675666
1.25692e-07,-0.0038654125
1.25792e-07,-0.003860386
1.25892e-07,-0.0038539235
1.25992e-07,-0.0038460248
1.26092e-07,-0.00383669
1.26192e-07,-0.0038259191
1.26292e-07,-0.0038165843
1.26392e-07,-0.0038115579
1.26492e-07,-0.0038144301
1.26592e-07,-0.0038259191
1.26692e-07,-0.0038438706
1.26792e-07,-0.0038625402
1.26892e-07,-0.0038733111
1.26992e-07,-0.003871875
1.27092e-07,-0.0038553596
1.27192e-07,-0.0038280733
1.27292e-07,-0.0037964786
1.27392e-07,-0.0037684743
1.27492e-07,-0.0037505227
1.27592e-07,-0.0037447783
1.27692e-07,-0.0037483686
1.27792e-07,-0.0037569853
1.27892e-07,-0.003764884
1.27992e-07,-0.0037684743
1.28092e-07,-0.003765602
1.28192e-07,-0.0037569853
1.28292e-07,-0.0037433421
1.28392e-07,-0.0037253906
1.28492e-07,-0.003706003
1.28592e-07,-0.0036880515
1.28692e-07,-0.0036744083
1.28792e-07,-0.0036693819
1.28892e-07,-0.0036744083
1.28992e-07,-0.0036880515
1.29092e-07,-0.0037045669
1.29192e-07,-0.0037160558
1.29292e-07,-0.0037153378
1.29392e-07,-0.0036995404
1.29492e-07,-0.0036715361
1.29592e-07,-0.0036399414
1.29692e-07,-0.0036155273
1.29792e-07,-0.0036076287
1.29892e-07,-0.0036191176
1.29992e-07,-0.003646404
1.30092e-07,-0.0036808709
1.30192e-07,-0.0037110294
1.30292e-07,-0.003729699
1.30392e-07,-0.0037354435
1.30492e-07,-0.003730417
1.30592e-07,-0.0037225184
1.30692e-07,-0.00371821
1.30792e-07,-0.0037210823
1.30892e-07,-0.0037311351
1.30992e-07,-0.0037454963
1.31092e-07,-0.0037598575
1.31192e-07,-0.0037735007
1.31292e-07,-0.0037871438
1.31392e-07,-0.0038029412
1.31492e-07,-0.0038223288
1.31592e-07,-0.0038445887
1.31692e-07,-0.0038668486
1.31792e-07,-0.003883364
1.31892e-07,-0.0038898265
1.31992e-07,-0.0038862362
1.32092e-07,-0.0038740292
1.32192e-07,-0.003860386
1.32292e-07,-0.0038517693
1.32392e-07,-0.0038517693
1.32492e-07,-0.0038632583
1.32592e-07,-0.003883364
1.32692e-07,-0.0039063419
1.32792e-07,-0.0039278837
1.32892e-07,-0.0039436811
1.32992e-07,-0.0039522978
1.33092e-07,-0.0039558881
1.33192e-07,-0.00395517
1.33292e-07,-0.0039537339
1.33392e-07,-0.0039522978
1.33492e-07,-0.0039522978
1.33592e-07,-0.003954452
1.33692e-07,-0.0039580423
1.33792e-07,-0.0039637868
1.33892e-07,-0.0039702493
1.33992e-07,-0.0039759938
1.34092e-07,-0.003978148
1.34192e-07,-0.0039752757
1.34292e-07,-0.003966659
1.34392e-07,-0.0039537339
1.34492e-07,-0.0039393727
1.34592e-07,-0.0039293199
1.34692e-07,-0.0039264476
1.34792e-07,-0.0039329102
1.34892e-07,-0.0039465533
1.34992e-07,-0.0039637868
1.35092e-07,-0.003978148
1.35192e-07,-0.0039860466
1.35292e-07,-0.0039846105
1.35392e-07,-0.0039752757
1.35492e-07,-0.0039616326
1.35592e-07,-0.0039494256
1.35692e-07,-0.0039415269
1.35792e-07,-0.0039408088
1.35892e-07,-0.0039458352
1.35992e-07,-0.003954452
1.36092e-07,-0.0039652229
1.36192e-07,-0.0039752757
1.36292e-07,-0.0039853286
1.36392e-07,-0.0039968176
1.36492e-07,-0.0040083065
1.36592e-07,-0.0040212316
1.36692e-07,-0.0040320025
1.36792e-07,-0.0040384651
1.36892e-07,-0.0040384651
1.36992e-07,-0.0040327206
1.37092e-07,-0.0040241039
1.37192e-07,-0.0040183594
1.37292e-07,-0.0040205136
1.37392e-07,-0.0040327206
1.37492e-07,-0.0040542624
1.37592e-07,-0.0040801126
1.37692e-07,-0.0041023725
1.37792e-07,-0.0041131434
1.37892e-07,-0.004108117
1.37992e-07,-0.0040887293
1.38092e-07,-0.004060725
1.38192e-07,-0.0040327206
1.38292e-07,-0.0040126149
1.38392e-07,-0.0040054343
1.38492e-07,-0.0040097426
1.38592e-07,-0.0040212316
1.38692e-07,-0.0040320025
1.38792e-07,-0.0040363109
1.38892e-07,-0.0040320025
1.38992e-07,-0.0040212316
1.39092e-07,-0.0040104607
1.39192e-07,-0.0040047162
1.39292e-07,-0.0040083065
1.39392e-07,-0.0040212316
1.39492e-07,-0.0040384651
1.39592e-07,-0.0040542624
1.39692e-07,-0.0040650333
1.39792e-07,-0.0040671875
1.39892e-07,-0.0040635972
1.39992e-07,-0.0040564166
1.40092e-07,-0.004049954
1.40192e-07,-0.0040442096
1.40292e-07,-0.0040391831
1.40392e-07,-0.0040334386
1.40492e-07,-0.004026258
1.40592e-07,-0.0040212316
1.40692e-07,-0.0040219497
1.40792e-07,-0.0040334386
1.40892e-07,-0.0040578527
1.40992e-07,-0.0040901654
1.41092e-07,-0.0041231962
1.41192e-07,-0.0041461742
1.41292e-07,-0.0041512006
1.41392e-07,-0.0041361213
1.41492e-07,-0.0041066808
1.41592e-07,-0.0040750862
1.41692e-07,-0.0040513902
1.41792e-07,-0.0040442096
1.41892e-07,-0.0040542624
1.41992e-07,-0.0040750862
1.42092e-07,-0.004097346
1.42192e-07,-0.0041131434
1.42292e-07,-0.0041188879
1.42392e-07,-0.0041188879
1.42492e-07,-0.0041181698
1.42592e-07,-0.0041246324
1.42692e-07,-0.0041397116
1.42792e-07,-0.0041598173
1.42892e-07,-0.004179923
1.42992e-07,-0.0041935662
1.43092e-07,-0.0041985926
1.43192e-07,-0.0041964384
1.43292e-07,-0.0041928481
1.43392e-07,-0.0041935662
1.43492e-07,-0.0042000287
1.43592e-07,-0.0042107996
1.43692e-07,-0.0042215705
1.43792e-07,-0.0042280331
1.43892e-07,-0.0042301873
1.43992e-07,-0.0042294692
1.44092e-07,-0.0042316234
1.44192e-07,-0.0042395221
1.44292e-07,-0.0042546013
1.44392e-07,-0.004274707
1.44492e-07,-0.0042933766
1.44592e-07,-0.0043084559
1.44692e-07,-0.0043177907
1.44792e-07,-0.0043228171
1.44892e-07,-0.0043271255
1.44992e-07,-0.0043314338
1.45092e-07,-0.0043350241
1.45192e-07,-0.0043350241
1.45292e-07,-0.0043292796
1.45392e-07,-0.0043199449
1.45492e-07,-0.0043127642
1.45592e-07,-0.0043170726
1.45692e-07,-0.0043386144
1.45792e-07,-0.0043773897
1.45892e-07,-0.0044233456
1.45992e-07,-0.0044621209
1.46092e-07,-0.0044793543
1.46192e-07,-0.0044693015
1.46292e-07,-0.0044377068
1.46392e-07,-0.0043996496
1.46492e-07,-0.0043752355
1.46592e-07,-0.0043773897
1.46692e-07,-0.0044075483
1.46792e-07,-0.0044542222
1.46892e-07,-0.0045001781
1.46992e-07,-0.0045267463
1.47092e-07,-0.0045274644
1.47192e-07,-0.0045066406
1.47292e-07,-0.0044786363
1.47392e-07,-0.0044578125
1.47492e-07,-0.0044542222
1.47592e-07,-0.0044671473
1.47692e-07,-0.004487253
1.47792e-07,-0.0045037684
1.47892e-07,-0.0045080767
1.47992e-07,-0.0045016142
1.48092e-07,-0.0044894072
1.48192e-07,-0.0044807904
1.48292e-07,-0.0044800724
1.48392e-07,-0.0044865349
1.48492e-07,-0.0044922794
1.48592e-07,-0.0044922794
1.48692e-07,-0.0044843807
1.48792e-07,-0.0044736098
1.48892e-07,-0.0044700195
1.48992e-07,-0.0044807904
1.49092e-07,-0.0045073587
1.49192e-07,-0.0045439798
1.49292e-07,-0.0045770106
1.49392e-07,-0.0045956801
1.49492e-07,-0.004594244
1.49592e-07,-0.0045762925
1.49692e-07,-0.0045533146
1.49792e-07,-0.0045382353
1.49892e-07,-0.0045382353
1.49992e-07,-0.0045533146
1.50092e-07,-0.0045748564
1.50192e-07,-0.0045956801
1.50292e-07,-0.0046093233
1.50392e-07,-0.004617222
1.50492e-07,-0.0046258387
1.50592e-07,-0.004641636
1.50692e-07,-0.0046674862
1.50792e-07,-0.0046976448
1.50892e-07,-0.0047227769
1.50992e-07,-0.0047335478
1.51092e-07,-0.0047263672
1.51192e-07,-0.0047069795
1.51292e-07,-0.0046861558
1.51392e-07,-0.0046761029
1.51492e-07,-0.0046840016
1.51592e-07,-0.0047084157
1.51692e-07,-0.0047400103
1.51792e-07,-0.0047680147
1.51892e-07,-0.0047845301
1.51992e-07,-0.0047881204
1.52092e-07,-0.004783812
1.52192e-07,-0.0047795037
1.52292e-07,-0.0047802217
1.52392e-07,-0.0047852482
1.52492e-07,-0.0047909926
1.52592e-07,-0.0047909926
1.52692e-07,-0.004783094
1.52792e-07,-0.0047708869
1.52892e-07,-0.004760116
1.52992e-07,-0.0047565257
1.53092e-07,-0.0047622702
1.53192e-07,-0.0047730411
1.53292e-07,-0.0047809398
1.53392e-07,-0.0047795037
1.53492e-07,-0.0047672966
1.53592e-07,-0.0047500632
1.53692e-07,-0.004735702
1.53792e-07,-0.0047335478
1.53892e-07,-0.0047457548
1.53992e-07,-0.0047680147
1.54092e-07,-0.0047902746
1.54192e-07,-0.0048024816
1.54292e-07,-0.0048010455
1.54392e-07,-0.0047888385
1.54492e-07,-0.0047751953
1.54592e-07,-0.0047680147
1.54692e-07,-0.0047723231
1.54792e-07,-0.0047845301
1.54892e-07,-0.0047974552
1.54992e-07,-0.0048024816
1.55092e-07,-0.004795301
1.55192e-07,-0.0047802217
1.55292e-07,-0.0047644244
1.55392e-07,-0.0047565257
1.55492e-07,-0.004759398
1.55592e-07,-0.0047701689
1.55692e-07,-0.0047795037
1.55792e-07,-0.0047795037
1.55892e-07,-0.0047672966
1.55992e-07,-0.0047464729
1.56092e-07,-0.0047285214
1.56192e-07,-0.0047220588
1.56292e-07,-0.0047313936
1.56392e-07,-0.0047514993
1.56492e-07,-0.004771605
1.56592e-07,-0.0047795037
1.56692e-07,-0.0047687328
1.56792e-07,-0.0047407284
1.56892e-07,-0.0047055434
1.56992e-07,-0.0046761029
1.57092e-07,-0.0046617417
1.57192e-07,-0.0046631778
1.57292e-07,-0.0046753849
1.57392e-07,-0.0046875919
1.57492e-07,-0.0046911822
1.57592e-07,-0.0046832835
1.57692e-07,-0.0046682043
1.57792e-07,-0.004653125
1.57892e-07,-0.0046437902
1.57992e-07,-0.0046437902
1.58092e-07,-0.0046480986
1.58192e-07,-0.004653125
1.58292e-07,-0.004653125
1.58392e-07,-0.0046466625
1.58492e-07,-0.0046373277
1.58592e-07,-0.0046301471
1.58692e-07,-0.0046287109
1.58792e-07,-0.0046344554
1.58892e-07,-0.0046437902
1.58992e-07,-0.004653125
1.59092e-07,-0.0046588695
1.59192e-07,-0.0046595875
1.59292e-07,-0.0046567153
1.59392e-07,-0.004653125
1.59492e-07,-0.0046495347
1.59592e-07,-0.0046452263
1.59692e-07,-0.0046387638
1.59792e-07,-0.0046301471
1.59892e-07,-0.0046215303
1.59992e-07,-0.0046165039
1.60092e-07,-0.0046193761
1.60192e-07,-0.0046301471
1.60292e-07,-0.0046459444
1.60392e-07,-0.0046588695
1.60492e-07,-0.0046624598
1.60592e-07,-0.004653125
1.60692e-07,-0.0046344554
1.60792e-07,-0.0046150678
1.60892e-07,-0.0046042969
1.60992e-07,-0.0046071691
1.61092e-07,-0.0046222484
1.61192e-07,-0.004641636
1.61292e-07,-0.0046545611
1.61392e-07,-0.004653125
1.61492e-07,-0.0046366096
1.61592e-07,-0.0046129136
1.61692e-07,-0.0045928079
1.61792e-07,-0.0045841912
1.61892e-07,-0.0045892176
1.61992e-07,-0.0046028608
1.62092e-07,-0.0046150678
1.62192e-07,-0.0046186581
1.62292e-07,-0.0046114775
1.62392e-07,-0.0045992705
1.62492e-07,-0.0045920898
1.62592e-07,-0.0045956801
1.62692e-07,-0.0046114775
1.62792e-07,-0.0046315832
1.62892e-07,-0.0046445083
1.62992e-07,-0.004641636
1.63092e-07,-0.0046208123
1.63192e-07,-0.0045899357
1.63292e-07,-0.0045626494
1.63392e-07,-0.0045497243
1.63492e-07,-0.0045569049
1.63592e-07,-0.0045791648
1.63692e-07,-0.0046042969
1.63792e-07,-0.0046186581
1.63892e-07,-0.0046150678
1.63992e-07,-0.004594244
1.64092e-07,-0.0045655216
1.64192e-07,-0.0045382353
1.64292e-07,-0.0045202838
1.64392e-07,-0.004511667
1.64492e-07,-0.0045080767
1.64592e-07,-0.0045037684
1.64692e-07,-0.0044965878
1.64792e-07,-0.0044886891
1.64892e-07,-0.0044858169
1.64992e-07,-0.0044922794
1.65092e-07,-0.0045073587
1.65192e-07,-0.0045245921
1.65292e-07,-0.0045339269
1.65392e-07,-0.0045267463
1.65492e-07,-0.0045037684
1.65592e-07,-0.0044743279
1.65692e-07,-0.0044506319
1.65792e-07,-0.0044463235
1.65892e-07,-0.004464275
1.65992e-07,-0.004498742
1.66092e-07,-0.0045353631
1.66192e-07,-0.0045612132
1.66292e-07,-0.0045669577
1.66392e-07,-0.0045561868
1.66492e-07,-0.0045382353
1.66592e-07,-0.0045267463
1.66692e-07,-0.0045310547
1.66792e-07,-0.0045511604
1.66892e-07,-0.0045798828
1.66992e-07,-0.0046071691
1.67092e-07,-0.0046251206
1.67192e-07,-0.0046330193
1.67292e-07,-0.0046358915
1.67392e-07,-0.004641636
1.67492e-07,-0.0046552792
1.67592e-07,-0.0046753849
1.67692e-07,-0.0046962086
1.67792e-07,-0.0047105699
1.67892e-07,-0.0047141602
1.67992e-07,-0.0047098518
1.68092e-07,-0.0047055434
1.68192e-07,-0.0047105699
1.68292e-07,-0.0047306756
1.68392e-07,-0.0047644244
1.68492e-07,-0.0048031997
1.68592e-07,-0.0048369485
1.68692e-07,-0.0048563362
1.68792e-07,-0.0048599265
1.68892e-07,-0.0048505917
1.68992e-07,-0.0048369485
1.69092e-07,-0.0048247415
1.69192e-07,-0.0048175609
1.69292e-07,-0.0048146886
1.69392e-07,-0.0048139706
1.69492e-07,-0.0048139706
1.69592e-07,-0.0048139706
1.69692e-07,-0.0048175609
1.69792e-07,-0.0048254596
1.69892e-07,-0.0048347943
1.69992e-07,-0.0048412569
1.70092e-07,-0.0048391027
1.70192e-07,-0.0048254596
1.70292e-07,-0.0048031997
1.70392e-07,-0.0047795037
1.70492e-07,-0.0047658605
1.70592e-07,-0.0047680147
1.70692e-07,-0.0047866843
1.70792e-07,-0.0048139706
1.70892e-07,-0.0048383847
1.70992e-07,-0.0048484375
1.71092e-07,-0.0048405388
1.71192e-07,-0.0048175609
1.71292e-07,-0.0047902746
1.71392e-07,-0.0047680147
1.71492e-07,-0.0047572438
1.71592e-07,-0.0047579619
1.71692e-07,-0.0047637063
1.71792e-07,-0.0047680147
1.71892e-07,-0.0047665786
1.71992e-07,-0.0047615522
1.72092e-07,-0.0047565257
1.72192e-07,-0.0047565257
1.72292e-07,-0.0047622702
1.72392e-07,-0.0047694508
1.72492e-07,-0.0047730411
1.72592e-07,-0.0047680147
1.72692e-07,-0.0047565257
1.72792e-07,-0.0047450368
1.72892e-07,-0.0047436006
1.72992e-07,-0.0047565257
1.73092e-07,-0.004783094
1.73192e-07,-0.0048139706
1.73292e-07,-0.0048355124
1.73392e-07,-0.0048369485
1.73492e-07,-0.0048146886
1.73592e-07,-0.0047773495
1.73692e-07,-0.0047371381
1.73792e-07,-0.0047105699
1.73892e-07,-0.0047048254
1.73992e-07,-0.0047191866
1.74092e-07,-0.0047436006
1.74192e-07,-0.0047680147
1.74292e-07,-0.004783094
1.74392e-07,-0.0047866843
1.74492e-07,-0.004783812
1.74592e-07,-0.0047795037
1.74692e-07,-0.0047787856
1.74792e-07,-0.0047795037
1.74892e-07,-0.0047773495
1.74992e-07,-0.0047680147
1.75092e-07,-0.0047507813
1.75192e-07,-0.0047299575
1.75292e-07,-0.0047141602
1.75392e-07,-0.0047105699
1.75492e-07,-0.0047213408
1.75592e-07,-0.0047407284
1.75692e-07,-0.004759398
1.75792e-07,-0.0047680147
1.75892e-07,-0.0047629883
1.75992e-07,-0.004747909
1.76092e-07,-0.0047313936
1.76192e-07,-0.0047220588
1.76292e-07,-0.004724213
1.76392e-07,-0.004735702
1.76492e-07,-0.0047493451
1.76592e-07,-0.0047565257
1.76692e-07,-0.0047550896
1.76792e-07,-0.004747909
1.76892e-07,-0.0047421645
1.76992e-07,-0.0047450368
1.77092e-07,-0.0047586799
1.77192e-07,-0.0047780676
1.77292e-07,-0.004795301
1.77392e-07,-0.0048024816
1.77492e-07,-0.0047974552
1.77592e-07,-0.0047852482
1.77692e-07,-0.0047759134
1.77792e-07,-0.0047795037
1.77892e-07,-0.0048003274
1.77992e-07,-0.0048333582
1.78092e-07,-0.0048685432
1.78192e-07,-0.0048943934
1.78292e-07,-0.0049037282
1.78392e-07,-0.0048958295
1.78492e-07,-0.004878596
1.78592e-07,-0.0048599265
1.78692e-07,-0.0048470014
1.78792e-07,-0.004842693
1.78892e-07,-0.0048441291
1.78992e-07,-0.0048484375
1.79092e-07,-0.004854182
1.79192e-07,-0.0048627987
1.79292e-07,-0.0048764419
1.79392e-07,-0.0048943934
1.79492e-07,-0.0049123449
1.79592e-07,-0.0049231158
1.79692e-07,-0.0049173713
1.79792e-07,-0.0048943934
1.79892e-07,-0.0048592084
1.79992e-07,-0.0048254596
1.80092e-07,-0.004807508
1.80192e-07,-0.0048139706
1.80292e-07,-0.004842693
1.80392e-07,-0.0048807502
1.80492e-07,-0.0049109088
1.80592e-07,-0.0049173713
1.80692e-07,-0.0048965476
1.80792e-07,-0.0048577723
1.80892e-07,-0.0048168428
1.80992e-07,-0.0047909926
1.81092e-07,-0.0047895565
1.81192e-07,-0.0048089442
1.81292e-07,-0.0048376666
1.81392e-07,-0.0048599265
1.81492e-07,-0.0048649529
1.81592e-07,-0.0048534639
1.81692e-07,-0.0048326402
1.81792e-07,-0.0048139706
1.81892e-07,-0.0048060719
1.81992e-07,-0.0048096622
1.82092e-07,-0.004818997
1.82192e-07,-0.0048254596
1.82292e-07,-0.0048240234
1.82392e-07,-0.0048146886
1.82492e-07,-0.0048053539
1.82592e-07,-0.0048024816
1.82692e-07,-0.0048096622
1.82792e-07,-0.0048225873
1.82892e-07,-0.0048347943
1.82992e-07,-0.0048369485
1.83092e-07,-0.0048254596
1.83192e-07,-0.0048031997
1.83292e-07,-0.0047809398
1.83392e-07,-0.0047680147
1.83492e-07,-0.0047701689
1.83592e-07,-0.0047859662
1.83692e-07,-0.004807508
1.83792e-07,-0.0048254596
1.83892e-07,-0.0048340763
1.83992e-07,-0.0048326402
1.84092e-07,-0.0048283318
1.84192e-07,-0.0048254596
1.84292e-07,-0.0048283318
1.84392e-07,-0.0048347943
1.84492e-07,-0.0048391027
1.84592e-07,-0.0048369485
1.84692e-07,-0.0048268957
1.84792e-07,-0.0048146886
1.84892e-07,-0.0048082261
1.84992e-07,-0.0048139706
1.85092e-07,-0.0048319221
1.85192e-07,-0.0048556181
1.85292e-07,-0.0048757238
1.85392e-07,-0.0048829044
1.85492e-07,-0.0048757238
1.85592e-07,-0.0048599265
1.85692e-07,-0.0048477194
1.85792e-07,-0.0048484375
1.85892e-07,-0.004865671
1.85992e-07,-0.0048951114
1.86092e-07,-0.0049238339
1.86192e-07,-0.0049403493
1.86292e-07,-0.0049389131
1.86392e-07,-0.0049231158
1.86492e-07,-0.0049001379
1.86592e-07,-0.0048829044
1.86692e-07,-0.0048771599
1.86792e-07,-0.0048829044
1.86892e-07,-0.0048951114
1.86992e-07,-0.0049058824
1.87092e-07,-0.0049116268
1.87192e-07,-0.004913781
1.87292e-07,-0.0049180894
1.87392e-07,-0.0049288603
1.87492e-07,-0.0049468118
1.87592e-07,-0.0049654814
1.87692e-07,-0.0049769704
1.87792e-07,-0.0049748162
1.87892e-07,-0.0049583008
1.87992e-07,-0.0049338867
1.88092e-07,-0.004913781
1.88192e-07,-0.0049058824
1.88292e-07,-0.004913063
1.88392e-07,-0.0049302964
1.88492e-07,-0.0049468118
1.88592e-07,-0.0049518382
1.88692e-07,-0.0049425034
1.88792e-07,-0.0049231158
1.88892e-07,-0.0049044462
1.88992e-07,-0.0048943934
1.89092e-07,-0.0048979837
1.89192e-07,-0.0049109088
1.89292e-07,-0.0049238339
1.89392e-07,-0.0049288603
1.89492e-07,-0.0049223977
1.89592e-07,-0.0049087546
1.89692e-07,-0.0048972656
1.89792e-07,-0.0048943934
1.89892e-07,-0.004902292
1.89992e-07,-0.0049159352
1.90092e-07,-0.0049231158
1.90192e-07,-0.0049173713
1.90292e-07,-0.0048965476
1.90392e-07,-0.0048699793
1.90492e-07,-0.0048498736
1.90592e-07,-0.0048484375
1.90692e-07,-0.0048692613
1.90792e-07,-0.0049044462
1.90892e-07,-0.0049410673
1.90992e-07,-0.0049633272
1.91092e-07,-0.0049640453
1.91192e-07,-0.0049446576
1.91292e-07,-0.0049173713
1.91392e-07,-0.0048943934
1.91492e-07,-0.0048850586
1.91592e-07,-0.0048908031
1.91692e-07,-0.0049044462
1.91792e-07,-0.0049173713
1.91892e-07,-0.0049245519
1.91992e-07,-0.0049267061
1.92092e-07,-0.0049302964
1.92192e-07,-0.0049403493
1.92292e-07,-0.0049583008
1.92392e-07,-0.0049784065
1.92492e-07,-0.0049906135
1.92592e-07,-0.0049863051
1.92692e-07,-0.0049633272
1.92792e-07,-0.0049288603
1.92892e-07,-0.0048972656
1.92992e-07,-0.0048829044
1.93092e-07,-0.0048929573
1.93192e-07,-0.0049238339
1.93292e-07,-0.0049633272
1.93392e-07,-0.0049977941
1.93492e-07,-0.0050157456
1.93592e-07,-0.0050150276
1.93692e-07,-0.0050013844
1.93792e-07,-0.0049863051
1.93892e-07,-0.0049762523
1.93992e-07,-0.0049740981
1.94092e-07,-0.0049755342
1.94192e-07,-0.0049748162
1.94292e-07,-0.0049676356
1.94392e-07,-0.0049568647
1.94492e-07,-0.0049496841
1.94592e-07,-0.0049518382
1.94692e-07,-0.0049676356
1.94792e-07,-0.0049927677
1.94892e-07,-0.0050178998
1.94992e-07,-0.005032261
1.95092e-07,-0.0050308249
1.95192e-07,-0.0050164637
1.95292e-07,-0.0049970761
1.95392e-07,-0.0049863051
1.95492e-07,-0.0049906135
1.95592e-07,-0.0050114373
1.95692e-07,-0.0050401597
1.95792e-07,-0.0050667279
1.95892e-07,-0.0050810892
1.95992e-07,-0.0050803711
1.96092e-07,-0.0050688821
1.96192e-07,-0.005055239
1.96292e-07,-0.0050487764
1.96392e-07,-0.0050538028
1.96492e-07,-0.0050688821
1.96592e-07,-0.0050897059
1.96692e-07,-0.0051098116
1.96792e-07,-0.005126327
1.96892e-07,-0.0051378159
1.96992e-07,-0.0051471507
1.97092e-07,-0.0051550494
1.97192e-07,-0.0051607939
1.97292e-07,-0.0051629481
1.97392e-07,-0.0051586397
1.97492e-07,-0.0051478688
1.97592e-07,-0.0051335076
1.97692e-07,-0.0051198644
1.97792e-07,-0.0051126838
1.97892e-07,-0.0051141199
1.97992e-07,-0.0051234547
1.98092e-07,-0.0051356618
1.98192e-07,-0.0051471507
1.98292e-07,-0.0051543313
1.98392e-07,-0.0051579216
1.98492e-07,-0.0051586397
1.98592e-07,-0.0051586397
1.98692e-07,-0.0051586397
1.98792e-07,-0.0051557675
1.98892e-07,-0.0051485869
1.98992e-07,-0.0051356618
1.99092e-07,-0.0051198644
1.99192e-07,-0.0051055032
1.99292e-07,-0.0050983226
1.99392e-07,-0.0051011949
1.99492e-07,-0.0051119658
1.99592e-07,-0.0051234547
1.99692e-07,-0.0051291992
1.99792e-07,-0.0051241728
1.99892e-07,-0.0051112477
1.99992e-07,-0.0050968865
2.00092e-07,-0.005091142
2.00192e-07,-0.0051011949
2.00292e-07,-0.005127045
2.00392e-07,-0.0051600758
2.00492e-07,-0.0051895163
2.00592e-07,-0.0052045956
2.00692e-07,-0.0052010053
2.00792e-07,-0.0051830538
2.00892e-07,-0.0051607939
2.00992e-07,-0.0051471507
2.01092e-07,-0.0051485869
2.01192e-07,-0.0051636661
2.01292e-07,-0.005185926
2.01392e-07,-0.0052045956
2.01492e-07,-0.0052124943
2.01592e-07,-0.005208904
2.01692e-07,-0.0052002872
2.01792e-07,-0.0051931066
2.01892e-07,-0.0051945427
2.01992e-07,-0.0052053136
2.02092e-07,-0.0052189568
2.02192e-07,-0.0052275735
2.02292e-07,-0.0052239832
2.02392e-07,-0.0052067498
2.02492e-07,-0.0051816176
2.02592e-07,-0.0051586397
2.02692e-07,-0.0051471507
2.02792e-07,-0.0051514591
2.02892e-07,-0.0051694106
2.02992e-07,-0.0051931066
2.03092e-07,-0.0052139304
2.03192e-07,-0.0052254193
2.03292e-07,-0.0052254193
2.03392e-07,-0.0052160846
2.03492e-07,-0.0052038775
2.03592e-07,-0.0051931066
2.03692e-07,-0.005185926
2.03792e-07,-0.0051816176
2.03892e-07,-0.0051773093
2.03992e-07,-0.0051722829
2.04092e-07,-0.0051651023
2.04192e-07,-0.0051586397
2.04292e-07,-0.0051557675
2.04392e-07,-0.0051572036
2.04492e-07,-0.0051629481
2.04592e-07,-0.0051701287
2.04692e-07,-0.0051758732
2.04792e-07,-0.0051787454
2.04892e-07,-0.0051794635
2.04992e-07,-0.0051816176
2.05092e-07,-0.0051887983
2.05192e-07,-0.0052038775
2.05292e-07,-0.0052254193
2.05392e-07,-0.0052505515
2.05492e-07,-0.0052720933
2.05592e-07,-0.0052835823
2.05692e-07,-0.005279992
2.05792e-07,-0.0052620404
2.05892e-07,-0.005233318
2.05992e-07,-0.0052002872
2.06092e-07,-0.005173719
2.06192e-07,-0.0051586397
2.06292e-07,-0.0051600758
2.06392e-07,-0.0051765912
2.06492e-07,-0.0052017233
2.06592e-07,-0.0052275735
2.06692e-07,-0.005245525
2.06792e-07,-0.0052491153
2.06892e-07,-0.0052376264
2.06992e-07,-0.0052160846
2.07092e-07,-0.0051916705
2.07192e-07,-0.0051722829
2.07292e-07,-0.0051651023
2.07392e-07,-0.0051701287
2.07492e-07,-0.005185208
2.07592e-07,-0.0052031595
2.07692e-07,-0.0052182387
2.07792e-07,-0.0052275735
2.07892e-07,-0.0052304458
2.07992e-07,-0.0052290097
2.08092e-07,-0.0052275735
2.08192e-07,-0.0052275735
2.08292e-07,-0.0052290097
2.08392e-07,-0.0052304458
2.08492e-07,-0.0052297277
2.08592e-07,-0.0052275735
2.08692e-07,-0.0052275735
2.08792e-07,-0.0052318819
2.08892e-07,-0.0052440889
2.08992e-07,-0.0052620404
2.09092e-07,-0.00528071
2.09192e-07,-0.0052936351
2.09292e-07,-0.0052950712
2.09392e-07,-0.0052850184
2.09492e-07,-0.005269221
2.09592e-07,-0.0052577321
2.09692e-07,-0.0052577321
2.09792e-07,-0.0052735294
2.09892e-07,-0.0053022518
2.09992e-07,-0.0053331284
2.10092e-07,-0.0053568244
2.10192e-07,-0.0053654412
2.10292e-07,-0.0053575425
2.10392e-07,-0.0053410271
2.10492e-07,-0.0053252298
2.10592e-07,-0.0053194853
2.10692e-07,-0.0053259478
2.10792e-07,-0.0053417452
2.10892e-07,-0.0053575425
2.10992e-07,-0.0053654412
2.11092e-07,-0.0053618509
2.11192e-07,-0.0053503619
2.11292e-07,-0.0053374368
2.11392e-07,-0.0053309743
2.11492e-07,-0.0053345646
2.11592e-07,-0.0053467716
2.11692e-07,-0.0053589786
2.11792e-07,-0.0053654412
2.11892e-07,-0.0053611328
2.11992e-07,-0.0053474897
2.12092e-07,-0.0053316923
2.12192e-07,-0.0053194853
2.12292e-07,-0.0053166131
2.12392e-07,-0.0053209214
2.12492e-07,-0.005328102
2.12592e-07,-0.0053309743
2.12692e-07,-0.0053245117
2.12792e-07,-0.0053072783
2.12892e-07,-0.0052850184
2.12992e-07,-0.0052620404
2.13092e-07,-0.0052440889
2.13192e-07,-0.0052318819
2.13292e-07,-0.0052232652
2.13392e-07,-0.0052160846
2.13492e-07,-0.0052074678
2.13592e-07,-0.005198133
2.13692e-07,-0.0051887983
2.13792e-07,-0.0051816176
2.13892e-07,-0.0051758732
2.13992e-07,-0.0051686926
2.14092e-07,-0.0051564855
2.14192e-07,-0.0051356618
2.14292e-07,-0.0051083755
2.14392e-07,-0.005078935
2.14492e-07,-0.005055957
2.14592e-07,-0.00504375
2.14692e-07,-0.00504375
2.14792e-07,-0.0050523667
2.14892e-07,-0.0050624196
2.14992e-07,-0.0050667279
2.15092e-07,-0.0050617015
2.15192e-07,-0.0050494945
2.15292e-07,-0.0050344152
2.15392e-07,-0.0050207721
2.15492e-07,-0.0050121553
2.15592e-07,-0.0050064108
2.15692e-07,-0.0050028205
2.15792e-07,-0.0049977941
2.15892e-07,-0.0049920496
2.15992e-07,-0.0049884593
2.16092e-07,-0.0049898955
2.16192e-07,-0.0049977941
2.16292e-07,-0.005008565
2.16392e-07,-0.0050150276
2.16492e-07,-0.0050121553
2.16592e-07,-0.0049977941
2.16692e-07,-0.0049755342
2.16792e-07,-0.0049539924
2.16892e-07,-0.0049446576
2.16992e-07,-0.0049518382
2.17092e-07,-0.0049748162
2.17192e-07,-0.0050049747
2.17292e-07,-0.0050308249
2.17392e-07,-0.00504375
2.17492e-07,-0.0050415958
2.17592e-07,-0.005031543
2.17692e-07,-0.0050214901
2.17792e-07,-0.0050207721
2.17892e-07,-0.0050308249
2.17992e-07,-0.0050466222
2.18092e-07,-0.0050609835
2.18192e-07,-0.0050667279
2.18292e-07,-0.0050638557
2.18392e-07,-0.0050573932
2.18492e-07,-0.0050566751
2.18592e-07,-0.0050667279
2.18692e-07,-0.0050861156
2.18792e-07,-0.0051062213
2.18892e-07,-0.0051169922
2.18992e-07,-0.0051126838
2.19092e-07,-0.0050940142
2.19192e-07,-0.0050717544
2.19292e-07,-0.0050595473
2.19392e-07,-0.0050667279
2.19492e-07,-0.0050940142
2.19592e-07,-0.0051320715
2.19692e-07,-0.0051651023
2.19792e-07,-0.0051816176
2.19892e-07,-0.0051773093
2.19992e-07,-0.0051593578
2.20092e-07,-0.0051406882
2.20192e-07,-0.0051356618
2.20292e-07,-0.0051493049
2.20392e-07,-0.0051765912
2.20492e-07,-0.0052067498
2.20592e-07,-0.0052275735
2.20692e-07,-0.0052340361
2.20792e-07,-0.0052290097
2.20892e-07,-0.0052239832
2.20992e-07,-0.0052275735
2.21092e-07,-0.0052440889
2.21192e-07,-0.005268503
2.21292e-07,-0.0052893267
2.21392e-07,-0.0052965074
2.21492e-07,-0.0052871726
2.21592e-07,-0.005268503
2.21692e-07,-0.0052519876
2.21792e-07,-0.0052505515
2.21892e-07,-0.005268503
2.21992e-07,-0.0052986615
2.22092e-07,-0.005328102
2.22192e-07,-0.0053424632
2.22292e-07,-0.0053345646
2.22392e-07,-0.0053094324
2.22492e-07,-0.005279992
2.22592e-07,-0.0052620404
2.22692e-07,-0.0052656307
2.22792e-07,-0.0052893267
2.22892e-07,-0.0053237937
2.22992e-07,-0.0053539522
2.23092e-07,-0.0053690315
2.23192e-07,-0.0053661592
2.23292e-07,-0.0053503619
2.23392e-07,-0.0053309743
2.23492e-07,-0.0053151769
2.23592e-07,-0.0053051241
2.23692e-07,-0.0052965074
2.23792e-07,-0.0052850184
2.23892e-07,-0.005269221
2.23992e-07,-0.0052541418
2.24092e-07,-0.0052491153
2.24192e-07,-0.0052620404
2.24292e-07,-0.0052950712
2.24392e-07,-0.0053410271
2.24492e-07,-0.0053848288
2.24592e-07,-0.0054113971
2.24692e-07,-0.005410679
2.24792e-07,-0.0053848288
2.24892e-07,-0.0053446174
2.24992e-07,-0.0053079963
2.25092e-07,-0.0052878906
2.25192e-07,-0.0052907629
2.25292e-07,-0.0053123047
2.25392e-07,-0.0053424632
2.25492e-07,-0.0053697495
2.25592e-07,-0.0053884191
2.25692e-07,-0.0053970358
2.25792e-07,-0.0053999081
2.25892e-07,-0.0054013442
2.25992e-07,-0.0054027803
2.26092e-07,-0.0054034984
2.26192e-07,-0.0053999081
2.26292e-07,-0.0053912914
2.26392e-07,-0.0053783663
2.26492e-07,-0.0053683134
2.26592e-07,-0.0053654412
2.26692e-07,-0.0053733398
2.26792e-07,-0.0053891372
2.26892e-07,-0.0054085248
2.26992e-07,-0.005422886
2.27092e-07,-0.0054286305
2.27192e-07,-0.0054250402
2.27292e-07,-0.0054178596
2.27392e-07,-0.0054113971
2.27492e-07,-0.005410679
2.27592e-07,-0.0054171415
2.27692e-07,-0.0054257583
2.27792e-07,-0.005434375
2.27892e-07,-0.0054394014
2.27992e-07,-0.0054415556
2.28092e-07,-0.0054422737
2.28192e-07,-0.005445864
2.28292e-07,-0.0054516085
2.28392e-07,-0.0054573529
2.28492e-07,-0.0054602252
2.28592e-07,-0.0054573529
2.28692e-07,-0.0054508904
2.28792e-07,-0.005445864
2.28892e-07,-0.005446582
2.28992e-07,-0.0054573529
2.29092e-07,-0.0054753045
2.29192e-07,-0.0054946921
2.29292e-07,-0.005505463
2.29392e-07,-0.0055033088
2.29492e-07,-0.0054875115
2.29592e-07,-0.0054645335
2.29692e-07,-0.0054444278
2.29792e-07,-0.005434375
2.29892e-07,-0.0054365292
2.29992e-07,-0.0054473001
2.30092e-07,-0.0054566349
2.30192e-07,-0.0054573529
2.30292e-07,-0.005446582
2.30392e-07,-0.0054286305
2.30492e-07,-0.005410679
2.30592e-07,-0.0053999081
2.30692e-07,-0.00539919
2.30792e-07,-0.0054056526
2.30892e-07,-0.0054121151
2.30992e-07,-0.0054113971
2.31092e-07,-0.0054013442
2.31192e-07,-0.0053862649
2.31292e-07,-0.0053719037
2.31392e-07,-0.0053654412
2.31492e-07,-0.0053683134
2.31592e-07,-0.0053762121
2.31692e-07,-0.0053812385
2.31792e-07,-0.0053769301
2.31892e-07,-0.0053611328
2.31992e-07,-0.0053381549
2.32092e-07,-0.0053180492
2.32192e-07,-0.0053079963
2.32292e-07,-0.0053123047
2.32392e-07,-0.0053266659
2.32492e-07,-0.0053438994
2.32592e-07,-0.0053539522
2.32692e-07,-0.0053532341
2.32792e-07,-0.0053431813
2.32892e-07,-0.0053295381
2.32992e-07,-0.0053194853
2.33092e-07,-0.005315895
2.33192e-07,-0.0053166131
2.33292e-07,-0.0053151769
2.33392e-07,-0.0053079963
2.33492e-07,-0.0052943532
2.33592e-07,-0.0052792739
2.33692e-07,-0.0052699391
2.33792e-07,-0.0052735294
2.33892e-07,-0.0052886087
2.33992e-07,-0.0053087144
2.34092e-07,-0.0053223575
2.34192e-07,-0.0053194853
2.34292e-07,-0.0052986615
2.34392e-07,-0.0052656307
2.34492e-07,-0.0052340361
2.34592e-07,-0.0052160846
2.34692e-07,-0.0052196749
2.34792e-07,-0.0052426528
2.34892e-07,-0.0052764017
2.34992e-07,-0.0053079963
2.35092e-07,-0.0053288201
2.35192e-07,-0.0053367188
2.35292e-07,-0.0053352826
2.35392e-07,-0.0053309743
2.35492e-07,-0.0053302562
2.35592e-07,-0.0053338465
2.35692e-07,-0.005339591
2.35792e-07,-0.0053424632
2.35892e-07,-0.0053417452
2.35992e-07,-0.0053381549
2.36092e-07,-0.0053374368
2.36192e-07,-0.0053424632
2.36292e-07,-0.0053553883
2.36392e-07,-0.0053726218
2.36492e-07,-0.0053891372
2.36592e-07,-0.0053999081
2.36692e-07,-0.0054056526
2.36792e-07,-0.0054113971
2.36892e-07,-0.005422886
2.36992e-07,-0.005445864
2.37092e-07,-0.0054788948
2.37192e-07,-0.005516952
2.37292e-07,-0.0055499828
2.37392e-07,-0.0055722426
2.37492e-07,-0.0055815774
2.37592e-07,-0.0055837316
2.37692e-07,-0.0055858858
2.37792e-07,-0.0055952206
2.37892e-07,-0.005611736
2.37992e-07,-0.0056296875
2.38092e-07,-0.0056411765
2.38192e-07,-0.0056411765
2.38292e-07,-0.0056304056
2.38392e-07,-0.0056160443
2.38492e-07,-0.0056095818
2.38592e-07,-0.0056181985
2.38692e-07,-0.0056418945
2.38792e-07,-0.005671335
2.38892e-07,-0.005694313
2.38992e-07,-0.0056986213
2.39092e-07,-0.005682824
2.39192e-07,-0.0056548196
2.39292e-07,-0.0056289694
2.39392e-07,-0.0056181985
2.39492e-07,-0.0056289694
2.39592e-07,-0.0056576919
2.39692e-07,-0.0056928768
2.39792e-07,-0.0057215993
2.39892e-07,-0.0057352424
2.39992e-07,-0.0057345244
2.40092e-07,-0.0057273438
2.40192e-07,-0.0057215993
2.40292e-07,-0.0057230354
2.40392e-07,-0.005730216
2.40492e-07,-0.0057359605
2.40592e-07,-0.0057330882
2.40692e-07,-0.0057194451
2.40792e-07,-0.0057007755
2.40892e-07,-0.0056871324
2.40992e-07,-0.0056871324
2.41092e-07,-0.0057043658
2.41192e-07,-0.0057323702
2.41292e-07,-0.0057575023
2.41392e-07,-0.0057675551
2.41492e-07,-0.0057546301
2.41592e-07,-0.0057223173
2.41692e-07,-0.005683542
2.41792e-07,-0.0056526654
2.41892e-07,-0.0056418945
2.41992e-07,-0.0056533835
2.42092e-07,-0.0056799517
2.42192e-07,-0.0057101103
2.42292e-07,-0.0057316521
2.42392e-07,-0.0057388327
2.42492e-07,-0.0057330882
2.42592e-07,-0.0057215993
2.42692e-07,-0.0057108284
2.42792e-07,-0.0057043658
2.42892e-07,-0.0057014936
2.42992e-07,-0.0056986213
2.43092e-07,-0.0056928768
2.43192e-07,-0.0056849782
2.43292e-07,-0.0056777976
2.43392e-07,-0.0056756434
2.43492e-07,-0.0056799517
2.43592e-07,-0.0056878504
2.43692e-07,-0.0056921588
2.43792e-07,-0.0056871324
2.43892e-07,-0.005670617
2.43992e-07,-0.0056462029
2.44092e-07,-0.0056217888
2.44192e-07,-0.0056067096
2.44292e-07,-0.0056059915
2.44392e-07,-0.0056189166
2.44492e-07,-0.0056375862
2.44592e-07,-0.0056526654
2.44692e-07,-0.0056569738
2.44792e-07,-0.0056497932
2.44892e-07,-0.0056339959
2.44992e-07,-0.0056181985
2.45092e-07,-0.0056088637
2.45192e-07,-0.0056074276
2.45292e-07,-0.005612454
2.45392e-07,-0.0056181985
2.45492e-07,-0.0056203527
2.45592e-07,-0.0056167624
2.45692e-07,-0.0056110179
2.45792e-07,-0.0056067096
2.45892e-07,-0.0056081457
2.45992e-07,-0.0056146082
2.46092e-07,-0.005623225
2.46192e-07,-0.0056296875
2.46292e-07,-0.0056304056
2.46392e-07,-0.005623943
2.46492e-07,-0.0056146082
2.46592e-07,-0.0056067096
2.46692e-07,-0.0056045554
2.46792e-07,-0.0056088637
2.46892e-07,-0.0056181985
2.46992e-07,-0.0056296875
2.47092e-07,-0.0056390223
2.47192e-07,-0.0056447668
2.47292e-07,-0.0056447668
2.47392e-07,-0.0056411765
2.47492e-07,-0.0056332778
2.47592e-07,-0.0056225069
2.47692e-07,-0.0056088637
2.47792e-07,-0.0055952206
2.47892e-07,-0.0055837316
2.47992e-07,-0.0055794233
2.48092e-07,-0.0055830136
2.48192e-07,-0.0055952206
2.48292e-07,-0.0056110179
2.48392e-07,-0.005623225
2.48492e-07,-0.0056260972
2.48592e-07,-0.0056181985
2.48692e-07,-0.0056016831
2.48792e-07,-0.0055822955
2.48892e-07,-0.0055672162
2.48992e-07,-0.0055607537
2.49092e-07,-0.0055607537
2.49192e-07,-0.0055621898
2.49292e-07,-0.0055593176
2.49392e-07,-0.0055492647
2.49492e-07,-0.0055349035
2.49592e-07,-0.0055226965
2.49692e-07,-0.0055191062
2.49792e-07,-0.0055262868
2.49892e-07,-0.005540648
2.49992e-07,-0.0055542911
2.50092e-07,-0.0055585995
2.50192e-07,-0.0055492647
2.50292e-07,-0.0055298771
2.50392e-07,-0.0055104894
2.50492e-07,-0.0054997185
2.50592e-07,-0.0055033088
2.50692e-07,-0.0055191062
2.50792e-07,-0.0055363396
2.50892e-07,-0.0055449563
2.50992e-07,-0.0055377757
2.51092e-07,-0.005516952
2.51192e-07,-0.0054925379
2.51292e-07,-0.0054774586
2.51392e-07,-0.0054803309
2.51492e-07,-0.0054997185
2.51592e-07,-0.0055241326
2.51692e-07,-0.005540648
2.51792e-07,-0.0055377757
2.51892e-07,-0.0055140797
2.51992e-07,-0.0054796128
2.52092e-07,-0.0054487362
2.52192e-07,-0.005434375
2.52292e-07,-0.0054408375
2.52392e-07,-0.0054609432
2.52492e-07,-0.005481767
2.52592e-07,-0.0054918199
2.52692e-07,-0.0054853573
2.52792e-07,-0.0054666877
2.52892e-07,-0.005446582
2.52992e-07,-0.005434375
2.53092e-07,-0.0054336569
2.53192e-07,-0.0054386834
2.53292e-07,-0.0054379653
2.53392e-07,-0.005422886
2.53492e-07,-0.0053934455
2.53592e-07,-0.0053582606
2.53692e-07,-0.0053331284
2.53792e-07,-0.0053309743
2.53892e-07,-0.0053546703
2.53992e-07,-0.0053970358
2.54092e-07,-0.0054408375
2.54192e-07,-0.0054688419
2.54292e-07,-0.0054724322
2.54392e-07,-0.0054537626
2.54492e-07,-0.0054250402
2.54592e-07,-0.0053999081
2.54692e-07,-0.0053877011
2.54792e-07,-0.0053891372
2.54892e-07,-0.0053955997
2.54992e-07,-0.0053999081
2.55092e-07,-0.0053963178
2.55192e-07,-0.0053877011
2.55292e-07,-0.0053826746
2.55392e-07,-0.0053884191
2.55492e-07,-0.0054070887
2.55592e-07,-0.0054329389
2.55692e-07,-0.0054530446
2.55792e-07,-0.0054573529
2.55892e-07,-0.0054437098
2.55992e-07,-0.0054200138
2.56092e-07,-0.0054006261
2.56192e-07,-0.0053999081
2.56292e-07,-0.0054236041
2.56392e-07,-0.0054659697
2.56492e-07,-0.0055133617
2.56592e-07,-0.0055492647
2.56692e-07,-0.0055629079
2.56792e-07,-0.0055542911
2.56892e-07,-0.0055334674
2.56992e-07,-0.0055147978
2.57092e-07,-0.0055076172
2.57192e-07,-0.0055155159
2.57292e-07,-0.0055320312
2.57392e-07,-0.0055492647
2.57492e-07,-0.0055607537
2.57592e-07,-0.005565062
2.57692e-07,-0.0055672162
2.57792e-07,-0.0055722426
2.57892e-07,-0.0055815774
2.57992e-07,-0.0055909122
2.58092e-07,-0.0055937845
2.58192e-07,-0.0055837316
2.58292e-07,-0.0055621898
2.58392e-07,-0.0055363396
2.58492e-07,-0.005516952
2.58592e-07,-0.0055147978
2.58692e-07,-0.0055305951
2.58792e-07,-0.0055557273
2.58892e-07,-0.0055779871
2.58992e-07,-0.0055837316
2.59092e-07,-0.0055693704
2.59192e-07,-0.0055399299
2.59292e-07,-0.0055097714
2.59392e-07,-0.0054918199
2.59492e-07,-0.0054925379
2.59592e-07,-0.0055083352
2.59692e-07,-0.0055277229
2.59792e-07,-0.0055377757
2.59892e-07,-0.0055305951
2.59992e-07,-0.0055097714
2.60092e-07,-0.0054846392
2.60192e-07,-0.0054688419
2.60292e-07,-0.0054688419
2.60392e-07,-0.0054832031
2.60492e-07,-0.0055025908
2.60592e-07,-0.0055147978
2.60692e-07,-0.0055112075
2.60792e-07,-0.0054918199
2.60892e-07,-0.0054666877
2.60992e-07,-0.005445864
2.61092e-07,-0.0054386834
2.61192e-07,-0.005446582
2.61292e-07,-0.0054638155
2.61392e-07,-0.0054803309
2.61492e-07,-0.0054889476
2.61592e-07,-0.0054867934
2.61692e-07,-0.0054781767
2.61792e-07,-0.0054688419
2.61892e-07,-0.0054638155
2.61992e-07,-0.0054638155
2.62092e-07,-0.0054659697
2.62192e-07,-0.0054688419
2.62292e-07,-0.0054709961
2.62392e-07,-0.0054745864
2.62492e-07,-0.0054846392
2.62592e-07,-0.0055033088
2.62692e-07,-0.0055284409
2.62792e-07,-0.0055521369
2.62892e-07,-0.005565062
2.62992e-07,-0.0055607537
2.63092e-07,-0.005540648
2.63192e-07,-0.0055126436
2.63292e-07,-0.0054889476
2.63392e-07,-0.0054803309
2.63492e-07,-0.0054889476
2.63592e-07,-0.0055083352
2.63692e-07,-0.0055284409
2.63792e-07,-0.0055377757
2.63892e-07,-0.0055320312
2.63992e-07,-0.0055162339
2.64092e-07,-0.0054997185
2.64192e-07,-0.0054918199
2.64292e-07,-0.0054975643
2.64392e-07,-0.0055133617
2.64492e-07,-0.0055298771
2.64592e-07,-0.0055377757
2.64692e-07,-0.0055334674
2.64792e-07,-0.0055205423
2.64892e-07,-0.0055076172
2.64992e-07,-0.0055033088
2.65092e-07,-0.0055097714
2.65192e-07,-0.0055219784
2.65292e-07,-0.0055305951
2.65392e-07,-0.0055262868
2.65492e-07,-0.0055076172
2.65592e-07,-0.0054796128
2.65692e-07,-0.0054559168
2.65792e-07,-0.005445864
2.65892e-07,-0.0054551988
2.65992e-07,-0.0054781767
2.66092e-07,-0.0055025908
2.66192e-07,-0.0055147978
2.66292e-07,-0.0055076172
2.66392e-07,-0.0054832031
2.66492e-07,-0.0054508904
2.66592e-07,-0.005422886
2.66692e-07,-0.0054085248
2.66792e-07,-0.0054099609
2.66892e-07,-0.0054214499
2.66992e-07,-0.005434375
2.67092e-07,-0.0054429917
2.67192e-07,-0.0054451459
2.67292e-07,-0.0054444278
2.67392e-07,-0.005445864
2.67492e-07,-0.0054501723
2.67592e-07,-0.0054551988
2.67692e-07,-0.0054551988
2.67792e-07,-0.005445864
2.67892e-07,-0.0054271944
2.67992e-07,-0.0054070887
2.68092e-07,-0.0053955997
2.68192e-07,-0.0053999081
2.68292e-07,-0.005422886
2.68392e-07,-0.0054573529
2.68492e-07,-0.0054918199
2.68592e-07,-0.0055147978
2.68692e-07,-0.0055205423
2.68792e-07,-0.0055112075
2.68892e-07,-0.0054982824
2.68992e-07,-0.0054918199
2.69092e-07,-0.0054990005
2.69192e-07,-0.0055198242
2.69292e-07,-0.0055471105
2.69392e-07,-0.0055722426
2.69492e-07,-0.005588758
2.69592e-07,-0.0055973748
2.69692e-07,-0.0056016831
2.69792e-07,-0.0056067096
2.69892e-07,-0.0056160443
2.69992e-07,-0.0056275333
2.70092e-07,-0.0056375862
2.70192e-07,-0.0056411765
2.70292e-07,-0.0056397403
2.70392e-07,-0.0056383042
2.70492e-07,-0.0056447668
2.70592e-07,-0.0056641544
2.70692e-07,-0.005695031
2.70792e-07,-0.0057294979
2.70892e-07,-0.0057567842
2.70992e-07,-0.0057675551
2.71092e-07,-0.0057603745
2.71192e-07,-0.0057409869
2.71292e-07,-0.0057208812
2.71392e-07,-0.0057101103
2.71492e-07,-0.0057129825
2.71592e-07,-0.0057251896
2.71692e-07,-0.0057388327
2.71792e-07,-0.0057445772
2.71892e-07,-0.0057409869
2.71992e-07,-0.0057323702
2.72092e-07,-0.0057273438
2.72192e-07,-0.0057330882
2.72292e-07,-0.0057496036
2.72392e-07,-0.0057704274
2.72492e-07,-0.0057833525
2.72592e-07,-0.0057790441
2.72692e-07,-0.0057560662
2.72792e-07,-0.0057223173
2.72892e-07,-0.0056914407
2.72992e-07,-0.0056756434
2.73092e-07,-0.0056799517
2.73192e-07,-0.0056986213
2.73292e-07,-0.0057208812
2.73392e-07,-0.0057330882
2.73492e-07,-0.0057287799
2.73592e-07,-0.0057108284
2.73692e-07,-0.0056892865
2.73792e-07,-0.0056756434
2.73892e-07,-0.0056756434
2.73992e-07,-0.0056871324
2.74092e-07,-0.0057014936
2.74192e-07,-0.0057101103
2.74292e-07,-0.0057072381
2.74392e-07,-0.0056964671
2.74492e-07,-0.0056871324
2.74592e-07,-0.0056871324
2.74692e-07,-0.0057014936
2.74792e-07,-0.0057266257
2.74892e-07,-0.0057524759
2.74992e-07,-0.0057675551
2.75092e-07,-0.0057668371
2.75192e-07,-0.0057524759
2.75292e-07,-0.0057345244
2.75392e-07,-0.0057215993
2.75492e-07,-0.0057208812
2.75592e-07,-0.0057294979
2.75692e-07,-0.0057409869
2.75792e-07,-0.0057445772
2.75892e-07,-0.0057352424
2.75992e-07,-0.0057129825
2.76092e-07,-0.0056864143
2.76192e-07,-0.0056641544
2.76292e-07,-0.0056512293
2.76392e-07,-0.0056483571
2.76492e-07,-0.0056505113
2.76592e-07,-0.0056526654
2.76692e-07,-0.0056512293
2.76792e-07,-0.0056483571
2.76892e-07,-0.0056483571
2.76992e-07,-0.0056526654
2.77092e-07,-0.005659846
2.77192e-07,-0.0056634364
2.77292e-07,-0.0056548196
2.77392e-07,-0.0056296875
2.77492e-07,-0.0055909122
2.77592e-07,-0.0055507008
2.77692e-07,-0.0055219784
2.77792e-07,-0.0055147978
2.77892e-07,-0.0055305951
2.77992e-07,-0.0055600356
2.78092e-07,-0.0055858858
2.78192e-07,-0.0055952206
2.78292e-07,-0.0055808594
2.78392e-07,-0.0055499828
2.78492e-07,-0.0055147978
2.78592e-07,-0.0054918199
2.78692e-07,-0.0054889476
2.78792e-07,-0.0055033088
2.78892e-07,-0.0055248506
2.78992e-07,-0.0055377757
2.79092e-07,-0.0055327493
2.79192e-07,-0.0055083352
2.79292e-07,-0.0054717142
2.79392e-07,-0.005434375
2.79492e-07,-0.0054042165
2.79592e-07,-0.0053855469
2.79692e-07,-0.0053740579
2.79792e-07,-0.0053654412
2.79892e-07,-0.0053546703
2.79992e-07,-0.0053431813
2.80092e-07,-0.0053338465
2.80192e-07,-0.0053309743
2.80292e-07,-0.0053338465
2.80392e-07,-0.0053381549
2.80492e-07,-0.0053352826
2.80592e-07,-0.0053194853
2.80692e-07,-0.0052914809
2.80792e-07,-0.005257014
2.80892e-07,-0.0052290097
2.80992e-07,-0.0052160846
2.81092e-07,-0.005221111
2.81192e-07,-0.0052397806
2.81292e-07,-0.0052606043
2.81392e-07,-0.0052735294
2.81492e-07,-0.0052728114
2.81592e-07,-0.0052613224
2.81692e-07,-0.0052469612
2.81792e-07,-0.0052390625
2.81892e-07,-0.0052412167
2.81992e-07,-0.0052519876
2.82092e-07,-0.0052649127
2.82192e-07,-0.0052735294
2.82292e-07,-0.0052756836
2.82392e-07,-0.0052756836
2.82492e-07,-0.00528071
2.82592e-07,-0.0052965074
2.82692e-07,-0.0053223575
2.82792e-07,-0.0053525161
2.82892e-07,-0.0053769301
2.82992e-07,-0.0053884191
2.83092e-07,-0.005386983
2.83192e-07,-0.0053790843
2.83292e-07,-0.0053769301
2.83392e-07,-0.0053884191
2.83492e-07,-0.0054157054
2.83592e-07,-0.0054516085
2.83692e-07,-0.0054839212
2.83792e-07,-0.0055033088
2.83892e-07,-0.0055068991
2.83992e-07,-0.0055011546
2.84092e-07,-0.0054968463
2.84192e-07,-0.0055033088
2.84292e-07,-0.0055226965
2.84392e-07,-0.0055485466
2.84492e-07,-0.0055686523
2.84592e-07,-0.0055722426
2.84692e-07,-0.0055585995
2.84792e-07,-0.0055356216
2.84892e-07,-0.005516952
2.84992e-07,-0.0055147978
2.85092e-07,-0.0055327493
2.85192e-07,-0.0055621898
2.85292e-07,-0.00558804
2.85392e-07,-0.0055952206
2.85492e-07,-0.0055772691
2.85592e-07,-0.0055392119
2.85692e-07,-0.0054975643
2.85792e-07,-0.0054688419
2.85892e-07,-0.0054630974
2.85992e-07,-0.0054788948
2.86092e-07,-0.0055047449
2.86192e-07,-0.0055262868
2.86292e-07,-0.0055313132
2.86392e-07,-0.0055198242
2.86492e-07,-0.0054982824
2.86592e-07,-0.0054803309
2.86692e-07,-0.0054738683
2.86792e-07,-0.0054810489
2.86892e-07,-0.0054946921
2.86992e-07,-0.0055033088
2.87092e-07,-0.0054997185
2.87192e-07,-0.005481767
2.87292e-07,-0.0054566349
2.87392e-07,-0.005434375
2.87492e-07,-0.0054214499
2.87592e-07,-0.0054192957
2.87692e-07,-0.005422886
2.87792e-07,-0.005422886
2.87892e-07,-0.0054149874
2.87992e-07,-0.00539919
2.88092e-07,-0.0053833927
2.88192e-07,-0.0053769301
2.88292e-07,-0.0053862649
2.88392e-07,-0.0054099609
2.88492e-07,-0.0054415556
2.88592e-07,-0.0054688419
2.88692e-07,-0.0054824851
2.88792e-07,-0.0054781767
2.88892e-07,-0.0054595071
2.88992e-07,-0.005434375
2.89092e-07,-0.0054113971
2.89192e-07,-0.0053963178
2.89292e-07,-0.0053891372
2.89392e-07,-0.0053884191
2.89492e-07,-0.0053912914
2.89592e-07,-0.0053970358
2.89692e-07,-0.0054070887
2.89792e-07,-0.005422886
2.89892e-07,-0.0054429917
2.89992e-07,-0.0054630974
2.90092e-07,-0.0054774586
2.90192e-07,-0.0054803309
2.90292e-07,-0.0054709961
2.90392e-07,-0.0054530446
2.90492e-07,-0.005434375
2.90592e-07,-0.005422886
2.90692e-07,-0.005422886
2.90792e-07,-0.0054336569
2.90892e-07,-0.0054508904
2.90992e-07,-0.0054688419
2.91092e-07,-0.0054824851
2.91192e-07,-0.0054918199
2.91292e-07,-0.0054975643
2.91392e-07,-0.0055033088
2.91492e-07,-0.0055097714
2.91592e-07,-0.0055147978
2.91692e-07,-0.005516952
2.91792e-07,-0.0055147978
2.91892e-07,-0.0055097714
2.91992e-07,-0.0055076172
2.92092e-07,-0.0055126436
2.92192e-07,-0.0055262868
2.92292e-07,-0.0055449563
2.92392e-07,-0.0055607537
2.92492e-07,-0.005564344
2.92592e-07,-0.0055492647
2.92692e-07,-0.00551767
2.92792e-07,-0.0054781767
2.92892e-07,-0.0054437098
2.92992e-07,-0.005422886
2.93092e-07,-0.0054200138
2.93192e-07,-0.0054293486
2.93292e-07,-0.0054415556
2.93392e-07,-0.005445864
2.93492e-07,-0.0054379653
2.93592e-07,-0.0054192957
2.93692e-07,-0.0053963178
2.93792e-07,-0.0053769301
2.93892e-07,-0.0053640051
2.93992e-07,-0.0053561064
2.94092e-07,-0.0053467716
2.94192e-07,-0.0053309743
2.94292e-07,-0.0053072783
2.94392e-07,-0.0052814281
2.94492e-07,-0.0052598863
2.94592e-07,-0.0052505515
2.94692e-07,-0.0052548598
2.94792e-07,-0.0052670669
2.94892e-07,-0.005279992
2.94992e-07,-0.0052850184
2.95092e-07,-0.0052785558
2.95192e-07,-0.0052634766
2.95292e-07,-0.0052483973
2.95392e-07,-0.0052390625
2.95492e-07,-0.0052397806
2.95592e-07,-0.0052476792
2.95692e-07,-0.005257014
2.95792e-07,-0.0052620404
2.95892e-07,-0.0052613224
2.95992e-07,-0.005257014
2.96092e-07,-0.005256296
2.96192e-07,-0.0052620404
2.96292e-07,-0.0052742475
2.96392e-07,-0.0052878906
2.96492e-07,-0.0052965074
2.96592e-07,-0.0052965074
2.96692e-07,-0.0052914809
2.96792e-07,-0.0052900448
2.96892e-07,-0.0053015338
2.96992e-07,-0.0053309743
2.97092e-07,-0.005374776
2.97192e-07,-0.0054214499
2.97292e-07,-0.0054566349
2.97392e-07,-0.0054688419
2.97492e-07,-0.0054587891
2.97592e-07,-0.0054358111
2.97692e-07,-0.0054157054
2.97792e-07,-0.0054113971
2.97892e-07,-0.0054286305
2.97992e-07,-0.0054602252
2.98092e-07,-0.005493256
2.98192e-07,-0.0055147978
2.98292e-07,-0.0055183881
2.98392e-07,-0.0055068991
2.98492e-07,-0.0054903837
2.98592e-07,-0.0054803309
2.98692e-07,-0.0054810489
2.98792e-07,-0.0054911018
2.98892e-07,-0.0055004366
2.98992e-07,-0.0055033088
2.99092e-07,-0.0054961282
2.99192e-07,-0.0054860754
2.99292e-07,-0.005481767
2.99392e-07,-0.0054918199
2.99492e-07,-0.00551767
2.99592e-07,-0.0055507008
2.99692e-07,-0.005576551
2.99792e-07,-0.0055837316
2.99892e-07,-0.0055679343
2.99992e-07,-0.0055363396
3.00092e-07,-0.0055018727
3.00192e-07,-0.0054803309
3.00292e-07,-0.0054781767
3.00392e-07,-0.0054925379
3.00492e-07,-0.0055126436
3.00592e-07,-0.0055262868
3.00692e-07,-0.0055262868
3.00792e-07,-0.0055140797
3.00892e-07,-0.0054990005
3.00992e-07,-0.0054918199
3.01092e-07,-0.0054975643
3.01192e-07,-0.0055126436
3.01292e-07,-0.005529159
3.01392e-07,-0.0055377757
3.01492e-07,-0.0055334674
3.01592e-07,-0.0055205423
3.01692e-07,-0.0055068991
3.01792e-07,-0.0055033088
3.01892e-07,-0.0055119256
3.01992e-07,-0.0055277229
3.02092e-07,-0.0055392119
3.02192e-07,-0.0055377757
3.02292e-07,-0.0055191062
3.02392e-07,-0.0054889476
3.02492e-07,-0.0054602252
3.02592e-07,-0.005445864
3.02692e-07,-0.0054523265
3.02792e-07,-0.0054753045
3.02892e-07,-0.0055047449
3.02992e-07,-0.0055262868
3.03092e-07,-0.0055320312
3.03192e-07,-0.0055212603
3.03292e-07,-0.0055004366
3.03392e-07,-0.0054803309
3.03492e-07,-0.0054659697
3.03592e-07,-0.0054587891
3.03692e-07,-0.0054537626
3.03792e-07,-0.005445864
3.03892e-07,-0.0054350931
3.03992e-07,-0.0054250402
3.04092e-07,-0.005422886
3.04192e-07,-0.005434375
3.04292e-07,-0.0054573529
3.04392e-07,-0.0054824851
3.04492e-07,-0.0054968463
3.04592e-07,-0.0054918199
3.04692e-07,-0.0054659697
3.04792e-07,-0.0054279125
3.04892e-07,-0.0053941636
3.04992e-07,-0.0053769301
3.05092e-07,-0.0053826746
3.05192e-07,-0.0054070887
3.05292e-07,-0.0054365292
3.05392e-07,-0.0054573529
3.05492e-07,-0.0054630974
3.05592e-07,-0.0054566349
3.05692e-07,-0.0054473001
3.05792e-07,-0.005445864
3.05892e-07,-0.0054566349
3.05992e-07,-0.0054767406
3.06092e-07,-0.0054961282
3.06192e-07,-0.0055033088
3.06292e-07,-0.0054954102
3.06392e-07,-0.0054774586
3.06492e-07,-0.0054602252
3.06592e-07,-0.0054573529
3.06692e-07,-0.0054731503
3.06792e-07,-0.0055047449
3.06892e-07,-0.0055377757
3.06992e-07,-0.0055607537
3.07092e-07,-0.005564344
3.07192e-07,-0.0055507008
3.07292e-07,-0.005529159
3.07392e-07,-0.0055147978
3.07492e-07,-0.0055162339
3.07592e-07,-0.0055349035
3.07692e-07,-0.005565062
3.07792e-07,-0.0055952206
3.07892e-07,-0.0056167624
3.07992e-07,-0.0056253791
3.08092e-07,-0.0056246611
3.08192e-07,-0.0056181985
3.08292e-07,-0.0056110179
3.08392e-07,-0.0056038373
3.08492e-07,-0.0055952206
3.08592e-07,-0.0055837316
3.08692e-07,-0.0055722426
3.08792e-07,-0.0055664982
3.08892e-07,-0.0055729607
3.08992e-07,-0.0055952206
3.09092e-07,-0.0056289694
3.09192e-07,-0.0056641544
3.09292e-07,-0.0056864143
3.09392e-07,-0.0056871324
3.09492e-07,-0.0056655905
3.09592e-07,-0.0056318417
3.09692e-07,-0.005600247
3.09792e-07,-0.0055837316
3.09892e-07,-0.0055873219
3.09992e-07,-0.0056045554
3.10092e-07,-0.005623225
3.10192e-07,-0.0056296875
3.10292e-07,-0.0056181985
3.10392e-07,-0.0055937845
3.10492e-07,-0.0055664982
3.10592e-07,-0.0055492647
3.10692e-07,-0.0055478286
3.10792e-07,-0.0055585995
3.10892e-07,-0.0055708065
3.10992e-07,-0.0055722426
3.11092e-07,-0.0055571634
3.11192e-07,-0.0055284409
3.11292e-07,-0.0054990005
3.11392e-07,-0.0054803309
3.11492e-07,-0.0054810489
3.11592e-07,-0.0054990005
3.11692e-07,-0.0055226965
3.11792e-07,-0.0055377757
3.11892e-07,-0.0055349035
3.11992e-07,-0.0055133617
3.12092e-07,-0.0054832031
3.12192e-07,-0.0054573529
3.12292e-07,-0.0054480182
3.12392e-07,-0.0054573529
3.12492e-07,-0.0054803309
3.12592e-07,-0.0055033088
3.12692e-07,-0.0055147978
3.12792e-07,-0.0055090533
3.12892e-07,-0.0054867934
3.12992e-07,-0.0054573529
3.13092e-07,-0.0054293486
3.13192e-07,-0.0054099609
3.13292e-07,-0.0054013442
3.13392e-07,-0.0053999081
3.13492e-07,-0.0054027803
3.13592e-07,-0.0054070887
3.13692e-07,-0.0054135512
3.13792e-07,-0.005422886
3.13892e-07,-0.0054358111
3.13992e-07,-0.0054501723
3.14092e-07,-0.0054630974
3.14192e-07,-0.0054688419
3.14292e-07,-0.0054666877
3.14392e-07,-0.0054587891
3.14492e-07,-0.0054501723
3.14592e-07,-0.005445864
3.14692e-07,-0.0054501723
3.14792e-07,-0.0054616613
3.14892e-07,-0.0054774586
3.14992e-07,-0.0054918199
3.15092e-07,-0.0055011546
3.15192e-07,-0.0055040269
3.15292e-07,-0.0055040269
3.15392e-07,-0.0055033088
3.15492e-07,-0.0055047449
3.15592e-07,-0.0055076172
3.15692e-07,-0.0055112075
3.15792e-07,-0.0055147978
3.15892e-07,-0.0055183881
3.15992e-07,-0.0055248506
3.16092e-07,-0.0055349035
3.16192e-07,-0.0055492647
3.16292e-07,-0.0055636259
3.16392e-07,-0.0055715246
3.16492e-07,-0.0055672162
3.16592e-07,-0.0055492647
3.16692e-07,-0.0055226965
3.16792e-07,-0.0054954102
3.16892e-07,-0.0054796128
3.16992e-07,-0.0054803309
3.17092e-07,-0.0054975643
3.17192e-07,-0.0055241326
3.17292e-07,-0.0055485466
3.17392e-07,-0.0055607537
3.17492e-07,-0.0055571634
3.17592e-07,-0.005540648
3.17692e-07,-0.0055205423
3.17792e-07,-0.0055033088
3.17892e-07,-0.005493974
3.17992e-07,-0.0054918199
3.18092e-07,-0.0054925379
3.18192e-07,-0.0054918199
3.18292e-07,-0.0054889476
3.18392e-07,-0.0054867934
3.18492e-07,-0.0054911018
3.18592e-07,-0.0055033088
3.18692e-07,-0.0055205423
3.18792e-07,-0.0055356216
3.18892e-07,-0.0055392119
3.18992e-07,-0.0055262868
3.19092e-07,-0.0054997185
3.19192e-07,-0.0054688419
3.19292e-07,-0.0054480182
3.19392e-07,-0.005445864
3.19492e-07,-0.0054645335
3.19592e-07,-0.0054961282
3.19692e-07,-0.0055248506
3.19792e-07,-0.0055377757
3.19892e-07,-0.005529159
3.19992e-07,-0.0055025908
3.20092e-07,-0.005470278
3.20192e-07,-0.005445864
3.20292e-07,-0.0054394014
3.20392e-07,-0.0054501723
3.20492e-07,-0.0054717142
3.20592e-07,-0.0054918199
3.20692e-07,-0.0055025908
3.20792e-07,-0.0055011546
3.20892e-07,-0.0054918199
3.20992e-07,-0.0054803309
3.21092e-07,-0.0054731503
3.21192e-07,-0.0054709961
3.21292e-07,-0.0054709961
3.21392e-07,-0.0054688419
3.21492e-07,-0.0054630974
3.21592e-07,-0.0054551988
3.21692e-07,-0.0054516085
3.21792e-07,-0.0054573529
3.21892e-07,-0.0054738683
3.21992e-07,-0.0054982824
3.22092e-07,-0.0055219784
3.22192e-07,-0.0055377757
3.22292e-07,-0.005541366
3.22392e-07,-0.0055349035
3.22492e-07,-0.0055241326
3.22592e-07,-0.0055147978
3.22692e-07,-0.0055119256
3.22792e-07,-0.0055155159
3.22892e-07,-0.0055212603
3.22992e-07,-0.0055262868
3.23092e-07,-0.005529159
3.23192e-07,-0.0055313132
3.23292e-07,-0.0055370577
3.23392e-07,-0.0055492647
3.23492e-07,-0.005565062
3.23592e-07,-0.0055779871
3.23692e-07,-0.0055822955
3.23792e-07,-0.0055722426
3.23892e-07,-0.0055514189
3.23992e-07,-0.0055284409
3.24092e-07,-0.0055133617
3.24192e-07,-0.0055147978
3.24292e-07,-0.0055320312
3.24392e-07,-0.0055578814
3.24492e-07,-0.0055787052
3.24592e-07,-0.0055837316
3.24692e-07,-0.0055693704
3.24792e-07,-0.0055420841
3.24892e-07,-0.0055119256
3.24992e-07,-0.0054918199
3.25092e-07,-0.0054889476
3.25192e-07,-0.0055011546
3.25292e-07,-0.0055205423
3.25392e-07,-0.0055377757
3.25492e-07,-0.0055456744
3.25592e-07,-0.0055435202
3.25692e-07,-0.0055349035
3.25792e-07,-0.0055262868
3.25892e-07,-0.0055198242
3.25992e-07,-0.0055147978
3.26092e-07,-0.0055061811
3.26192e-07,-0.0054918199
3.26292e-07,-0.0054731503
3.26392e-07,-0.0054559168
3.26492e-07,-0.0054487362
3.26592e-07,-0.0054573529
3.26692e-07,-0.0054796128
3.26792e-07,-0.0055061811
3.26892e-07,-0.0055248506
3.26992e-07,-0.0055262868
3.27092e-07,-0.0055076172
3.27192e-07,-0.0054753045
3.27292e-07,-0.0054429917
3.27392e-07,-0.005422886
3.27492e-07,-0.0054207318
3.27592e-07,-0.0054322208
3.27692e-07,-0.0054487362
3.27792e-07,-0.0054573529
3.27892e-07,-0.0054530446
3.27992e-07,-0.0054379653
3.28092e-07,-0.0054207318
3.28192e-07,-0.0054113971
3.28292e-07,-0.0054157054
3.28392e-07,-0.0054329389
3.28492e-07,-0.0054537626
3.28592e-07,-0.0054688419
3.28692e-07,-0.0054731503
3.28792e-07,-0.0054674058
3.28892e-07,-0.0054595071
3.28992e-07,-0.0054573529
3.29092e-07,-0.0054652516
3.29192e-07,-0.005481767
3.29292e-07,-0.0054975643
3.29392e-07,-0.0055033088
3.29492e-07,-0.0054946921
3.29592e-07,-0.0054738683
3.29692e-07,-0.0054501723
3.29792e-07,-0.005434375
3.29892e-07,-0.005434375
3.29992e-07,-0.0054494543
3.30092e-07,-0.0054724322
3.30192e-07,-0.0054918199
3.30292e-07,-0.0054997185
3.30392e-07,-0.0054946921
3.30492e-07,-0.005481767
3.30592e-07,-0.0054688419
3.30692e-07,-0.0054638155
3.30792e-07,-0.0054674058
3.30892e-07,-0.0054753045
3.30992e-07,-0.0054803309
3.31092e-07,-0.0054753045
3.31192e-07,-0.0054595071
3.31292e-07,-0.0054386834
3.31392e-07,-0.005422886
3.31492e-07,-0.0054200138
3.31592e-07,-0.0054336569
3.31692e-07,-0.0054602252
3.31792e-07,-0.0054918199
3.31892e-07,-0.00551767
3.31992e-07,-0.0055320312
3.32092e-07,-0.0055334674
3.32192e-07,-0.0055262868
3.32292e-07,-0.00551767
3.32392e-07,-0.0055133617
3.32492e-07,-0.0055162339
3.32592e-07,-0.0055262868
3.32692e-07,-0.0055399299
3.32792e-07,-0.0055535731
3.32892e-07,-0.005564344
3.32992e-07,-0.0055722426
3.33092e-07,-0.0055772691
3.33192e-07,-0.0055808594
3.33292e-07,-0.0055822955
3.33392e-07,-0.0055837316
3.33492e-07,-0.0055851677
3.33592e-07,-0.005588758
3.33692e-07,-0.0055959386
3.33792e-07,-0.0056067096
3.33892e-07,-0.0056196347
3.33992e-07,-0.0056304056
3.34092e-07,-0.0056347139
3.34192e-07,-0.0056296875
3.34292e-07,-0.0056146082
3.34392e-07,-0.0055923483
3.34492e-07,-0.0055686523
3.34592e-07,-0.0055492647
3.34692e-07,-0.0055392119
3.34792e-07,-0.0055392119
3.34892e-07,-0.0055478286
3.34992e-07,-0.0055607537
3.35092e-07,-0.0055743968
3.35192e-07,-0.0055866039
3.35292e-07,-0.0055937845
3.35392e-07,-0.0055952206
3.35492e-07,-0.0055909122
3.35592e-07,-0.0055808594
3.35692e-07,-0.0055657801
3.35792e-07,-0.0055492647
3.35892e-07,-0.0055349035
3.35992e-07,-0.0055270048
3.36092e-07,-0.0055284409
3.36192e-07,-0.0055377757
3.36292e-07,-0.0055514189
3.36392e-07,-0.0055629079
3.36492e-07,-0.0055664982
3.36592e-07,-0.0055607537
3.36692e-07,-0.0055478286
3.36792e-07,-0.0055341854
3.36892e-07,-0.0055262868
3.36992e-07,-0.0055262868
3.37092e-07,-0.0055349035
3.37192e-07,-0.0055463925
3.37292e-07,-0.0055564453
3.37392e-07,-0.0055607537
3.37492e-07,-0.0055607537
3.37592e-07,-0.0055593176
3.37692e-07,-0.0055629079
3.37792e-07,-0.0055722426
3.37892e-07,-0.0055866039
3.37992e-07,-0.005600247
3.38092e-07,-0.0056074276
3.38192e-07,-0.0056067096
3.38292e-07,-0.005600247
3.38392e-07,-0.0055937845
3.38492e-07,-0.0055952206
3.38592e-07,-0.0056067096
3.38692e-07,-0.0056260972
3.38792e-07,-0.005646921
3.38892e-07,-0.0056605641
3.38992e-07,-0.0056641544
3.39092e-07,-0.005659846
3.39192e-07,-0.0056533835
3.39292e-07,-0.0056541016
3.39392e-07,-0.0056641544
3.39492e-07,-0.0056813879
3.39592e-07,-0.0056979033
3.39692e-07,-0.0057043658
3.39792e-07,-0.0056986213
3.39892e-07,-0.005683542
3.39992e-07,-0.005670617
3.40092e-07,-0.0056698989
3.40192e-07,-0.0056871324
3.40292e-07,-0.005718727
3.40392e-07,-0.0057531939
3.40492e-07,-0.0057761719
3.40592e-07,-0.0057790441
3.40692e-07,-0.0057639648
3.40792e-07,-0.005741705
3.40892e-07,-0.0057280618
3.40992e-07,-0.0057330882
3.41092e-07,-0.0057575023
3.41192e-07,-0.0057912511
3.41292e-07,-0.0058178194
3.41392e-07,-0.005825
3.41492e-07,-0.0058084846
3.41592e-07,-0.005777608
3.41692e-07,-0.0057481675
3.41792e-07,-0.0057330882
3.41892e-07,-0.0057395508
3.41992e-07,-0.0057610926
3.42092e-07,-0.0057862247
3.42192e-07,-0.0058020221
3.42292e-07,-0.0058034582
3.42392e-07,-0.0057941234
3.42492e-07,-0.0057869428
3.42592e-07,-0.0057905331
3.42692e-07,-0.0058092027
3.42792e-07,-0.0058357709
3.42892e-07,-0.0058565947
3.42992e-07,-0.0058594669
3.43092e-07,-0.0058415154
3.43192e-07,-0.0058099207
3.43292e-07,-0.0057797622
3.43392e-07,-0.0057675551
3.43492e-07,-0.0057790441
3.43592e-07,-0.0058092027
3.43692e-07,-0.0058415154
3.43792e-07,-0.0058594669
3.43892e-07,-0.0058530044
3.43992e-07,-0.0058242819
3.44092e-07,-0.0057862247
3.44192e-07,-0.0057560662
3.44292e-07,-0.0057467314
3.44392e-07,-0.0057603745
3.44492e-07,-0.0057876608
3.44592e-07,-0.005813511
3.44692e-07,-0.0058257181
3.44792e-07,-0.0058199736
3.44892e-07,-0.005801304
3.44992e-07,-0.0057790441
3.45092e-07,-0.0057632468
3.45192e-07,-0.0057582204
3.45292e-07,-0.0057618107
3.45392e-07,-0.0057675551
3.45492e-07,-0.0057718635
3.45592e-07,-0.0057740177
3.45692e-07,-0.0057783261
3.45792e-07,-0.0057905331
3.45892e-07,-0.0058113568
3.45992e-07,-0.0058379251
3.46092e-07,-0.005860185
3.46192e-07,-0.0058709559
3.46292e-07,-0.0058652114
3.46392e-07,-0.0058472599
3.46492e-07,-0.0058264361
3.46592e-07,-0.005813511
3.46692e-07,-0.0058149472
3.46792e-07,-0.0058293084
3.46892e-07,-0.0058479779
3.46992e-07,-0.0058594669
3.47092e-07,-0.0058573127
3.47192e-07,-0.0058407973
3.47292e-07,-0.0058185375
3.47392e-07,-0.0058020221
3.47492e-07,-0.0058005859
3.47592e-07,-0.0058156652
3.47692e-07,-0.0058429515
3.47792e-07,-0.0058709559
3.47892e-07,-0.0058896255
3.47992e-07,-0.0058939338
3.48092e-07,-0.0058853171
3.48192e-07,-0.0058709559
3.48292e-07,-0.0058580308
3.48392e-07,-0.0058515682
3.48492e-07,-0.0058530044
3.48592e-07,-0.0058594669
3.48692e-07,-0.0058673656
3.48792e-07,-0.0058738281
3.48892e-07,-0.0058788545
3.48992e-07,-0.0058824449
3.49092e-07,-0.0058860352
3.49192e-07,-0.0058881893
3.49292e-07,-0.0058874713
3.49392e-07,-0.0058824449
3.49492e-07,-0.0058731101
3.49592e-07,-0.0058616211
3.49692e-07,-0.0058522863
3.49792e-07,-0.0058479779
3.49892e-07,-0.0058494141
3.49992e-07,-0.0058544405
3.50092e-07,-0.0058587489
3.50192e-07,-0.0058594669
3.50292e-07,-0.0058573127
3.50392e-07,-0.0058558766
3.50492e-07,-0.0058594669
3.50592e-07,-0.0058709559
3.50692e-07,-0.0058874713
3.50792e-07,-0.0059025506
3.50892e-07,-0.0059068589
3.50992e-07,-0.0058939338
3.51092e-07,-0.0058623392
3.51192e-07,-0.0058192555
3.51292e-07,-0.0057761719
3.51392e-07,-0.0057445772
3.51492e-07,-0.0057316521
3.51592e-07,-0.0057366785
3.51692e-07,-0.0057517578
3.51792e-07,-0.0057675551
3.51892e-07,-0.0057740177
3.51992e-07,-0.005766119
3.52092e-07,-0.0057474494
3.52192e-07,-0.0057215993
3.52292e-07,-0.0056957491
3.52392e-07,-0.0056734892
3.52492e-07,-0.0056555377
3.52592e-07,-0.0056411765
3.52692e-07,-0.0056282514
3.52792e-07,-0.0056174805
3.52892e-07,-0.0056102999
3.52992e-07,-0.0056067096
3.53092e-07,-0.0056074276
3.53192e-07,-0.0056102999
3.53292e-07,-0.0056110179
3.53392e-07,-0.0056067096
3.53492e-07,-0.0055966567
3.53592e-07,-0.0055844497
3.53692e-07,-0.0055743968
3.53792e-07,-0.0055722426
3.53892e-07,-0.0055794233
3.53992e-07,-0.0055945025
3.54092e-07,-0.0056131721
3.54192e-07,-0.0056296875
3.54292e-07,-0.0056404584
3.54392e-07,-0.0056440487
3.54492e-07,-0.0056440487
3.54592e-07,-0.0056411765
3.54692e-07,-0.0056383042
3.54792e-07,-0.00563615
3.54892e-07,-0.0056332778
3.54992e-07,-0.0056296875
3.55092e-07,-0.0056275333
3.55192e-07,-0.0056304056
3.55292e-07,-0.0056418945
3.55392e-07,-0.0056641544
3.55492e-07,-0.0056935949
3.55592e-07,-0.0057244715
3.55692e-07,-0.0057474494
3.55792e-07,-0.0057560662
3.55892e-07,-0.0057488856
3.55992e-07,-0.0057287799
3.56092e-07,-0.0057058019
3.56192e-07,-0.0056871324
3.56292e-07,-0.0056799517
3.56392e-07,-0.0056856962
3.56492e-07,-0.0057007755
3.56592e-07,-0.0057215993
3.56692e-07,-0.005742423
3.56792e-07,-0.0057610926
3.56892e-07,-0.0057768899
3.56992e-07,-0.0057905331
3.57092e-07,-0.005801304
3.57192e-07,-0.0058092027
3.57292e-07,-0.005812793
3.57392e-07,-0.005813511
3.57492e-07,-0.005813511
3.57592e-07,-0.0058178194
3.57692e-07,-0.0058285903
3.57792e-07,-0.0058479779
3.57892e-07,-0.0058709559
3.57992e-07,-0.0058903435
3.58092e-07,-0.0058989602
3.58192e-07,-0.0058939338
3.58292e-07,-0.0058781365
3.58392e-07,-0.0058587489
3.58492e-07,-0.0058465418
3.58592e-07,-0.0058479779
3.58692e-07,-0.0058637753
3.58792e-07,-0.0058889074
3.58892e-07,-0.0059126034
3.58992e-07,-0.0059284007
3.59092e-07,-0.005931991
3.59192e-07,-0.0059269646
3.59292e-07,-0.005919784
3.59392e-07,-0.0059169118
3.59492e-07,-0.0059212201
3.59592e-07,-0.0059291188
3.59692e-07,-0.0059334272
3.59792e-07,-0.0059284007
3.59892e-07,-0.0059126034
3.59992e-07,-0.0058896255
3.60092e-07,-0.0058695198
3.60192e-07,-0.0058594669
3.60292e-07,-0.0058637753
3.60392e-07,-0.0058781365
3.60492e-07,-0.0058953699
3.60592e-07,-0.0059054228
3.60692e-07,-0.0059025506
3.60792e-07,-0.0058874713
3.60892e-07,-0.0058666475
3.60992e-07,-0.0058479779
3.61092e-07,-0.0058386432
3.61192e-07,-0.0058379251
3.61292e-07,-0.0058436696
3.61392e-07,-0.0058479779
3.61492e-07,-0.0058465418
3.61592e-07,-0.0058379251
3.61692e-07,-0.005825
3.61792e-07,-0.005813511
3.61892e-07,-0.0058063304
3.61992e-07,-0.0058048943
3.62092e-07,-0.0058041762
3.62192e-07,-0.0058020221
3.62292e-07,-0.0057941234
3.62392e-07,-0.0057819164
3.62492e-07,-0.0057682732
3.62592e-07,-0.0057560662
3.62692e-07,-0.0057488856
3.62792e-07,-0.0057460133
3.62892e-07,-0.0057460133
3.62992e-07,-0.0057445772
3.63092e-07,-0.005741705
3.63192e-07,-0.0057373966
3.63292e-07,-0.0057338063
3.63392e-07,-0.0057330882
3.63492e-07,-0.0057338063
3.63592e-07,-0.0057316521
3.63692e-07,-0.0057244715
3.63792e-07,-0.0057101103
3.63892e-07,-0.0056914407
3.63992e-07,-0.0056749253
3.64092e-07,-0.0056684628
3.64192e-07,-0.0056756434
3.64292e-07,-0.0056964671
3.64392e-07,-0.0057223173
3.64492e-07,-0.0057452953
3.64592e-07,-0.0057560662
3.64692e-07,-0.0057531939
3.64792e-07,-0.0057402688
3.64892e-07,-0.0057266257
3.64992e-07,-0.0057215993
3.65092e-07,-0.0057280618
3.65192e-07,-0.0057431411
3.65292e-07,-0.0057589384
3.65392e-07,-0.0057675551
3.65492e-07,-0.0057639648
3.65592e-07,-0.0057496036
3.65692e-07,-0.0057323702
3.65792e-07,-0.0057215993
3.65892e-07,-0.0057230354
3.65992e-07,-0.0057366785
3.66092e-07,-0.0057582204
3.66192e-07,-0.0057790441
3.66292e-07,-0.0057934053
3.66392e-07,-0.0057998679
3.66492e-07,-0.005801304
3.66592e-07,-0.0058020221
3.66692e-07,-0.0058070485
3.66792e-07,-0.0058163833
3.66892e-07,-0.0058278722
3.66992e-07,-0.005836489
3.67092e-07,-0.0058400793
3.67192e-07,-0.0058393612
3.67292e-07,-0.005836489
3.67392e-07,-0.005836489
3.67492e-07,-0.0058415154
3.67592e-07,-0.0058515682
3.67692e-07,-0.0058630572
3.67792e-07,-0.0058709559
3.67892e-07,-0.0058745462
3.67992e-07,-0.0058745462
3.68092e-07,-0.0058752642
3.68192e-07,-0.0058824449
3.68292e-07,-0.0058975241
3.68392e-07,-0.005919784
3.68492e-07,-0.00594348
3.68592e-07,-0.0059628676
3.68692e-07,-0.0059729205
3.68792e-07,-0.0059722024
3.68892e-07,-0.0059628676
3.68992e-07,-0.0059513787
3.69092e-07,-0.0059413258
3.69192e-07,-0.0059377355
3.69292e-07,-0.0059406078
3.69392e-07,-0.0059513787
3.69492e-07,-0.0059686121
3.69592e-07,-0.0059915901
3.69692e-07,-0.0060174403
3.69792e-07,-0.0060432904
3.69892e-07,-0.0060626781
3.69992e-07,-0.0060712948
3.70092e-07,-0.0060641142
3.70192e-07,-0.0060432904
3.70292e-07,-0.006014568
3.70392e-07,-0.0059865636
3.70492e-07,-0.0059678941
3.70592e-07,-0.0059628676
3.70692e-07,-0.0059693302
3.70792e-07,-0.0059808192
3.70892e-07,-0.0059887178
3.70992e-07,-0.0059858456
3.71092e-07,-0.0059736386
3.71192e-07,-0.0059564051
3.71292e-07,-0.00594348
3.71392e-07,-0.0059398897
3.71492e-07,-0.0059456342
3.71592e-07,-0.005954969
3.71692e-07,-0.0059592773
3.71792e-07,-0.0059513787
3.71892e-07,-0.0059298369
3.71992e-07,-0.0058996783
3.72092e-07,-0.0058702378
3.72192e-07,-0.0058479779
3.72292e-07,-0.005837207
3.72392e-07,-0.0058357709
3.72492e-07,-0.0058379251
3.72592e-07,-0.005836489
3.72692e-07,-0.0058307445
3.72792e-07,-0.0058235639
3.72892e-07,-0.0058199736
3.72992e-07,-0.005825
3.73092e-07,-0.0058379251
3.73192e-07,-0.0058522863
3.73292e-07,-0.0058616211
3.73392e-07,-0.0058594669
3.73492e-07,-0.0058451057
3.73592e-07,-0.0058242819
3.73692e-07,-0.0058077665
3.73792e-07,-0.0058020221
3.73892e-07,-0.0058113568
3.73992e-07,-0.0058307445
3.74092e-07,-0.0058537224
3.74192e-07,-0.0058709559
3.74292e-07,-0.0058802907
3.74392e-07,-0.0058831629
3.74492e-07,-0.0058860352
3.74592e-07,-0.0058939338
3.74692e-07,-0.0059068589
3.74792e-07,-0.0059190659
3.74892e-07,-0.0059248104
3.74992e-07,-0.0059169118
3.75092e-07,-0.0058968061
3.75192e-07,-0.0058716739
3.75292e-07,-0.0058522863
3.75392e-07,-0.0058479779
3.75492e-07,-0.005860185
3.75592e-07,-0.0058831629
3.75692e-07,-0.0059061409
3.75792e-07,-0.0059169118
3.75892e-07,-0.0059126034
3.75992e-07,-0.005896088
3.76092e-07,-0.0058788545
3.76192e-07,-0.0058709559
3.76292e-07,-0.0058781365
3.76392e-07,-0.0058982422
3.76492e-07,-0.0059226563
3.76592e-07,-0.0059398897
3.76692e-07,-0.0059441981
3.76792e-07,-0.0059370175
3.76892e-07,-0.0059248104
3.76992e-07,-0.0059169118
3.77092e-07,-0.0059183479
3.77192e-07,-0.0059291188
3.77292e-07,-0.0059420439
3.77392e-07,-0.0059513787
3.77492e-07,-0.0059520967
3.77592e-07,-0.0059456342
3.77692e-07,-0.0059391716
3.77792e-07,-0.0059398897
3.77892e-07,-0.0059513787
3.77992e-07,-0.0059700483
3.78092e-07,-0.0059887178
3.78192e-07,-0.0059973346
3.78292e-07,-0.005990154
3.78392e-07,-0.0059693302
3.78492e-07,-0.0059413258
3.78592e-07,-0.0059169118
3.78692e-07,-0.0059039867
3.78792e-07,-0.0059039867
3.78892e-07,-0.0059147576
3.78992e-07,-0.0059284007
3.79092e-07,-0.0059398897
3.79192e-07,-0.0059449161
3.79292e-07,-0.0059441981
3.79392e-07,-0.0059398897
3.79492e-07,-0.005931991
3.79592e-07,-0.0059212201
3.79692e-07,-0.0059047047
3.79792e-07,-0.0058824449
3.79892e-07,-0.0058580308
3.79992e-07,-0.0058357709
3.80092e-07,-0.0058242819
3.80192e-07,-0.005825
3.80292e-07,-0.005837207
3.80392e-07,-0.0058522863
3.80492e-07,-0.0058623392
3.80592e-07,-0.0058594669
3.80692e-07,-0.0058436696
3.80792e-07,-0.0058206916
3.80892e-07,-0.0057998679
3.80992e-07,-0.0057905331
3.81092e-07,-0.0057941234
3.81192e-07,-0.0058070485
3.81292e-07,-0.0058199736
3.81392e-07,-0.005825
3.81492e-07,-0.0058192555
3.81592e-07,-0.0058063304
3.81692e-07,-0.0057941234
3.81792e-07,-0.0057905331
3.81892e-07,-0.0057969956
3.81992e-07,-0.0058106388
3.82092e-07,-0.0058228458
3.82192e-07,-0.005825
3.82292e-07,-0.0058156652
3.82392e-07,-0.0057991498
3.82492e-07,-0.0057840705
3.82592e-07,-0.0057790441
3.82692e-07,-0.0057876608
3.82792e-07,-0.0058063304
3.82892e-07,-0.0058257181
3.82992e-07,-0.005836489
3.83092e-07,-0.0058336167
3.83192e-07,-0.0058199736
3.83292e-07,-0.0058027401
3.83392e-07,-0.0057905331
3.83492e-07,-0.005789097
3.83592e-07,-0.0057962776
3.83692e-07,-0.0058070485
3.83792e-07,-0.005813511
3.83892e-07,-0.0058120749
3.83992e-07,-0.0058041762
3.84092e-07,-0.0057948415
3.84192e-07,-0.0057905331
3.84292e-07,-0.0057934053
3.84392e-07,-0.0057998679
3.84492e-07,-0.0058048943
3.84592e-07,-0.0058020221
3.84692e-07,-0.005789815
3.84792e-07,-0.0057725816
3.84892e-07,-0.0057589384
3.84992e-07,-0.0057560662
3.85092e-07,-0.005766119
3.85192e-07,-0.0057847886
3.85292e-07,-0.0058034582
3.85392e-07,-0.005813511
3.85492e-07,-0.0058106388
3.85592e-07,-0.0057969956
3.85692e-07,-0.0057797622
3.85792e-07,-0.0057675551
3.85892e-07,-0.0057646829
3.85992e-07,-0.0057711455
3.86092e-07,-0.0057819164
3.86192e-07,-0.0057905331
3.86292e-07,-0.0057948415
3.86392e-07,-0.0057962776
3.86492e-07,-0.0057977137
3.86592e-07,-0.0058020221
3.86692e-07,-0.0058092027
3.86792e-07,-0.0058142291
3.86892e-07,-0.005812793
3.86992e-07,-0.0058020221
3.87092e-07,-0.0057855067
3.87192e-07,-0.0057725816
3.87292e-07,-0.0057725816
3.87392e-07,-0.0057905331
3.87492e-07,-0.0058235639
3.87592e-07,-0.005860903
3.87692e-07,-0.0058874713
3.87792e-07,-0.0058939338
3.87892e-07,-0.0058774184
3.87992e-07,-0.0058458238
3.88092e-07,-0.0058120749
3.88192e-07,-0.0057905331
3.88292e-07,-0.0057869428
3.88392e-07,-0.0057991498
3.88492e-07,-0.0058192555
3.88592e-07,-0.005836489
3.88692e-07,-0.0058465418
3.88792e-07,-0.0058508502
3.88892e-07,-0.0058537224
3.88992e-07,-0.0058594669
3.89092e-07,-0.0058680836
3.89192e-07,-0.0058752642
3.89292e-07,-0.0058731101
3.89392e-07,-0.0058594669
3.89492e-07,-0.005836489
3.89592e-07,-0.0058149472
3.89692e-07,-0.0058048943
3.89792e-07,-0.005813511
3.89892e-07,-0.005837207
3.89992e-07,-0.0058637753
3.90092e-07,-0.0058781365
3.90192e-07,-0.0058709559
3.90292e-07,-0.0058422335
3.90392e-07,-0.0058048943
3.90492e-07,-0.0057747358
3.90592e-07,-0.0057675551
3.90692e-07,-0.0057862247
3.90792e-07,-0.0058228458
3.90892e-07,-0.005860185
3.90992e-07,-0.0058824449
3.91092e-07,-0.0058817268
3.91192e-07,-0.0058616211
3.91292e-07,-0.0058343348
3.91392e-07,-0.005813511
3.91492e-07,-0.0058048943
3.91592e-07,-0.0058063304
3.91692e-07,-0.0058084846
3.91792e-07,-0.0058020221
3.91892e-07,-0.0057855067
3.91992e-07,-0.0057668371
3.92092e-07,-0.0057575023
3.92192e-07,-0.0057675551
3.92292e-07,-0.0057984318
3.92392e-07,-0.0058393612
3.92492e-07,-0.005872392
3.92592e-07,-0.0058824449
3.92692e-07,-0.0058637753
3.92792e-07,-0.0058235639
3.92892e-07,-0.0057811983
3.92992e-07,-0.0057560662
3.93092e-07,-0.0057582204
3.93192e-07,-0.0057862247
3.93292e-07,-0.0058257181
3.93392e-07,-0.0058594669
3.93492e-07,-0.0058752642
3.93592e-07,-0.0058716739
3.93692e-07,-0.0058580308
3.93792e-07,-0.0058479779
3.93892e-07,-0.0058508502
3.93992e-07,-0.0058673656
3.94092e-07,-0.0058896255
3.94192e-07,-0.0059054228
3.94292e-07,-0.0059068589
3.94392e-07,-0.0058939338
3.94492e-07,-0.0058745462
3.94592e-07,-0.0058594669
3.94692e-07,-0.0058573127
3.94792e-07,-0.0058673656
3.94892e-07,-0.0058831629
3.94992e-07,-0.0058939338
3.95092e-07,-0.0058924977
3.95192e-07,-0.0058795726
3.95292e-07,-0.0058616211
3.95392e-07,-0.0058479779
3.95492e-07,-0.0058458238
3.95592e-07,-0.0058551585
3.95692e-07,-0.0058702378
3.95792e-07,-0.0058824449
3.95892e-07,-0.0058853171
3.95992e-07,-0.0058788545
3.96092e-07,-0.0058680836
3.96192e-07,-0.0058594669
3.96292e-07,-0.0058558766
3.96392e-07,-0.0058565947
3.96492e-07,-0.0058551585
3.96592e-07,-0.0058479779
3.96692e-07,-0.0058336167
3.96792e-07,-0.0058171013
3.96892e-07,-0.0058077665
3.96992e-07,-0.005813511
3.97092e-07,-0.0058357709
3.97192e-07,-0.0058680836
3.97292e-07,-0.0058996783
3.97392e-07,-0.0059169118
3.97492e-07,-0.0059147576
3.97592e-07,-0.005896088
3.97692e-07,-0.0058695198
3.97792e-07,-0.0058479779
3.97892e-07,-0.0058386432
3.97992e-07,-0.0058415154
3.98092e-07,-0.0058515682
3.98192e-07,-0.0058594669
3.98292e-07,-0.005860185
3.98392e-07,-0.0058530044
3.98492e-07,-0.0058429515
3.98592e-07,-0.005836489
3.98692e-07,-0.005837207
3.98792e-07,-0.0058436696
3.98892e-07,-0.0058494141
3.98992e-07,-0.0058479779
3.99092e-07,-0.0058379251
3.99192e-07,-0.0058221278
3.99292e-07,-0.0058077665
3.99392e-07,-0.0058020221
3.99492e-07,-0.0058077665
3.99592e-07,-0.0058206916
3.99692e-07,-0.0058336167
3.99792e-07,-0.005836489
3.99892e-07,-0.0058271542
3.99992e-07,-0.0058077665
4.00092e-07,-0.005789097
4.00192e-07,-0.0057790441
4.00292e-07,-0.0057833525
4.00392e-07,-0.0058005859
4.00492e-07,-0.0058214097
4.00592e-07,-0.005836489
4.00692e-07,-0.0058393612
4.00792e-07,-0.0058300264
4.00892e-07,-0.0058149472
4.00992e-07,-0.0058020221
4.01092e-07,-0.0057984318
4.01192e-07,-0.0058041762
4.01292e-07,-0.0058149472
4.01392e-07,-0.005825
4.01492e-07,-0.0058300264
4.01592e-07,-0.0058300264
4.01692e-07,-0.0058307445
4.01792e-07,-0.005836489
4.01892e-07,-0.0058501321
4.01992e-07,-0.0058688017
4.02092e-07,-0.0058860352
4.02192e-07,-0.0058939338
4.02292e-07,-0.0058889074
4.02392e-07,-0.005872392
4.02492e-07,-0.0058515682
4.02592e-07,-0.005836489
4.02692e-07,-0.0058328987
4.02792e-07,-0.0058429515
4.02892e-07,-0.0058616211
4.02992e-07,-0.0058824449
4.03092e-07,-0.0058989602
4.03192e-07,-0.0059090131
4.03292e-07,-0.0059140395
4.03392e-07,-0.0059169118
4.03492e-07,-0.005919784
4.03592e-07,-0.0059226563
4.03692e-07,-0.0059226563
4.03792e-07,-0.0059169118
4.03892e-07,-0.0059054228
4.03992e-07,-0.0058903435
4.04092e-07,-0.0058774184
4.04192e-07,-0.0058709559
4.04292e-07,-0.0058716739
4.04392e-07,-0.0058781365
4.04492e-07,-0.0058831629
4.04592e-07,-0.0058824449
4.04692e-07,-0.0058745462
4.04792e-07,-0.0058616211
4.04892e-07,-0.0058508502
4.04992e-07,-0.0058479779
4.05092e-07,-0.0058565947
4.05192e-07,-0.0058752642
4.05292e-07,-0.0058982422
4.05392e-07,-0.0059169118
4.05492e-07,-0.0059262466
4.05592e-07,-0.0059248104
4.05692e-07,-0.0059126034
4.05792e-07,-0.0058939338
4.05892e-07,-0.005872392
4.05992e-07,-0.0058501321
4.06092e-07,-0.0058293084
4.06192e-07,-0.005813511
4.06292e-07,-0.0058056124
4.06392e-07,-0.0058092027
4.06492e-07,-0.0058242819
4.06592e-07,-0.0058479779
4.06692e-07,-0.005872392
4.06792e-07,-0.0058889074
4.06892e-07,-0.0058881893
4.06992e-07,-0.0058709559
4.07092e-07,-0.0058422335
4.07192e-07,-0.0058120749
4.07292e-07,-0.0057934053
4.07392e-07,-0.0057905331
4.07492e-07,-0.005801304
4.07592e-07,-0.0058178194
4.07692e-07,-0.0058271542
4.07792e-07,-0.005825
4.07892e-07,-0.0058113568
4.07992e-07,-0.0057948415
4.08092e-07,-0.0057855067
4.08192e-07,-0.0057905331
4.08292e-07,-0.0058077665
4.08392e-07,-0.0058278722
4.08492e-07,-0.0058400793
4.08592e-07,-0.005836489
4.08692e-07,-0.0058178194
4.08792e-07,-0.0057941234
4.08892e-07,-0.0057783261
4.08992e-07,-0.0057790441
4.09092e-07,-0.0057962776
4.09192e-07,-0.0058199736
4.09292e-07,-0.005837207
4.09392e-07,-0.005836489
4.09492e-07,-0.0058163833
4.09592e-07,-0.0057869428
4.09692e-07,-0.0057625287
4.09792e-07,-0.0057560662
4.09892e-07,-0.0057718635
4.09992e-07,-0.0058027401
4.10092e-07,-0.0058328987
4.10192e-07,-0.0058479779
4.10292e-07,-0.0058422335
4.10392e-07,-0.0058199736
4.10492e-07,-0.0057941234
4.10592e-07,-0.0057790441
4.10692e-07,-0.0057811983
4.10792e-07,-0.0057969956
4.10892e-07,-0.0058163833
4.10992e-07,-0.005825
4.11092e-07,-0.0058171013
4.11192e-07,-0.0057955595
4.11292e-07,-0.0057711455
4.11392e-07,-0.0057560662
4.11492e-07,-0.0057567842
4.11592e-07,-0.0057704274
4.11692e-07,-0.0057862247
4.11792e-07,-0.0057905331
4.11892e-07,-0.0057761719
4.11992e-07,-0.0057452953
4.12092e-07,-0.0057072381
4.12192e-07,-0.0056756434
4.12292e-07,-0.005659128
4.12392e-07,-0.0056576919
4.12492e-07,-0.0056634364
4.12592e-07,-0.0056641544
4.12692e-07,-0.0056512293
4.12792e-07,-0.005623943
4.12892e-07,-0.0055901942
4.12992e-07,-0.0055607537
4.13092e-07,-0.0055456744
4.13192e-07,-0.0055463925
4.13292e-07,-0.0055585995
4.13392e-07,-0.0055722426
4.13492e-07,-0.0055787052
4.13592e-07,-0.0055743968
4.13692e-07,-0.0055629079
4.13792e-07,-0.0055492647
4.13892e-07,-0.0055399299
4.13992e-07,-0.0055370577
4.14092e-07,-0.0055377757
4.14192e-07,-0.0055377757
4.14292e-07,-0.0055334674
4.14392e-07,-0.0055248506
4.14492e-07,-0.005516952
4.14592e-07,-0.0055147978
4.14692e-07,-0.0055205423
4.14792e-07,-0.0055320312
4.14892e-07,-0.0055435202
4.14992e-07,-0.0055492647
4.15092e-07,-0.0055456744
4.15192e-07,-0.0055349035
4.15292e-07,-0.0055226965
4.15392e-07,-0.0055147978
4.15492e-07,-0.0055155159
4.15592e-07,-0.0055234145
4.15692e-07,-0.0055327493
4.15792e-07,-0.0055377757
4.15892e-07,-0.0055363396
4.15992e-07,-0.0055298771
4.16092e-07,-0.0055248506
4.16192e-07,-0.0055262868
4.16292e-07,-0.0055363396
4.16392e-07,-0.0055514189
4.16492e-07,-0.0055657801
4.16592e-07,-0.0055722426
4.16692e-07,-0.0055672162
4.16792e-07,-0.005552855
4.16892e-07,-0.0055370577
4.16992e-07,-0.0055262868
4.17092e-07,-0.0055262868
4.17192e-07,-0.0055356216
4.17292e-07,-0.0055492647
4.17392e-07,-0.0055607537
4.17492e-07,-0.005565062
4.17592e-07,-0.0055621898
4.17692e-07,-0.0055557273
4.17792e-07,-0.0055492647
4.17892e-07,-0.0055463925
4.17992e-07,-0.0055471105
4.18092e-07,-0.0055492647
4.18192e-07,-0.0055492647
4.18292e-07,-0.0055471105
4.18392e-07,-0.0055449563
4.18492e-07,-0.0055449563
4.18592e-07,-0.0055492647
4.18692e-07,-0.0055564453
4.18792e-07,-0.0055614717
4.18892e-07,-0.0055600356
4.18992e-07,-0.0055492647
4.19092e-07,-0.0055320312
4.19192e-07,-0.0055155159
4.19292e-07,-0.0055083352
4.19392e-07,-0.0055147978
4.19492e-07,-0.0055341854
4.19592e-07,-0.0055585995
4.19692e-07,-0.0055779871
4.19792e-07,-0.0055837316
4.19892e-07,-0.0055751149
4.19992e-07,-0.0055578814
4.20092e-07,-0.0055428022
4.20192e-07,-0.0055377757
4.20292e-07,-0.0055463925
4.20392e-07,-0.005564344
4.20492e-07,-0.0055837316
4.20592e-07,-0.0055952206
4.20692e-07,-0.0055959386
4.20792e-07,-0.005588758
4.20892e-07,-0.0055822955
4.20992e-07,-0.0055837316
4.21092e-07,-0.0055945025
4.21192e-07,-0.0056102999
4.21292e-07,-0.0056210708
4.21392e-07,-0.0056181985
4.21492e-07,-0.005599529
4.21592e-07,-0.0055700885
4.21692e-07,-0.005541366
4.21792e-07,-0.0055262868
4.21892e-07,-0.0055305951
4.21992e-07,-0.005552855
4.22092e-07,-0.0055822955
4.22192e-07,-0.0056067096
4.22292e-07,-0.0056160443
4.22392e-07,-0.0056088637
4.22492e-07,-0.0055909122
4.22592e-07,-0.0055722426
4.22692e-07,-0.0055629079
4.22792e-07,-0.0055679343
4.22892e-07,-0.0055844497
4.22992e-07,-0.0056067096
4.23092e-07,-0.0056275333
4.23192e-07,-0.0056433307
4.23292e-07,-0.0056541016
4.23392e-07,-0.0056641544
4.23492e-07,-0.0056756434
4.23592e-07,-0.0056885685
4.23692e-07,-0.0057014936
4.23792e-07,-0.0057101103
4.23892e-07,-0.0057122645
4.23992e-07,-0.0057093922
4.24092e-07,-0.00570652
4.24192e-07,-0.0057101103
4.24292e-07,-0.0057237534
4.24392e-07,-0.0057467314
4.24492e-07,-0.0057747358
4.24592e-07,-0.0058020221
4.24692e-07,-0.0058221278
4.24792e-07,-0.0058328987
4.24892e-07,-0.005836489
4.24992e-07,-0.005836489
4.25092e-07,-0.0058379251
4.25192e-07,-0.0058429515
4.25292e-07,-0.0058508502
4.25392e-07,-0.0058594669
4.25492e-07,-0.0058673656
4.25592e-07,-0.0058745462
4.25692e-07,-0.0058831629
4.25792e-07,-0.0058939338
4.25892e-07,-0.005907577
4.25992e-07,-0.0059226563
4.26092e-07,-0.0059341452
4.26192e-07,-0.0059398897
4.26292e-07,-0.0059377355
4.26392e-07,-0.0059305549
4.26492e-07,-0.0059219382
4.26592e-07,-0.0059169118
4.26692e-07,-0.0059190659
4.26792e-07,-0.0059269646
4.26892e-07,-0.0059391716
4.26992e-07,-0.0059513787
4.27092e-07,-0.0059607135
4.27192e-07,-0.005966458
4.27292e-07,-0.0059700483
4.27392e-07,-0.0059743566
4.27492e-07,-0.005979383
4.27592e-07,-0.0059844095
4.27692e-07,-0.0059872817
4.27792e-07,-0.0059858456
4.27892e-07,-0.005979383
4.27992e-07,-0.0059700483
4.28092e-07,-0.0059599954
4.28192e-07,-0.0059513787
4.28292e-07,-0.0059449161
4.28392e-07,-0.0059406078
4.28492e-07,-0.0059348633
4.28592e-07,-0.0059284007
4.28692e-07,-0.0059219382
4.28792e-07,-0.0059183479
4.28892e-07,-0.005919784
4.28992e-07,-0.0059284007
4.29092e-07,-0.0059406078
4.29192e-07,-0.0059513787
4.29292e-07,-0.0059564051
4.29392e-07,-0.0059513787
4.29492e-07,-0.0059384536
4.29592e-07,-0.0059226563
4.29692e-07,-0.0059104492
4.29792e-07,-0.0059054228
4.29892e-07,-0.005908295
4.29992e-07,-0.0059154756
4.30092e-07,-0.0059233743
4.30192e-07,-0.0059284007
4.30292e-07,-0.005931273
4.30392e-07,-0.0059362994
4.30492e-07,-0.0059463523
4.30592e-07,-0.0059628676
4.30692e-07,-0.0059808192
4.30792e-07,-0.0059923081
4.30892e-07,-0.0059879998
4.30992e-07,-0.0059628676
4.31092e-07,-0.0059205021
4.31192e-07,-0.0058709559
4.31292e-07,-0.0058278722
4.31392e-07,-0.0058020221
4.31492e-07,-0.0057962776
4.31592e-07,-0.0058063304
4.31692e-07,-0.0058199736
4.31792e-07,-0.005825
4.31892e-07,-0.0058142291
4.31992e-07,-0.005789097
4.32092e-07,-0.0057546301
4.32192e-07,-0.0057215993
4.32292e-07,-0.0056971852
4.32392e-07,-0.005683542
4.32492e-07,-0.0056777976
4.32592e-07,-0.0056756434
4.32692e-07,-0.005671335
4.32792e-07,-0.0056641544
4.32892e-07,-0.0056533835
4.32992e-07,-0.0056411765
4.33092e-07,-0.0056275333
4.33192e-07,-0.0056102999
4.33292e-07,-0.00558804
4.33392e-07,-0.0055607537
4.33492e-07,-0.0055334674
4.33592e-07,-0.0055119256
4.33692e-07,-0.0055047449
4.33792e-07,-0.0055147978
4.33892e-07,-0.0055384938
4.33992e-07,-0.0055672162
4.34092e-07,-0.005588758
4.34192e-07,-0.0055952206
4.34292e-07,-0.0055844497
4.34392e-07,-0.0055629079
4.34492e-07,-0.0055399299
4.34592e-07,-0.0055262868
4.34692e-07,-0.0055255687
4.34792e-07,-0.0055356216
4.34892e-07,-0.0055499828
4.34992e-07,-0.0055607537
4.35092e-07,-0.005564344
4.35192e-07,-0.0055629079
4.35292e-07,-0.0055600356
4.35392e-07,-0.0055607537
4.35492e-07,-0.0055636259
4.35592e-07,-0.0055636259
4.35692e-07,-0.005552855
4.35792e-07,-0.0055262868
4.35892e-07,-0.0054860754
4.35992e-07,-0.0054415556
4.36092e-07,-0.0054056526
4.36192e-07,-0.0053884191
4.36292e-07,-0.0053927275
4.36392e-07,-0.0054128332
4.36492e-07,-0.0054350931
4.36592e-07,-0.005445864
4.36692e-07,-0.0054386834
4.36792e-07,-0.0054157054
4.36892e-07,-0.005386983
4.36992e-07,-0.0053654412
4.37092e-07,-0.0053589786
4.37192e-07,-0.0053697495
4.37292e-07,-0.0053905733
4.37392e-07,-0.0054113971
4.37492e-07,-0.005422886
4.37592e-07,-0.005422886
4.37692e-07,-0.0054128332
4.37792e-07,-0.0053999081
4.37892e-07,-0.0053898552
4.37992e-07,-0.0053862649
4.38092e-07,-0.0053862649
4.38192e-07,-0.0053884191
4.38292e-07,-0.0053905733
4.38392e-07,-0.0053934455
4.38492e-07,-0.0053999081
4.38592e-07,-0.0054113971
4.38692e-07,-0.0054279125
4.38792e-07,-0.0054451459
4.38892e-07,-0.0054559168
4.38992e-07,-0.0054573529
4.39092e-07,-0.0054487362
4.39192e-07,-0.0054350931
4.39292e-07,-0.0054243222
4.39392e-07,-0.005422886
4.39492e-07,-0.0054336569
4.39592e-07,-0.0054530446
4.39692e-07,-0.0054745864
4.39792e-07,-0.0054918199
4.39892e-07,-0.0055033088
4.39992e-07,-0.0055112075
4.40092e-07,-0.0055212603
4.40192e-07,-0.0055377757
4.40292e-07,-0.0055614717
4.40392e-07,-0.0055866039
4.40492e-07,-0.0056074276
4.40592e-07,-0.0056181985
4.40692e-07,-0.0056210708
4.40792e-07,-0.0056217888
4.40892e-07,-0.0056304056
4.40992e-07,-0.0056526654
4.41092e-07,-0.0056885685
4.41192e-07,-0.0057309341
4.41292e-07,-0.0057675551
4.41392e-07,-0.0057905331
4.41492e-07,-0.0057962776
4.41592e-07,-0.0057919692
4.41692e-07,-0.0057862247
4.41792e-07,-0.0057905331
4.41892e-07,-0.0058084846
4.41992e-07,-0.0058357709
4.42092e-07,-0.0058637753
4.42192e-07,-0.0058824449
4.42292e-07,-0.0058881893
4.42392e-07,-0.0058824449
4.42492e-07,-0.0058745462
4.42592e-07,-0.0058709559
4.42692e-07,-0.0058759823
4.42792e-07,-0.0058881893
4.42892e-07,-0.0058996783
4.42992e-07,-0.0059054228
4.43092e-07,-0.0059047047
4.43192e-07,-0.0059011144
4.43292e-07,-0.0059032686
4.43392e-07,-0.0059169118
4.43492e-07,-0.0059413258
4.43592e-07,-0.0059686121
4.43692e-07,-0.0059865636
4.43792e-07,-0.0059858456
4.43892e-07,-0.0059635857
4.43992e-07,-0.0059269646
4.44092e-07,-0.0058881893
4.44192e-07,-0.0058594669
4.44292e-07,-0.0058472599
4.44392e-07,-0.0058494141
4.44492e-07,-0.0058565947
4.44592e-07,-0.0058594669
4.44692e-07,-0.0058522863
4.44792e-07,-0.005837207
4.44892e-07,-0.0058214097
4.44992e-07,-0.005813511
4.45092e-07,-0.0058163833
4.45192e-07,-0.0058264361
4.45292e-07,-0.0058357709
4.45392e-07,-0.005836489
4.45492e-07,-0.0058257181
4.45592e-07,-0.0058084846
4.45692e-07,-0.0057934053
4.45792e-07,-0.0057905331
4.45892e-07,-0.0058034582
4.45992e-07,-0.0058278722
4.46092e-07,-0.0058544405
4.46192e-07,-0.0058709559
4.46292e-07,-0.005872392
4.46392e-07,-0.0058616211
4.46492e-07,-0.0058465418
4.46592e-07,-0.005836489
4.46692e-07,-0.0058379251
4.46792e-07,-0.0058494141
4.46892e-07,-0.0058630572
4.46992e-07,-0.0058709559
4.47092e-07,-0.0058673656
4.47192e-07,-0.0058544405
4.47292e-07,-0.0058379251
4.47392e-07,-0.005825
4.47492e-07,-0.0058192555
4.47592e-07,-0.0058192555
4.47692e-07,-0.0058192555
4.47792e-07,-0.005813511
4.47892e-07,-0.0058005859
4.47992e-07,-0.0057847886
4.48092e-07,-0.0057754538
4.48192e-07,-0.0057790441
4.48292e-07,-0.0057955595
4.48392e-07,-0.0058192555
4.48492e-07,-0.005836489
4.48592e-07,-0.005836489
4.48692e-07,-0.0058149472
4.48792e-07,-0.0057761719
4.48892e-07,-0.0057323702
4.48992e-07,-0.0056986213
4.49092e-07,-0.005683542
4.49192e-07,-0.0056892865
4.49292e-07,-0.0057093922
4.49392e-07,-0.0057330882
4.49492e-07,-0.0057510398
4.49592e-07,-0.0057603745
4.49692e-07,-0.0057603745
4.49792e-07,-0.0057560662
4.49892e-07,-0.0057503217
4.49992e-07,-0.0057438591
4.50092e-07,-0.0057345244
4.50192e-07,-0.0057215993
4.50292e-07,-0.0057058019
4.50392e-07,-0.0056928768
4.50492e-07,-0.0056892865
4.50592e-07,-0.0056986213
4.50692e-07,-0.0057201631
4.50792e-07,-0.0057474494
4.50892e-07,-0.0057689913
4.50992e-07,-0.0057790441
4.51092e-07,-0.0057740177
4.51192e-07,-0.0057596565
4.51292e-07,-0.0057431411
4.51392e-07,-0.0057330882
4.51492e-07,-0.0057309341
4.51592e-07,-0.0057330882
4.51692e-07,-0.0057316521
4.51792e-07,-0.0057215993
4.51892e-07,-0.0057014936
4.51992e-07,-0.0056777976
4.52092e-07,-0.005659846
4.52192e-07,-0.0056526654
4.52292e-07,-0.0056569738
4.52392e-07,-0.0056655905
4.52492e-07,-0.0056670267
4.52592e-07,-0.0056526654
4.52692e-07,-0.0056225069
4.52792e-07,-0.0055830136
4.52892e-07,-0.0055471105
4.52992e-07,-0.0055262868
4.53092e-07,-0.0055226965
4.53192e-07,-0.0055298771
4.53292e-07,-0.0055356216
4.53392e-07,-0.0055262868
4.53492e-07,-0.0054961282
4.53592e-07,-0.0054480182
4.53692e-07,-0.0053927275
4.53792e-07,-0.0053424632
4.53892e-07,-0.005303688
4.53992e-07,-0.0052749655
4.54092e-07,-0.0052491153
4.54192e-07,-0.0052160846
4.54292e-07,-0.0051694106
4.54392e-07,-0.0051090935
4.54492e-07,-0.0050423139
4.54592e-07,-0.0049748162
4.54692e-07,-0.0049101907
4.54792e-07,-0.0048462833
4.54892e-07,-0.0047780676
4.54992e-07,-0.0046990809
4.55092e-07,-0.0046107594
4.55192e-07,-0.0045195657
4.55292e-07,-0.0044355526
4.55392e-07,-0.0043659007
4.55492e-07,-0.0043113281
4.55592e-07,-0.0042639361
4.55692e-07,-0.0042093635
4.55792e-07,-0.0041361213
4.55892e-07,-0.0040391831
4.55992e-07,-0.0039257295
4.56092e-07,-0.0038108398
4.56192e-07,-0.0037110294
4.56292e-07,-0.0036370692
4.56392e-07,-0.0035911133
4.56492e-07,-0.0035623909
4.56592e-07,-0.0035386949
4.56692e-07,-0.0035071002
4.56792e-07,-0.0034625804
4.56892e-07,-0.0034058536
4.56992e-07,-0.0033433824
4.57092e-07,-0.0032823472
4.57192e-07,-0.0032249023
4.57292e-07,-0.003173202
4.57392e-07,-0.0031250919
4.57492e-07,-0.0030827263
4.57592e-07,-0.0030482594
4.57692e-07,-0.0030281537
4.57792e-07,-0.0030216912
4.57892e-07,-0.0030267176
4.57992e-07,-0.0030331801
4.58092e-07,-0.0030303079
4.58192e-07,-0.0030102022
4.58292e-07,-0.0029735811
4.58392e-07,-0.0029290614
4.58492e-07,-0.0028910041
4.58592e-07,-0.0028723346
4.58692e-07,-0.0028787971
4.58792e-07,-0.0029046473
4.58892e-07,-0.0029383961
4.58992e-07,-0.0029642463
4.59092e-07,-0.0029728631
4.59192e-07,-0.0029628102
4.59292e-07,-0.0029412684
4.59392e-07,-0.0029182904
4.59492e-07,-0.002901775
4.59592e-07,-0.0028938764
4.59692e-07,-0.0028902861
4.59792e-07,-0.0028838235
4.59892e-07,-0.0028708984
4.59992e-07,-0.002853665
4.60092e-07,-0.0028364315
4.60192e-07,-0.0028263787
4.60292e-07,-0.0028278148
4.60392e-07,-0.0028371496
4.60492e-07,-0.0028472024
4.60592e-07,-0.0028493566
4.60692e-07,-0.0028371496
4.60792e-07,-0.0028127355
4.60892e-07,-0.002782577
4.60992e-07,-0.0027574449
4.61092e-07,-0.0027445198
4.61192e-07,-0.0027452378
4.61292e-07,-0.0027560087
4.61392e-07,-0.0027689338
4.61492e-07,-0.0027782686
4.61592e-07,-0.0027818589
4.61692e-07,-0.0027818589
4.61792e-07,-0.0027804228
4.61892e-07,-0.0027811409
4.61992e-07,-0.0027840131
4.62092e-07,-0.0027847312
4.62192e-07,-0.0027804228
4.62292e-07,-0.0027689338
4.62392e-07,-0.0027538545
4.62492e-07,-0.0027402114
4.62592e-07,-0.0027344669
4.62692e-07,-0.0027387753
4.62792e-07,-0.0027502642
4.62892e-07,-0.0027624713
4.62992e-07,-0.0027689338
4.63092e-07,-0.0027653435
