LECROYHDO6104B,11090,Waveform
Segments,1,SegmentSize,2869
Segment,TrigTime,TimeSinceSegment1
#1,04-May-2026 18:33:50,0                 
Time,Ampl
997131,0.011520478
997132,0.0071603488
997133,0.009154534
997134,0.0015335174
997135,0.0089133522
997136,0.0181341
997137,0.0091127334
997138,0.0063158441
997139,0.011080546
997140,0.0087187793
997141,0.0060217655
997142,0.014618475
997143,0.0090698246
997144,0.0077876123
997145,0.010184363
997146,0.0063705905
997147,0.0085134795
997148,0.008779075
997149,0.0088193947
997150,0.0091500944
997151,0.0085874619
997152,0.018573923
997153,0.017934719
997154,0.0065089371
997155,0.006304007
997156,0.0064841532
997157,0.0088896779
997158,0.011932188
997159,0.014643629
997160,0.0090861004
997161,0.009256999
997162,0.0061737983
997163,0.011877071
997164,0.012061287
997165,0.0094497222
997166,0.018566525
997167,0.015764456
997168,0.012040202
997169,0.012298029
997170,0.0092026219
997171,0.006427187
997172,0.0090583572
997173,0.012288411
997174,0.0059129768
997175,0.006467137
997176,0.0099102594
997177,0.017815607
997178,0.009643185
997179,0.018809186
997180,0.0062610973
997181,0.0093520656
997182,0.015876539
997183,0.01829982
997184,0.006061268
997185,0.0087062027
997186,0.0089632897
997187,0.018495502
997188,0.014830433
997189,0.012772254
997190,0.0092600463
997191,0.009480794
997192,0.012433046
997193,0.017791193
997194,0.010932691
997195,0.012111595
997196,0.007191421
997197,0.011783484
997198,0.0064175692
997199,0.011477569
997200,0.010143456
997201,0.0028071664
997202,0.0077725495
997203,0.018154075
997204,0.018264677
997205,0.0093479967
997206,0.0026544714
997207,0.0061353277
997208,0.01035491
997209,0.0088526867
997210,0.0017948992
997211,0.0091819074
997212,0.0094645182
997213,0.01163922
997214,0.0057942709
997215,0.0061164624
997216,0.0064397641
997217,0.0063565341
997218,0.0082094604
997219,0.0070822975
997220,0.015116744
997221,0.011249704
997222,0.0062525892
997223,0.0062618372
997224,0.0062045013
997225,0.0087713068
997226,0.0064675072
997227,0.010360683
997228,0.0063569038
997229,0.0091556432
997230,0.0091205016
997231,0.0090457797
997232,0.014318477
997233,0.0090198861
997234,0.017828554
997235,0.0088245738
997236,0.010791061
997237,0.0081940368
997238,0.0090394914
997239,0.0091179125
997240,0.0066014146
997241,0.001956729
997242,0.012287672
997243,0.0080118831
997244,0.0065281722
997245,0.012505919
997246,0.011992853
997247,0.012053888
997248,0.018383048
997249,0.010442728
997250,0.00670277
997251,0.010191761
997252,0.012139708
997253,0.0089828949
997254,0.0065958658
997255,0.014695046
997256,0.017730528
997257,0.0099498406
997258,0.006447162
997259,0.0082301432
997260,0.0065440787
997261,0.0054140771
997262,0.0074126273
997263,0.0065070875
997264,0.0062958687
997265,0.007012655
997266,0.0066716974
997267,0.0092865918
997268,0.0090217358
997269,0.012119362
997270,0.014880371
997271,0.018365294
997272,0.0092085404
997273,0.0089514526
997274,0.016218064
997275,0.0088967066
997276,0.010686257
997277,0.0091541633
997278,0.0079864329
997279,0.010836884
997280,0.01735137
997281,0.0090343133
997282,0.0063032671
997283,0.0064922911
997284,0.0089081731
997285,0.0015445568
997286,0.010161059
997287,0.014572976
997288,0.0090975678
997289,0.018623121
997290,0.012604315
997291,0.010967722
997292,0.0091586029
997293,0.011922571
997294,0.0082933828
997295,0.0051045748
997296,0.0026105403
997297,0.0059281783
997298,0.0065540662
997299,0.011857096
997300,0.010316052
997301,0.018241374
997302,0.0061893347
997303,0.0062148585
997304,0.0063299006
997305,0.01476089
997306,0.0062052407
997307,0.015133759
997308,0.0063428474
997309,0.0087376451
997310,0.010063033
997311,0.0169404
997312,0.0089951027
997313,0.015425619
997314,0.006417939
997315,0.011891498
997316,0.012038352
997317,0.0068022758
997318,0.018356785
997319,0.0084294938
997320,0.0065566553
997321,0.006795987
997322,0.01776123
997323,0.0094933715
997324,0.0067626955
997325,0.0067789713
997326,0.012526263
997327,0.0082820579
997328,0.01451268
997329,0.017989835
997330,0.0064009232
997331,0.018478855
997332,0.0065518464
997333,0.017390581
997334,0.018348647
997335,0.0092151985
997336,0.0088549061
997337,0.014914033
997338,0.0086684721
997339,0.011149828
997340,0.0089122429
997341,0.0096472669
997342,0.0089858547
997343,0.010117779
997344,0.0069924095
997345,0.018403023
997346,0.0089865942
997347,0.010110011
997348,0.0086351801
997349,0.0099391127
997350,0.0067575164
997351,0.0062855114
997352,0.0094456524
997353,0.0061601116
997354,0.0056258966
997355,0.0087520713
997356,0.0063898261
997357,0.01225216
997358,0.009470067
997359,0.0090868399
997360,0.011708023
997361,0.0077187326
997362,0.011588172
997363,0.010692382
997364,0.0075284089
997365,0.012707889
997366,0.0089451643
997367,0.0092914002
997368,0.0056396178
997369,0.0064552999
997370,0.013640063
997371,0.011951793
997372,0.0061538233
997373,0.011974728
997374,0.016265022
997375,0.0069975881
997376,0.0082035819
997377,0.0099542793
997378,0.01407207
997379,0.010029741
997380,0.011967699
997381,0.0094164303
997382,0.0064275567
997383,0.018720407
997384,0.014855587
997385,0.01825876
997386,0.018762207
997387,0.011710612
997388,0.0095085371
997389,0.011976947
997390,0.013053386
997391,0.0066583809
997392,0.0097793117
997393,0.009141217
997394,0.010873535
997395,0.0071599786
997396,0.0022244251
997397,0.0048581003
997398,0.0098958332
997399,0.018732244
997400,0.018307587
997401,0.010882118
997402,0.0071677468
997403,0.0089226002
997404,0.011943655
997405,0.0063953744
997406,0.012077932
997407,0.0083600665
997408,0.013526302
997409,0.0092817824
997410,0.0090942383
997411,0.0069898199
997412,0.011815666
997413,0.011712831
997414,0.0063861269
997415,0.0089669889
997416,0.0087043531
997417,0.018210672
997418,0.018105246
997419,0.0091378875
997420,0.0068370472
997421,0.01200506
997422,0.0071596089
997423,0.014703924
997424,0.0067871092
997425,0.0070075756
997426,0.0094204992
997427,0.018424479
997428,0.012086071
997429,0.0080847126
997430,0.012424909
997431,0.014695786
997432,0.011423562
997433,0.011345881
997434,0.018193655
997435,0.018347537
997436,0.0065814392
997437,0.0063032671
997438,0.0089988019
997439,0.011777196
997440,0.0088426992
997441,0.0063565341
997442,0.012285822
997443,0.006451231
997444,0.014733517
997445,0.0011548605
997446,0.0090801818
997447,0.013419227
997448,0.0058974773
997449,0.0063957446
997450,0.0076467805
997451,0.0087890625
997452,0.0087450435
997453,0.011149089
997454,0.0062618372
997455,0.01480343
997456,0.0087206289
997457,0.0078317719
997458,0.0090897996
997459,0.010848721
997460,0.0076053506
997461,0.011860426
997462,0.01381374
997463,0.015248802
997464,0.008135465
997465,0.013613963
997466,0.012691244
997467,0.011730587
997468,0.0062696054
997469,0.0090975678
997470,0.009812234
997471,0.0064353249
997472,0.018655304
997473,0.018468868
997474,0.0097441701
997475,0.0021951676
997476,0.017582195
997477,0.0062200371
997478,0.0072957356
997479,0.0061730589
997480,0.0092976885
997481,0.0081872186
997482,0.0063151042
997483,0.017767519
997484,0.010162168
997485,0.012402344
997486,0.0064778645
997487,0.0073456736
997488,0.0090468898
997489,0.011973618
997490,0.007676743
997491,0.0087476326
997492,0.017036207
997493,0.011894087
997494,0.0067471592
997495,0.018568374
997496,0.0082259998
997497,0.0091205016
997498,0.0092311054
997499,0.0088330815
997500,0.0071115205
997501,0.0090698246
997502,0.0096642701
997503,0.002033724
997504,0.0087635387
997505,0.0093690818
997506,0.015400465
997507,0.0064024031
997508,0.011738355
997509,0.018270597
997510,0.0093986746
997511,0.0063047465
997512,0.014341412
997513,0.015563595
997514,0.017251495
997515,0.0081979465
997516,0.0086396188
997517,0.018595377
997518,0.0061430959
997519,0.0074692233
997520,0.0066250889
997521,0.011457843
997522,0.0091086645
997523,0.012065356
997524,0.018215111
997525,0.018270597
997526,0.018519176
997527,0.006376483
997528,0.018395996
997529,0.010273663
997530,0.018539522
997531,0.0087912818
997532,0.008874882
997533,0.0091674803
997534,0.015023476
997535,0.014244866
997536,0.008992143
997537,0.012354625
997538,0.0069339639
997539,0.010704087
997540,0.01496582
997541,0.0073859938
997542,0.014757561
997543,0.0087757455
997544,0.0087572504
997545,0.0087080523
997546,0.013739306
997547,0.0088874586
997548,0.018828791
997549,0.017919552
997550,0.0063654119
997551,0.0096846148
997552,0.018419301
997553,0.0079920702
997554,0.010955996
997555,0.0090897996
997556,0.010973011
997557,0.0084376484
997558,0.0062352037
997559,0.012399754
997560,0.018235086
997561,0.014667303
997562,0.015453835
997563,0.011548759
997564,0.018620532
997565,0.011632561
997566,0.017377263
997567,0.011852657
997568,0.008954782
997569,0.012056848
997570,0.0064393939
997571,0.0087102717
997572,0.0087439334
997573,0.0077836472
997574,0.014823405
997575,0.01200728
997576,0.0099875713
997577,0.0086718006
997578,0.012614807
997579,0.0090616858
997580,0.017554451
997581,0.012043161
997582,0.013949667
997583,0.011467554
997584,0.0061852657
997585,0.0082260268
997586,0.0090916492
997587,0.01247024
997588,0.01476126
997589,0.018584281
997590,0.0089795664
997591,0.017657286
997592,0.006666149
997593,0.0066343364
997594,0.015169271
997595,0.018579101
997596,0.008511126
997597,0.0068684896
997598,0.0097782016
997599,0.012360914
997600,0.0020494794
997601,0.010506925
997602,0.0091896746
997603,0.0089251893
997604,0.007421135
997605,0.011666963
997606,0.012080892
997607,0.0054254653
997608,0.0088844988
997609,0.0065596146
997610,0.017086884
997611,0.018607955
997612,0.0067708334
997613,0.0087206289
997614,0.0059462138
997615,0.010081158
997616,0.0091111735
997617,0.011826764
997618,0.018477745
997619,0.014338083
997620,0.015400465
997621,0.014591102
997622,0.0061908145
997623,0.018147787
997624,0.0093513262
997625,0.016907848
997626,0.011641809
997627,0.017482689
997628,0.0092817824
997629,0.0088438094
997630,0.0062677558
997631,0.0089995414
997632,0.0088896779
997633,0.014756451
997634,0.011263759
997635,0.0099809123
997636,0.012298769
997637,0.014891098
997638,0.0060376716
997639,0.018248772
997640,0.015257679
997641,0.0067848898
997642,0.0071437028
997643,0.0087576201
997644,0.0145149
997645,0.013481741
997646,0.007220644
997647,0.009359464
997648,0.018365294
997649,0.011763509
997650,0.012239584
997651,0.011695076
997652,0.008961441
997653,0.0096095232
997654,0.010381525
997655,0.012349446
997656,0.0081247045
997657,0.017412405
997658,0.0089607006
997659,0.0091049653
997660,0.018570963
997661,0.018584281
997662,0.008832342
997663,0.017148659
997664,0.0063742897
997665,0.013044507
997666,0.018469607
997667,0.014814157
997668,0.011229729
997669,0.011533425
997670,0.014395419
997671,0.0061967331
997672,0.0091915242
997673,0.0088800602
997674,0.0064708362
997675,0.013652988
997676,0.0064652874
997677,0.0064334753
997678,0.0064834133
997679,0.013407938
997680,0.0091149537
997681,0.007310532
997682,0.017955434
997683,0.008556759
997684,0.0064131306
997685,0.012688284
997686,0.010357006
997687,0.012111965
997688,0.014715021
997689,0.0012641259
997690,0.017574055
997691,0.0089836353
997692,0.0087916516
997693,0.014502323
997694,0.0087180398
997695,0.014892948
997696,0.0090849902
997697,0.016194502
997698,0.011896676
997699,0.0093365293
997700,0.0093346797
997701,0.0098688295
997702,0.0083203865
997703,0.011922571
997704,0.014856697
997705,0.009121242
997706,0.018488474
997707,0.014661014
997708,0.014939927
997709,0.0065111564
997710,0.018383048
997711,0.0065104165
997712,0.0086251926
997713,0.0095987953
997714,0.0086307414
997715,0.0091182822
997716,0.01184082
997717,0.0092669865
997718,0.0090184063
997719,0.013227983
997720,0.0061553847
997721,0.018061597
997722,0.010833555
997723,0.015216989
997724,0.0063550547
997725,0.018511409
997726,0.0074866093
997727,0.0073038735
997728,0.0093883164
997729,0.012957038
997730,0.0086000385
997731,0.0083866008
997732,0.015023527
997733,0.018205492
997734,0.0087509621
997735,0.014522668
997736,0.018082313
997737,0.0072986949
997738,0.0087217391
997739,0.0090172971
997740,0.012346118
997741,0.0090550277
997742,0.017460125
997743,0.014660275
997744,0.010051196
997745,0.0080917822
997746,0.0091086645
997747,0.0063091856
997748,0.0082856147
997749,0.0050879805
997750,0.0088186553
997751,0.0089799361
997752,0.011734656
997753,0.0060783615
997754,0.00661954
997755,0.0092643965
997756,0.011897787
997757,0.0086851176
997758,0.012064616
997759,0.010246138
997760,0.001259069
997761,0.011117277
997762,0.0091179125
997763,0.0090158172
997764,0.0061186817
997765,0.010992018
997766,0.013202953
997767,0.0087186852
997768,0.0015320218
997769,0.018554688
997770,0.013424405
997771,0.013157265
997772,0.0063125147
997773,0.0066913026
997774,0.0087343156
997775,0.011094429
997776,0.014573346
997777,0.014550781
997778,0.0087894322
997779,0.013057024
997780,0.011715421
997781,0.018489953
997782,0.016979611
997783,0.01816998
997784,0.0064334753
997785,0.0016874437
997786,0.008274518
997787,0.0063861269
997788,0.016849758
997789,0.0036701283
997790,0.011233428
997791,0.0094504617
997792,0.0088171754
997793,0.0077725495
997794,0.010533928
997795,0.017240398
997796,0.014748162
997797,0.0060413708
997798,0.0064194188
997799,0.0066583809
997800,0.0098558832
997801,0.012023926
997802,0.012277684
997803,0.010755504
997804,0.011831203
997805,0.0061545633
997806,0.014806019
997807,0.018417452
997808,0.0013452708
997809,0.010057854
997810,0.0092754941
997811,0.017154578
997812,0.0089610703
997813,0.0065200343
997814,0.0089089135
997815,0.0093054567
997816,0.017247055
997817,0.011312959
997818,0.015450402
997819,0.0062300251
997820,0.012606904
997821,0.0088463984
997822,0.018441495
997823,0.010680783
997824,0.0088208746
997825,0.0092658764
997826,0.011019086
997827,0.0010854565
997828,0.0060920483
997829,0.0098773381
997830,0.0073441938
997831,0.009201142
997832,0.01825284
997833,0.0089729074
997834,0.011436509
997835,0.01698368
997836,0.0097530484
997837,0.015111934
997838,0.0060432204
997839,0.015236225
997840,0.0067697237
997841,0.007380445
997842,0.015265771
997843,0.018465908
997844,0.01200765
997845,0.0074033793
997846,0.0067131273
997847,0.0093631633
997848,0.012077563
997849,0.014757561
997850,0.0092710555
997851,0.0067856298
997852,0.0017982791
997853,0.007808229
997854,0.0061209016
997855,0.0090431906
997856,0.018400805
997857,0.0063228724
997858,0.0087239584
997859,0.0094230883
997860,0.0086410986
997861,0.005089913
997862,0.011723558
997863,0.009214459
997864,0.013368663
997865,0.0092292558
997866,0.0082249492
997867,0.010929362
997868,0.006122381
997869,0.016934851
997870,0.0067197857
997871,0.016796876
997872,0.0073556611
997873,0.0092262961
997874,0.0017381245
997875,0.011458334
997876,0.0087957205
997877,0.017793413
997878,0.0094164303
997879,0.0085486211
997880,0.0062932796
997881,0.016136549
997882,0.0057350853
997883,0.0089259297
997884,0.0094302706
997885,0.0077829072
997886,0.0063868668
997887,0.0092270356
997888,0.017939158
997889,0.009154534
997890,0.0089118723
997891,0.011875222
997892,0.0090217358
997893,0.011975467
997894,0.0096849846
997895,0.0088678533
997896,0.01875148
997897,0.0063887164
997898,0.017087994
997899,0.016698385
997900,0.00921039
997901,0.01837972
997902,0.0091793174
997903,0.0073412345
997904,0.0062355734
997905,0.01093117
997906,0.0090095289
997907,0.0085970787
997908,0.012057218
997909,0.0066720676
997910,0.013540926
997911,0.0097375121
997912,0.0059844046
997913,0.017995013
997914,0.0060721911
997915,0.01759625
997916,0.008736535
997917,0.018210301
997918,0.0079597244
997919,0.0062033911
997920,0.0064453124
997921,0.0063998136
997922,0.0061471649
997923,0.0090235854
997924,0.018323863
997925,0.012013569
997926,0.014462743
997927,0.006270715
997928,0.011691746
997929,0.0063809482
997930,0.0061294092
997931,0.0089754974
997932,0.0059777461
997933,0.011547112
997934,0.017681699
997935,0.0091619315
997936,0.018045692
997937,0.0090579875
997938,0.0053439713
997939,0.018211411
997940,0.008270449
997941,0.0068056048
997942,0.011897787
997943,0.0088471379
997944,0.012673858
997945,0.014786044
997946,0.010678937
997947,0.0061752782
997948,0.0090091592
997949,0.0090047205
997950,0.014092063
997951,0.0088826502
997952,0.018232865
997953,0.0063509853
997954,0.018341988
997955,0.0089884438
997956,0.01850771
997957,0.011061579
997958,0.0093753701
997959,0.0011237554
997960,0.011909993
997961,0.0086670918
997962,0.0088108871
997963,0.0063077058
997964,0.011975467
997965,0.006463808
997966,0.018229166
997967,0.01673547
997968,0.010740054
997969,0.0081044696
997970,0.0079145953
997971,0.012266217
997972,0.0063861269
997973,0.007088956
997974,0.0031312928
997975,0.0061908145
997976,0.0063069663
997977,0.012035023
997978,0.013965583
997979,0.006394635
997980,0.011725408
997981,0.017320298
997982,0.0060935281
997983,0.0081997057
997984,0.0081835203
997985,0.01727036
997986,0.012885447
997987,0.012002841
997988,0.010126657
997989,0.0089902934
997990,0.0090172971
997991,0.0061630709
997992,0.015352746
997993,0.015334621
997994,0.0091915242
997995,0.014703924
997996,0.018465169
997997,0.014694306
997998,0.018134469
997999,0.0066287881
998000,0.018117454
998001,0.0069975881
998002,0.010497753
998003,0.0065762606
998004,0.01099288
998005,0.01216819
998006,0.008958851
998007,0.0093572447
998008,0.0063624526
998009,0.010040469
998010,0.0089503434
998011,0.0090084188
998012,0.014697636
998013,0.0087690875
998014,0.012724905
998015,0.0090750027
998016,0.017957283
998017,0.011797171
998018,0.0045493888
998019,0.001620284
998020,0.0090772221
998021,0.018098958
998022,0.0061697294
998023,0.0089732781
998024,0.014501583
998025,0.0084250709
998026,0.010185842
998027,0.018388968
998028,0.01813595
998029,0.0059644296
998030,0.011640699
998031,0.0016140252
998032,0.011669552
998033,0.0093098963
998034,0.018294271
998035,0.00625074
998036,0.0062559186
998037,0.0082866764
998038,0.011591501
998039,0.009303607
998040,0.0066872337
998041,0.018025717
998042,0.0075935135
998043,0.0090535479
998044,0.011931818
998045,0.011769798
998046,0.018205492
998047,0.0064212685
998048,0.015778512
998049,0.01658223
998050,0.0093387486
998051,0.0062618372
998052,0.0061974726
998053,0.0087494822
998054,0.012159683
998055,0.0096272789
998056,0.015081232
998057,0.018244334
998058,0.0071769943
998059,0.015374201
998060,0.0058364859
998061,0.0063565341
998062,0.017536694
998063,0.0061405068
998064,0.0089251893
998065,0.012319114
998066,0.017610677
998067,0.0063151042
998068,0.0086089168
998069,0.011993963
998070,0.014833762
998071,0.0069213868
998072,0.0093335705
998073,0.010245028
998074,0.0062455609
998075,0.0075147226
998076,0.018424479
998077,0.018373432
998078,0.017743845
998079,0.011866714
998080,0.014646958
998081,0.012452652
998082,0.0024612965
998083,0.011428741
998084,0.0065991953
998085,0.0063968543
998086,0.0089902934
998087,0.0076134885
998088,0.011031827
998089,0.0063369288
998090,0.010793583
998091,0.018377131
998092,0.0088175451
998093,0.0097604459
998094,0.001631824
998095,0.0089869648
998096,0.016978132
998097,0.0064808237
998098,0.0078039835
998099,0.0070856269
998100,0.0092229666
998101,0.013749926
998102,0.0036940239
998103,0.0061937738
998104,0.0099017518
998105,0.0095826434
998106,0.012051299
998107,0.0089325877
998108,0.0063657816
998109,0.0092385029
998110,0.0062988279
998111,0.011931079
998112,0.01619952
998113,0.0091874553
998114,0.0064024031
998115,0.0091918949
998116,0.0088549061
998117,0.01212713
998118,0.0089473836
998119,0.0064360648
998120,0.0089078033
998121,0.017840762
998122,0.0062729344
998123,0.011559319
998124,0.0067889588
998125,0.0079889474
998126,0.014378403
998127,0.0060487688
998128,0.012642046
998129,0.016125578
998130,0.0091930041
998131,0.009674063
998132,0.0092414627
998133,0.018022018
998134,0.0064808237
998135,0.0088353008
998136,0.01217004
998137,0.0061671403
998138,0.0066110324
998139,0.0088652642
998140,0.017984657
998141,0.0093764793
998142,0.0063746595
998143,0.011395079
998144,0.011868194
998145,0.0088926377
998146,0.0090361629
998147,0.010744827
998148,0.0064697266
998149,0.0087594697
998150,0.0089843748
998151,0.014713542
998152,0.013645004
998153,0.007586115
998154,0.0098780775
998155,0.016525362
998156,0.0036335338
998157,0.014784564
998158,0.01841782
998159,0.0096237957
998160,0.0070220022
998161,0.017848529
998162,0.0091441758
998163,0.0062189274
998164,0.0072543058
998165,0.0092880707
998166,0.0091441758
998167,0.0072972155
998168,0.0086351801
998169,0.0061752782
998170,0.016792579
998171,0.0087646488
998172,0.0095111271
998173,0.0075831115
998174,0.014746834
998175,0.016698109
998176,0.0085763643
998177,0.0092122396
998178,0.015150405
998179,0.0072546755
998180,0.0069724345
998181,0.0089303683
998182,0.017609198
998183,0.010151779
998184,0.0068714488
998185,0.0070345793
998186,0.014822295
998187,0.0018210581
998188,0.0070785983
998189,0.013536024
998190,0.0075757578
998191,0.0093324604
998192,0.010075609
998193,0.017688358
998194,0.0093690818
998195,0.017208954
998196,0.0065644234
998197,0.0065640537
998198,0.0088364109
998199,0.0067641749
998200,0.0083382856
998201,0.009356874
998202,0.0062096799
998203,0.0059496332
998204,0.012026515
998205,0.0096254293
998206,0.010847297
998207,0.0079782195
998208,0.0093535455
998209,0.0092773438
998210,0.0098011363
998211,0.011742424
998212,0.015613902
998213,0.018290943
998214,0.015041282
998215,0.0082578007
998216,0.0030596382
998217,0.0083124591
998218,0.0089877043
998219,0.006504498
998220,0.01743312
998221,0.010728871
998222,0.0064926608
998223,0.009281043
998224,0.0064072115
998225,0.0062932796
998226,0.014943996
998227,0.0072676227
998228,0.01042591
998229,0.005890904
998230,0.0092566283
998231,0.0093520656
998232,0.0074614552
998233,0.0089251893
998234,0.0091426969
998235,0.01845888
998236,0.0077233659
998237,0.011749082
998238,0.0088463984
998239,0.0091930041
998240,0.0031955969
998241,0.0062104198
998242,0.01845962
998243,0.0075010359
998244,0.010941199
998245,0.013742898
998246,0.0060842801
998247,0.0089314776
998248,0.0080939448
998249,0.0092018824
998250,0.0094153201
998251,0.011756481
998252,0.0088804299
998253,0.0068359375
998254,0.017486757
998255,0.012598027
998256,0.01176018
998257,0.011719489
998258,0.0086529357
998259,0.006417939
998260,0.0085001625
998261,0.0080525717
998262,0.0091308597
998263,0.0086144647
998264,0.0062629469
998265,0.0089777168
998266,0.0099405926
998267,0.016442301
998268,0.014907619
998269,0.0060036401
998270,0.0066794655
998271,0.014588142
998272,0.0066591203
998273,0.0088297529
998274,0.0063210228
998275,0.0089558922
998276,0.0071718157
998277,0.0060554272
998278,0.018371211
998279,0.013016764
998280,0.0089843748
998281,0.011416904
998282,0.0060073389
998283,0.0065932767
998284,0.0063117752
998285,0.006138287
998286,0.0062100496
998287,0.0055258637
998288,0.0065496271
998289,0.0085878316
998290,0.011681389
998291,0.0065226238
998292,0.012198893
998293,0.018245813
998294,0.012057218
998295,0.008501186
998296,0.014616625
998297,0.0063842773
998298,0.0092484904
998299,0.0067116478
998300,0.010099283
998301,0.0063065961
998302,0.0065573952
998303,0.014163486
998304,0.0079534184
998305,0.0010708898
998306,0.0089551518
998307,0.011520478
998308,0.0089251893
998309,0.0082501033
998310,0.009061316
998311,0.011739835
998312,0.0065439246
998313,0.0091948537
998314,0.0067571467
998315,0.0087583596
998316,0.018342359
998317,0.0065033883
998318,0.017484907
998319,0.016822005
998320,0.0096354168
998321,0.012217758
998322,0.0096339881
998323,0.011377693
998324,0.0062696054
998325,0.0074755121
998326,0.0075414819
998327,0.0061660307
998328,0.011689527
998329,0.0062936493
998330,0.013713882
998331,0.01834162
998332,0.0087949811
998333,0.0060935281
998334,0.017305871
998335,0.0062903203
998336,0.0096428152
998337,0.0089074336
998338,0.018098589
998339,0.0088685928
998340,0.0065459278
998341,0.012202223
998342,0.013328375
998343,0.0088304924
998344,0.011373994
998345,0.0091907848
998346,0.006261467
998347,0.017302912
998348,0.0064135003
998349,0.0092751244
998350,0.0072302618
998351,0.0091512045
998352,0.0091830166
998353,0.0061257104
998354,0.006012518
998355,0.0076882103
998356,0.018477745
998357,0.0065285424
998358,0.01254069
998359,0.014743134
998360,0.0064238575
998361,0.0084227193
998362,0.0067948774
998363,0.0070408676
998364,0.0093753701
998365,0.0045431596
998366,0.016009707
998367,0.018117083
998368,0.0089777168
998369,0.018016098
998370,0.017896617
998371,0.0086015183
998372,0.0090039801
998373,0.0082970196
998374,0.01250185
998375,0.011583363
998376,0.0089636603
998377,0.0063432171
998378,0.0088930074
998379,0.008725808
998380,0.0064157196
998381,0.017994644
998382,0.0061945133
998383,0.010530799
998384,0.0090757431
998385,0.0065244734
998386,0.0016668602
998387,0.0075927735
998388,0.017827444
998389,0.0089333272
998390,0.011724669
998391,0.017351741
998392,0.018459991
998393,0.01480158
998394,0.018199574
998395,0.011996922
998396,0.018317575
998397,0.012218499
998398,0.009286222
998399,0.011684349
998400,0.014710269
998401,0.01628566
998402,0.0066879736
998403,0.0063987039
998404,0.0089274086
998405,0.0092625469
998406,0.0065078274
998407,0.0091441758
998408,0.013286447
998409,0.0060162167
998410,0.0063994438
998411,0.0089936228
998412,0.0060876096
998413,0.007536917
998414,0.0067020301
998415,0.0077492455
998416,0.0066469135
998417,0.012931685
998418,0.005969007
998419,0.006011778
998420,0.014659905
998421,0.0021237112
998422,0.0062696054
998423,0.01830278
998424,0.0081431996
998425,0.0064723161
998426,0.0090269148
998427,0.009365405
998428,0.011701734
998429,0.0089418357
998430,0.0094826436
998431,0.0067282938
998432,0.0088164359
998433,0.009034683
998434,0.0091959639
998435,0.018553577
998436,0.0063232421
998437,0.014968039
998438,0.018128552
998439,0.011125415
998440,0.018270966
998441,0.012012089
998442,0.0065696021
998443,0.011406916
998444,0.0145234
998445,0.0059662792
998446,0.0061434661
998447,0.0062144888
998448,0.0069091795
998449,0.0062329844
998450,0.018177379
998451,0.0077100936
998452,0.0089377668
998453,0.010681748
998454,0.017857037
998455,0.009154534
998456,0.0086052176
998457,0.0088438094
998458,0.010411858
998459,0.0091068149
998460,0.017856298
998461,0.0063151042
998462,0.018344209
998463,0.014464962
998464,0.011943655
998465,0.013906196
998466,0.0051829969
998467,0.015776664
998468,0.0123365
998469,0.0091256807
998470,0.011850808
998471,0.0062041311
998472,0.0084280306
998473,0.0064416132
998474,0.0065999348
998475,0.017365796
998476,0.006348026
998477,0.018004632
998478,0.017546313
998479,0.0091578625
998480,0.014507872
998481,0.013914166
998482,0.0087838834
998483,0.011749453
998484,0.0065107867
998485,0.0066979611
998486,0.0077477656
998487,0.0075916639
998488,0.0069975881
998489,0.0073234788
998490,0.011736875
998491,0.0065259528
998492,0.0017574923
998493,0.0093613137
998494,0.0015626699
998495,0.0089784563
998496,0.006102406
998497,0.017352849
998498,0.0063358191
998499,0.0089185312
998500,0.0091807973
998501,0.0090198861
998502,0.010133318
998503,0.0064083217
998504,0.0062433416
998505,0.013763983
998506,0.0092625469
998507,0.0090383822
998508,0.018261719
998509,0.018821023
998510,0.017797112
998511,0.0062618372
998512,0.011079545
998513,0.0068400064
998514,0.0062618372
998515,0.0062814425
998516,0.0068137427
998517,0.018294271
998518,0.012451911
998519,0.0066698478
998520,0.014811198
998521,0.0095359106
998522,0.0068752673
998523,0.0060310131
998524,0.0091693299
998525,0.0053750183
998526,0.014642889
998527,0.012019487
998528,0.006258138
998529,0.0086666225
998530,0.0091415867
998531,0.0062407521
998532,0.0089677293
998533,0.0083464989
998534,0.012051299
998535,0.0016319104
998536,0.011227139
998537,0.0074777314
998538,0.018404873
998539,0.01718528
998540,0.006238163
998541,0.0053089466
998542,0.0084164077
998543,0.0056250282
998544,0.008745783
998545,0.011344031
998546,0.018063447
998547,0.0062011718
998548,0.0062229964
998549,0.0089643998
998550,0.018297231
998551,0.0094278967
998552,0.006019176
998553,0.010573955
998554,0.0088874586
998555,0.0064486419
998556,0.012208511
998557,0.0092518199
998558,0.01841856
998559,0.0064952504
998560,0.0068818065
998561,0.015320564
998562,0.0061116535
998563,0.0062385327
998564,0.012290261
998565,0.0061752782
998566,0.017386142
998567,0.0058908174
998568,0.0069576381
998569,0.0063931551
998570,0.018482925
998571,0.017652107
998572,0.011049952
998573,0.008007546
998574,0.0092192683
998575,0.0073682382
998576,0.0093531758
998577,0.005909313
998578,0.017801551
998579,0.011056242
998580,0.0086370297
998581,0.018105617
998582,0.00625074
998583,0.011996183
998584,0.011995072
998585,0.0079412973
998586,0.0061375475
998587,0.012083111
998588,0.0089137219
998589,0.0081304964
998590,0.0073297676
998591,0.0085449219
998592,0.0089092832
998593,0.0062681255
998594,0.012059437
998595,0.014264841
998596,0.0077163232
998597,0.010926517
998598,0.015096769
998599,0.010058224
998600,0.011888169
998601,0.0061852657
998602,0.009287701
998603,0.0086729107
998604,0.017917333
998605,0.012123061
998606,0.008901515
998607,0.0089037344
998608,0.0063809482
998609,0.0089954725
998610,0.0091870856
998611,0.017508581
998612,0.0088423295
998613,0.0076763732
998614,0.0021913352
998615,0.0062795929
998616,0.017865544
998617,0.0062033911
998618,0.0092840018
998619,0.0063339695
998620,0.0065459278
998621,0.011160864
998622,0.0088367807
998623,0.0090635354
998624,0.0078723729
998625,0.0061453152
998626,0.012144886
998627,0.0091382572
998628,0.010852178
998629,0.0089329574
998630,0.006238163
998631,0.017749764
998632,0.013587712
998633,0.011509011
998634,0.0091863461
998635,0.0063184332
998636,0.0094560105
998637,0.014848188
998638,0.0093653826
998639,0.0086466139
998640,0.006357274
998641,0.0096446648
998642,0.0088519473
998643,0.016371479
998644,0.0063853869
998645,0.01184415
998646,0.0065233633
998647,0.0062263259
998648,0.010553903
998649,0.0064963601
998650,0.0064297761
998651,0.017797481
998652,0.0056836964
998653,0.017406486
998654,0.018554688
998655,0.017412776
998656,0.0071873521
998657,0.013977543
998658,0.0062085702
998659,0.0062633166
998660,0.011506421
998661,0.0087306164
998662,0.011939586
998663,0.0084572528
998664,0.0091915242
998665,0.0079072677
998666,0.0074559068
998667,0.0088841291
998668,0.018203273
998669,0.0067667644
998670,0.0065159653
998671,0.0090317233
998672,0.018297231
998673,0.0064586294
998674,0.0056538489
998675,0.0072202738
998676,0.0095540369
998677,0.0082337139
998678,0.01645101
998679,0.0059681283
998680,0.014354359
998681,0.018270597
998682,0.0055985698
998683,0.018260978
998684,0.0090091592
998685,0.018229166
998686,0.01015847
998687,0.0091031166
998688,0.0093971947
998689,0.0092048412
998690,0.0066051139
998691,0.007294626
998692,0.0091500944
998693,0.018355306
998694,0.018075284
998695,0.0076871007
998696,0.0091397371
998697,0.0064449427
998698,0.0087942416
998699,0.018118193
998700,0.01216856
998701,0.0066302675
998702,0.018261349
998703,0.0093775894
998704,0.017656175
998705,0.0087772254
998706,0.0068192915
998707,0.011925899
998708,0.0064700963
998709,0.0065677529
998710,0.011880401
998711,0.0090731531
998712,0.0072502368
998713,0.0062111593
998714,0.0064490116
998715,0.009276974
998716,0.0096531725
998717,0.015788501
998718,0.016483804
998719,0.0091386279
998720,0.017116478
998721,0.0088008996
998722,0.0091460254
998723,0.0093805483
998724,0.010815323
998725,0.012284342
998726,0.018181818
998727,0.0074041192
998728,0.014506392
998729,0.0067900685
998730,0.0073053534
998731,0.0091060754
998732,0.0088293822
998733,0.0063520954
998734,0.006344697
998735,0.0083173588
998736,0.012165232
998737,0.0062429719
998738,0.012105306
998739,0.01496915
998740,0.011937737
998741,0.0063927853
998742,0.015578016
998743,0.0091967033
998744,0.0059721977
998745,0.011665205
998746,0.01525805
998747,0.0083540482
998748,0.01640702
998749,0.0091094049
998750,0.0062862514
998751,0.011955122
998752,0.011182751
998753,0.0055954494
998754,0.018568745
998755,0.002655047
998756,0.017379113
998757,0.013953333
998758,0.013531679
998759,0.017868135
998760,0.018128552
998761,0.018371211
998762,0.014715021
998763,0.008954782
998764,0.0090402318
998765,0.0090990467
998766,0.0096135922
998767,0.0063324901
998768,0.0084383879
998769,0.0090524387
998770,0.0065155956
998771,0.017950995
998772,0.0093997838
998773,0.0065026483
998774,0.0063269413
998775,0.016742647
998776,0.0096361563
998777,0.0061989524
998778,0.0081742797
998779,0.014772727
998780,0.0095954668
998781,0.0094944807
998782,0.0090195164
998783,0.0086906664
998784,0.018312026
998785,0.009114583
998786,0.013140323
998787,0.018047171
998788,0.014336973
998789,0.0069099194
998790,0.018643467
998791,0.006154933
998792,0.012203702
998793,0.0063169538
998794,0.0066032642
998795,0.014589622
998796,0.0061860057
998797,0.0061319987
998798,0.015508109
998799,0.0086229732
998800,0.0088563859
998801,0.014484568
998802,0.0090716742
998803,0.0065159653
998804,0.017732747
998805,0.0067308829
998806,0.0090139676
998807,0.0039871181
998808,0.014710583
998809,0.00629143
998810,0.0063051167
998811,0.009117173
998812,0.0080533111
998813,0.0084773954
998814,0.018874289
998815,0.0016492786
998816,0.009607153
998817,0.0062677558
998818,0.0092921406
998819,0.0085955998
998820,0.014669892
998821,0.0092229666
998822,0.0098695699
998823,0.0069428417
998824,0.011850438
998825,0.0095170457
998826,0.0066387756
998827,0.018360116
998828,0.00916785
998829,0.0090772221
998830,0.0079944925
998831,0.0091260504
998832,0.0064834133
998833,0.0065585049
998834,0.0086096562
998835,0.0068144826
998836,0.011948834
998837,0.0019469541
998838,0.008974757
998839,0.0094375145
998840,0.0091689602
998841,0.011521958
998842,0.0090102684
998843,0.006557765
998844,0.008992143
998845,0.016767282
998846,0.0088027492
998847,0.011898526
998848,0.0094656283
998849,0.014445727
998850,0.017399829
998851,0.0062570283
998852,0.0086806789
998853,0.0098089045
998854,0.01751302
998855,0.0091730291
998856,0.0070005474
998857,0.016634462
998858,0.0063324901
998859,0.0066742869
998860,0.0089555224
998861,0.017186761
998862,0.0080183353
998863,0.0061331084
998864,0.016629195
998865,0.0090672346
998866,0.015087151
998867,0.0061967331
998868,0.018574663
998869,0.0062152282
998870,0.014879261
998871,0.012138598
998872,0.0090032406
998873,0.0090668648
998874,0.0062300251
998875,0.012370531
998876,0.0076290248
998877,0.012064616
998878,0.013175908
998879,0.011223388
998880,0.010087077
998881,0.011415933
998882,0.0065688626
998883,0.0090968274
998884,0.0016034601
998885,0.0064238575
998886,0.017945075
998887,0.0068699694
998888,0.0088604549
998889,0.0089962119
998890,0.0065163351
998891,0.009925426
998892,0.011494215
998893,0.011766838
998894,0.017690208
998895,0.0091256807
998896,0.018519176
998897,0.011764619
998898,0.0066276779
998899,0.0086962152
998900,0.0062525892
998901,0.018241003
998902,0.0083707599
998903,0.013293264
998904,0.0090602068
998905,0.0073016542
998906,0.002008134
998907,0.0090738935
998908,0.0181759
998909,0.018016098
998910,0.010132946
998911,0.0092414627
998912,0.0089259297
998913,0.0061064749
998914,0.0018336197
998915,0.013014914
998916,0.0061504943
998917,0.0061482745
998918,0.0092684655
998919,0.0092518199
998920,0.0064393939
998921,0.0062855114
998922,0.011445386
998923,0.0082372008
998924,0.0063735498
998925,0.0063994438
998926,0.0061127632
998927,0.007188092
998928,0.0088156965
998929,0.013323789
998930,0.00694913
998931,0.011031271
998932,0.0091967033
998933,0.013366858
998934,0.01599676
998935,0.0064752754
998936,0.0063495059
998937,0.014855078
998938,0.0091634113
998939,0.0088467682
998940,0.016977761
998941,0.0095348014
998942,0.0062577683
998943,0.0056817126
998944,0.011333673
998945,0.018193655
998946,0.0062274355
998947,0.0062588779
998948,0.0087176701
998949,0.014305531
998950,0.011820105
998951,0.015047201
998952,0.012973485
998953,0.014415395
998954,0.0089589553
998955,0.0063043768
998956,0.0061371773
998957,0.0067541874
998958,0.0067656548
998959,0.0052316003
998960,0.0062096799
998961,0.0094164303
998962,0.014847449
998963,0.0056668581
998964,0.0084798178
998965,0.0079606716
998966,0.0062322444
998967,0.018512148
998968,0.011914803
998969,0.0073356861
998970,0.0060879793
998971,0.0064742966
998972,0.0091260504
998973,0.0070075756
998974,0.018202534
998975,0.0090317233
998976,0.0087535512
998977,0.0064823036
998978,0.0099257147
998979,0.0064083217
998980,0.0091737686
998981,0.01200802
998982,0.014523407
998983,0.0065104165
998984,0.0094893025
998985,0.017193418
998986,0.010618268
998987,0.0090694539
998988,0.0094249379
998989,0.012768555
998990,0.0092684655
998991,0.0062807025
998992,0.0094545307
998993,0.0067353221
998994,0.0064885919
998995,0.0060591265
998996,0.0079297619
998997,0.013144013
998998,0.014136112
998999,0.0089074336
999000,0.0099257957
999001,0.0063361889
999002,0.018318314
999003,0.0062063504
999004,0.0064101713
999005,0.017820787
999006,0.0070464164
999007,0.0079748901
999008,0.0063051167
999009,0.0076589873
999010,0.0061737983
999011,0.0119222
999012,0.0087413443
999013,0.018676018
999014,0.0091341883
999015,0.0091071855
999016,0.008954782
999017,0.0077762259
999018,0.011973248
999019,0.0088563859
999020,0.0092092799
999021,0.0069661457
999022,0.011725779
999023,0.0065466678
999024,0.018590199
999025,0.0089673596
999026,0.0064667673
999027,0.010698169
999028,0.0056255264
999029,0.0090672346
999030,0.0062559186
999031,0.0085601965
999032,0.011494051
999033,0.008779075
999034,0.0065792198
999035,0.0090805516
999036,0.0057727154
999037,0.0078850025
999038,0.002126154
999039,0.018145567
999040,0.0064319959
999041,0.012072014
999042,0.0065636835
999043,0.0061493847
999044,0.011796431
999045,0.016742868
999046,0.017908085
999047,0.0075900271
999048,0.0075824158
999049,0.0063909357
999050,0.017834103
999051,0.018136689
999052,0.0069957385
999053,0.018290201
999054,0.010173526
999055,0.0077436669
999056,0.017611416
999057,0.018408203
999058,0.0093872072
999059,0.0062403823
999060,0.0092976885
999061,0.0060665244
999062,0.01521329
999063,0.017984657
999064,0.0067885891
999065,0.0087968307
999066,0.014084103
999067,0.016520182
999068,0.018436316
999069,0.014565578
999070,0.0092847422
999071,0.0063694809
999072,0.0091475053
999073,0.01484671
999074,0.011764249
999075,0.01188262
999076,0.018128552
999077,0.0066413647
999078,0.0063657816
999079,0.0093058264
999080,0.0090724137
999081,0.016676284
999082,0.0093975645
999083,0.0089673596
999084,0.0090435604
999085,0.0066176904
999086,0.011872632
999087,0.015915379
999088,0.0089251893
999089,0.0088245738
999090,0.018701172
999091,0.0069461707
999092,0.012039832
999093,0.014858916
999094,0.012453391
999095,0.0091441758
999096,0.0061471649
999097,0.010491389
999098,0.0091737686
999099,0.0091700703
999100,0.011708762
999101,0.0066879736
999102,0.0087465225
999103,0.006583659
999104,0.01176018
999105,0.0062662759
999106,0.0076435944
999107,0.012079042
999108,0.0080239121
999109,0.0095843691
999110,0.013720902
999111,0.0090021305
999112,0.011991004
999113,0.0063694809
999114,0.008885609
999115,0.010955403
999116,0.0097826412
999117,0.0084280306
999118,0.0067375414
999119,0.0092507098
999120,0.013162559
999121,0.018066777
999122,0.013829599
999123,0.0091360379
999124,0.0055421321
999125,0.0060931579
999126,0.009121242
999127,0.0016895748
999128,0.0064867423
999129,0.018229166
999130,0.011228619
999131,0.0061985827
999132,0.0069591175
999133,0.011132812
999134,0.0078289853
999135,0.013506155
999136,0.008954782
999137,0.0091682207
999138,0.0089825252
999139,0.0063095554
999140,0.009008049
999141,0.0090550277
999142,0.0061556729
999143,0.0065518464
999144,0.01176129
999145,0.0088689635
999146,0.009221117
999147,0.0091537936
999148,0.014589252
999149,0.0061138733
999150,0.0061959932
999151,0.008333873
999152,0.0062721944
999153,0.013828025
999154,0.011640699
999155,0.0063269413
999156,0.01052616
999157,0.01780895
999158,0.0064697266
999159,0.0089251893
999160,0.012027625
999161,0.013613059
999162,0.0065459278
999163,0.017897727
999164,0.0058634439
999165,0.0089740176
999166,0.018095259
999167,0.0064634383
999168,0.0064393939
999169,0.0075979521
999170,0.0099860914
999171,0.0074189156
999172,0.0068659
999173,0.0063291606
999174,0.0064482717
999175,0.018480705
999176,0.014547209
999177,0.0092980592
999178,0.0089351768
999179,0.0052531557
999180,0.014525997
999181,0.0088338219
999182,0.010889162
999183,0.0061845258
999184,0.014698005
999185,0.0055943243
999186,0.0038972655
999187,0.0062218867
999188,0.0091230916
999189,0.0074681137
999190,0.015023156
999191,0.0093039777
999192,0.0077118846
999193,0.0091930041
999194,0.0063735498
999195,0.0091027459
999196,0.009862911
999197,0.0089218598
999198,0.018147787
999199,0.0089695789
999200,0.0098248105
999201,0.0091441758
999202,0.0064290366
999203,0.01094488
999204,0.0067064688
999205,0.0070264414
999206,0.0063169538
999207,0.00641461
999208,0.012097538
999209,0.0113518
999210,0.012227747
999211,0.0090572471
999212,0.0088637844
999213,0.006234094
999214,0.0060243551
999215,0.01204723
999216,0.011630341
999217,0.0066347066
999218,0.012153025
999219,0.0059193005
999220,0.0089229699
999221,0.0063750297
999222,0.009392756
999223,0.012141557
999224,0.016268393
999225,0.010842433
999226,0.018691184
999227,0.0089766067
999228,0.01866455
999229,0.0063665216
999230,0.019057766
999231,0.01385646
999232,0.0065973457
999233,0.0089251893
999234,0.017217092
999235,0.0094708065
999236,0.0015671069
999237,0.0057339678
999238,0.0089499736
999239,0.012109375
999240,0.017619925
999241,0.0063920454
999242,0.013850151
999243,0.0062403823
999244,0.0092806732
999245,0.017826704
999246,0.013138834
999247,0.017675411
999248,0.01468099
999249,0.01488148
999250,0.0087554008
999251,0.015709689
999252,0.005999201
999253,0.0070974641
999254,0.0088079283
999255,0.0067120176
999256,0.0062688654
999257,0.013655368
999258,0.0063624526
999259,0.0061967331
999260,0.011689157
999261,0.011010027
999262,0.017203776
999263,0.0085913427
999264,0.0087099019
999265,0.018071955
999266,0.0088974461
999267,0.0089843748
999268,0.0064168293
999269,0.006434585
999270,0.014495295
999271,0.017336205
999272,0.0012677272
999273,0.0087121213
999274,0.0092004025
999275,0.0075531933
999276,0.0083629265
999277,0.0062895804
999278,0.018513257
999279,0.0087084221
999280,0.0092388727
999281,0.0074059688
999282,0.0065873577
999283,0.018146306
999284,0.0066180606
999285,0.0061393967
999286,0.016020063
999287,0.0065048682
999288,0.0091822771
999289,0.011921461
999290,0.011035518
999291,0.0064601088
999292,0.0062389029
999293,0.009107925
999294,0.0067541874
999295,0.0117698
999296,0.0016118676
999297,0.0061841561
999298,0.011804199
999299,0.0062333541
999300,0.0087916516
999301,0.003860662
999302,0.013820209
999303,0.0060972273
999304,0.010740415
999305,0.0088796904
999306,0.0060213958
999307,0.011600379
999308,0.011996922
999309,0.0062666461
999310,0.0072799935
999311,0.0077699604
999312,0.0096372664
999313,0.0068178121
999314,0.0093761096
999315,0.011794211
999316,0.0063635623
999317,0.0058146161
999318,0.012292851
999319,0.012086441
999320,0.0062359436
999321,0.0086614434
999322,0.0123783
999323,0.0094649876
999324,0.010294226
999325,0.0080455309
999326,0.017337684
999327,0.017730897
999328,0.0091360379
999329,0.0062451912
999330,0.018560607
999331,0.0092311054
999332,0.0069898199
999333,0.018414121
999334,0.014477169
999335,0.015086411
999336,0.0064171995
999337,0.017337313
999338,0.0094597097
999339,0.01443204
999340,0.0089244498
999341,0.0064135003
999342,0.0080718072
999343,0.0026339616
999344,0.0089965817
999345,0.010499129
999346,0.01176166
999347,0.012009869
999348,0.0064308862
999349,0.011979166
999350,0.018424479
999351,0.012471115
999352,0.0062344638
999353,0.013441051
999354,0.014939557
999355,0.012205921
999356,0.0076822918
999357,0.011821955
999358,0.0092320796
999359,0.018111166
999360,0.0090579875
999361,0.012219608
999362,0.012471887
999363,0.0087975701
999364,0.0093820281
999365,0.0071052322
999366,0.011544893
999367,0.014840051
999368,0.0085116299
999369,0.011867824
999370,0.0093550244
999371,0.0076300763
999372,0.0063742897
999373,0.011665483
999374,0.0089303683
999375,0.0089828949
999376,0.00879905
999377,0.0064194188
999378,0.018436316
999379,0.008914832
999380,0.008248507
999381,0.006493031
999382,0.009008049
999383,0.0061142431
999384,0.0092558889
999385,0.012050189
999386,0.015473707
999387,0.0089307381
999388,0.0061327387
999389,0.0089044748
999390,0.010867216
999391,0.0089336969
999392,0.0062459311
999393,0.014154705
999394,0.011683978
999395,0.014895908
999396,0.011968809
999397,0.0122529
999398,0.0092148287
999399,0.01850586
999400,0.0061594355
999401,0.00904541
999402,0.0088500977
999403,0.013659633
999404,0.0091737686
999405,0.0064856326
999406,0.0093716709
999407,0.0082099047
999408,0.0040975581
999409,0.017905125
999410,0.017320668
999411,0.0090642758
999412,0.0063350792
999413,0.0075517134
999414,0.0064760149
999415,0.0081842598
999416,0.0073763761
999417,0.012101618
999418,0.0026257799
999419,0.0065511069
999420,0.017613266
999421,0.0062877308
999422,0.01833385
999423,0.0083491523
999424,0.0061308891
999425,0.011990634
999426,0.009134558
999427,0.010844187
999428,0.0084101697
999429,0.017835213
999430,0.011671402
999431,0.0077533145
999432,0.0096872039
999433,0.0062326142
999434,0.0069602272
999435,0.008772417
999436,0.0086843781
999437,0.0091023762
999438,0.0064393939
999439,0.0090849902
999440,0.0090938685
999441,0.011783854
999442,0.0060495087
999443,0.0089551518
999444,0.0065562855
999445,0.00694913
999446,0.010648296
999447,0.0092625469
999448,0.011904075
999449,0.0062703448
999450,0.009450092
999451,0.018779593
999452,0.0018979316
999453,0.0061138733
999454,0.018373802
999455,0.0065655331
999456,0.018363073
999457,0.0091918949
999458,0.018572444
999459,0.0083836224
999460,0.0089647695
999461,0.0095969457
999462,0.0088260537
999463,0.0089799361
999464,0.0068655303
999465,0.0098033557
999466,0.0091264201
999467,0.0060017905
999468,0.017785644
999469,0.014940296
999470,0.011733917
999471,0.012221828
999472,0.01804791
999473,0.0062670158
999474,0.0058652936
999475,0.0089451643
999476,0.013693977
999477,0.010046412
999478,0.014820816
999479,0.006447162
999480,0.0062703448
999481,0.0072184247
999482,0.014385061
999483,0.009392756
999484,0.018069366
999485,0.011564498
999486,0.0077481358
999487,0.015589119
999488,0.0063047465
999489,0.018289093
999490,0.0088138469
999491,0.0074133673
999492,0.0094881924
999493,0.0050918069
999494,0.0063151042
999495,0.0070068361
999496,0.006271455
999497,0.011507162
999498,0.0064490116
999499,0.011694706
999500,0.0091778375
999501,0.01809008
999502,0.0088878283
999503,0.015783686
999504,0.0090302434
999505,0.0086555248
999506,0.0091500944
999507,0.013101843
999508,0.015021306
999509,0.0065340907
999510,0.009010639
999511,0.011611477
999512,0.0056936555
999513,0.0051544788
999514,0.0067948774
999515,0.0061523439
999516,0.0078135282
999517,0.012233665
999518,0.011834162
999519,0.0069652796
999520,0.013386467
999521,0.0093690818
999522,0.013251658
999523,0.014001339
999524,0.0094068125
999525,0.018320534
999526,0.011632561
999527,0.0063065961
999528,0.0063964846
999529,0.0062285452
999530,0.0089684688
999531,0.015078273
999532,0.0078746453
999533,0.012138967
999534,0.018353086
999535,0.0087417141
999536,0.018585021
999537,0.013444628
999538,0.0078309951
999539,0.014345851
999540,0.0071525807
999541,0.011144032
999542,0.0063432171
999543,0.0018375932
999544,0.013178045
999545,0.0079841381
999546,0.0067146071
999547,0.0063628224
999548,0.01352892
999549,0.0073830346
999550,0.010238
999551,0.011376953
999552,0.011766098
999553,0.0061767576
999554,0.017757161
999555,0.011644398
999556,0.0058100112
999557,0.0069247158
999558,0.0088874586
999559,0.0065588751
999560,0.0090476293
999561,0.011659564
999562,0.012330212
999563,0.0063210228
999564,0.009151944
999565,0.011951793
999566,0.0087542906
999567,0.0021383984
999568,0.018892786
999569,0.0062647965
999570,0.0091800578
999571,0.0091634113
999572,0.014729817
999573,0.0064915512
999574,0.0062736743
999575,0.006529652
999576,0.0089503434
999577,0.0089314776
999578,0.0095884381
999579,0.009052014
999580,0.0079419687
999581,0.017987985
999582,0.0091796871
999583,0.0092999078
999584,0.0088582356
999585,0.015187766
999586,0.014570757
999587,0.0093572447
999588,0.0072502368
999589,0.0090849902
999590,0.01459887
999591,0.0058210925
999592,0.0067619556
999593,0.018880578
999594,0.0091127334
999595,0.017228929
999596,0.006978353
999597,0.018536931
999598,0.013760653
999599,0.0063901958
999600,0.0085345646
999601,0.010918635
999602,0.017194899
999603,0.0082852449
999604,0.0059881038
999605,0.017610308
999606,0.0062500001
999607,0.015233265
999608,0.0064131306
999609,0.018256171
999610,0.013528982
999611,0.011951793
999612,0.01764101
999613,0.0089851152
999614,0.0096491035
999615,0.0097963279
999616,0.017568137
999617,0.0085071912
999618,0.0089910338
999619,0.011736506
999620,0.0090709338
999621,0.011878551
999622,0.011840081
999623,0.0090402318
999624,0.012862512
999625,0.0089951027
999626,0.012214799
999627,0.010878314
999628,0.018076764
999629,0.017285896
999630,0.010617898
999631,0.018406723
999632,0.011591131
999633,0.0090439301
999634,0.017684659
999635,0.018375652
999636,0.011864495
999637,0.0090861004
999638,0.00616825
999639,0.006603634
999640,0.0079452973
999641,0.0149673
999642,0.017240766
999643,0.011934408
999644,0.0065991953
999645,0.012013569
999646,0.0087616891
999647,0.01821363
999648,0.014905155
999649,0.0091726594
999650,0.0143514
999651,0.0089507131
999652,0.0062241061
999653,0.0092296256
999654,0.011803459
999655,0.0091456557
999656,0.015042022
999657,0.00859679
999658,0.0089902934
999659,0.0074407402
999660,0.0060572769
999661,0.0062866211
999662,0.0069613368
999663,0.0090061994
999664,0.015612789
999665,0.016845278
999666,0.0068248403
999667,0.013260519
999668,0.0064275567
999669,0.0064275567
999670,0.0087949811
999671,0.0061120237
999672,0.014450906
999673,0.0091763586
999674,0.018383048
999675,0.016090347
999676,0.014766809
999677,0.0062832921
999678,0.0031608229
999679,0.0062067206
999680,0.0069206469
999681,0.0020542326
999682,0.0098262904
999683,0.012205921
999684,0.0083098123
999685,0.0089488635
999686,0.0062159682
999687,0.0089740176
999688,0.01710131
999689,0.0067490088
999690,0.0075975824
999691,0.0066051139
999692,0.011736506
999693,0.0064416132
999694,0.0024304371
999695,0.010898194
999696,0.0063361889
999697,0.0091615617
999698,0.0060654148
999699,0.018377131
999700,0.015951421
999701,0.0059718275
999702,0.0092888111
999703,0.0064123906
999704,0.0088911578
999705,0.01196696
999706,0.010035289
999707,0.0061763879
999708,0.012269177
999709,0.010083377
999710,0.012022076
999711,0.0062725646
999712,0.01191141
999713,0.0090287644
999714,0.010215806
999715,0.014956573
999716,0.0082653202
999717,0.0062866211
999718,0.018223248
999719,0.0050486093
999720,0.0062559186
999721,0.0061257104
999722,0.0096768467
999723,0.0093750004
999724,0.0077004172
999725,0.0055476595
999726,0.0088119972
999727,0.016373308
999728,0.017542614
999729,0.010043797
999730,0.0093650129
999731,0.0088896779
999732,0.0089799361
999733,0.0090609463
999734,0.0091830166
999735,0.013448435
999736,0.015151145
999737,0.011610366
999738,0.009286222
999739,0.018306108
999740,0.0087006539
999741,0.0087561402
999742,0.014537465
999743,0.017760491
999744,0.01439209
999745,0.0090036104
999746,0.013618238
999747,0.018651605
999748,0.0066546816
999749,0.018536931
999750,0.012190015
999751,0.0094412137
999752,0.0071607186
999753,0.0088364109
999754,0.008291903
999755,0.017346561
999756,0.0013407879
999757,0.0078463601
999758,0.010265004
999759,0.017365057
999760,0.014167924
999761,0.0089377668
999762,0.018601665
999763,0.014750533
999764,0.0062144888
999765,0.0064697266
999766,0.0062322444
999767,0.006341368
999768,0.0089773471
999769,0.016006732
999770,0.008542465
999771,0.018673059
999772,0.016031532
999773,0.017496744
999774,0.007823227
999775,0.0062692352
999776,0.010528379
999777,0.012507028
999778,0.0090043498
999779,0.0065636835
999780,0.0098958332
999781,0.018231016
999782,0.012697902
999783,0.0072236033
999784,0.013003077
999785,0.0069835316
999786,0.010019383
999787,0.0097556375
999788,0.0091486154
999789,0.0090117482
999790,0.0064401338
999791,0.0082271695
999792,0.0125418
999793,0.009008049
999794,0.0089170514
999795,0.0090605766
999796,0.0090424512
999797,0.011532315
999798,0.0091027459
999799,0.0095077977
999800,0.0062296549
999801,0.0060665244
999802,0.00908536
999803,0.010830226
999804,0.011868194
999805,0.018359374
999806,0.0090324637
999807,0.006221517
999808,0.0018561211
999809,0.0082907937
999810,0.0089732781
999811,0.0065104165
999812,0.0022397847
999813,0.010961554
999814,0.017447546
999815,0.018649384
999816,0.0068048649
999817,0.0065067178
999818,0.018171461
999819,0.0088911578
999820,0.0089218598
999821,0.0094182799
999822,0.012193714
999823,0.0091867158
999824,0.0087002842
999825,0.0067490088
999826,0.0077891955
999827,0.0052719885
999828,0.0058042584
999829,0.013396468
999830,0.0086647728
999831,0.0079308711
999832,0.0085345646
999833,0.011872632
999834,0.011719489
999835,0.017905125
999836,0.0099491002
999837,0.0090572471
999838,0.014422053
999839,0.011263761
999840,0.007997524
999841,0.013405452
999842,0.0090272846
999843,0.0064453124
999844,0.0091800578
999845,0.011769428
999846,0.010868258
999847,0.011910363
999848,0.0088205049
999849,0.0066676284
999850,0.0062278053
999851,0.011255557
999852,0.013230383
999853,0.011186079
999854,0.0064808237
999855,0.007984098
999856,0.010862038
999857,0.011646247
999858,0.01646672
999859,0.0064379144
999860,0.011541193
999861,0.017919183
999862,0.01015625
999863,0.0063913055
999864,0.017252604
999865,0.011234168
999866,0.006072443
999867,0.0021310204
999868,0.00560907
999869,0.01129994
999870,0.012141557
999871,0.0092055816
999872,0.012612453
999873,0.0066676284
999874,0.0070704604
999875,0.0069273054
999876,0.0085586086
999877,0.0063524651
999878,0.0091870856
999879,0.0088038594
999880,0.017689837
999881,0.0063284207
999882,0.0080522243
999883,0.013473329
999884,0.0065518464
999885,0.0061760182
999886,0.0070634321
999887,0.014722049
999888,0.0062026517
999889,0.011093158
999890,0.011902225
999891,0.014817487
999892,0.014876672
999893,0.0064630681
999894,0.0090391217
999895,0.01167769
999896,0.0098603219
999897,0.014753122
999898,0.014504543
999899,0.014874822
999900,0.0065636835
999901,0.0093147047
999902,0.011487926
999903,0.018426698
999904,0.013638213
999905,0.008370324
999906,0.009048
999907,0.0076238457
999908,0.007486979
999909,0.0080321059
999910,0.0089607006
999911,0.010094105
999912,0.0062755239
999913,0.015075314
999914,0.0066953716
999915,0.0063117752
999916,0.0068503642
999917,0.0099853519
999918,0.0062096799
999919,0.0062159682
999920,0.0063935253
999921,0.0062673856
999922,0.0085404832
999923,0.013605661
999924,0.018110795
999925,0.01743016
999926,0.0094094016
999927,0.008952193
999928,0.0063228724
999929,0.018644206
999930,0.0098120309
999931,0.014804909
999932,0.0091807973
999933,0.0092484904
999934,0.0062666461
999935,0.0086473869
999936,0.0064453124
999937,0.010777456
999938,0.0093387486
999939,0.012290261
999940,0.014441288
999941,0.0061612218
999942,0.013846293
999943,0.0063417377
999944,0.010101133
999945,0.0079308711
999946,0.015053859
999947,0.0091841267
999948,0.01196659
999949,0.0088885687
999950,0.018141499
999951,0.011997662
999952,0.014452755
999953,0.0084705791
999954,0.011776825
999955,0.013429853
999956,0.0092880707
999957,0.0092710555
999958,0.0063898261
999959,0.01374781
999960,0.0073416047
999961,0.0094116209
999962,0.0095828893
999963,0.0063350792
999964,0.0087420838
999965,0.0069132489
999966,0.0088500381
999967,0.011981386
999968,0.013096716
999969,0.0064360648
999970,0.011985085
999971,0.011902225
999972,0.01291356
999973,0.018166281
999974,0.0094637787
999975,0.006180827
999976,0.012394206
999977,0.0073959813
999978,0.0064922911
999979,0.0061197919
999980,0.0068729287
999981,0.0089595914
999982,0.0090406016
999983,0.0067289085
999984,0.011810392
999985,0.0095606949
999986,0.0086477567
999987,0.018383048
999988,0.018643467
999989,0.0063887164
999990,0.0053829988
999991,0.0066347066
999992,0.0097782016
999993,0.0099960789
999994,0.0095092775
999995,0.012110115
999996,0.011777936
999997,0.011489036
999998,0.0063213925
999999,0.0061220112
