LECROYHDO6104B,11090,Waveform
Segments,1,SegmentSize,6649
Segment,TrigTime,TimeSinceSegment1
#1,04-May-2026 18:29:13,0                 
Time,Ampl
993351,0.0075252759
993352,0.0056899125
993353,0.01074865
993354,0.0061961454
993355,0.012670181
993356,0.0061975815
993357,0.0064359778
993358,0.006439568
993359,0.010549747
993360,0.0061372644
993361,0.011949966
993362,0.017500574
993363,0.010049977
993364,0.0092349779
993365,0.0066004135
993366,0.0097196689
993367,0.0089972997
993368,0.0062751323
993369,0.0069170785
993370,0.014744658
993371,0.0088465074
993372,0.016983045
993373,0.0059713926
993374,0.0062758503
993375,0.0054656984
993376,0.006204044
993377,0.0060783834
993378,0.0058356789
993379,0.0091667622
993380,0.0060546873
993381,0.0087251551
993382,0.013775276
993383,0.012260168
993384,0.011917653
993385,0.0059455424
993386,0.037663717
993387,0.0052520847
993388,0.0060345819
993389,0.015633179
993390,0.0066470876
993391,0.0088493796
993392,0.0062507181
993393,0.0056847101
993394,0.0073156022
993395,0.0063699163
993396,0.018029068
993397,0.0060891546
993398,0.006058278
993399,0.006226304
993400,0.0091947671
993401,0.0063289865
993402,0.0055999937
993403,0.010505947
993404,0.0079790903
993405,0.0066880169
993406,0.0093010394
993407,0.0062334845
993408,0.0085678995
993409,0.0097893206
993410,0.0092895506
993411,0.0071762982
993412,0.0068423999
993413,0.010213695
993414,0.0067124311
993415,0.0074211569
993416,0.0064180261
993417,0.0088350186
993418,0.019749541
993419,0.010519186
993420,0.0065487134
993421,0.0058852253
993422,0.0061724493
993423,0.011752499
993424,0.017876837
993425,0.0088041415
993426,0.0064869602
993427,0.012056957
993428,0.006049661
993429,0.011873133
993430,0.009031767
993431,0.013475127
993432,0.0080006318
993433,0.0060798195
993434,0.0063490923
993435,0.02053869
993436,0.0061351103
993437,0.0090877758
993438,0.0087732654
993439,0.0091839954
993440,0.017313879
993441,0.0089520626
993442,0.0063842773
993443,0.0038728339
993444,0.0062758503
993445,0.0063368855
993446,0.0069163605
993447,0.0061099781
993448,0.012677361
993449,0.0063060089
993450,0.022138771
993451,0.0094360355
993452,0.0062622069
993453,0.0082084043
993454,0.0064941407
993455,0.0071159811
993456,0.0091710705
993457,0.0068423999
993458,0.01474753
993459,0.013789861
993460,0.023528693
993461,0.0083567901
993462,0.0061911191
993463,0.0063304226
993464,0.0061975815
993465,0.0073350128
993466,0.012447582
993467,0.0064144358
993468,0.00641659
993469,0.0065487134
993470,0.0073235007
993471,0.015847599
993472,0.01520278
993473,0.0092945769
993474,0.0059857536
993475,0.0060388902
993476,0.0058335247
993477,0.010850171
993478,0.006153062
993479,0.008826402
993480,0.0073594037
993481,0.0062988279
993482,0.020413747
993483,0.011918371
993484,0.008811322
993485,0.0064266431
993486,0.0054790182
993487,0.0061817844
993488,0.0062586167
993489,0.0082620056
993490,0.0091330139
993491,0.0076128789
993492,0.0064460305
993493,0.0060317097
993494,0.0062449737
993495,0.0065321978
993496,0.0063620172
993497,0.0092529301
993498,0.0065300437
993499,0.0088508856
993500,0.014855239
993501,0.017666446
993502,0.0058235661
993503,0.008650477
993504,0.0094317272
993505,0.01055262
993506,0.012214212
993507,0.0061860927
993508,0.0061006434
993509,0.014244887
993510,0.0091409124
993511,0.0061853747
993512,0.0061372644
993513,0.014865292
993514,0.007056382
993515,0.0033483205
993516,0.0091825593
993517,0.011415728
993518,0.0062061981
993519,0.010398236
993520,0.012063419
993521,0.0089843748
993522,0.0092479037
993523,0.011760398
993524,0.016383272
993525,0.0091760969
993526,0.0095724668
993527,0.014879653
993528,0.0071030562
993529,0.0063770968
993530,0.005342273
993531,0.009662224
993532,0.012466969
993533,0.0089980178
993534,0.0062744142
993535,0.0091567095
993536,0.009662224
993537,0.0090813134
993538,0.020542279
993539,0.0062076342
993540,0.0089104148
993541,0.018808881
993542,0.0059390799
993543,0.014719525
993544,0.0092414403
993545,0.020873304
993546,0.01780216
993547,0.011982996
993548,0.0085064089
993549,0.0052534081
993550,0.023097752
993551,0.009031767
993552,0.0061236215
993553,0.0062514362
993554,0.0061430088
993555,0.0062464098
993556,0.008076746
993557,0.011987304
993558,0.0066262637
993559,0.0064934227
993560,0.0090856217
993561,0.0062593347
993562,0.011903292
993563,0.0064833695
993564,0.0091969213
993565,0.009266573
993566,0.012798714
993567,0.0071217255
993568,0.0062385108
993569,0.0090827495
993570,0.010548311
993571,0.0074520335
993572,0.0093211457
993573,0.012132353
993574,0.011997358
993575,0.013476563
993576,0.0062500001
993577,0.0075949277
993578,0.0064223344
993579,0.0096162688
993580,0.013131369
993581,0.0061379825
993582,0.013268769
993583,0.0049587595
993584,0.012005975
993585,0.010085065
993586,0.0061702952
993587,0.0063598631
993588,0.0061947093
993589,0.0050704819
993590,0.0089613972
993591,0.0060446346
993592,0.0091337319
993593,0.0028509635
993594,0.006571691
993595,0.020196892
993596,0.011392033
993597,0.014992389
993598,0.016842768
993599,0.012120864
993600,0.0059850356
993601,0.0061121322
993602,0.0094870171
993603,0.0060029873
993604,0.0082720593
993605,0.0093225818
993606,0.0078584561
993607,0.011864516
993608,0.011827177
993609,0.0049107494
993610,0.011823587
993611,0.0060453527
993612,0.0089082606
993613,0.011708697
993614,0.0063763787
993615,0.018546071
993616,0.0087215649
993617,0.0060532512
993618,0.0090554627
993619,0.018401023
993620,0.0072624655
993621,0.0088285562
993622,0.0069091795
993623,0.0069400561
993624,0.0064553656
993625,0.0048905467
993626,0.010696978
993627,0.0066205193
993628,0.0063634538
993629,0.0094468063
993630,0.006366326
993631,0.0061444449
993632,0.0074677411
993633,0.011893957
993634,0.0063131894
993635,0.0094410619
993636,0.0065946691
993637,0.011970789
993638,0.015234375
993639,0.0061659869
993640,0.017889611
993641,0.015092199
993642,0.0064812154
993643,0.012043313
993644,0.011908318
993645,0.0066219554
993646,0.0061178766
993647,0.0073479149
993648,0.011730239
993649,0.0024347489
993650,0.006145163
993651,0.005801212
993652,0.0092120003
993653,0.0086770449
993654,0.0081499889
993655,0.0064869602
993656,0.0089118509
993657,0.0065142461
993658,0.006322524
993659,0.038886577
993660,0.0064223344
993661,0.0096737128
993662,0.00568585
993663,0.011308561
993664,0.0057299584
993665,0.011873133
993666,0.014669261
993667,0.0062148152
993668,0.0070506376
993669,0.0028038141
993670,0.0090533085
993671,0.0059726317
993672,0.0064223344
993673,0.0090475641
993674,0.0089649875
993675,0.0092924228
993676,0.0064812154
993677,0.0068783029
993678,0.012112965
993679,0.0063605811
993680,0.010569135
993681,0.0070226332
993682,0.023253676
993683,0.014522059
993684,0.017800005
993685,0.0022032058
993686,0.0094697839
993687,0.0061257756
993688,0.013636763
993689,0.0089319563
993690,0.011871697
993691,0.0062248679
993692,0.01386799
993693,0.0062205596
993694,0.0061925552
993695,0.0060510971
993696,0.0064366958
993697,0.0063289865
993698,0.025413603
993699,0.0090892119
993700,0.015600586
993701,0.0061142864
993702,0.016974954
993703,0.0092048198
993704,0.0071490118
993705,0.015007468
993706,0.0073069851
993707,0.0091121895
993708,0.015507238
993709,0.013039982
993710,0.018152574
993711,0.017911306
993712,0.0090849036
993713,0.011523438
993714,0.0090037631
993715,0.015886374
993716,0.011972225
993717,0.0061422908
993718,0.0090540266
993719,0.0090087894
993720,0.0018428644
993721,0.0063770968
993722,0.0066312901
993723,0.006240665
993724,0.0060755112
993725,0.011848719
993726,0.0067468979
993727,0.0089958636
993728,0.0083058076
993729,0.014871037
993730,0.0059240004
993731,0.0060087317
993732,0.0061106961
993733,0.0077306409
993734,0.014901195
993735,0.012591911
993736,0.0061121322
993737,0.0061343922
993738,0.006108542
993739,0.0062916474
993740,0.016256893
993741,0.00911937
993742,0.0094410619
993743,0.0060733571
993744,0.01262207
993745,0.0063548367
993746,0.0088565601
993747,0.0059168199
993748,0.0061351103
993749,0.015114459
993750,0.0090626432
993751,0.0091725066
993752,0.013638252
993753,0.0064280792
993754,0.018895701
993755,0.008927648
993756,0.0060683307
993757,0.011812816
993758,0.0091107534
993759,0.038879395
993760,0.0061710132
993761,0.014591711
993762,0.006036018
993763,0.011914062
993764,0.0063763787
993765,0.0095516425
993766,0.0090188421
993767,0.021557618
993768,0.0065803081
993769,0.0062557445
993770,0.0092486218
993771,0.017670037
993772,0.0061236215
993773,0.0070233513
993774,0.01064358
993775,0.0063677621
993776,0.0060037053
993777,0.0055156779
993778,0.0062392289
993779,0.01519201
993780,0.0058030421
993781,0.0075827204
993782,0.0060834098
993783,0.012216366
993784,0.0061329561
993785,0.0069845761
993786,0.016610922
993787,0.0061580883
993788,0.0088809747
993789,0.0025440967
993790,0.0066865808
993791,0.0082126148
993792,0.0097354669
993793,0.011000689
993794,0.0058249081
993795,0.0094302911
993796,0.008972886
993797,0.0098252241
993798,0.0094439341
993799,0.013224952
993800,0.0089858109
993801,0.031656422
993802,0.0089621153
993803,0.0067038145
993804,0.026378676
993805,0.0088120401
993806,0.011156509
993807,0.0061638327
993808,0.012328384
993809,0.0060151941
993810,0.011243394
993811,0.0061509078
993812,0.0090303309
993813,0.011926987
993814,0.0068172677
993815,0.0091358861
993816,0.0092629828
993817,0.017980238
993818,0.0060554054
993819,0.0091423485
993820,0.0099329334
993821,0.0093369428
993822,0.0089082606
993823,0.014880371
993824,0.0085118907
993825,0.006307445
993826,0.0063462202
993827,0.0065142461
993828,0.0064941407
993829,0.011784812
993830,0.0088027054
993831,0.0067210477
993832,0.0061580883
993833,0.0098230699
993834,0.0062672333
993835,0.0062614889
993836,0.0079045827
993837,0.0078548659
993838,0.0069063073
993839,0.0088249659
993840,0.014710909
993841,0.0063095991
993842,0.0062808767
993843,0.0061695771
993844,0.0065946691
993845,0.0058280448
993846,0.010803223
993847,0.0088867191
993848,0.012007411
993849,0.0063893036
993850,0.0084917853
993851,0.011087575
993852,0.0064007929
993853,0.023231417
993854,0.0061343922
993855,0.0076746321
993856,0.0088364547
993857,0.0088163484
993858,0.007904307
993859,0.0068151136
993860,0.0091545554
993861,0.0061631147
993862,0.0089965817
993863,0.008751723
993864,0.0062973918
993865,0.016624307
993866,0.011343917
993867,0.0074750115
993868,0.008561437
993869,0.0062643611
993870,0.0063648899
993871,0.0072851018
993872,0.0063857134
993873,0.0059060492
993874,0.0065961052
993875,0.0061272117
993876,0.02451944
993877,0.020387897
993878,0.034919292
993879,0.012890625
993880,0.010425523
993881,0.0076737488
993882,0.0065752813
993883,0.019009992
993884,0.0063993568
993885,0.02600131
993886,0.0061006434
993887,0.0087466966
993888,0.0060984893
993889,0.01788402
993890,0.006571691
993891,0.010509536
993892,0.0073529412
993893,0.009662224
993894,0.0094977887
993895,0.006307445
993896,0.0089563709
993897,0.0059211282
993898,0.013657514
993899,0.0090339212
993900,0.0060051414
993901,0.0054638041
993902,0.0064402861
993903,0.0065415325
993904,0.013130457
993905,0.0061264937
993906,0.0091567095
993907,0.0057703354
993908,0.0083022173
993909,0.0062399469
993910,0.0086389882
993911,0.0076229321
993912,0.020628447
993913,0.0070219152
993914,0.014676441
993915,0.0063964846
993916,0.0064137178
993917,0.011242676
993918,0.0058465763
993919,0.01191478
993920,0.0066779642
993921,0.0065113739
993922,0.013851859
993923,0.0095315371
993924,0.0070807962
993925,0.0060467888
993926,0.0097196689
993927,0.012216366
993928,0.012085679
993929,0.0088378908
993930,0.0060618683
993931,0.014158002
993932,0.0060704849
993933,0.008869485
993934,0.01010814
993935,0.010232916
993936,0.010075827
993937,0.014592429
993938,0.0067899814
993939,0.0060238107
993940,0.009003045
993941,0.0060877181
993942,0.0150326
993943,0.033696726
993944,0.0066255457
993945,0.0060015512
993946,0.0060661766
993947,0.011942067
993948,0.0019354143
993949,0.0096306298
993950,0.010749793
993951,0.021358542
993952,0.0066176471
993953,0.02347053
993954,0.0079467772
993955,0.0061020795
993956,0.0064690085
993957,0.008943446
993958,0.0064094095
993959,0.0096694045
993960,0.0064453124
993961,0.0061221854
993962,0.011429371
993963,0.0082344776
993964,0.0088924635
993965,0.0089384187
993966,0.0089377007
993967,0.0075317384
993968,0.020358456
993969,0.036130603
993970,0.019129137
993971,0.0071116728
993972,0.006571691
993973,0.0089613972
993974,0.0098000923
993975,0.0064051012
993976,0.005597305
993977,0.0090188421
993978,0.011834358
993979,0.012034697
993980,0.01788402
993981,0.0060324278
993982,0.0069372803
993983,0.014935662
993984,0.020728976
993985,0.0062442557
993986,0.01431813
993987,0.0059082033
993988,0.0073191924
993989,0.0062514362
993990,0.0056175929
993991,0.011765424
993992,0.0090612071
993993,0.025637638
993994,0.006402947
993995,0.0062973918
993996,0.010709874
993997,0.0090691065
993998,0.015729118
993999,0.016637659
994000,0.023630658
994001,0.0065544578
994002,0.0094008502
994003,0.0090892119
994004,0.0090389475
994005,0.01202967
994006,0.011982996
994007,0.0052267825
994008,0.0091559915
994009,0.0063426299
994010,0.0061925552
994011,0.0061860927
994012,0.0069027171
994013,0.0064596739
994014,0.0087948069
994015,0.014195583
994016,0.0061157225
994017,0.0089061065
994018,0.0063878675
994019,0.006212661
994020,0.012320485
994021,0.020657169
994022,0.010215457
994023,0.0062909294
994024,0.0076092887
994025,0.011758244
994026,0.016247559
994027,0.0088012693
994028,0.013640963
994029,0.0058249081
994030,0.0092112822
994031,0.0090547446
994032,0.0064101275
994033,0.0080078123
994034,0.011541389
994035,0.0063261143
994036,0.0091129076
994037,0.014878935
994038,0.020316808
994039,0.011999512
994040,0.01446246
994041,0.0063842773
994042,0.012196979
994043,0.014947869
994044,0.0064086914
994045,0.012800868
994046,0.0060546873
994047,0.0089111328
994048,0.033012517
994049,0.014848058
994050,0.0092306696
994051,0.0092608286
994052,0.0062772864
994053,0.0092601106
994054,0.0097426474
994055,0.0068476866
994056,0.0064955768
994057,0.0063189338
994058,0.017808622
994059,0.0089635514
994060,0.0087840362
994061,0.0088235298
994062,0.011719468
994063,0.006725356
994064,0.0076085706
994065,0.012695313
994066,0.011931296
994067,0.0061013615
994068,0.0091753788
994069,0.0061099781
994070,0.0089937095
994071,0.011831486
994072,0.0066865808
994073,0.0065659466
994074,0.012045467
994075,0.01260771
994076,0.0053333896
994077,0.0060245288
994078,0.005991498
994079,0.015418199
994080,0.014797794
994081,0.01114861
994082,0.012138816
994083,0.0059613395
994084,0.0059627756
994085,0.0023215925
994086,0.0078677908
994087,0.0061272117
994088,0.009544462
994089,0.0086971503
994090,0.014720243
994091,0.0090798773
994092,0.0089671416
994093,0.0088960538
994094,0.008082117
994095,0.0066291359
994096,0.0065429686
994097,0.0064797793
994098,0.0075985179
994099,0.0062866211
994100,0.0089341104
994101,0.0094396258
994102,0.01325645
994103,0.0061925552
994104,0.014511288
994105,0.0052661551
994106,0.011467429
994107,0.011730239
994108,0.0092802159
994109,0.0075482535
994110,0.0089269299
994111,0.012082807
994112,0.014855239
994113,0.0058766087
994114,0.0059678024
994115,0.0054742941
994116,0.0095286649
994117,0.013910209
994118,0.015981158
994119,0.012063419
994120,0.006094181
994121,0.0062959557
994122,0.021117548
994123,0.011806353
994124,0.010689051
994125,0.0084130876
994126,0.0090202782
994127,0.011896829
994128,0.0062500001
994129,0.0061659869
994130,0.011926269
994131,0.0060855639
994132,0.0089498945
994133,0.0065257354
994134,0.0090288948
994135,0.0090087894
994136,0.010034179
994137,0.0065860525
994138,0.0061975815
994139,0.0064309514
994140,0.011979406
994141,0.0063210879
994142,0.012190516
994143,0.014878935
994144,0.012082089
994145,0.0093721282
994146,0.0094202375
994147,0.0086957142
994148,0.0025287988
994149,0.0088967718
994150,0.0060510971
994151,0.0061171586
994152,0.0061817844
994153,0.010713466
994154,0.0060898727
994155,0.008840045
994156,0.00646111
994157,0.0091107534
994158,0.0061185947
994159,0.017538631
994160,0.0090741329
994161,0.010493021
994162,0.010318532
994163,0.0093010394
994164,0.014820772
994165,0.0062514362
994166,0.0060546873
994167,0.01741728
994168,0.013430607
994169,0.0066779642
994170,0.0088752294
994171,0.0063275504
994172,0.0069443649
994173,0.0062140971
994174,0.014380601
994175,0.0069630342
994176,0.0081492709
994177,0.0083503276
994178,0.0061272117
994179,0.010955451
994180,0.020369945
994181,0.0062729781
994182,0.0061279298
994183,0.0085248165
994184,0.0090432558
994185,0.014834415
994186,0.0063878675
994187,0.011828613
994188,0.0066557042
994189,0.012938735
994190,0.0065178368
994191,0.013885125
994192,0.0053380798
994193,0.015077838
994194,0.014592429
994195,0.0063526826
994196,0.0099883713
994197,0.006343348
994198,0.0054973555
994199,0.0082885744
994200,0.024672829
994201,0.014112571
994202,0.0063878675
994203,0.004983746
994204,0.01470301
994205,0.0030728835
994206,0.0092048198
994207,0.012179027
994208,0.01507712
994209,0.0090411017
994210,0.0081793303
994211,0.0077916677
994212,0.0061925552
994213,0.014819336
994214,0.010253906
994215,0.0081916358
994216,0.0097577265
994217,0.0092098461
994218,0.010514562
994219,0.01647106
994220,0.0069515454
994221,0.011661305
994222,0.0094353175
994223,0.0061954274
994224,0.0066636028
994225,0.011978688
994226,0.0067361272
994227,0.012090705
994228,0.0061580883
994229,0.0072176377
994230,0.0061982996
994231,0.0059864717
994232,0.0054935841
994233,0.012194824
994234,0.012027516
994235,0.0068129594
994236,0.010368796
994237,0.006271542
994238,0.010701976
994239,0.0066535501
994240,0.0063024187
994241,0.015729118
994242,0.032301959
994243,0.0078290151
994244,0.0091595817
994245,0.006227022
994246,0.0063699163
994247,0.0011484788
994248,0.011144086
994249,0.0052473554
994250,0.012227137
994251,0.0092845242
994252,0.0089664236
994253,0.0089563709
994254,0.0026575513
994255,0.017589614
994256,0.0061501898
994257,0.0050690598
994258,0.021139706
994259,0.011971507
994260,0.0061501898
994261,0.011776913
994262,0.005426351
994263,0.0068689683
994264,0.008986529
994265,0.0062657972
994266,0.0091789691
994267,0.0092751896
994268,0.014785587
994269,0.014759019
994270,0.017520681
994271,0.011173644
994272,0.017665729
994273,0.011784812
994274,0.0092026656
994275,0.0063462202
994276,0.0066269818
994277,0.00830233
994278,0.0061954274
994279,0.0091567095
994280,0.0063139074
994281,0.0062744142
994282,0.0062600528
994283,0.018407485
994284,0.012138098
994285,0.0061430088
994286,0.0044422206
994287,0.0117446
994288,0.0061825025
994289,0.0060963351
994290,0.011877442
994291,0.0093570482
994292,0.006094899
994293,0.0061695771
994294,0.0061760396
994295,0.0090726968
994296,0.006321806
994297,0.0068467082
994298,0.026700368
994299,0.0064115636
994300,0.020642091
994301,0.0072703641
994302,0.0068136775
994303,0.0099903783
994304,0.017845962
994305,0.0063598631
994306,0.0091954852
994307,0.0066449335
994308,0.0061738854
994309,0.0023927109
994310,0.0064266431
994311,0.0059749829
994312,0.0062729781
994313,0.0066291359
994314,0.0071762982
994315,0.0061588064
994316,0.012097886
994317,0.0061480352
994318,0.0067224838
994319,0.0061444449
994320,0.011401367
994321,0.0091918949
994322,0.0070398669
994323,0.010980107
994324,0.0060317097
994325,0.0097103342
994326,0.017601103
994327,0.0063569909
994328,0.0062370747
994329,0.0063835592
994330,0.0063146255
994331,0.0092486218
994332,0.0061746035
994333,0.0090942383
994334,0.020473346
994335,0.0061911191
994336,0.0091689164
994337,0.014027175
994338,0.0061465991
994339,0.0067670038
994340,0.011891085
994341,0.0060668946
994342,0.0057236617
994343,0.008869485
994344,0.01408835
994345,0.011822151
994346,0.010049977
994347,0.0082610687
994348,0.0062736962
994349,0.0062076342
994350,0.0090619251
994351,0.0062413835
994352,0.006058278
994353,0.010352999
994354,0.016360294
994355,0.0067720301
994356,0.007481474
994357,0.010177074
994358,0.0060001151
994359,0.0076631433
994360,0.0063928938
994361,0.0092859603
994362,0.014701574
994363,0.020243566
994364,0.0097103342
994365,0.0059864717
994366,0.0089039523
994367,0.0063131894
994368,0.0058672735
994369,0.006322524
994370,0.010416188
994371,0.0061250576
994372,0.015045526
994373,0.012480298
994374,0.011346077
994375,0.01662511
994376,0.0091035729
994377,0.026434686
994378,0.039182417
994379,0.0094051585
994380,0.012137379
994381,0.01484016
994382,0.00641659
994383,0.0062729781
994384,0.038166359
994385,0.0077349492
994386,0.0086616967
994387,0.0064338236
994388,0.0063670441
994389,0.0055184118
994390,0.009280934
994391,0.0088491319
994392,0.0066090305
994393,0.020387178
994394,0.012858562
994395,0.011708697
994396,0.0062399469
994397,0.011939129
994398,0.0064812154
994399,0.0061322381
994400,0.0063103172
994401,0.0060259649
994402,0.011769732
994403,0.0064912685
994404,0.017554428
994405,0.014950023
994406,0.012206313
994407,0.005991498
994408,0.018159755
994409,0.032495949
994410,0.020762006
994411,0.010070801
994412,0.0063735065
994413,0.0061142864
994414,0.008501363
994415,0.0177282
994416,0.011952838
994417,0.0061236215
994418,0.020833813
994419,0.0070312498
994420,0.0060029873
994421,0.0063950485
994422,0.012043313
994423,0.0057767979
994424,0.009090648
994425,0.0094360355
994426,0.011625402
994427,0.0095401537
994428,0.0060568415
994429,0.0061185947
994430,0.0061264937
994431,0.015088608
994432,0.0060317097
994433,0.011055611
994434,0.0091646081
994435,0.014402143
994436,0.0080544865
994437,0.0062313303
994438,0.01198156
994439,0.0053833816
994440,0.022486787
994441,0.0092751896
994442,0.012041877
994443,0.012058393
994444,0.014460306
994445,0.0061853747
994446,0.0061157225
994447,0.009105009
994448,0.01563218
994449,0.0064129997
994450,0.015065631
994451,0.0060905907
994452,0.0063304226
994453,0.0061552161
994454,0.0063814051
994455,0.0060022692
994456,0.0066844267
994457,0.0060202205
994458,0.0064970129
994459,0.0064596739
994460,0.0090130977
994461,0.0062083523
994462,0.0061853747
994463,0.0061322381
994464,0.02066076
994465,0.0091861505
994466,0.0165799
994467,0.0064589558
994468,0.0090805953
994469,0.015085018
994470,0.01323247
994471,0.0084673716
994472,0.0072875977
994473,0.0079525216
994474,0.0088522518
994475,0.0061236215
994476,0.0065558939
994477,0.0063605811
994478,0.0063943304
994479,0.0066291359
994480,0.0079970416
994481,0.0059311809
994482,0.018411776
994483,0.0090554627
994484,0.0088536879
994485,0.0060798195
994486,0.0053939093
994487,0.017543659
994488,0.0059232824
994489,0.0063024187
994490,0.0098489197
994491,0.0065099378
994492,0.0063368855
994493,0.014649156
994494,0.0061465991
994495,0.0014127152
994496,0.0062320484
994497,0.0052734376
994498,0.0062578986
994499,0.00564649
994500,0.0063928938
994501,0.0060087317
994502,0.0079956399
994503,0.026445456
994504,0.0028340276
994505,0.0060891546
994506,0.0070513557
994507,0.0059347712
994508,0.012005975
994509,0.0099530388
994510,0.0064697266
994511,0.0090274587
994512,0.0091940491
994513,0.0060604322
994514,0.0059304629
994515,0.0089204675
994516,0.0084693935
994517,0.0059527229
994518,0.0074218749
994519,0.010049977
994520,0.006299546
994521,0.014836569
994522,0.0063411938
994523,0.0069055893
994524,0.006380687
994525,0.0090540266
994526,0.011795582
994527,0.0085743619
994528,0.018583409
994529,0.0061997357
994530,0.005786851
994531,0.0064510568
994532,0.0061027976
994533,0.0092558023
994534,0.01758028
994535,0.0062657972
994536,0.011937041
994537,0.017486213
994538,0.0059857536
994539,0.0094898893
994540,0.020356301
994541,0.0062392289
994542,0.009237132
994543,0.0091918949
994544,0.0065996954
994545,0.010861386
994546,0.0068747126
994547,0.011784093
994548,0.01214456
994549,0.011822151
994550,0.0064840876
994551,0.0093075018
994552,0.0091222422
994553,0.00613152
994554,0.0063950485
994555,0.01202249
994556,0.0065228632
994557,0.0094439341
994558,0.012337718
994559,0.0061516259
994560,0.012413114
994561,0.0063131894
994562,0.014918428
994563,0.0095897
994564,0.011818561
994565,0.0062873391
994566,0.0062614889
994567,0.0095703127
994568,0.0074793198
994569,0.0060381722
994570,0.0091818413
994571,0.0084693301
994572,0.0066966335
994573,0.011893239
994574,0.020616958
994575,0.017658548
994576,0.0066032857
994577,0.0063770968
994578,0.0088529699
994579,0.014776252
994580,0.0062069162
994581,0.011849437
994582,0.014433968
994583,0.0065487134
994584,0.024060059
994585,0.0070549459
994586,0.0092715994
994587,0.012005975
994588,0.0065623564
994589,0.0085743619
994590,0.012110811
994591,0.0052267336
994592,0.0061602425
994593,0.0061465991
994594,0.0095861098
994595,0.014494054
994596,0.0056525888
994597,0.009046128
994598,0.0062722601
994599,0.020564539
994600,0.01519201
994601,0.00869356
994602,0.0060331458
994603,0.0061178766
994604,0.0062334845
994605,0.006262925
994606,0.0067325369
994607,0.0068840478
994608,0.006921865
994609,0.01512164
994610,0.0062061981
994611,0.0064280792
994612,0.005873736
994613,0.006204044
994614,0.014578786
994615,0.017682962
994616,0.014827953
994617,0.0055253371
994618,0.012298224
994619,0.006366326
994620,0.016010033
994621,0.02089054
994622,0.0071885055
994623,0.023157457
994624,0.0091753788
994625,0.015917968
994626,0.0062191235
994627,0.018232996
994628,0.0094898893
994629,0.0073830998
994630,0.025791816
994631,0.019389074
994632,0.0061738854
994633,0.011834358
994634,0.0064589558
994635,0.0063534006
994636,0.012788661
994637,0.0052700229
994638,0.022082519
994639,0.014820772
994640,0.010757267
994641,0.011818561
994642,0.011638328
994643,0.0063498104
994644,0.0084659355
994645,0.0069637522
994646,0.0053050816
994647,0.0088493796
994648,0.0088465074
994649,0.009059771
994650,0.0266221
994651,0.0063103172
994652,0.0062327664
994653,0.0054612076
994654,0.0089039523
994655,0.0088723572
994656,0.014898323
994657,0.012082089
994658,0.0061236215
994659,0.0058790869
994660,0.0091681983
994661,0.0065286076
994662,0.010430456
994663,0.011972225
994664,0.0063699163
994665,0.0084300321
994666,0.014881807
994667,0.0061832205
994668,0.006307445
994669,0.0063763787
994670,0.013131893
994671,0.0061853747
994672,0.008157528
994673,0.0061487532
994674,0.0061150044
994675,0.0065329159
994676,0.0081341909
994677,0.0071274703
994678,0.01432894
994679,0.0057495791
994680,0.0062112249
994681,0.02657399
994682,0.0061588064
994683,0.01753217
994684,0.011256319
994685,0.0059376438
994686,0.0061358283
994687,0.011730239
994688,0.006424489
994689,0.0032359876
994690,0.01159668
994691,0.015688907
994692,0.0066822725
994693,0.0092141544
994694,0.0092263613
994695,0.0067856731
994696,0.020527201
994697,0.0094001321
994698,0.0063864314
994699,0.014832261
994700,0.0032684074
994701,0.010651712
994702,0.0092163086
994703,0.014981617
994704,0.0088766655
994705,0.0061975815
994706,0.0062614889
994707,0.0064919866
994708,0.0088709211
994709,0.0096758679
994710,0.01949653
994711,0.0071131089
994712,0.019875666
994713,0.0060467888
994714,0.0028044905
994715,0.016553452
994716,0.011758962
994717,0.0065846164
994718,0.0077837775
994719,0.0091466568
994720,0.0063390397
994721,0.0070852558
994722,0.0059706746
994723,0.013373162
994724,0.0059886258
994725,0.0059800092
994726,0.0098000923
994727,0.023260253
994728,0.0066470876
994729,0.0068014706
994730,0.0061372644
994731,0.0089858109
994732,0.012389419
994733,0.0091007007
994734,0.0060173483
994735,0.0095818015
994736,0.0063110352
994737,0.0090375114
994738,0.0063010948
994739,0.0072409236
994740,0.0018800708
994741,0.0068301931
994742,0.0061444449
994743,0.0094604176
994744,0.0092996033
994745,0.0062729781
994746,0.01159668
994747,0.006204762
994748,0.0060891546
994749,0.0091007007
994750,0.013325051
994751,0.011906882
994752,0.0061580883
994753,0.0061358283
994754,0.014726706
994755,0.0065041934
994756,0.0057433429
994757,0.0061659869
994758,0.0063512465
994759,0.012365723
994760,0.0090849036
994761,0.0062622069
994762,0.011772605
994763,0.029330062
994764,0.010871345
994765,0.0066485237
994766,0.0077457204
994767,0.0063792509
994768,0.0097196689
994769,0.012190516
994770,0.0062471279
994771,0.026258042
994772,0.0061487532
994773,0.009265855
994774,0.0061595244
994775,0.0065044262
994776,0.0082663847
994777,0.0093441233
994778,0.0083108339
994779,0.0090698246
994780,0.012201287
994781,0.01202967
994782,0.01226663
994783,0.0062298942
994784,0.026206343
994785,0.0090504363
994786,0.0062772864
994787,0.0018378721
994788,0.016160792
994789,0.012839642
994790,0.0090145338
994791,0.025823615
994792,0.0064352597
994793,0.0093469955
994794,0.0090791592
994795,0.0062564625
994796,0.0054711499
994797,0.012028952
994798,0.0055951602
994799,0.010263959
994800,0.01495864
994801,0.0091107534
994802,0.0058787628
994803,0.0090389475
994804,0.0091380402
994805,0.011947812
994806,0.0087445425
994807,0.011327407
994808,0.0091911769
994809,0.0090490002
994810,0.0060640224
994811,0.0057286862
994812,0.015992647
994813,0.0050548012
994814,0.0069996552
994815,0.0060791015
994816,0.005384888
994817,0.0095265107
994818,0.0092033837
994819,0.0060992073
994820,0.0061063878
994821,0.031588208
994822,0.0080611035
994823,0.0064043831
994824,0.0062686694
994825,0.014677878
994826,0.0059613395
994827,0.0062054801
994828,0.0091085993
994829,0.006733973
994830,0.016346768
994831,0.0091538373
994832,0.0062277401
994833,0.0088816928
994834,0.0089915553
994835,0.0064129997
994836,0.0091545554
994837,0.0061422908
994838,0.0064747529
994839,0.0018050751
994840,0.0062514362
994841,0.0068984088
994842,0.013915201
994843,0.0014865033
994844,0.0054644528
994845,0.0090992646
994846,0.0062744142
994847,0.0067153033
994848,0.0064876783
994849,0.0063828412
994850,0.0063749426
994851,0.0062191235
994852,0.0064467485
994853,0.011967199
994854,0.0092945769
994855,0.006167423
994856,0.0059283087
994857,0.0040566255
994858,0.0063095991
994859,0.0067145852
994860,0.0060712029
994861,0.0089915553
994862,0.006343348
994863,0.01808005
994864,0.006519991
994865,0.0062155332
994866,0.0061667049
994867,0.0091394763
994868,0.010979866
994869,0.01063296
994870,0.0087617766
994871,0.0064812154
994872,0.01198156
994873,0.0063900216
994874,0.014586684
994875,0.018411793
994876,0.0055908826
994877,0.0076990463
994878,0.012568934
994879,0.0066535501
994880,0.012087115
994881,0.001967791
994882,0.017647777
994883,0.035345681
994884,0.006240665
994885,0.0064094095
994886,0.0089965817
994887,0.010424179
994888,0.0088457894
994889,0.009457577
994890,0.0084156711
994891,0.010984892
994892,0.0063577089
994893,0.0070226332
994894,0.010888672
994895,0.011201747
994896,0.011924115
994897,0.008329195
994898,0.0090877758
994899,0.0090130977
994900,0.0091337319
994901,0.0095422287
994902,0.0061846566
994903,0.0062844669
994904,0.006402229
994905,0.0060072956
994906,0.0061121322
994907,0.0070578181
994908,0.0060611502
994909,0.014731732
994910,0.0091172159
994911,0.0058127008
994912,0.012408088
994913,0.013441815
994914,0.0068129594
994915,0.008884565
994916,0.0075367647
994917,0.0062751323
994918,0.015975008
994919,0.01830193
994920,0.01742805
994921,0.0061071059
994922,0.013881548
994923,0.0061322381
994924,0.0060116039
994925,0.0070886947
994926,0.0063095991
994927,0.0061659869
994928,0.009955911
994929,0.0063354494
994930,0.0089671416
994931,0.0061695771
994932,0.0088120401
994933,0.010826197
994934,0.0042440845
994935,0.0062966738
994936,0.0089736041
994937,0.0062801586
994938,0.0064474666
994939,0.010673254
994940,0.0065034754
994941,0.0087294634
994942,0.017876837
994943,0.014960076
994944,0.0063311406
994945,0.032304112
994946,0.0081980983
994947,0.0066176471
994948,0.012120864
994949,0.011733111
994950,0.0089333924
994951,0.019177889
994952,0.0058981501
994953,0.0090360753
994954,0.005523779
994955,0.0087603405
994956,0.0059211282
994957,0.0062550264
994958,0.006108542
994959,0.011462403
994960,0.017555147
994961,0.0062894933
994962,0.009003045
994963,0.0099200085
994964,0.017630544
994965,0.0062787225
994966,0.0092565203
994967,0.02348561
994968,0.0063232421
994969,0.02776956
994970,0.0059685204
994971,0.0090274587
994972,0.0063921758
994973,0.0069917566
994974,0.0064051012
994975,0.0056978115
994976,0.0063641719
994977,0.011260072
994978,0.0065242993
994979,0.0079015391
994980,0.012991154
994981,0.0062973918
994982,0.0054674535
994983,0.011960736
994984,0.0061982996
994985,0.006534352
994986,0.017849552
994987,0.029418945
994988,0.0070673437
994989,0.0081571694
994990,0.0063627353
994991,0.022966452
994992,0.0065637925
994993,0.0092558023
994994,0.014718807
994995,0.0063038548
994996,0.0051852376
994997,0.0067792106
994998,0.0081377812
994999,0.013142664
995000,0.012425322
995001,0.006300264
995002,0.009721823
995003,0.0030876466
995004,0.009104291
995005,0.00599078
995006,0.0089319563
995007,0.0089039523
995008,0.0063189338
995009,0.0065278895
995010,0.0089613972
995011,0.0087883445
995012,0.0089175953
995013,0.0060202205
995014,0.0060855639
995015,0.0073737651
995016,0.0058299345
995017,0.0063024187
995018,0.0064058192
995019,0.0062392289
995020,0.011847283
995021,0.012102194
995022,0.014826517
995023,0.0060001151
995024,0.0065953871
995025,0.0068373736
995026,0.0053423196
995027,0.012522978
995028,0.014866728
995029,0.024024874
995030,0.0069896025
995031,0.0090640802
995032,0.013061523
995033,0.0088974899
995034,0.011623966
995035,0.0098862592
995036,0.0059168199
995037,0.0088723572
995038,0.0063627353
995039,0.0056274412
995040,0.0090375114
995041,0.010043515
995042,0.01495864
995043,0.0070700254
995044,0.013350184
995045,0.0064072553
995046,0.010348972
995047,0.0061925552
995048,0.011712288
995049,0.011475327
995050,0.0061753215
995051,0.006425207
995052,0.0091143437
995053,0.0062421015
995054,0.0077730068
995055,0.0075058881
995056,0.0080406498
995057,0.0090087894
995058,0.0062421015
995059,0.0060317097
995060,0.0069868863
995061,0.01048225
995062,0.0056310319
995063,0.023575367
995064,0.0092041017
995065,0.0096665323
995066,0.006520709
995067,0.0061925552
995068,0.0052154087
995069,0.01210004
995070,0.0062844669
995071,0.0060805376
995072,0.011810662
995073,0.014453125
995074,0.012559599
995075,0.0063936124
995076,0.008458755
995077,0.0067052506
995078,0.0038349768
995079,0.014636949
995080,0.0064338236
995081,0.027555101
995082,0.0088536879
995083,0.008363896
995084,0.0087323356
995085,0.0080955783
995086,0.0060417624
995087,0.0064453124
995088,0.0091969213
995089,0.011583037
995090,0.0088134762
995091,0.0061336742
995092,0.011664895
995093,0.020852482
995094,0.016554423
995095,0.0063648899
995096,0.016834931
995097,0.0089305202
995098,0.0071461396
995099,0.0091868686
995100,0.0091452207
995101,0.0092486218
995102,0.0062054801
995103,0.0068021887
995104,0.017639879
995105,0.0018845205
995106,0.0075891833
995107,0.017231302
995108,0.0060654585
995109,0.0065645105
995110,0.012127327
995111,0.012431785
995112,0.014751839
995113,0.0088974899
995114,0.006299546
995115,0.0061990176
995116,0.03147978
995117,0.0062248679
995118,0.038924631
995119,0.0095825195
995120,0.0063878675
995121,0.0061379825
995122,0.006519991
995123,0.0062385108
995124,0.0062981099
995125,0.0089412909
995126,0.020553768
995127,0.02313376
995128,0.025376607
995129,0.0077141258
995130,0.0068359375
995131,0.0062155332
995132,0.0019995228
995133,0.0016554227
995134,0.0062930835
995135,0.010924458
995136,0.011997358
995137,0.012534467
995138,0.0065142461
995139,0.016797926
995140,0.0060245288
995141,0.015339212
995142,0.011675666
995143,0.018947467
995144,0.0063763787
995145,0.006300264
995146,0.0060259649
995147,0.015135283
995148,0.0090353573
995149,0.027903862
995150,0.018177705
995151,0.011740512
995152,0.0062464098
995153,0.0064453124
995154,0.01462546
995155,0.016224518
995156,0.025129251
995157,0.0016406127
995158,0.009281652
995159,0.0060554054
995160,0.0091552734
995161,0.012028952
995162,0.017637005
995163,0.0091825593
995164,0.0060970532
995165,0.011822869
995166,0.0064309514
995167,0.01183364
995168,0.012087115
995169,0.0083007813
995170,0.0091258334
995171,0.0090051992
995172,0.0084031457
995173,0.012278119
995174,0.008928366
995175,0.0064273612
995176,0.009501379
995177,0.0078936405
995178,0.0062327664
995179,0.0091545554
995180,0.015097943
995181,0.0063964846
995182,0.0020001356
995183,0.0063828412
995184,0.0060546873
995185,0.0060410444
995186,0.0064553656
995187,0.014981617
995188,0.0064366958
995189,0.0071698357
995190,0.0060317097
995191,0.0063318587
995192,0.01458094
995193,0.002027076
995194,0.012119428
995195,0.014803539
995196,0.0066176471
995197,0.016704248
995198,0.0063110352
995199,0.0079523241
995200,0.0061544981
995201,0.0056418027
995202,0.0065070656
995203,0.0063770968
995204,0.014789177
995205,0.023770681
995206,0.015096507
995207,0.018905101
995208,0.015208525
995209,0.010241699
995210,0.0063749426
995211,0.0066729379
995212,0.0062643611
995213,0.028118938
995214,0.012031106
995215,0.0084860409
995216,0.013131893
995217,0.015062041
995218,0.0063694622
995219,0.0096162688
995220,0.0058119828
995221,0.008928366
995222,0.0063139074
995223,0.0091502471
995224,0.012012437
995225,0.012179027
995226,0.005977137
995227,0.009310375
995228,0.011367872
995229,0.008003898
995230,0.0060819737
995231,0.016832072
995232,0.0060094497
995233,0.013227396
995234,0.0064223344
995235,0.012179526
995236,0.0059713926
995237,0.013915298
995238,0.012169692
995239,0.0055667837
995240,0.011663459
995241,0.0090095075
995242,0.0093333526
995243,0.0062298942
995244,0.0069048712
995245,0.0062930835
995246,0.0062385108
995247,0.010868068
995248,0.00613152
995249,0.020364201
995250,0.0087050498
995251,0.0063246782
995252,0.015543141
995253,0.0035818275
995254,0.014924173
995255,0.012159639
995256,0.0088371728
995257,0.0090195602
995258,0.011685719
995259,0.022278484
995260,0.009003045
995261,0.006168141
995262,0.0091617359
995263,0.0080799069
995264,0.0058733849
995265,0.012143842
995266,0.0093003213
995267,0.0051988848
995268,0.0061415727
995269,0.0088285562
995270,0.005977137
995271,0.0063691982
995272,0.02064568
995273,0.0062571806
995274,0.0085370233
995275,0.0092256432
995276,0.0061465991
995277,0.015171186
995278,0.012180463
995279,0.026585478
995280,0.0087883445
995281,0.0015264337
995282,0.0092105642
995283,0.013442095
995284,0.020396514
995285,0.01472886
995286,0.010504509
995287,0.012842515
995288,0.011753217
995289,0.013446836
995290,0.0073694563
995291,0.0011630893
995292,0.014333927
995293,0.0096392464
995294,0.022497119
995295,0.0088737933
995296,0.0060597141
995297,0.01484375
995298,0.0066348803
995299,0.017616183
995300,0.014619716
995301,0.0061236215
995302,0.0091559915
995303,0.0060259649
995304,0.0060819737
995305,0.0061889649
995306,0.01191119
995307,0.0058859433
995308,0.0060044234
995309,0.0060625863
995310,0.0066327262
995311,0.0089326743
995312,0.012345617
995313,0.0061300839
995314,0.022287168
995315,0.0097541362
995316,0.010462143
995317,0.0062808767
995318,0.0064051012
995319,0.010480814
995320,0.014820054
995321,0.011053308
995322,0.0064568017
995323,0.0062801586
995324,0.0062657972
995325,0.008517636
995326,0.02240815
995327,0.0090647982
995328,0.0086188819
995329,0.014815028
995330,0.017480435
995331,0.0072538489
995332,0.014974437
995333,0.0088931816
995334,0.0088938996
995335,0.0061473171
995336,0.0088486616
995337,0.0062844669
995338,0.009838149
995339,0.0063146255
995340,0.023783183
995341,0.0064927046
995342,0.0065602022
995343,0.0092924228
995344,0.009237132
995345,0.016608786
995346,0.0077967024
995347,0.0059060492
995348,0.0055635339
995349,0.0060597141
995350,0.0091832774
995351,0.0062693874
995352,0.0063763787
995353,0.006285903
995354,0.0063268323
995355,0.011979406
995356,0.0061710132
995357,0.0061063878
995358,0.0049698544
995359,0.0062844669
995360,0.014996697
995361,0.0089506265
995362,0.010316378
995363,0.0091545554
995364,0.0058608111
995365,0.03315717
995366,0.0061982996
995367,0.0089965817
995368,0.0060798195
995369,0.0063124713
995370,0.0095143039
995371,0.015126666
995372,0.0096593518
995373,0.0094475243
995374,0.0061846566
995375,0.0061695771
995376,0.0062205596
995377,0.0061868108
995378,0.0089175953
995379,0.0061078239
995380,0.0091552734
995381,0.020703126
995382,0.0061300839
995383,0.0071324967
995384,0.011671358
995385,0.0061559342
995386,0.0058945599
995387,0.014602481
995388,0.0065041934
995389,0.0084784459
995390,0.0064338236
995391,0.0097469557
995392,0.0060159122
995393,0.010139734
995394,0.0093635106
995395,0.0064187441
995396,0.0063203699
995397,0.0061839386
995398,0.014579504
995399,0.0061465991
995400,0.023292452
995401,0.010584932
995402,0.0060654585
995403,0.0093003213
995404,0.0067002242
995405,0.0060625863
995406,0.0079325372
995407,0.0085197901
995408,0.0089951456
995409,0.0081004426
995410,0.0060094497
995411,0.0081966622
995412,0.0059103575
995413,0.0060367361
995414,0.011775477
995415,0.0064481846
995416,0.011719468
995417,0.0079963235
995418,0.0061544981
995419,0.015028291
995420,0.014771226
995421,0.0086062774
995422,0.0089527806
995423,0.0089039523
995424,0.0061588064
995425,0.007754337
995426,0.0061214673
995427,0.0086677102
995428,0.011534926
995429,0.0061501898
995430,0.0095437439
995431,0.0092184627
995432,0.015093635
995433,0.012021772
995434,0.0059512868
995435,0.0061408547
995436,0.0060668946
995437,0.0059792912
995438,0.005991498
995439,0.0064259251
995440,0.0064467485
995441,0.006285185
995442,0.0065659466
995443,0.0066320081
995444,0.012245807
995445,0.012055521
995446,0.020423081
995447,0.0089570889
995448,0.0087007415
995449,0.0092629828
995450,0.014756865
995451,0.0066636028
995452,0.0065838983
995453,0.013888431
995454,0.0061264937
995455,0.0067605413
995456,0.0063943304
995457,0.0022568994
995458,0.0060734604
995459,0.017807905
995460,0.0035725462
995461,0.0088608684
995462,0.0065293256
995463,0.023427447
995464,0.01451057
995465,0.0073112939
995466,0.014590993
995467,0.0061365464
995468,0.0064359778
995469,0.0092041017
995470,0.024551213
995471,0.0062435376
995472,0.0061825025
995473,0.0068323473
995474,0.012328384
995475,0.0062938016
995476,0.0064402861
995477,0.0087646488
995478,0.024732167
995479,0.0015073684
995480,0.014993107
995481,0.0049095345
995482,0.001813449
995483,0.0089915553
995484,0.0093276082
995485,0.026293945
995486,0.0096406825
995487,0.0091093173
995488,0.019687636
995489,0.0085628731
995490,0.0062880572
995491,0.011963609
995492,0.015252327
995493,0.026740579
995494,0.006498449
995495,0.0067210477
995496,0.021961169
995497,0.012293916
995498,0.0060144761
995499,0.011660587
995500,0.0099106729
995501,0.0061071059
995502,0.0090877758
995503,0.0071389591
995504,0.007151884
995505,0.0098130172
995506,0.015971823
995507,0.018134622
995508,0.006226304
995509,0.0063670441
995510,0.0060180663
995511,0.0079367245
995512,0.0062090703
995513,0.0091459388
995514,0.0089958636
995515,0.0060898727
995516,0.0064718807
995517,0.023061236
995518,0.0090490002
995519,0.0064122817
995520,0.006050379
995521,0.019029938
995522,0.0093958238
995523,0.0061875288
995524,0.0060654585
995525,0.0032110226
995526,0.0063376036
995527,0.0092945769
995528,0.014717371
995529,0.007826861
995530,0.006307445
995531,0.0063189338
995532,0.012160357
995533,0.0053245118
995534,0.0088816928
995535,0.0053720651
995536,0.015633617
995537,0.0087567493
995538,0.0070054
995539,0.0063735065
995540,0.016391888
995541,0.0060824938
995542,0.012089922
995543,0.026340619
995544,0.021024281
995545,0.0083406465
995546,0.0062083523
995547,0.012826717
995548,0.012234317
995549,0.0067720301
995550,0.0098462105
995551,0.0054365015
995552,0.010622726
995553,0.0079388786
995554,0.0061954274
995555,0.037227135
995556,0.005859375
995557,0.0059857536
995558,0.0091071632
995559,0.012260389
995560,0.014727424
995561,0.0079360064
995562,0.0062873391
995563,0.0065975413
995564,0.010893112
995565,0.0093706921
995566,0.0061925552
995567,0.009075569
995568,0.008884565
995569,0.012264476
995570,0.017620074
995571,0.0060431985
995572,0.0072847256
995573,0.0072143553
995574,0.009339097
995575,0.009177533
995576,0.0065185549
995577,0.006307445
995578,0.0062981099
995579,0.0092055378
995580,0.012253705
995581,0.0056561558
995582,0.012155331
995583,0.0062772864
995584,0.038798254
995585,0.0064065373
995586,0.005895278
995587,0.01290714
995588,0.0066406252
995589,0.0066980696
995590,0.011952838
995591,0.013041418
995592,0.008121266
995593,0.031881895
995594,0.0060618683
995595,0.009076287
995596,0.0060956171
995597,0.0061580883
995598,0.0064302334
995599,0.0061746035
995600,0.020479091
995601,0.0062054801
995602,0.011818561
995603,0.0092026656
995604,0.0061997357
995605,0.0059943702
995606,0.0088371728
995607,0.011580883
995608,0.0087840362
995609,0.0091452207
995610,0.0061710132
995611,0.0096424762
995612,0.017018756
995613,0.006285185
995614,0.0060453527
995615,0.0071849148
995616,0.0061846566
995617,0.0063878675
995618,0.012041159
995619,0.0075884652
995620,0.0093412511
995621,0.011776195
995622,0.013156308
995623,0.0093290443
995624,0.011997358
995625,0.01240378
995626,0.0055891089
995627,0.0063038548
995628,0.017687988
995629,0.0091416305
995630,0.0067720301
995631,0.0061839386
995632,0.012443991
995633,0.0092256432
995634,0.0063627353
995635,0.012028952
995636,0.0063742246
995637,0.014527085
995638,0.0066442154
995639,0.0098941624
995640,0.0065307617
995641,0.01439209
995642,0.0082601504
995643,0.0061494717
995644,0.0060905907
995645,0.0061616786
995646,0.0062665152
995647,0.011638328
995648,0.0090877758
995649,0.006071921
995650,0.0060238107
995651,0.0063720704
995652,0.0060554054
995653,0.012897307
995654,0.0080757532
995655,0.0065652286
995656,0.011744132
995657,0.013667567
995658,0.0089341104
995659,0.013074997
995660,0.0091911769
995661,0.0063842773
995662,0.0093060657
995663,0.014323156
995664,0.0089384187
995665,0.029170496
995666,0.0088730752
995667,0.010886265
995668,0.0092601106
995669,0.011368036
995670,0.0026646852
995671,0.0063232421
995672,0.0059591853
995673,0.017704504
995674,0.017645624
995675,0.026414579
995676,0.0087136663
995677,0.0060302736
995678,0.0085426224
995679,0.0061997357
995680,0.0087761376
995681,0.0062794406
995682,0.0059936522
995683,0.017775591
995684,0.0090332031
995685,0.0060453527
995686,0.011216928
995687,0.0063095991
995688,0.0062622069
995689,0.0086224722
995690,0.015207089
995691,0.006365608
995692,0.0061071059
995693,0.0018309782
995694,0.011963609
995695,0.0090669524
995696,0.0058199312
995697,0.00610926
995698,0.0061602425
995699,0.011818561
995700,0.0065142461
995701,0.015929457
995702,0.004978158
995703,0.0120706
995704,0.0071389591
995705,0.0089707319
995706,0.0060676127
995707,0.0093017574
995708,0.0064934227
995709,0.0087711113
995710,0.0091789691
995711,0.0059196921
995712,0.0061330884
995713,0.0066233915
995714,0.022281423
995715,0.0075066062
995716,0.01157083
995717,0.010231647
995718,0.011894675
995719,0.0060080136
995720,0.0057333349
995721,0.0021206124
995722,0.0061049517
995723,0.0055820537
995724,0.0074987076
995725,0.0098460475
995726,0.010814155
995727,0.0092328237
995728,0.020082721
995729,0.027775947
995730,0.0063268323
995731,0.0057688993
995732,0.006299546
995733,0.0095896311
995734,0.0083945934
995735,0.01148897
995736,0.0077076633
995737,0.0058572209
995738,0.011551442
995739,0.015254965
995740,0.0058147674
995741,0.0062421015
995742,0.0017725952
995743,0.0058558653
995744,0.038694851
995745,0.0061616786
995746,0.0072165094
995747,0.0063749426
995748,0.0090425378
995749,0.0065487134
995750,0.012917948
995751,0.012102912
995752,0.009397978
995753,0.0063383216
995754,0.010344182
995755,0.020476935
995756,0.0062650791
995757,0.015945055
995758,0.0062054801
995759,0.0060403263
995760,0.0061372644
995761,0.0089003621
995762,0.010821397
995763,0.0063893036
995764,0.0090949563
995765,0.001748047
995766,0.0064072553
995767,0.0052657374
995768,0.0062708235
995769,0.015085018
995770,0.010579905
995771,0.00097567547
995772,0.0067232018
995773,0.009017406
995774,0.0088838469
995775,0.011676535
995776,0.006271542
995777,0.0059591853
995778,0.0091064451
995779,0.036016572
995780,0.0088874372
995781,0.0094101848
995782,0.0060841278
995783,0.010744947
995784,0.01489186
995785,0.013935835
995786,0.0060202205
995787,0.0090518724
995788,0.0090805953
995789,0.006570973
995790,0.0068510165
995791,0.0062686694
995792,0.012075626
995793,0.017027372
995794,0.0093656648
995795,0.0059074853
995796,0.006425207
995797,0.008796961
995798,0.017410817
995799,0.0068818936
995800,0.0054785297
995801,0.0063770968
995802,0.011466711
995803,0.0063332953
995804,0.0096945371
995805,0.0092321057
995806,0.012105784
995807,0.0060094497
995808,0.0090813134
995809,0.0080710016
995810,0.0062844669
995811,0.024626609
995812,0.0056532915
995813,0.012089269
995814,0.031641886
995815,0.0061580883
995816,0.015250172
995817,0.006497731
995818,0.006094899
995819,0.0062219957
995820,0.017959416
995821,0.0094222762
995822,0.006153062
995823,0.0067088408
995824,0.011467429
995825,0.0059879078
995826,0.0063670441
995827,0.0098632816
995828,0.0063555548
995829,0.01559915
995830,0.0078200884
995831,0.0062571806
995832,0.006519991
995833,0.0092715994
995834,0.0060202205
995835,0.0080347834
995836,0.0092286495
995837,0.0083912564
995838,0.011569394
995839,0.011594526
995840,0.0058155735
995841,0.0062981099
995842,0.011462403
995843,0.0064804973
995844,0.0074247471
995845,0.0090992646
995846,0.0089384187
995847,0.012112965
995848,0.017589614
995849,0.011592371
995850,0.0065946691
995851,0.0061106961
995852,0.0066327262
995853,0.0061286478
995854,0.0065645105
995855,0.009280934
995856,0.0060977712
995857,0.011291504
995858,0.012155331
995859,0.012270939
995860,0.0061516259
995861,0.0060633044
995862,0.0069694966
995863,0.0062363567
995864,0.0090130977
995865,0.0064223344
995866,0.011780503
995867,0.013406911
995868,0.0061135683
995869,0.0092033837
995870,0.0090533085
995871,0.0089534987
995872,0.012040259
995873,0.0061774757
995874,0.0060546873
995875,0.0066312901
995876,0.009736903
995877,0.0093362248
995878,0.0059283087
995879,0.0063447841
995880,0.011971507
995881,0.01238511
995882,0.0060546873
995883,0.0061559342
995884,0.012319049
995885,0.026135972
995886,0.011354693
995887,0.011040183
995888,0.0074629639
995889,0.016498089
995890,0.0059555951
995891,0.0080896718
995892,0.0059735468
995893,0.0061738854
995894,0.0070312498
995895,0.0062959557
995896,0.0091725066
995897,0.014046958
995898,0.0063246782
995899,0.027001236
995900,0.023644302
995901,0.014456715
995902,0.021477195
995903,0.0069127702
995904,0.0091222422
995905,0.023704618
995906,0.0064460305
995907,0.019444006
995908,0.0062643611
995909,0.0090992646
995910,0.0067648496
995911,0.0092622647
995912,0.0072926241
995913,0.0065027573
995914,0.0061990176
995915,0.0060008331
995916,0.012132353
995917,0.0091710705
995918,0.0065221451
995919,0.0064589558
995920,0.0063182157
995921,0.0060575595
995922,0.010246726
995923,0.0061932732
995924,0.0069055893
995925,0.0088615865
995926,0.015111587
995927,0.0065422505
995928,0.014753275
995929,0.0052649705
995930,0.0094353175
995931,0.0057125115
995932,0.0074340822
995933,0.0093405331
995934,0.0090992646
995935,0.010734289
995936,0.0062069162
995937,0.0061286478
995938,0.0060044234
995939,0.0091732247
995940,0.0062780045
995941,0.013617302
995942,0.0094518326
995943,0.0063419119
995944,0.010240263
995945,0.014932072
995946,0.011971507
995947,0.01183364
995948,0.0064216163
995949,0.0089204675
995950,0.0061516259
995951,0.011978688
995952,0.011708697
995953,0.0062112249
995954,0.0089233397
995955,0.01399572
995956,0.0082474472
995957,0.0058220359
995958,0.0063763787
995959,0.0081844553
995960,0.0062377928
995961,0.0063376036
995962,0.0064941407
995963,0.020001842
995964,0.0089534987
995965,0.0060396083
995966,0.0092859603
995967,0.016461106
995968,0.0090533085
995969,0.0062643611
995970,0.006227022
995971,0.0064338236
995972,0.00098977762
995973,0.023782169
995974,0.015257353
995975,0.0062894933
995976,0.0059879078
995977,0.012507181
995978,0.0062219957
995979,0.015879912
995980,0.0062191235
995981,0.0019481824
995982,0.0055454108
995983,0.0065523037
995984,0.0089377007
995985,0.023128733
995986,0.010977712
995987,0.012064137
995988,0.0074190027
995989,0.0063282684
995990,0.0062076342
995991,0.01488468
995992,0.020674402
995993,0.0063368855
995994,0.012572524
995995,0.013406193
995996,0.0063476563
995997,0.0059555951
995998,0.0060963351
995999,0.0060683307
996000,0.0090849036
996001,0.0092967311
996002,0.0092069739
996003,0.0061939913
996004,0.013477281
996005,0.0064848056
996006,0.0060589961
996007,0.012053366
996008,0.0066880169
996009,0.0062650791
996010,0.012076344
996011,0.0064237705
996012,0.016204474
996013,0.012319049
996014,0.0088924635
996015,0.011868106
996016,0.010205796
996017,0.0091129076
996018,0.011902574
996019,0.0060044234
996020,0.0062708235
996021,0.014960794
996022,0.0067131491
996023,0.0020116237
996024,0.0051990217
996025,0.011994486
996026,0.038786765
996027,0.0089470362
996028,0.017284438
996029,0.0058909697
996030,0.015390912
996031,0.022917081
996032,0.009237132
996033,0.017123941
996034,0.0065759993
996035,0.002850479
996036,0.014127086
996037,0.0054479265
996038,0.0061509078
996039,0.0066018496
996040,0.0068345014
996041,0.012129481
996042,0.0061659869
996043,0.009324736
996044,0.0057846969
996045,0.0064496207
996046,0.0066700657
996047,0.0064338236
996048,0.02403708
996049,0.012281709
996050,0.0062614889
996051,0.0089901192
996052,0.0061465991
996053,0.017763386
996054,0.0098410212
996055,0.0061832205
996056,0.0063670441
996057,0.0081571694
996058,0.011923397
996059,0.0072761085
996060,0.0062744142
996061,0.0075089317
996062,0.014456715
996063,0.0063577089
996064,0.0076451921
996065,0.014477539
996066,0.014919146
996067,0.0060812556
996068,0.0070441752
996069,0.016058709
996070,0.006211943
996071,0.0059570312
996072,0.011628275
996073,0.0063124713
996074,0.02508183
996075,0.0065982593
996076,0.0061659869
996077,0.0089779124
996078,0.0083484557
996079,0.0067325369
996080,0.0073996149
996081,0.026145307
996082,0.0061106961
996083,0.016906623
996084,0.0090820314
996085,0.0062966738
996086,0.0036326766
996087,0.026465561
996088,0.0099078007
996089,0.0060546873
996090,0.012526568
996091,0.0080368966
996092,0.0075446633
996093,0.0064546475
996094,0.012221392
996095,0.0054790438
996096,0.0064568017
996097,0.014901195
996098,0.0095877424
996099,0.0090784412
996100,0.0069745234
996101,0.0077607995
996102,0.012013155
996103,0.0089958636
996104,0.0092270793
996105,0.014367408
996106,0.0067583867
996107,0.011817843
996108,0.01160386
996109,0.0062133791
996110,0.0062514362
996111,0.011730239
996112,0.0060791015
996113,0.017945772
996114,0.0066198013
996115,0.015097225
996116,0.014527803
996117,0.009076287
996118,0.0084459316
996119,0.0069759595
996120,0.011925551
996121,0.00601304
996122,0.0063297045
996123,0.0088199396
996124,0.0062478459
996125,0.0064338236
996126,0.0063419119
996127,0.0061401366
996128,0.014131865
996129,0.020582492
996130,0.0082810437
996131,0.017733226
996132,0.0092945769
996133,0.0205868
996134,0.0092996033
996135,0.0070764879
996136,0.0095272288
996137,0.0049874494
996138,0.0060202205
996139,0.0099099549
996140,0.015085018
996141,0.0087352078
996142,0.0061178766
996143,0.0089836568
996144,0.0088745113
996145,0.0062729781
996146,0.0066054398
996147,0.011685001
996148,0.0057157627
996149,0.014441636
996150,0.0097096162
996151,0.0062313303
996152,0.001956322
996153,0.010355153
996154,0.013776108
996155,0.0062887752
996156,0.0061868108
996157,0.0060898727
996158,0.0087926527
996159,0.0093096569
996160,0.012023926
996161,0.011717314
996162,0.0091222422
996163,0.01060432
996164,0.0078986669
996165,0.0090805953
996166,0.0063541187
996167,0.009869026
996168,0.0092026656
996169,0.014988081
996170,0.01411061
996171,0.012111529
996172,0.0060353
996173,0.0066966335
996174,0.0063261143
996175,0.012261604
996176,0.0053767804
996177,0.0061006434
996178,0.012792969
996179,0.011214672
996180,0.011446605
996181,0.009193331
996182,0.0059007281
996183,0.020932904
996184,0.0069106156
996185,0.016545143
996186,0.014905503
996187,0.0060187844
996188,0.0088414811
996189,0.012063419
996190,0.01106316
996191,0.0090798773
996192,0.012168256
996193,0.011750345
996194,0.0072789812
996195,0.0070441752
996196,0.0091373222
996197,0.032373048
996198,0.0090647982
996199,0.0097921928
996200,0.0061114142
996201,0.0054235402
996202,0.0083180144
996203,0.0062140971
996204,0.0063088811
996205,0.011047363
996206,0.005940516
996207,0.0062571806
996208,0.0063677621
996209,0.0079972073
996210,0.0060625863
996211,0.014684341
996212,0.0064295153
996213,0.017838782
996214,0.0097175147
996215,0.0078304512
996216,0.0063447841
996217,0.0060087317
996218,0.0052185347
996219,0.0064560836
996220,0.0053919572
996221,0.0060812556
996222,0.0066542681
996223,0.011916216
996224,0.017980238
996225,0.0081614777
996226,0.0060704849
996227,0.020806525
996228,0.03606724
996229,0.0061236215
996230,0.0062571806
996231,0.015208525
996232,0.023655791
996233,0.0089937095
996234,0.0061465991
996235,0.0092601106
996236,0.015165441
996237,0.0063304226
996238,0.0088005513
996239,0.0064546475
996240,0.026390165
996241,0.0063354494
996242,0.0060561234
996243,0.0063210879
996244,0.0083388388
996245,0.0062004537
996246,0.014867446
996247,0.0063577089
996248,0.011979406
996249,0.0060546873
996250,0.0060367361
996251,0.017425308
996252,0.022139246
996253,0.0095868278
996254,0.006556612
996255,0.0062701055
996256,0.0060898727
996257,0.01237793
996258,0.012554573
996259,0.014840878
996260,0.011351103
996261,0.0094396258
996262,0.013429889
996263,0.0064711627
996264,0.012272375
996265,0.017980238
996266,0.0061738854
996267,0.0042030667
996268,0.017589614
996269,0.0054565002
996270,0.0063275504
996271,0.0087747015
996272,0.0064632641
996273,0.01302562
996274,0.0063246782
996275,0.011989458
996276,0.010957606
996277,0.0085621551
996278,0.0061480352
996279,0.0056436742
996280,0.0074692671
996281,0.0061695771
996282,0.0051987418
996283,0.0092967311
996284,0.0092981672
996285,0.0065171188
996286,0.006402229
996287,0.0093161194
996288,0.0079661654
996289,0.0013445091
996290,0.0066061579
996291,0.016768692
996292,0.014970128
996293,0.0062528723
996294,0.0086361151
996295,0.0090633612
996296,0.0062478459
996297,0.0075877472
996298,0.010650994
996299,0.012098604
996300,0.0062219957
996301,0.0063785329
996302,0.0065106559
996303,0.0061250576
996304,0.023701746
996305,0.0063174977
996306,0.0060633044
996307,0.0063347314
996308,0.0060209385
996309,0.007034122
996310,0.015609094
996311,0.0058622472
996312,0.031767003
996313,0.0063713524
996314,0.006263643
996315,0.0015738868
996316,0.0080193011
996317,0.0055229589
996318,0.020651424
996319,0.0070736157
996320,0.0065113739
996321,0.01170435
996322,0.011914062
996323,0.011788402
996324,0.00655733
996325,0.0066119027
996326,0.0088895913
996327,0.0019946815
996328,0.0061961454
996329,0.008252671
996330,0.010209386
996331,0.0071044923
996332,0.023721134
996333,0.0061825025
996334,0.0061207493
996335,0.01198156
996336,0.009149529
996337,0.016620319
996338,0.0094927624
996339,0.0082844384
996340,0.0065903608
996341,0.0061918371
996342,0.010305607
996343,0.011827177
996344,0.0064855241
996345,0.0062097884
996346,0.006425207
996347,0.014728142
996348,0.009692383
996349,0.017886892
996350,0.0062535903
996351,0.0059613395
996352,0.0063189338
996353,0.0081966622
996354,0.0043128831
996355,0.0089384187
996356,0.01063017
996357,0.0096751498
996358,0.0063368855
996359,0.0066600125
996360,0.007444853
996361,0.020284496
996362,0.012375776
996363,0.020417336
996364,0.020728257
996365,0.0054851891
996366,0.0064804973
996367,0.0055445558
996368,0.0089369826
996369,0.0053300937
996370,0.0060044234
996371,0.008299225
996372,0.0063139074
996373,0.0062155332
996374,0.0081931921
996375,0.0063246782
996376,0.0081496444
996377,0.0063253962
996378,0.0094848629
996379,0.0061480352
996380,0.029222915
996381,0.0058529126
996382,0.0068395277
996383,0.011328843
996384,0.0062069162
996385,0.0071080825
996386,0.0090863397
996387,0.0061961454
996388,0.0061300839
996389,0.0081564514
996390,0.024010926
996391,0.009501379
996392,0.0091021368
996393,0.01733542
996394,0.012306842
996395,0.0061027976
996396,0.012402344
996397,0.0096404981
996398,0.0061939913
996399,0.033170812
996400,0.020002298
996401,0.0059218463
996402,0.0062385108
996403,0.0062191235
996404,0.0062205596
996405,0.0062385108
996406,0.0084554395
996407,0.0059254365
996408,0.011259191
996409,0.0092629828
996410,0.008825684
996411,0.0062902113
996412,0.0033628447
996413,0.0061932732
996414,0.0090324851
996415,0.0089664236
996416,0.0091883047
996417,0.014402918
996418,0.012039723
996419,0.0090389475
996420,0.011196001
996421,0.0060927449
996422,0.0061063878
996423,0.0063340133
996424,0.0063914577
996425,0.012706083
996426,0.0078699449
996427,0.0060072956
996428,0.0061006434
996429,0.019112621
996430,0.013556625
996431,0.0064345417
996432,0.011840102
996433,0.027825825
996434,0.010779527
996435,0.012212776
996436,0.010041361
996437,0.0092306696
996438,0.021254595
996439,0.0062514362
996440,0.012203441
996441,0.0071044923
996442,0.006108542
996443,0.017675782
996444,0.0063304226
996445,0.0061695771
996446,0.0063555548
996447,0.0060690488
996448,0.010988482
996449,0.016092457
996450,0.0066255457
996451,0.0065946691
996452,0.006285185
996453,0.010971967
996454,0.0093240179
996455,0.0093477136
996456,0.0075525618
996457,0.015131692
996458,0.0094805546
996459,0.001949424
996460,0.0061839386
996461,0.0061236215
996462,0.0052207001
996463,0.0089944275
996464,0.014639103
996465,0.006424489
996466,0.0066226735
996467,0.011172946
996468,0.0061135683
996469,0.0063519645
996470,0.0087732654
996471,0.0064237705
996472,0.0052531385
996473,0.0092177447
996474,0.0091681983
996475,0.014843659
996476,0.0083790496
996477,0.0060324278
996478,0.008189992
996479,0.006285903
996480,0.0060977712
996481,0.0065487134
996482,0.017661421
996483,0.0060661766
996484,0.0061839386
996485,0.019930348
996486,0.017963005
996487,0.0091150617
996488,0.014247759
996489,0.0062736962
996490,0.0063232421
996491,0.023784323
996492,0.017830165
996493,0.0060317097
996494,0.010975372
996495,0.013428543
996496,0.0072380514
996497,0.011471737
996498,0.0059196921
996499,0.0070326859
996500,0.0093218638
996501,0.018451286
996502,0.014889706
996503,0.015062041
996504,0.0093912752
996505,0.0063189338
996506,0.0061473171
996507,0.0060532512
996508,0.0092586745
996509,0.0089082606
996510,0.0082045607
996511,0.0062578986
996512,0.0061939913
996513,0.005918256
996514,0.0060546873
996515,0.0063957665
996516,0.0078914864
996517,0.0072114831
996518,0.0063634538
996519,0.0090612071
996520,0.01493638
996521,0.023349179
996522,0.0062342025
996523,0.0090963924
996524,0.0092881145
996525,0.014338235
996526,0.0064108456
996527,0.015203498
996528,0.006380687
996529,0.012706801
996530,0.020475499
996531,0.011883186
996532,0.0059692385
996533,0.0062399469
996534,0.0091502471
996535,0.0060676127
996536,0.0067275101
996537,0.0082454886
996538,0.0057961857
996539,0.0071942499
996540,0.0094338814
996541,0.01188534
996542,0.005149988
996543,0.0060546873
996544,0.0090662343
996545,0.0060595251
996546,0.0087919347
996547,0.0060381722
996548,0.0059103575
996549,0.0091696344
996550,0.01753935
996551,0.0084393667
996552,0.018037684
996553,0.009780704
996554,0.0062952377
996555,0.014970128
996556,0.012065574
996557,0.0087445425
996558,0.01157801
996559,0.0064912685
996560,0.0061035156
996561,0.0091452207
996562,0.0076236501
996563,0.0057559744
996564,0.0060367361
996565,0.0066492418
996566,0.023627069
996567,0.0083733052
996568,0.0081781866
996569,0.027726747
996570,0.0090827495
996571,0.0079410328
996572,0.0055346275
996573,0.0052425284
996574,0.0069529815
996575,0.0070111444
996576,0.012180463
996577,0.02065286
996578,0.018865608
996579,0.012042595
996580,0.0061702952
996581,0.010456399
996582,0.006380687
996583,0.02854722
996584,0.0062808767
996585,0.017578125
996586,0.0063735065
996587,0.011971507
996588,0.0028004234
996589,0.0061430088
996590,0.010976548
996591,0.0065034754
996592,0.0055652168
996593,0.017912023
996594,0.0062823128
996595,0.0063878675
996596,0.0090418197
996597,0.005954877
996598,0.0088084498
996599,0.0062184054
996600,0.0062227137
996601,0.0060747932
996602,0.0063268323
996603,0.010141989
996604,0.0060460707
996605,0.0059017404
996606,0.0087747015
996607,0.0062471279
996608,0.0059283087
996609,0.0090554627
996610,0.0073184744
996611,0.033373099
996612,0.03008298
996613,0.0062176874
996614,0.0063239601
996615,0.0061465991
996616,0.0018199421
996617,0.021151194
996618,0.0062930835
996619,0.009252212
996620,0.019102102
996621,0.0067468979
996622,0.0063455021
996623,0.0096148327
996624,0.015414609
996625,0.01726958
996626,0.0024625305
996627,0.017837346
996628,0.013973968
996629,0.0062736962
996630,0.0094109029
996631,0.0069271312
996632,0.0050636837
996633,0.010913042
996634,0.0060374541
996635,0.0068969727
996636,0.018098719
996637,0.006784237
996638,0.0060977712
996639,0.008135627
996640,0.0087445425
996641,0.022209037
996642,0.0091452207
996643,0.0060992073
996644,0.014906221
996645,0.0020036788
996646,0.0055149775
996647,0.00641659
996648,0.0084275324
996649,0.017471135
996650,0.0062787225
996651,0.0062205596
996652,0.0063081631
996653,0.012497846
996654,0.0030053114
996655,0.0065472773
996656,0.0085657453
996657,0.023403034
996658,0.005917538
996659,0.020392206
996660,0.005954159
996661,0.0062356386
996662,0.014924173
996663,0.006226304
996664,0.0063878675
996665,0.0061860927
996666,0.0062564625
996667,0.006227022
996668,0.015004596
996669,0.007811782
996670,0.009046128
996671,0.011994486
996672,0.029046271
996673,0.01230038
996674,0.0062385108
996675,0.0093204277
996676,0.011879596
996677,0.0060202205
996678,0.012561035
996679,0.0062219957
996680,0.016052885
996681,0.01165197
996682,0.0060324278
996683,0.011756808
996684,0.0059886258
996685,0.0085592829
996686,0.012097886
996687,0.0065027573
996688,0.0073328353
996689,0.014489746
996690,0.0065838983
996691,0.011337604
996692,0.0061006434
996693,0.012500718
996694,0.0060044234
996695,0.0062938016
996696,0.006439568
996697,0.0059871897
996698,0.0063735065
996699,0.0086741727
996700,0.0089534987
996701,0.0061372644
996702,0.0064079734
996703,0.009587355
996704,0.0085061463
996705,0.013064396
996706,0.016963642
996707,0.0062528723
996708,0.017773438
996709,0.0075871912
996710,0.0059843175
996711,0.0064079734
996712,0.011663459
996713,0.0061221854
996714,0.0098927217
996715,0.0088174203
996716,0.018508462
996717,0.006227022
996718,0.014464614
996719,0.013863597
996720,0.0089958636
996721,0.0063763787
996722,0.0089822207
996723,0.0096636601
996724,0.0094669117
996725,0.017398611
996726,0.0093520219
996727,0.0089247758
996728,0.0097462377
996729,0.006227022
996730,0.00610926
996731,0.0061817844
996732,0.0058252877
996733,0.012982537
996734,0.011972225
996735,0.0062069162
996736,0.0094001321
996737,0.014512978
996738,0.011879596
996739,0.0093455594
996740,0.012133071
996741,0.0080789002
996742,0.0078936405
996743,0.012738396
996744,0.024365235
996745,0.01486242
996746,0.014813592
996747,0.006094181
996748,0.0088378908
996749,0.0068158316
996750,0.01909573
996751,0.0093094399
996752,0.0059204102
996753,0.0090303309
996754,0.020665068
996755,0.0060123219
996756,0.014924173
996757,0.017710967
996758,0.0053803427
996759,0.0057788668
996760,0.0091301417
996761,0.0062837489
996762,0.012395881
996763,0.0075942096
996764,0.0060575595
996765,0.011994486
996766,0.0092292335
996767,0.024787348
996768,0.014170209
996769,0.015798053
996770,0.009163172
996771,0.0075662052
996772,0.0063311406
996773,0.0021993059
996774,0.0057181423
996775,0.0087387981
996776,0.022414478
996777,0.0061595244
996778,0.01226663
996779,0.0061810664
996780,0.0048911367
996781,0.0091990754
996782,0.0060008331
996783,0.0061264937
996784,0.014096967
996785,0.0061882469
996786,0.0090346392
996787,0.01183364
996788,0.035202205
996789,0.0092830881
996790,0.01156293
996791,0.0091373222
996792,0.0080099441
996793,0.0054080845
996794,0.015004596
996795,0.0084206974
996796,0.011521284
996797,0.0062973918
996798,0.010955952
996799,0.0069163605
996800,0.020370662
996801,0.0091466568
996802,0.0082347197
996803,0.0062844669
996804,0.0088235298
996805,0.0062787225
996806,0.016405532
996807,0.008605957
996808,0.0091136256
996809,0.0053949128
996810,0.006071921
996811,0.0088185025
996812,0.0064927046
996813,0.0095387176
996814,0.023352768
996815,0.019495009
996816,0.0062894933
996817,0.0052920533
996818,0.0075252759
996819,0.011367618
996820,0.0054666521
996821,0.018405331
996822,0.0088802557
996823,0.0092285154
996824,0.0060798195
996825,0.0092392862
996826,0.010064338
996827,0.0054441034
996828,0.0058794809
996829,0.0061214673
996830,0.0061645508
996831,0.009353458
996832,0.0061164405
996833,0.011555032
996834,0.0064711627
996835,0.0066176471
996836,0.0068589156
996837,0.014698702
996838,0.0091265514
996839,0.0063885855
996840,0.015067067
996841,0.0038359372
996842,0.0051455302
996843,0.0059972429
996844,0.0060410444
996845,0.011996626
996846,0.0061868108
996847,0.0072811353
996848,0.039051011
996849,0.0059218463
996850,0.0061142864
996851,0.012155331
996852,0.014002884
996853,0.0080062244
996854,0.0057222256
996855,0.010332893
996856,0.0061623966
996857,0.0063706343
996858,0.024213005
996859,0.0064065373
996860,0.0094489604
996861,0.006425207
996862,0.012879136
996863,0.01415227
996864,0.0055257189
996865,0.012243653
996866,0.0086397063
996867,0.015682444
996868,0.038407627
996869,0.014696548
996870,0.0065156827
996871,0.0061997357
996872,0.0061968635
996873,0.0068143955
996874,0.015034754
996875,0.0065085017
996876,0.0060956171
996877,0.0053929696
996878,0.012421732
996879,0.0097297216
996880,0.0073558134
996881,0.0068660961
996882,0.009368537
996883,0.0061990176
996884,0.011918371
996885,0.012273093
996886,0.0060826917
996887,0.0063031367
996888,0.0075942096
996889,0.0062557445
996890,0.0065637925
996891,0.0060934629
996892,0.009105009
996893,0.0052688047
996894,0.0082548251
996895,0.0092335418
996896,0.0091445027
996897,0.0063534006
996898,0.021054169
996899,0.012005975
996900,0.0061638327
996901,0.0062298942
996902,0.019372828
996903,0.0060819737
996904,0.01217041
996905,0.01706543
996906,0.014947151
996907,0.020514276
996908,0.0060482249
996909,0.0061825025
996910,0.0087991152
996911,0.011941349
996912,0.010551902
996913,0.0062693874
996914,0.0061264937
996915,0.0068402458
996916,0.0063088811
996917,0.0077600814
996918,0.013300638
996919,0.0089082606
996920,0.0062657972
996921,0.014834415
996922,0.010213695
996923,0.0061810664
996924,0.0061580883
996925,0.0092048198
996926,0.0057394588
996927,0.033246927
996928,0.0057674632
996929,0.005932617
996930,0.0063110352
996931,0.0083356202
996932,0.0062054801
996933,0.0061415727
996934,0.0093800267
996935,0.012591911
996936,0.011916935
996937,0.029641544
996938,0.0063821231
996939,0.009003045
996940,0.0063821231
996941,0.0062880572
996942,0.0061846566
996943,0.0053242082
996944,0.014728142
996945,0.0062514362
996946,0.017242862
996947,0.011764706
996948,0.016810643
996949,0.0096880747
996950,0.0062298942
996951,0.0082450463
996952,0.014804257
996953,0.014685777
996954,0.0083424291
996955,0.012107939
996956,0.0056088446
996957,0.010070801
996958,0.020998966
996959,0.0055836397
996960,0.0090669524
996961,0.0093886433
996962,0.02038287
996963,0.00736443
996964,0.0063483743
996965,0.0095243566
996966,0.0066269818
996967,0.013554459
996968,0.0061810664
996969,0.0061006434
996970,0.0016931973
996971,0.012005975
996972,0.014901195
996973,0.013517131
996974,0.017835191
996975,0.0078965127
996976,0.012601964
996977,0.0061875288
996978,0.0064819334
996979,0.012338436
996980,0.012281709
996981,0.0053350199
996982,0.0089886831
996983,0.0091301417
996984,0.0062622069
996985,0.0091265514
996986,0.010500919
996987,0.0062449737
996988,0.0065860525
996989,0.011924115
996990,0.015027573
996991,0.011871697
996992,0.0088924635
996993,0.01252226
996994,0.0094949165
996995,0.0061688591
996996,0.012490666
996997,0.0059520048
996998,0.0062076342
996999,0.0062018898
997000,0.0078839157
997001,0.0060611502
997002,0.0070894128
997003,0.0090913661
997004,0.0091208061
997005,0.012178309
997006,0.0062011718
997007,0.016578889
997008,0.0059534409
997009,0.011199592
997010,0.0081586502
997011,0.001637344
997012,0.0064797793
997013,0.0058901538
997014,0.0094324453
997015,0.0092486218
997016,0.0060094497
997017,0.023308966
997018,0.0067165047
997019,0.0077205882
997020,0.01750919
997021,0.0069048712
997022,0.0085442038
997023,0.0075853416
997024,0.01195212
997025,0.0062155332
997026,0.0055472688
997027,0.0058672735
997028,0.015594842
997029,0.0088134762
997030,0.0067727482
997031,0.0068488624
997032,0.0086082639
997033,0.0063340133
997034,0.0093182735
997035,0.0059900619
997036,0.010764257
997037,0.0090123797
997038,0.014615406
997039,0.0063261143
997040,0.0063648899
997041,0.0087797279
997042,0.020204073
997043,0.012115119
997044,0.0062478459
997045,0.0087904986
997046,0.014453125
997047,0.0090748509
997048,0.016717279
997049,0.0054419073
997050,0.030796703
997051,0.002319651
997052,0.0060281195
997053,0.0075518438
997054,0.0092601106
997055,0.0037612147
997056,0.0093276082
997057,0.0064424402
997058,0.0064833695
997059,0.020746209
997060,0.011006434
997061,0.0093175555
997062,0.0090418197
997063,0.0055067143
997064,0.0062442557
997065,0.011903292
997066,0.0073299631
997067,0.007174144
997068,0.0071540382
997069,0.015004596
997070,0.0063009821
997071,0.0063986387
997072,0.023690257
997073,0.0042044548
997074,0.012201287
997075,0.011155791
997076,0.0098647177
997077,0.0087064859
997078,0.006578872
997079,0.0061975815
997080,0.0058945599
997081,0.0070219152
997082,0.012040441
997083,0.0063332953
997084,0.018370863
997085,0.01973095
997086,0.017842371
997087,0.026668055
997088,0.0090432558
997089,0.011799891
997090,0.0061939913
997091,0.0051574991
997092,0.012196261
997093,0.0066104666
997094,0.0062586167
997095,0.0062564625
997096,0.0011597616
997097,0.012073472
997098,0.011841538
997099,0.005976419
997100,0.0072150733
997101,0.00095313991
997102,0.0061422908
997103,0.0092026656
997104,0.0089412909
997105,0.0063936124
997106,0.012147432
997107,0.0059470972
997108,0.0081621958
997109,0.0094288541
997110,0.0089104148
997111,0.011776195
997112,0.0060891546
997113,0.0069817039
997114,0.0088831289
997115,0.0059893439
997116,0.0061243395
997117,0.0061731674
997118,0.012337718
997119,0.0064000748
997120,0.01764706
997121,0.016718268
997122,0.0090432558
997123,0.0064503388
997124,0.016532158
997125,0.017478315
997126,0.0087639308
997127,0.0089843748
997128,0.009383617
997129,0.013215898
997130,0.0086239083
997131,0.0013491064
997132,0.020599725
997133,0.0062514362
997134,0.0062291762
997135,0.0065537398
997136,0.0077442843
997137,0.0089499084
997138,0.009193331
997139,0.0066341623
997140,0.0013595936
997141,0.0091911769
997142,0.0089965817
997143,0.01529182
997144,0.0062076342
997145,0.008840045
997146,0.0095107136
997147,0.0070298137
997148,0.0061351103
997149,0.0080860807
997150,0.0090202782
997151,0.006285185
997152,0.0064273612
997153,0.0082100527
997154,0.034571029
997155,0.015992647
997156,0.01129294
997157,0.0064194622
997158,0.0064201802
997159,0.0063304226
997160,0.00920841
997161,0.006204044
997162,0.0063763787
997163,0.012045467
997164,0.0062306123
997165,0.006379969
997166,0.0061121322
997167,0.023173254
997168,0.0061013615
997169,0.01117263
997170,0.0064783432
997171,0.0083101159
997172,0.0060568415
997173,0.0064819334
997174,0.013665104
997175,0.0063210879
997176,0.019244026
997177,0.0085348692
997178,0.0064568017
997179,0.0062306123
997180,0.0089750402
997181,0.0063490923
997182,0.017753331
997183,0.0068194219
997184,0.008943446
997185,0.011060216
997186,0.012109375
997187,0.0060216566
997188,0.016589355
997189,0.0054892981
997190,0.0058292164
997191,0.0061616786
997192,0.0063763787
997193,0.0062162513
997194,0.0063419119
997195,0.0015493404
997196,0.0062478459
997197,0.0078649186
997198,0.015337057
997199,0.0064855241
997200,0.014407169
997201,0.011752499
997202,0.0094898893
997203,0.021389024
997204,0.006204762
997205,0.0061595244
997206,0.013028492
997207,0.0051470255
997208,0.0066176471
997209,0.0098352768
997210,0.011604578
997211,0.0087100761
997212,0.012120864
997213,0.014943561
997214,0.024429886
997215,0.0066865808
997216,0.012419577
997217,0.0060855639
997218,0.0060202205
997219,0.0062744142
997220,0.011864516
997221,0.0088493796
997222,0.0053062825
997223,0.0091366041
997224,0.0062284581
997225,0.006343348
997226,0.0060934629
997227,0.012770709
997228,0.0064194622
997229,0.0060051414
997230,0.019874386
997231,0.0058708638
997232,0.0061444449
997233,0.0063196518
997234,0.0077119716
997235,0.013628791
997236,0.0061128503
997237,0.0060532512
997238,0.021806067
997239,0.0062507181
997240,0.0060087317
997241,0.0093204277
997242,0.017397175
997243,0.0089506265
997244,0.0056992704
997245,0.0057459213
997246,0.011598834
997247,0.0047386391
997248,0.011930577
997249,0.0058651194
997250,0.029696116
997251,0.0016286495
997252,0.0065867705
997253,0.0069278493
997254,0.011887494
997255,0.0084705967
997256,0.0064137178
997257,0.0089477543
997258,0.0054562367
997259,0.012686696
997260,0.011617503
997261,0.0063936124
997262,0.023750575
997263,0.03279024
997264,0.0060431985
997265,0.0063031367
997266,0.0091847135
997267,0.0066427793
997268,0.017940028
997269,0.0072301528
997270,0.0147066
997271,0.006322524
997272,0.0066442154
997273,0.010633042
997274,0.0053921533
997275,0.0088579962
997276,0.014481129
997277,0.0017690668
997278,0.016667314
997279,0.018032657
997280,0.0098733343
997281,0.01763916
997282,0.0056438693
997283,0.0061659869
997284,0.005932617
997285,0.0055892309
997286,0.0069766776
997287,0.0064072553
997288,0.0091452207
997289,0.0119593
997290,0.012049058
997291,0.0061415727
997292,0.017667165
997293,0.0087201288
997294,0.0089779124
997295,0.0061853747
997296,0.0065551759
997297,0.0074975099
997298,0.0087136663
997299,0.0064524929
997300,0.0061401366
997301,0.0059290268
997302,0.0054400926
997303,0.006688735
997304,0.006380687
997305,0.01195212
997306,0.014892578
997307,0.0064912685
997308,0.0062291762
997309,0.0066700657
997310,0.006725356
997311,0.010818602
997312,0.012138098
997313,0.012277401
997314,0.012394445
997315,0.0064819334
997316,0.0090080714
997317,0.0098474836
997318,0.0059110755
997319,0.0094633214
997320,0.0060245288
997321,0.006240665
997322,0.0059938645
997323,0.0061214673
997324,0.0090956744
997325,0.009046128
997326,0.0060317097
997327,0.011794146
997328,0.015331313
997329,0.0055588814
997330,0.0072437958
997331,0.0063239601
997332,0.0059189741
997333,0.0088500977
997334,0.0063993568
997335,0.015171904
997336,0.0058823531
997337,0.011850155
997338,0.019763963
997339,0.010692641
997340,0.0074046417
997341,0.010220875
997342,0.0077090994
997343,0.011925551
997344,0.0062284581
997345,0.0061250576
997346,0.0012632454
997347,0.0057380227
997348,0.0093936697
997349,0.0065602022
997350,0.0078823883
997351,0.007365148
997352,0.0092069739
997353,0.008032945
997354,0.0091129076
997355,0.0095861098
997356,0.006108542
997357,0.0066621667
997358,0.009765625
997359,0.0088235298
997360,0.023319021
997361,0.0080092484
997362,0.0065975413
997363,0.0062162513
997364,0.017747587
997365,0.0092536481
997366,0.017899817
997367,0.006322524
997368,0.006476189
997369,0.0086741727
997370,0.0060230927
997371,0.006145163
997372,0.0071353689
997373,0.0091588637
997374,0.020224897
997375,0.017486213
997376,0.0062564625
997377,0.0093290443
997378,0.038552675
997379,0.0090719787
997380,0.012591911
997381,0.020986758
997382,0.005917538
997383,0.0060015512
997384,0.018678546
997385,0.0093426872
997386,0.0064079734
997387,0.0060065775
997388,0.012879675
997389,0.0064582378
997390,0.0092105642
997391,0.022753906
997392,0.0059943702
997393,0.018289723
997394,0.011869647
997395,0.0090956744
997396,0.0090145338
997397,0.021017635
997398,0.011946375
997399,0.0062780045
997400,0.0089965817
997401,0.0062169693
997402,0.0094934804
997403,0.012661563
997404,0.0061207493
997405,0.0033245014
997406,0.01439568
997407,0.006262925
997408,0.00550261
997409,0.0097706513
997410,0.0056372881
997411,0.0060690488
997412,0.012049058
997413,0.0053468649
997414,0.0089326743
997415,0.0063964846
997416,0.012393009
997417,0.0062320484
997418,0.0116412
997419,0.0092945769
997420,0.0064338236
997421,0.0061480352
997422,0.0086078756
997423,0.0093750004
997424,0.011765424
997425,0.0063189338
997426,0.0062176874
997427,0.015119486
997428,0.01043773
997429,0.0064431583
997430,0.0057653091
997431,0.01205193
997432,0.012984691
997433,0.022113677
997434,0.0091689164
997435,0.0063419119
997436,0.013623765
997437,0.0061042337
997438,0.006556612
997439,0.0060546873
997440,0.0060431985
997441,0.012174718
997442,0.0091093173
997443,0.0085520986
997444,0.009765625
997445,0.01539522
997446,0.0098061198
997447,0.011923397
997448,0.0060740751
997449,0.0059670843
997450,0.024921732
997451,0.0074857823
997452,0.0068093692
997453,0.0062219957
997454,0.0061150044
997455,0.0091466568
997456,0.0063289865
997457,0.014947869
997458,0.0064603919
997459,0.0061631147
997460,0.0044840272
997461,0.0061236215
997462,0.0061839386
997463,0.010166303
997464,0.0059555951
997465,0.0062069162
997466,0.0093584843
997467,0.0095243566
997468,0.0051049599
997469,0.0092134364
997470,0.010034897
997471,0.0061810664
997472,0.0081403796
997473,0.02254495
997474,0.011836512
997475,0.0062593347
997476,0.0078462493
997477,0.0060431985
997478,0.010114603
997479,0.011653407
997480,0.015188419
997481,0.0091911769
997482,0.0061695771
997483,0.0063354494
997484,0.0063203699
997485,0.0086669922
997486,0.0055509745
997487,0.011679256
997488,0.0089075426
997489,0.0028242373
997490,0.0055519589
997491,0.00615378
997492,0.012449018
997493,0.0053720977
997494,0.012054803
997495,0.0062564625
997496,0.012079935
997497,0.011865952
997498,0.0067045325
997499,0.013208725
997500,0.0091875866
997501,0.0068998449
997502,0.0060546873
997503,0.011639046
997504,0.0064682905
997505,0.0096162688
997506,0.014504108
997507,0.0121223
997508,0.0067023784
997509,0.006049661
997510,0.0061961454
997511,0.0091107534
997512,0.0062679513
997513,0.0064596739
997514,0.0080157109
997515,0.0063368855
997516,0.012871237
997517,0.017566636
997518,0.0060819737
997519,0.0066600125
997520,0.023925062
997521,0.0075697955
997522,0.027640203
997523,0.0065738452
997524,0.0061185947
997525,0.0091811232
997526,0.0086786943
997527,0.006262925
997528,0.0091437846
997529,0.0076767867
997530,0.017827293
997531,0.0089377007
997532,0.0059627756
997533,0.011771169
997534,0.017420869
997535,0.0062570614
997536,0.02602539
997537,0.011982278
997538,0.026102941
997539,0.0069213868
997540,0.012173282
997541,0.0090037631
997542,0.0070082722
997543,0.0062507181
997544,0.0063095991
997545,0.0063483743
997546,0.011873852
997547,0.0060166302
997548,0.0068488624
997549,0.0064898324
997550,0.006299546
997551,0.010458553
997552,0.011960018
997553,0.00646111
997554,0.023965992
997555,0.0092895506
997556,0.012339154
997557,0.0084163621
997558,0.0061415727
997559,0.010849897
997560,0.0064151539
997561,0.0062657972
997562,0.012097886
997563,0.0061616786
997564,0.0065681008
997565,0.014959358
997566,0.0087330537
997567,0.0061781937
997568,0.0099049285
997569,0.0091617359
997570,0.0056719147
997571,0.010996381
997572,0.022004459
997573,0.0087294634
997574,0.0062614889
997575,0.010097369
997576,0.0092723174
997577,0.0092213349
997578,0.0061860927
997579,0.012409524
997580,0.014705882
997581,0.0090841856
997582,0.0092026656
997583,0.012216366
997584,0.0067246379
997585,0.01747616
997586,0.01155216
997587,0.0093347887
997588,0.0063246782
997589,0.030283058
997590,0.0094109029
997591,0.011977252
997592,0.007915183
997593,0.0061954274
997594,0.00563872
997595,0.017743278
997596,0.0063009821
997597,0.0062780045
997598,0.0094188014
997599,0.0062787225
997600,0.0060992073
997601,0.0099192904
997602,0.011259191
997603,0.014832261
997604,0.011734547
997605,0.0053395536
997606,0.0089678597
997607,0.011324535
997608,0.011546415
997609,0.0066951974
997610,0.024289837
997611,0.012316177
997612,0.0092608286
997613,0.0062442557
997614,0.0092170266
997615,0.0065142461
997616,0.024710553
997617,0.0088077318
997618,0.0091875866
997619,0.0062033259
997620,0.0060116039
997621,0.011947812
997622,0.0062184054
997623,0.020624856
997624,0.012005975
997625,0.015579044
997626,0.018877815
997627,0.006343348
997628,0.0061702952
997629,0.0061961454
997630,0.0065214271
997631,0.01175968
997632,0.0050220862
997633,0.0096852025
997634,0.016135503
997635,0.0081255743
997636,0.010927586
997637,0.0091624539
997638,0.0069580078
997639,0.0067634135
997640,0.011591653
997641,0.015338494
997642,0.020378562
997643,0.014926327
997644,0.0062679513
997645,0.0092335418
997646,0.0062004537
997647,0.0094302911
997648,0.015797334
997649,0.0061580883
997650,0.017589614
997651,0.0061688591
997652,0.028849524
997653,0.0061387005
997654,0.0062657972
997655,0.0067583867
997656,0.010568417
997657,0.011791274
997658,0.012017463
997659,0.0095387176
997660,0.0014534579
997661,0.0065982593
997662,0.0059627756
997663,0.0093319165
997664,0.011695772
997665,0.0075324564
997666,0.0062212776
997667,0.0060891546
997668,0.014456715
997669,0.0080372533
997670,0.0016239185
997671,0.0088766655
997672,0.0087976791
997673,0.0064740349
997674,0.0093197096
997675,0.006227022
997676,0.0063009821
997677,0.0077694166
997678,0.012163947
997679,0.011701517
997680,0.0097929109
997681,0.0089549348
997682,0.011914062
997683,0.011944939
997684,0.025758272
997685,0.0065400964
997686,0.012143842
997687,0.0090992646
997688,0.0060798195
997689,0.008406003
997690,0.014606072
997691,0.00643885
997692,0.011720186
997693,0.0081040328
997694,0.0064259251
997695,0.0061006434
997696,0.0062837489
997697,0.0084352558
997698,0.0064453124
997699,0.0063885855
997700,0.012110093
997701,0.010200052
997702,0.009325454
997703,0.013763068
997704,0.0093276082
997705,0.0092177447
997706,0.0064725988
997707,0.0234375
997708,0.008165529
997709,0.0093419692
997710,0.015085736
997711,0.0063167796
997712,0.017684398
997713,0.012258732
997714,0.0063577089
997715,0.0062054801
997716,0.0063792509
997717,0.012594784
997718,0.0061243395
997719,0.015851188
997720,0.0063045728
997721,0.0062349206
997722,0.0089219036
997723,0.0076286765
997724,0.016050091
997725,0.0068991268
997726,0.0086583756
997727,0.010147633
997728,0.020385742
997729,0.0092464667
997730,0.0068660961
997731,0.0056798598
997732,0.0083493898
997733,0.0095128678
997734,0.0061616786
997735,0.01496223
997736,0.0064359778
997737,0.0094496785
997738,0.009148811
997739,0.0019812696
997740,0.0089972997
997741,0.0078168083
997742,0.012049058
997743,0.0062600528
997744,0.0099516027
997745,0.0092852423
997746,0.012568934
997747,0.0091624539
997748,0.0060841278
997749,0.013685009
997750,0.0062973918
997751,0.0062105069
997752,0.014209153
997753,0.0065551759
997754,0.013915535
997755,0.0065192729
997756,0.0099255694
997757,0.0062385108
997758,0.026593806
997759,0.0058320886
997760,0.0089369826
997761,0.0063749426
997762,0.010518152
997763,0.0063347314
997764,0.0010894496
997765,0.0066571403
997766,0.0084609091
997767,0.029425409
997768,0.0092737535
997769,0.01462546
997770,0.030074453
997771,0.0060101678
997772,0.0070657171
997773,0.008532715
997774,0.0065192729
997775,0.010635914
997776,0.0075934916
997777,0.0063534006
997778,0.0071116728
997779,0.0087682391
997780,0.0063936124
997781,0.013243193
997782,0.020694509
997783,0.011741728
997784,0.009354176
997785,0.0086978693
997786,0.0089371921
997787,0.0057911593
997788,0.0051312754
997789,0.009076287
997790,0.009588982
997791,0.0088328645
997792,0.012752757
997793,0.0063878675
997794,0.0065487134
997795,0.0078469673
997796,0.0058967141
997797,0.0095178941
997798,0.011678538
997799,0.0064632641
997800,0.020812269
997801,0.006211943
997802,0.0093139652
997803,0.0091969213
997804,0.0061243395
997805,0.009369256
997806,0.0068165497
997807,0.020876896
997808,0.0097914748
997809,0.0087639308
997810,0.0058536306
997811,0.0063304226
997812,0.012410242
997813,0.0060633044
997814,0.0091021368
997815,0.005632468
997816,0.0075281481
997817,0.0083977198
997818,0.0060597141
997819,0.015277824
997820,0.0064129997
997821,0.0062392289
997822,0.011818561
997823,0.008165068
997824,0.012093578
997825,0.012757066
997826,0.0062844669
997827,0.0088120401
997828,0.012059111
997829,0.006379969
997830,0.011908318
997831,0.014972283
997832,0.0059979609
997833,0.0054143239
997834,0.025259435
997835,0.0060094497
997836,0.020361328
997837,0.029124541
997838,0.0063972026
997839,0.0064826515
997840,0.0058608111
997841,0.0061580883
997842,0.0060841278
997843,0.011446605
997844,0.0057574105
997845,0.0064855241
997846,0.0090159699
997847,0.0063972026
997848,0.0094590131
997849,0.01187026
997850,0.012465533
997851,0.0063304226
997852,0.0062614889
997853,0.006049661
997854,0.0084853228
997855,0.0088508157
997856,0.009501379
997857,0.0095374314
997858,0.0064086914
997859,0.0071327318
997860,0.0060353
997861,0.013625992
997862,0.022109088
997863,0.020559512
997864,0.0060618683
997865,0.0092033837
997866,0.0062471279
997867,0.0065027573
997868,0.007856302
997869,0.0084261689
997870,0.0062356386
997871,0.0062607708
997872,0.011557904
997873,0.0028184266
997874,0.010994945
997875,0.026382267
997876,0.0064079734
997877,0.0057301242
997878,0.013511471
997879,0.01746539
997880,0.0063261143
997881,0.0020637931
997882,0.0064776251
997883,0.019472137
997884,0.0070032454
997885,0.020555923
997886,0.008870203
997887,0.0062248679
997888,0.012212776
997889,0.01231115
997890,0.0099149812
997891,0.012258732
997892,0.0084910672
997893,0.0093828989
997894,0.0063684802
997895,0.006204044
997896,0.012085679
997897,0.0082062455
997898,0.009001608
997899,0.0088924635
997900,0.012668027
997901,0.0065156827
997902,0.0061753215
997903,0.0089635514
997904,0.0053353985
997905,0.0064704446
997906,0.0066061579
997907,0.0057885945
997908,0.008134909
997909,0.0089894012
997910,0.0062657972
997911,0.0063045728
997912,0.005505553
997913,0.0090418197
997914,0.0083524818
997915,0.03067356
997916,0.0061825025
997917,0.015728401
997918,0.0063174977
997919,0.0072531309
997920,0.0063239601
997921,0.0088321464
997922,0.0062464098
997923,0.0061279298
997924,0.011891085
997925,0.007813218
997926,0.015039062
997927,0.011971507
997928,0.0059390799
997929,0.0059060492
997930,0.0055122739
997931,0.0060518151
997932,0.0060087317
997933,0.006248564
997934,0.0028274674
997935,0.0091222422
997936,0.0094202375
997937,0.006556612
997938,0.023448989
997939,0.014523495
997940,0.0059929341
997941,0.006321806
997942,0.0061810664
997943,0.013220801
997944,0.010305607
997945,0.0061049517
997946,0.0060230927
997947,0.0061071059
997948,0.01758028
997949,0.0063627353
997950,0.0091287056
997951,0.017715992
997952,0.0092873964
997953,0.0060446346
997954,0.005859375
997955,0.014476103
997956,0.0059311809
997957,0.0085485121
997958,0.01018693
997959,0.0079395967
997960,0.0054855985
997961,0.0088185025
997962,0.0062162513
997963,0.015214987
997964,0.0062155332
997965,0.0012844305
997966,0.0066571403
997967,0.0059857536
997968,0.0064955768
997969,0.0062399469
997970,0.0090475641
997971,0.014708037
997972,0.0074649588
997973,0.0087194107
997974,0.011898265
997975,0.009281652
997976,0.0059857536
997977,0.0090202782
997978,0.0062385108
997979,0.00870864
997980,0.024748679
997981,0.0079618562
997982,0.014786305
997983,0.0059599034
997984,0.014855239
997985,0.0080221733
997986,0.0060589961
997987,0.0063534006
997988,0.021276856
997989,0.0058794268
997990,0.0061372644
997991,0.0071949679
997992,0.0066442154
997993,0.0063095991
997994,0.017303107
997995,0.01172234
997996,0.0061695771
997997,0.0062083523
997998,0.012301098
997999,0.014545755
998000,0.0090590529
998001,0.015016085
998002,0.0064194622
998003,0.012917194
998004,0.015112305
998005,0.014636949
998006,0.0099329334
998007,0.0063993568
998008,0.0092550842
998009,0.006307445
998010,0.0061286478
998011,0.0014473137
998012,0.006402229
998013,0.0063419119
998014,0.0065314798
998015,0.011975097
998016,0.0040543438
998017,0.0063569909
998018,0.006190401
998019,0.014444509
998020,0.014537138
998021,0.0055377437
998022,0.012454044
998023,0.0089506265
998024,0.0071712718
998025,0.009486299
998026,0.0068330653
998027,0.0060905907
998028,0.010982623
998029,0.012765682
998030,0.0094216736
998031,0.012088551
998032,0.019951243
998033,0.0079460591
998034,0.0091287056
998035,0.0061968635
998036,0.012580423
998037,0.0060546873
998038,0.0062072184
998039,0.011768296
998040,0.0089570889
998041,0.0060051414
998042,0.0092041017
998043,0.0034603253
998044,0.012009565
998045,0.008198902
998046,0.0061724493
998047,0.0055098953
998048,0.0087904986
998049,0.0061121322
998050,0.0088343006
998051,0.0086397063
998052,0.0091875866
998053,0.0061437269
998054,0.006049661
998055,0.0082146144
998056,0.0055927904
998057,0.0088788196
998058,0.0065386603
998059,0.0060884366
998060,0.0119593
998061,0.0066600125
998062,0.014117072
998063,0.0064072553
998064,0.0063153435
998065,0.0093211457
998066,0.0083911344
998067,0.0089046704
998068,0.0062823128
998069,0.006204762
998070,0.0083223227
998071,0.012304688
998072,0.0061121322
998073,0.0062298942
998074,0.0093778726
998075,0.0063526826
998076,0.0064402861
998077,0.011938477
998078,0.014148127
998079,0.01157083
998080,0.010745778
998081,0.009750546
998082,0.0065738452
998083,0.0092873964
998084,0.0062227137
998085,0.0089513445
998086,0.0062844669
998087,0.0062844669
998088,0.0062586167
998089,0.0063318587
998090,0.0093592023
998091,0.0091567095
998092,0.0093340706
998093,0.0071482938
998094,0.012550265
998095,0.006130802
998096,0.0064682905
998097,0.0088608684
998098,0.014764763
998099,0.0018542634
998100,0.0022142101
998101,0.0062313303
998102,0.011126244
998103,0.0060180663
998104,0.0062959557
998105,0.0063907397
998106,0.009222771
998107,0.0099264709
998108,0.00696088
998109,0.025055796
998110,0.0064129997
998111,0.0065156827
998112,0.0095243566
998113,0.0097893206
998114,0.016871553
998115,0.0063340133
998116,0.0063131894
998117,0.008987247
998118,0.022967171
998119,0.0093649467
998120,0.0041757408
998121,0.012224264
998122,0.026156077
998123,0.0059735468
998124,0.0073371436
998125,0.02068661
998126,0.0062033259
998127,0.011654125
998128,0.011743882
998129,0.026380831
998130,0.01032284
998131,0.0066808364
998132,0.0061135683
998133,0.011799891
998134,0.0098460475
998135,0.008885283
998136,0.0074613681
998137,0.012151022
998138,0.014789177
998139,0.0060891546
998140,0.0061710132
998141,0.010522461
998142,0.0080817724
998143,0.01198874
998144,0.005701195
998145,0.0068265568
998146,0.0063081631
998147,0.007233025
998148,0.0092041017
998149,0.0063038548
998150,0.0088012693
998151,0.01841682
998152,0.0065487134
998153,0.0062069162
998154,0.0051039886
998155,0.0090159699
998156,0.0065300437
998157,0.015770048
998158,0.0062112249
998159,0.0077744429
998160,0.008958525
998161,0.0027055177
998162,0.020219153
998163,0.0093663828
998164,0.0066779642
998165,0.0061695771
998166,0.0016678044
998167,0.0080932453
998168,0.0062830308
998169,0.011822151
998170,0.0062672333
998171,0.0095344093
998172,0.012116556
998173,0.011657715
998174,0.0054700174
998175,0.0089262119
998176,0.0052697402
998177,0.0061128503
998178,0.013549805
998179,0.019312616
998180,0.0061243395
998181,0.0061925552
998182,0.012212058
998183,0.0063462202
998184,0.0069702147
998185,0.0065142461
998186,0.0062385108
998187,0.0066916072
998188,0.0080489712
998189,0.0093405331
998190,0.006344066
998191,0.0065198112
998192,0.0089613972
998193,0.0083473641
998194,0.012545956
998195,0.013697007
998196,0.0076171877
998197,0.0088579962
998198,0.02130845
998199,0.0062780045
998200,0.012005975
998201,0.0066004135
998202,0.0091847135
998203,0.0090568988
998204,0.015169092
998205,0.011846565
998206,0.017681526
998207,0.01210004
998208,0.0090992646
998209,0.0083424291
998210,0.024172794
998211,0.0062787225
998212,0.012023926
998213,0.022169897
998214,0.0063146255
998215,0.0089592431
998216,0.014453125
998217,0.0062105069
998218,0.0062090703
998219,0.0059835995
998220,0.0063426299
998221,0.013756946
998222,0.0062162513
998223,0.0090389475
998224,0.0064524929
998225,0.0063849953
998226,0.0060087317
998227,0.0079963235
998228,0.0066104666
998229,0.0061602425
998230,0.0062212776
998231,0.014878217
998232,0.0062385108
998233,0.0062880572
998234,0.0076613375
998235,0.006240665
998236,0.0083023133
998237,0.006425207
998238,0.0090920841
998239,0.017917767
998240,0.0099020563
998241,0.0090260226
998242,0.0063893036
998243,0.0059792912
998244,0.0021872735
998245,0.0060826917
998246,0.0093175555
998247,0.0020682369
998248,0.012197697
998249,0.0060913088
998250,0.0066564223
998251,0.012844669
998252,0.0090999827
998253,0.017757639
998254,0.014761891
998255,0.012255142
998256,0.023693848
998257,0.0097584445
998258,0.0081198299
998259,0.018779384
998260,0.0062011718
998261,0.006204044
998262,0.011902574
998263,0.0064151539
998264,0.0057457299
998265,0.0065523037
998266,0.009118652
998267,0.0079180552
998268,0.015196318
998269,0.013318589
998270,0.0068000345
998271,0.0062255859
998272,0.0091337319
998273,0.00096650032
998274,0.0062155332
998275,0.01781293
998276,0.0094554229
998277,0.029311955
998278,0.008363937
998279,0.009207692
998280,0.019176528
998281,0.013434501
998282,0.0061229034
998283,0.017829446
998284,0.005917538
998285,0.014748248
998286,0.023366412
998287,0.023782169
998288,0.0059634936
998289,0.0062026079
998290,0.014832261
998291,0.031130802
998292,0.0063907397
998293,0.0062930835
998294,0.0060281195
998295,0.0065278895
998296,0.014925609
998297,0.0073256548
998298,0.0063246782
998299,0.018709071
998300,0.0091911769
998301,0.0060798195
998302,0.011985868
998303,0.0069084615
998304,0.0062315729
998305,0.0060029873
998306,0.0088809747
998307,0.0055722422
998308,0.0060367361
998309,0.0012236701
998310,0.0097110523
998311,0.0063332953
998312,0.012155331
998313,0.011547133
998314,0.0072789812
998315,0.008429314
998316,0.0090547446
998317,0.0089664236
998318,0.0087646488
998319,0.017996754
998320,0.0064180261
998321,0.011741728
998322,0.0060992073
998323,0.01445887
998324,0.0091567095
998325,0.0071540382
998326,0.0062988279
998327,0.02017894
998328,0.019308148
998329,0.015126943
998330,0.0061157225
998331,0.0061408547
998332,0.012014591
998333,0.0087711113
998334,0.017848115
998335,0.016528312
998336,0.026217831
998337,0.006204762
998338,0.0097246952
998339,0.0062241498
998340,0.012014591
998341,0.0028242476
998342,0.014802821
998343,0.0062959557
998344,0.017846679
998345,0.012466969
998346,0.0095200483
998347,0.0065056295
998348,0.0063778148
998349,0.0060891546
998350,0.0061372644
998351,0.0091330139
998352,0.01473245
998353,0.0089068245
998354,0.0063785329
998355,0.0096392464
998356,0.0015341792
998357,0.0064122817
998358,0.0062148152
998359,0.0089750402
998360,0.0077994191
998361,0.0071346508
998362,0.0090274587
998363,0.0059261546
998364,0.0062449737
998365,0.0058794809
998366,0.0049751732
998367,0.0060791015
998368,0.012032542
998369,0.0093405331
998370,0.016603718
998371,0.013847589
998372,0.0092134364
998373,0.008518354
998374,0.0061243395
998375,0.011753217
998376,0.011752499
998377,0.016331488
998378,0.01221852
998379,0.0063548367
998380,0.0091322958
998381,0.013923103
998382,0.0093520219
998383,0.017733945
998384,0.012657973
998385,0.0062291762
998386,0.0062327664
998387,0.024279311
998388,0.0092766257
998389,0.015027573
998390,0.009765625
998391,0.006072639
998392,0.011616067
998393,0.0060317097
998394,0.0063921758
998395,0.0072969324
998396,0.012178309
998397,0.0066004135
998398,0.038706344
998399,0.0093462775
998400,0.0090920841
998401,0.0084688077
998402,0.0060345819
998403,0.006036018
998404,0.006519991
998405,0.011632583
998406,0.0086892517
998407,0.0060489429
998408,0.020058306
998409,0.0061588064
998410,0.012754194
998411,0.0064043831
998412,0.009237132
998413,0.0090490002
998414,0.0079966849
998415,0.02074549
998416,0.0096507352
998417,0.016314317
998418,0.0061501898
998419,0.022001622
998420,0.0072265626
998421,0.00646111
998422,0.018150419
998423,0.022687145
998424,0.0060101678
998425,0.0088673308
998426,0.0088034235
998427,0.014733886
998428,0.032423727
998429,0.010420497
998430,0.0069005629
998431,0.012869801
998432,0.0091516832
998433,0.0059089214
998434,0.0077442843
998435,0.014889706
998436,0.0082153324
998437,0.0089003621
998438,0.0063534006
998439,0.0074290554
998440,0.0063900216
998441,0.020486271
998442,0.0079474952
998443,0.008701073
998444,0.0085822614
998445,0.008605239
998446,0.011971507
998447,0.0062435376
998448,0.0062988279
998449,0.0062571806
998450,0.017945772
998451,0.008234866
998452,0.012519388
998453,0.01190401
998454,0.0041450262
998455,0.0088637406
998456,0.0061875288
998457,0.0060281195
998458,0.0086756088
998459,0.015808454
998460,0.017578125
998461,0.0093785906
998462,0.0092155905
998463,0.014427993
998464,0.0093333526
998465,0.0058644013
998466,0.024242423
998467,0.0061925552
998468,0.014836569
998469,0.011927705
998470,0.01484235
998471,0.00641659
998472,0.014845186
998473,0.0090274587
998474,0.0016383374
998475,0.014822926
998476,0.0056516798
998477,0.017479751
998478,0.0053093405
998479,0.0062894933
998480,0.015654441
998481,0.0089628333
998482,0.0091071632
998483,0.012130199
998484,0.013569809
998485,0.005859375
998486,0.0059390799
998487,0.026145842
998488,0.0082878564
998489,0.0062693874
998490,0.011768296
998491,0.032982863
998492,0.01195212
998493,0.0062744142
998494,0.023129452
998495,0.0095099956
998496,0.0061738854
998497,0.0063411938
998498,0.009383617
998499,0.0094295722
998500,0.0065415325
998501,0.0061738854
998502,0.0060604322
998503,0.0092579564
998504,0.0064187441
998505,0.0019124356
998506,0.0089384187
998507,0.014911965
998508,0.0062133791
998509,0.0062370747
998510,0.011814252
998511,0.0091588637
998512,0.0062449737
998513,0.0092601106
998514,0.0073565315
998515,0.0062535903
998516,0.016691964
998517,0.011077952
998518,0.0090626432
998519,0.008337141
998520,0.010887006
998521,0.011776913
998522,0.0091136256
998523,0.020978861
998524,0.011962891
998525,0.0088357367
998526,0.0069199507
998527,0.0065831803
998528,0.0062456918
998529,0.0056825522
998530,0.0059290268
998531,0.011966481
998532,0.012534467
998533,0.0022890074
998534,0.011937759
998535,0.011582319
998536,0.0061839386
998537,0.006204044
998538,0.002249988
998539,0.0081141545
998540,0.0099587832
998541,0.0094992248
998542,0.012175436
998543,0.017635569
998544,0.0063232421
998545,0.0065142461
998546,0.01181138
998547,0.0075928904
998548,0.0061810664
998549,0.0081980983
998550,0.0058069564
998551,0.0065085017
998552,0.012120864
998553,0.0063088811
998554,0.0090547446
998555,0.0063361675
998556,0.0064137178
998557,0.005940516
998558,0.011697209
998559,0.007055664
998560,0.0062342025
998561,0.0069393381
998562,0.0064517749
998563,0.0064187441
998564,0.0088924635
998565,0.0063210879
998566,0.012428194
998567,0.0092988852
998568,0.0062780045
998569,0.0061006434
998570,0.0070240693
998571,0.0034392574
998572,0.018688247
998573,0.012265194
998574,0.0059749829
998575,0.012051212
998576,0.0061789118
998577,0.01753217
998578,0.013439223
998579,0.012180463
998580,0.0093154013
998581,0.012162511
998582,0.0090547446
998583,0.0061293659
998584,0.034370691
998585,0.0088414811
998586,0.034129728
998587,0.0066865808
998588,0.006424489
998589,0.014455997
998590,0.011779785
998591,0.0062794406
998592,0.0092428764
998593,0.0095473342
998594,0.0064819334
998595,0.006227022
998596,0.0062535903
998597,0.0090468461
998598,0.013763787
998599,0.012150304
998600,0.0091078812
998601,0.0085923141
998602,0.0066578584
998603,0.0060848459
998604,0.006402947
998605,0.0074577779
998606,0.012143842
998607,0.0061925552
998608,0.0078254249
998609,0.012319767
998610,0.0062500001
998611,0.012280991
998612,0.0062758503
998613,0.017957261
998614,0.0089929914
998615,0.011902574
998616,0.0064129997
998617,0.0059304629
998618,0.0092313876
998619,0.0065831803
998620,0.023958094
998621,0.014960794
998622,0.014101083
998623,0.0093319165
998624,0.0088587143
998625,0.0062313303
998626,0.0063541187
998627,0.0064797793
998628,0.0064991671
998629,0.0063713524
998630,0.0037460143
998631,0.0061875288
998632,0.0063684802
998633,0.0063210879
998634,0.012280273
998635,0.011896829
998636,0.0061351103
998637,0.0073816637
998638,0.007481474
998639,0.0065171188
998640,0.011094037
998641,0.0061580883
998642,0.0079510855
998643,0.0090396656
998644,0.026464125
998645,0.012421732
998646,0.0063770968
998647,0.0066061579
998648,0.015561811
998649,0.0091473749
998650,0.0060927449
998651,0.0084236572
998652,0.0056344173
998653,0.0060094497
998654,0.0064338236
998655,0.012080653
998656,0.0061810664
998657,0.0058636833
998658,0.006379969
998659,0.0098948758
998660,0.0052776881
998661,0.0060266829
998662,0.0014933394
998663,0.0089635514
998664,0.015421071
998665,0.014336081
998666,0.0089499084
998667,0.0081176758
998668,0.0086813532
998669,0.0062074126
998670,0.012195542
998671,0.012044749
998672,0.005034646
998673,0.0062550264
998674,0.012915757
998675,0.0088005513
998676,0.028609691
998677,0.005651617
998678,0.0047519021
998679,0.011902574
998680,0.0075985179
998681,0.011845847
998682,0.0089333924
998683,0.011746754
998684,0.006675092
998685,0.0061121322
998686,0.006343348
998687,0.0064287973
998688,0.0092996033
998689,0.026447611
998690,0.0090705426
998691,0.0093821809
998692,0.006227022
998693,0.0066872989
998694,0.010686976
998695,0.0065831803
998696,0.0063677621
998697,0.0063419119
998698,0.0061114142
998699,0.008870203
998700,0.0099544749
998701,0.0015509884
998702,0.016585046
998703,0.0080702836
998704,0.0061465991
998705,0.0061408547
998706,0.0059555951
998707,0.0067670038
998708,0.0093060657
998709,0.0097426474
998710,0.0149213
998711,0.0062219957
998712,0.017591769
998713,0.011856617
998714,0.0060403263
998715,0.0066557042
998716,0.0087775737
998717,0.0054346346
998718,0.0063778148
998719,0.0091983574
998720,0.0097146425
998721,0.021580346
998722,0.015028291
998723,0.0062370747
998724,0.0077823414
998725,0.0064230524
998726,0.014399989
998727,0.0060345819
998728,0.0071576289
998729,0.013813333
998730,0.0053733983
998731,0.0088781016
998732,0.0092263613
998733,0.009076287
998734,0.0062112249
998735,0.0089621153
998736,0.0084774178
998737,0.0090188421
998738,0.0063189338
998739,0.024031335
998740,0.012009565
998741,0.006036018
998742,0.018971575
998743,0.005976419
998744,0.0064043831
998745,0.0067325369
998746,0.020746926
998747,0.0063677621
998748,0.0065645105
998749,0.0064381319
998750,0.013026053
998751,0.016483083
998752,0.020737592
998753,0.012420295
998754,0.0064453124
998755,0.0095293829
998756,0.014809283
998757,0.011927705
998758,0.0065838983
998759,0.0062449737
998760,0.0064072553
998761,0.0059563131
998762,0.017400764
998763,0.011471019
998764,0.0096047791
998765,0.0059879078
998766,0.017872529
998767,0.020473346
998768,0.0061796298
998769,0.026034007
998770,0.010684743
998771,0.0092529301
998772,0.012212058
998773,0.014545036
998774,0.00641659
998775,0.0063878675
998776,0.014820772
998777,0.006226304
998778,0.020455394
998779,0.0064991671
998780,0.012120864
998781,0.017440258
998782,0.0063907397
998783,0.0095293829
998784,0.0064912685
998785,0.0045394525
998786,0.0063124713
998787,0.025382362
998788,0.0091681983
998789,0.014645565
998790,0.0090533085
998791,0.0091107534
998792,0.0065838983
998793,0.01247774
998794,0.015341366
998795,0.0067648496
998796,0.012013155
998797,0.006380687
998798,0.0089456001
998799,0.0079898611
998800,0.0059972429
998801,0.017790671
998802,0.0069084615
998803,0.011903292
998804,0.0082261031
998805,0.0062069162
998806,0.013552249
998807,0.0060439166
998808,0.0062866211
998809,0.0058945599
998810,0.0063361675
998811,0.0088070137
998812,0.0062320484
998813,0.009251494
998814,0.006344066
998815,0.025031686
998816,0.0060668946
998817,0.0091308597
998818,0.007444853
998819,0.0079920152
998820,0.0062191235
998821,0.029217888
998822,0.010671818
998823,0.0057732076
998824,0.012317613
998825,0.0091983574
998826,0.0058722999
998827,0.0095473342
998828,0.014874627
998829,0.0072574392
998830,0.0062054801
998831,0.013430607
998832,0.012040441
998833,0.0016257148
998834,0.011822869
998835,0.0062140971
998836,0.0088953357
998837,0.0095379995
998838,0.0091480929
998839,0.027087457
998840,0.0062988279
998841,0.014729578
998842,0.022784065
998843,0.012188362
998844,0.0092012295
998845,0.0090044811
998846,0.011592371
998847,0.0063534006
998848,0.014978745
998849,0.0061358283
998850,0.0092005115
998851,0.0060144761
998852,0.0060546873
998853,0.026745815
998854,0.0084859459
998855,0.0064230524
998856,0.0070642806
998857,0.0061846566
998858,0.01160386
998859,0.0068373736
998860,0.0061006434
998861,0.0062201004
998862,0.0012582017
998863,0.0062794406
998864,0.0092751896
998865,0.014545755
998866,0.0073759193
998867,0.02076775
998868,0.013929312
998869,0.0063770968
998870,0.0084271599
998871,0.0092715994
998872,0.011954992
998873,0.0062614889
998874,0.0061659869
998875,0.009354176
998876,0.011094801
998877,0.026387293
998878,0.017409381
998879,0.0070815142
998880,0.0060776654
998881,0.0065099378
998882,0.0065185549
998883,0.0061623966
998884,0.0039535514
998885,0.012256578
998886,0.0061006434
998887,0.0087782918
998888,0.0090963924
998889,0.0063541187
998890,0.0027369049
998891,0.0060331458
998892,0.006366326
998893,0.011900419
998894,0.012123737
998895,0.0082146144
998896,0.01184082
998897,0.011776195
998898,0.0061602425
998899,0.0090985466
998900,0.014962948
998901,0.0073414524
998902,0.011880314
998903,0.0087926527
998904,0.0090145338
998905,0.012074908
998906,0.0071432674
998907,0.0054507786
998908,0.011121289
998909,0.015087172
998910,0.0060762293
998911,0.0060611502
998912,0.0067648496
998913,0.0067763384
998914,0.022580136
998915,0.020385742
998916,0.0063605811
998917,0.019707175
998918,0.0084709618
998919,0.0063311406
998920,0.0069544176
998921,0.006050379
998922,0.0202091
998923,0.0053089508
998924,0.011764706
998925,0.0064000748
998926,0.022243584
998927,0.0062815947
998928,0.0090130977
998929,0.0057202098
998930,0.0056283833
998931,0.0062076342
998932,0.012519388
998933,0.00823831
998934,0.0060087317
998935,0.011891085
998936,0.0043841209
998937,0.0061609605
998938,0.008943446
998939,0.01167423
998940,0.01200382
998941,0.0061286478
998942,0.0065616383
998943,0.0053123343
998944,0.017781336
998945,0.015456974
998946,0.012402344
998947,0.0065185549
998948,0.0062112249
998949,0.016628774
998950,0.0061767576
998951,0.0055527817
998952,0.0089757582
998953,0.0063828412
998954,0.010370232
998955,0.023049029
998956,0.0061968635
998957,0.0064998851
998958,0.014478257
998959,0.020609705
998960,0.0081341909
998961,0.018258579
998962,0.0062054801
998963,0.011830502
998964,0.0062464098
998965,0.023759192
998966,0.0095968805
998967,0.010251034
998968,0.0221931
998969,0.0062643611
998970,0.015565401
998971,0.0062880572
998972,0.006204044
998973,0.0061580883
998974,0.0062449737
998975,0.024517201
998976,0.006049661
998977,0.0058905105
998978,0.011549287
998979,0.011960018
998980,0.017333984
998981,0.0088781016
998982,0.0061982996
998983,0.006227022
998984,0.012360697
998985,0.0053998162
998986,0.0060834098
998987,0.011799172
998988,0.006036018
998989,0.010962663
998990,0.0089039523
998991,0.0082741035
998992,0.012018899
998993,0.0063512465
998994,0.0094784005
998995,0.0093075018
998996,0.0059599034
998997,0.0063548367
998998,0.0076495004
998999,0.0092378501
999000,0.00095781859
999001,0.0070980298
999002,0.0064453124
999003,0.026134536
999004,0.026023237
999005,0.0064402861
999006,0.0058823531
999007,0.0064711627
999008,0.0098805148
999009,0.013292476
999010,0.0062686694
999011,0.0089104148
999012,0.0086188819
999013,0.0062614889
999014,0.0068625058
999015,0.0089384187
999016,0.0083400579
999017,0.0061695771
999018,0.0088220937
999019,0.0090568988
999020,0.0063842773
999021,0.01109377
999022,0.0067131491
999023,0.006865378
999024,0.0067504882
999025,0.016865809
999026,0.012178309
999027,0.0080571044
999028,0.0061623966
999029,0.014703728
999030,0.0081025967
999031,0.019222058
999032,0.016206115
999033,0.0090267407
999034,0.020829504
999035,0.0059527229
999036,0.020695226
999037,0.0063699163
999038,0.0063691982
999039,0.011847283
999040,0.0065300437
999041,0.0079813814
999042,0.0055787042
999043,0.0062198415
999044,0.0065063476
999045,0.0062916474
999046,0.011814252
999047,0.0060238107
999048,0.0061688591
999049,0.023097139
999050,0.006733255
999051,0.0091818413
999052,0.01131879
999053,0.022738991
999054,0.0064129997
999055,0.0092766257
999056,0.0062959557
999057,0.011458094
999058,0.020289522
999059,0.011626838
999060,0.028481876
999061,0.0064122817
999062,0.01458094
999063,0.011982996
999064,0.0064051012
999065,0.0089613972
999066,0.0062729781
999067,0.0063993568
999068,0.012005256
999069,0.012209185
999070,0.0062866211
999071,0.0064015109
999072,0.014761173
999073,0.018050609
999074,0.0084056184
999075,0.0070886947
999076,0.021915156
999077,0.0093211457
999078,0.0061753215
999079,0.0092550842
999080,0.0089944275
999081,0.0054005841
999082,0.0092493398
999083,0.0062880572
999084,0.013253964
999085,0.0061020795
999086,0.0061868108
999087,0.012283863
999088,0.011119287
999089,0.011313348
999090,0.0055982643
999091,0.015327005
999092,0.0088644587
999093,0.014880371
999094,0.0064690085
999095,0.0095638502
999096,0.0035904422
999097,0.007313448
999098,0.010236673
999099,0.0061272117
999100,0.0062736962
999101,0.0063936124
999102,0.0061947093
999103,0.0062392289
999104,0.0091222422
999105,0.0056211199
999106,0.0067196116
999107,0.013899061
999108,0.006130802
999109,0.0094525507
999110,0.0063447841
999111,0.017830882
999112,0.0088249659
999113,0.0063383216
999114,0.0062729781
999115,0.0063117533
999116,0.0091796871
999117,0.0062054801
999118,0.011672794
999119,0.006271542
999120,0.012190516
999121,0.0061020795
999122,0.012201287
999123,0.013111788
999124,0.0063232421
999125,0.0059555951
999126,0.0089448821
999127,0.0099895103
999128,0.017532887
999129,0.0037559692
999130,0.0092256432
999131,0.002056231
999132,0.0052298033
999133,0.0065178368
999134,0.0078699449
999135,0.0060317097
999136,0.0061006434
999137,0.015191291
999138,0.0090238685
999139,0.0071482938
999140,0.0063763787
999141,0.0064417222
999142,0.0091681983
999143,0.023736212
999144,0.0062306123
999145,0.0063210879
999146,0.0090877758
999147,0.0060238107
999148,0.018903006
999149,0.013556985
999150,0.013504194
999151,0.006262925
999152,0.012191234
999153,0.0062205596
999154,0.01474035
999155,0.0080529386
999156,0.00696088
999157,0.0067964443
999158,0.0089570889
999159,0.012373622
999160,0.02030101
999161,0.014759019
999162,0.0061408547
999163,0.01529182
999164,0.0092435945
999165,0.0033674976
999166,0.0058399872
999167,0.012270221
999168,0.0091107534
999169,0.0090770051
999170,0.0085628731
999171,0.0062140971
999172,0.014845186
999173,0.0054174992
999174,0.0064000748
999175,0.0093972599
999176,0.012047537
999177,0.010517434
999178,0.0062198415
999179,0.020611931
999180,0.0071138269
999181,0.0092443125
999182,0.0059584673
999183,0.0092299515
999184,0.0063648899
999185,0.0090238685
999186,0.0065508676
999187,0.006786169
999188,0.039132152
999189,0.0090324851
999190,0.0061279298
999191,0.006227022
999192,0.014813592
999193,0.02204722
999194,0.023667997
999195,0.011420395
999196,0.0062090703
999197,0.01017851
999198,0.011776195
999199,0.0090475641
999200,0.0061444449
999201,0.00653507
999202,0.0094324453
999203,0.020944394
999204,0.016233915
999205,0.0062435376
999206,0.010061466
999207,0.0036796171
999208,0.011810662
999209,0.0066779642
999210,0.0019185818
999211,0.0062112249
999212,0.0060762293
999213,0.0091954852
999214,0.0096248854
999215,0.0092177447
999216,0.012280273
999217,0.0061013615
999218,0.0045835865
999219,0.015073529
999220,0.0065889247
999221,0.0088601504
999222,0.028894043
999223,0.0082473904
999224,0.014396398
999225,0.0088086585
999226,0.0089908373
999227,0.012956125
999228,0.015222886
999229,0.0066219554
999230,0.011753217
999231,0.009252212
999232,0.019829962
999233,0.011232248
999234,0.01753935
999235,0.01005644
999236,0.0061875288
999237,0.020337632
999238,0.0066614486
999239,0.014361213
999240,0.0064912685
999241,0.0062413835
999242,0.0064266431
999243,0.0056422995
999244,0.0069429288
999245,0.0091796871
999246,0.0066169291
999247,0.0092730355
999248,0.0093520219
999249,0.0061257756
999250,0.020136574
999251,0.0067612594
999252,0.0061020795
999253,0.012245089
999254,0.0076552448
999255,0.0096859206
999256,0.0062614889
999257,0.021162683
999258,0.0045675985
999259,0.0065946691
999260,0.0090073533
999261,0.011926269
999262,0.007100184
999263,0.0091014188
999264,0.010179228
999265,0.001051951
999266,0.0069314395
999267,0.0079496494
999268,0.0074498793
999269,0.009311093
999270,0.0042033684
999271,0.0056535713
999272,0.0087983971
999273,0.006380687
999274,0.0062421015
999275,0.0091014188
999276,0.02926169
999277,0.0073874081
999278,0.0096356561
999279,0.0064905505
999280,0.0065077837
999281,0.0061006434
999282,0.0072150733
999283,0.014746094
999284,0.0061695771
999285,0.0061889649
999286,0.010736939
999287,0.0093915155
999288,0.0065982593
999289,0.017765539
999290,0.011857335
999291,0.0090554627
999292,0.0092486218
999293,0.01006003
999294,0.0081942352
999295,0.0088163484
999296,0.0089362646
999297,0.0061465991
999298,0.0062327664
999299,0.0064661363
999300,0.0088888733
999301,0.009354894
999302,0.0061279298
999303,0.0067576687
999304,0.0092277974
999305,0.035605755
999306,0.011628993
999307,0.0013911234
999308,0.014975155
999309,0.0073823817
999310,0.0095932903
999311,0.008914005
999312,0.0085398955
999313,0.0094381897
999314,0.029148955
999315,0.0015528634
999316,0.0064718807
999317,0.0070125805
999318,0.0064833695
999319,0.0092723174
999320,0.0088235298
999321,0.014603199
999322,0.0061171586
999323,0.0066872989
999324,0.011782657
999325,0.0082150539
999326,0.011925551
999327,0.0091466568
999328,0.01233341
999329,0.012743423
999330,0.034263223
999331,0.0096852025
999332,0.013085937
999333,0.0070757698
999334,0.015514418
999335,0.012281709
999336,0.0089161592
999337,0.0092163086
999338,0.0073306812
999339,0.011671358
999340,0.012123737
999341,0.0063878675
999342,0.006558001
999343,0.0088149123
999344,0.0087890625
999345,0.0066449335
999346,0.014537138
999347,0.0072272806
999348,0.0091516832
999349,0.0062614889
999350,0.012263758
999351,0.0092069739
999352,0.006675092
999353,0.0086404243
999354,0.0060230927
999355,0.011937041
999356,0.0070815142
999357,0.006638471
999358,0.0066980696
999359,0.012223546
999360,0.0062966738
999361,0.0062061981
999362,0.024241729
999363,0.0092041017
999364,0.019447237
999365,0.0062413835
999366,0.011181593
999367,0.0091401944
999368,0.011179486
999369,0.0072990865
999370,0.012089987
999371,0.023047592
999372,0.0075762579
999373,0.017430922
999374,0.012075626
999375,0.0063936124
999376,0.017766258
999377,0.012377212
999378,0.0069048712
999379,0.0089850929
999380,0.007004682
999381,0.0062033259
999382,0.0058134189
999383,0.0058644013
999384,0.0067899814
999385,0.0085495375
999386,0.0091667622
999387,0.0083137061
999388,0.0062650791
999389,0.0086698644
999390,0.020553768
999391,0.0091861505
999392,0.0065379422
999393,0.018562768
999394,0.0062808767
999395,0.0066061579
999396,0.0091904588
999397,0.0090884939
999398,0.017181037
999399,0.012852568
999400,0.0086490409
999401,0.00908993
999402,0.013115378
999403,0.011623966
999404,0.0086985873
999405,0.0063347314
999406,0.004335803
999407,0.012113683
999408,0.006306727
999409,0.017499857
999410,0.009353458
999411,0.0091452207
999412,0.018439798
999413,0.011958582
999414,0.0091610178
999415,0.0091330139
999416,0.0089147231
999417,0.01112635
999418,0.0081335381
999419,0.017773438
999420,0.018030504
999421,0.0066951974
999422,0.00615378
999423,0.017269358
999424,0.013625919
999425,0.0062614889
999426,0.0089621153
999427,0.012225701
999428,0.0063648899
999429,0.0080993157
999430,0.0063031367
999431,0.0087136663
999432,0.014575914
999433,0.0066434974
999434,0.011822151
999435,0.0092033837
999436,0.0018385904
999437,0.007732077
999438,0.009619141
999439,0.0079482133
999440,0.0078881718
999441,0.010381721
999442,0.012978218
999443,0.0062600528
999444,0.01160386
999445,0.021919236
999446,0.030063931
999447,0.014907657
999448,0.014971565
999449,0.017293055
999450,0.010018382
999451,0.0083076609
999452,0.0090123797
999453,0.012125668
999454,0.0084277792
999455,0.0018279668
999456,0.0093355067
999457,0.0089836568
999458,0.009765625
999459,0.011868106
999460,0.0093197096
999461,0.020738309
999462,0.0071971221
999463,0.0081858914
999464,0.006996783
999465,0.011898265
999466,0.012373622
999467,0.023729032
999468,0.010870304
999469,0.012178309
999470,0.019312497
999471,0.011839384
999472,0.0072279987
999473,0.0082006659
999474,0.0091559915
999475,0.0089039523
999476,0.011898265
999477,0.012060547
999478,0.0076839672
999479,0.0075224033
999480,0.015696088
999481,0.012203441
999482,0.016958253
999483,0.0071224435
999484,0.0063275504
999485,0.0076825311
999486,0.012337
999487,0.0066786823
999488,0.011920525
999489,0.0091129076
999490,0.0091567095
999491,0.0091617359
999492,0.0075015798
999493,0.006380687
999494,0.0081923539
999495,0.0070750518
999496,0.0064912685
999497,0.011721622
999498,0.0064280792
999499,0.0082469266
999500,0.014671415
999501,0.0080053192
999502,0.012135225
999503,0.012074908
999504,0.0088709211
999505,0.0083365003
999506,0.0065286076
999507,0.0092881145
999508,0.026263786
999509,0.0093807448
999510,0.010358743
999511,0.0062650791
999512,0.010620835
999513,0.011695772
999514,0.0093405331
999515,0.017170984
999516,0.010634478
999517,0.009412339
999518,0.014855957
999519,0.012220674
999520,0.0072437958
999521,0.0061193132
999522,0.012074908
999523,0.02698113
999524,0.0075209672
999525,0.0069788317
999526,0.0024741101
999527,0.0054975599
999528,0.012146714
999529,0.0064345417
999530,0.0087431064
999531,0.028090762
999532,0.0094669117
999533,0.0070255054
999534,0.0063203699
999535,0.011746036
999536,0.015709732
999537,0.0074707032
999538,0.0061494717
999539,0.0063677621
999540,0.016135124
999541,0.012016745
999542,0.011139994
999543,0.01428421
999544,0.0081808651
999545,0.0091911769
999546,0.0064453124
999547,0.0063900216
999548,0.0063146255
999549,0.0066657569
999550,0.009105009
999551,0.002584348
999552,0.011901137
999553,0.01349954
999554,0.007635857
999555,0.007958984
999556,0.0090353573
999557,0.01167782
999558,0.010248162
999559,0.0074649588
999560,0.014650592
999561,0.011594526
999562,0.0090533085
999563,0.013747753
999564,0.011638328
999565,0.0090683885
999566,0.0070075542
999567,0.01103718
999568,0.017579561
999569,0.0061781937
999570,0.0091524012
999571,0.019320156
999572,0.01785386
999573,0.0063131894
999574,0.0091014188
999575,0.014529239
999576,0.0093139652
999577,0.0061659869
999578,0.0082419002
999579,0.0064072553
999580,0.01085261
999581,0.0091825593
999582,0.023077752
999583,0.01760613
999584,0.008372548
999585,0.039017264
999586,0.018011115
999587,0.009251494
999588,0.014234834
999589,0.020400103
999590,0.0063354494
999591,0.014659926
999592,0.0061925552
999593,0.0089154411
999594,0.009031049
999595,0.0063541187
999596,0.0080307908
999597,0.011922679
999598,0.0053113247
999599,0.0096141146
999600,0.0078893322
999601,0.015029009
999602,0.0067009423
999603,0.017566636
999604,0.020519301
999605,0.01920139
999606,0.0092256432
999607,0.013895192
999608,0.013648897
999609,0.0097541362
999610,0.0094324453
999611,0.01814683
999612,0.011523438
999613,0.0062902113
999614,0.0067346911
999615,0.0091940491
999616,0.0063541187
999617,0.0095315371
999618,0.0065975413
999619,0.0074778837
999620,0.0099551929
999621,0.0065027573
999622,0.0095379995
999623,0.0064654183
999624,0.0068050609
999625,0.0073120119
999626,0.011840102
999627,0.01328125
999628,0.016491786
999629,0.0073270909
999630,0.018176269
999631,0.0077450024
999632,0.0092313876
999633,0.02068661
999634,0.0064553656
999635,0.011802763
999636,0.0063620172
999637,0.0063038548
999638,0.014533548
999639,0.006248564
999640,0.0063964846
999641,0.0062054801
999642,0.012854883
999643,0.012167538
999644,0.0088967718
999645,0.013586096
999646,0.0094834268
999647,0.016763782
999648,0.020670813
999649,0.034924317
999650,0.0088737933
999651,0.01221493
999652,0.011960018
999653,0.01040039
999654,0.006424489
999655,0.0060661766
999656,0.018449204
999657,0.0062500001
999658,0.01551011
999659,0.009736903
999660,0.0088414811
999661,0.0067813648
999662,0.011926987
999663,0.039680034
999664,0.011893239
999665,0.010767319
999666,0.0088587143
999667,0.0094216736
999668,0.0060690488
999669,0.0069738054
999670,0.0077521829
999671,0.0061106961
999672,0.014684341
999673,0.017613769
999674,0.0072732363
999675,0.0063534006
999676,0.0065365061
999677,0.0089549348
999678,0.0064582378
999679,0.0096507352
999680,0.013763787
999681,0.009324736
999682,0.020484835
999683,0.014719525
999684,0.0064043831
999685,0.0063936124
999686,0.010426241
999687,0.012098604
999688,0.011761834
999689,0.0063189338
999690,0.0067451489
999691,0.013849287
999692,0.017876837
999693,0.0092026656
999694,0.0069436468
999695,0.010194307
999696,0.015166877
999697,0.013660386
999698,0.016692039
999699,0.0090159699
999700,0.0090145338
999701,0.0060431985
999702,0.0089613972
999703,0.0065214271
999704,0.0090863397
999705,0.0062909294
999706,0.012357824
999707,0.014438046
999708,0.0077213063
999709,0.0095537975
999710,0.0064230524
999711,0.0065422505
999712,0.015360754
999713,0.00688692
999714,0.0063419119
999715,0.029435461
999716,0.011664177
999717,0.011537799
999718,0.0063131894
999719,0.0089771943
999720,0.0092428764
999721,0.0066025676
999722,0.0078405039
999723,0.0063821231
999724,0.0076675382
999725,0.0089843748
999726,0.0091208061
999727,0.008121266
999728,0.0062600528
999729,0.006285185
999730,0.0064007929
999731,0.0088292742
999732,0.020737592
999733,0.011450914
999734,0.01020795
999735,0.0086918995
999736,0.01463264
999737,0.024987793
999738,0.013924063
999739,0.0061925552
999740,0.006240665
999741,0.0063239601
999742,0.020779239
999743,0.033269506
999744,0.0079916595
999745,0.036098152
999746,0.0066858628
999747,0.0064927046
999748,0.0086899698
999749,0.0089312382
999750,0.0091021368
999751,0.0089384187
999752,0.0013067469
999753,0.006307445
999754,0.0061465991
999755,0.0089628333
999756,0.015636489
999757,0.0080702836
999758,0.011882468
999759,0.0097756777
999760,0.0067784926
999761,0.0099501666
999762,0.012023208
999763,0.011883186
999764,0.0062959557
999765,0.008972886
999766,0.0064524929
999767,0.0061796298
999768,0.0095904181
999769,0.00657959
999770,0.0061817844
999771,0.0091660442
999772,0.0195329
999773,0.0095102843
999774,0.0068818936
999775,0.011926269
999776,0.014458152
999777,0.0062018898
999778,0.008898926
999779,0.0083479648
999780,0.0062787225
999781,0.015242992
999782,0.0064316695
999783,0.011845129
999784,0.015428252
999785,0.0061214673
999786,0.0073105758
999787,0.0096076513
999788,0.0086691463
999789,0.0092680091
999790,0.01912052
999791,0.016613051
999792,0.0088465074
999793,0.0058866614
999794,0.00997472
999795,0.0062054801
999796,0.0092191808
999797,0.0067799287
999798,0.0061609605
999799,0.0096550435
999800,0.01200023
999801,0.0055668596
999802,0.0089118509
999803,0.011912626
999804,0.0095616961
999805,0.0062205596
999806,0.0078031654
999807,0.0068714037
999808,0.0091545554
999809,0.010638714
999810,0.0082756495
999811,0.0088809747
999812,0.011131782
999813,0.0063534006
999814,0.0095222024
999815,0.0073766373
999816,0.015387322
999817,0.0066585764
999818,0.0063577089
999819,0.0075687855
999820,0.0064051012
999821,0.014692958
999822,0.0089613972
999823,0.0065142461
999824,0.01185949
999825,0.013501694
999826,0.012274529
999827,0.0089075426
999828,0.0092866784
999829,0.0067540784
999830,0.0064431583
999831,0.0093118111
999832,0.0074793198
999833,0.0080056582
999834,0.0091732247
999835,0.0091667622
999836,0.0084251137
999837,0.011870978
999838,0.0064338236
999839,0.014507698
999840,0.0062184054
999841,0.020615522
999842,0.0078038834
999843,0.018141085
999844,0.013117532
999845,0.017743997
999846,0.012059111
999847,0.0095545156
999848,0.0063332953
999849,0.0097290035
999850,0.017546223
999851,0.0076361247
999852,0.0091100354
999853,0.0063648899
999854,0.0088515338
999855,0.011698645
999856,0.0062392289
999857,0.029566148
999858,0.019870175
999859,0.0089750402
999860,0.0079273898
999861,0.013701683
999862,0.0088630226
999863,0.011822151
999864,0.0091847135
999865,0.0066492418
999866,0.0062212776
999867,0.0064912685
999868,0.014849494
999869,0.020766314
999870,0.0090827495
999871,0.0094956346
999872,0.012040441
999873,0.010509536
999874,0.0091423485
999875,0.005615429
999876,0.011986586
999877,0.0094008502
999878,0.011881032
999879,0.014547191
999880,0.0064043831
999881,0.0068380916
999882,0.0082427384
999883,0.014951459
999884,0.0061731674
999885,0.0065767178
999886,0.020330451
999887,0.0091279875
999888,0.0065846164
999889,0.0061128503
999890,0.0067052506
999891,0.017810777
999892,0.0087890625
999893,0.0068732766
999894,0.0065494315
999895,0.0065006032
999896,0.0062054801
999897,0.015516573
999898,0.023432473
999899,0.012214212
999900,0.0058493223
999901,0.0099974545
999902,0.016704964
999903,0.0064287973
999904,0.0091064451
999905,0.0062794406
999906,0.0066837086
999907,0.022726065
999908,0.0069996552
999909,0.017614027
999910,0.0061171586
999911,0.011800609
999912,0.014986644
999913,0.012005975
999914,0.01493638
999915,0.0063483743
999916,0.0091976393
999917,0.0083818436
999918,0.0082016885
999919,0.011901137
999920,0.0089341104
999921,0.0065896427
999922,0.0096974093
999923,0.0089204675
999924,0.0059714164
999925,0.0055360179
999926,0.011519847
999927,0.0063735065
999928,0.0060604322
999929,0.0089843748
999930,0.01229607
999931,0.017638441
999932,0.0061078239
999933,0.012109375
999934,0.0091452207
999935,0.00804877
999936,0.0090877758
999937,0.0018528749
999938,0.0032036607
999939,0.0061623966
999940,0.0091409124
999941,0.0088465074
999942,0.019405549
999943,0.023651386
999944,0.0063885855
999945,0.013281968
999946,0.0063390397
999947,0.011980124
999948,0.0063476563
999949,0.0080056582
999950,0.0064769071
999951,0.0093750004
999952,0.009339815
999953,0.0077019185
999954,0.009076287
999955,0.007716998
999956,0.0093333526
999957,0.012139534
999958,0.0093620745
999959,0.0067490521
999960,0.0091243964
999961,0.0064517749
999962,0.0091452207
999963,0.0098747704
999964,0.020622702
999965,0.0066061579
999966,0.022511585
999967,0.013269761
999968,0.0094288541
999969,0.0081826653
999970,0.011802045
999971,0.017499138
999972,0.014486155
999973,0.0091509651
999974,0.012097886
999975,0.0098546641
999976,0.0065652286
999977,0.0061889649
999978,0.0092996033
999979,0.012386546
999980,0.0079523064
999981,0.0068495804
999982,0.008723719
999983,0.0062311497
999984,0.010340791
999985,0.0087215649
999986,0.0063756607
999987,0.011974379
999988,0.012161075
999989,0.0019853229
999990,0.0089714499
999991,0.0090367934
999992,0.0063354494
999993,0.0063404758
999994,0.012327665
999995,0.032238051
999996,0.013287713
999997,0.0084027462
999998,0.017134583
999999,0.012465533
