LECROYHDO6104B,11090,Waveform
Segments,1,SegmentSize,10002
Segment,TrigTime,TimeSinceSegment1
#1,04-May-2026 17:15:52,0                 
Time,Ampl
-2.160586e-07,-0.0061181698
-2.159586e-07,-0.0060916016
-2.158586e-07,-0.0060578527
-2.157586e-07,-0.0060327206
-2.156586e-07,-0.0060269761
-2.155586e-07,-0.0060420554
-2.154586e-07,-0.0060679056
-2.153586e-07,-0.0060901654
-2.152586e-07,-0.006097346
-2.151586e-07,-0.006085139
-2.150586e-07,-0.0060600069
-2.149586e-07,-0.0060327206
-2.148586e-07,-0.006013333
-2.147586e-07,-0.0060075885
-2.146586e-07,-0.0060118968
-2.145586e-07,-0.0060212316
-2.144586e-07,-0.0060284122
-2.143586e-07,-0.0060312845
-2.142586e-07,-0.0060312845
-2.141586e-07,-0.0060327206
-2.140586e-07,-0.006037747
-2.139586e-07,-0.0060442096
-2.138586e-07,-0.0060485179
-2.137586e-07,-0.0060442096
-2.136586e-07,-0.0060305664
-2.135586e-07,-0.0060111788
-2.134586e-07,-0.0059939453
-2.133586e-07,-0.0059867647
-2.132586e-07,-0.0059932273
-2.131586e-07,-0.0060104607
-2.130586e-07,-0.0060305664
-2.129586e-07,-0.0060442096
-2.128586e-07,-0.0060470818
-2.127586e-07,-0.0060391831
-2.126586e-07,-0.0060276942
-2.125586e-07,-0.0060212316
-2.124586e-07,-0.0060241039
-2.123586e-07,-0.0060363109
-2.122586e-07,-0.0060528263
-2.121586e-07,-0.0060671875
-2.120586e-07,-0.0060743681
-2.119586e-07,-0.0060758042
-2.118586e-07,-0.0060750862
-2.117586e-07,-0.0060786765
-2.116586e-07,-0.0060887293
-2.115586e-07,-0.0061038086
-2.114586e-07,-0.0061174517
-2.113586e-07,-0.0061246324
-2.112586e-07,-0.0061217601
-2.111586e-07,-0.0061131434
-2.110586e-07,-0.0061038086
-2.109586e-07,-0.0061016544
-2.108586e-07,-0.0061102711
-2.107586e-07,-0.0061267865
-2.106586e-07,-0.0061454561
-2.105586e-07,-0.0061590993
-2.104586e-07,-0.0061634076
-2.103586e-07,-0.0061583812
-2.102586e-07,-0.0061512006
-2.101586e-07,-0.0061476103
-2.100586e-07,-0.0061512006
-2.099586e-07,-0.0061612534
-2.098586e-07,-0.0061734605
-2.097586e-07,-0.0061820772
-2.096586e-07,-0.0061842314
-2.095586e-07,-0.0061820772
-2.094586e-07,-0.006179205
-2.093586e-07,-0.0061820772
-2.092586e-07,-0.0061921301
-2.091586e-07,-0.0062086455
-2.090586e-07,-0.006226597
-2.089586e-07,-0.0062395221
-2.088586e-07,-0.0062459846
-2.087586e-07,-0.0062474207
-2.086586e-07,-0.0062481388
-2.085586e-07,-0.006251011
-2.084586e-07,-0.0062574736
-2.083586e-07,-0.0062646542
-2.082586e-07,-0.0062675264
-2.081586e-07,-0.0062625
-2.080586e-07,-0.006250293
-2.079586e-07,-0.0062352137
-2.078586e-07,-0.0062258789
-2.077586e-07,-0.0062280331
-2.076586e-07,-0.0062416762
-2.075586e-07,-0.0062625
-2.074586e-07,-0.0062797335
-2.073586e-07,-0.0062854779
-2.072586e-07,-0.0062768612
-2.071586e-07,-0.0062567555
-2.070586e-07,-0.0062337776
-2.069586e-07,-0.0062165441
-2.068586e-07,-0.0062100816
-2.067586e-07,-0.0062122358
-2.066586e-07,-0.0062165441
-2.065586e-07,-0.0062165441
-2.064586e-07,-0.0062079274
-2.063586e-07,-0.0061942842
-2.062586e-07,-0.0061827953
-2.061586e-07,-0.0061820772
-2.060586e-07,-0.0061957204
-2.059586e-07,-0.0062208525
-2.058586e-07,-0.0062467027
-2.057586e-07,-0.0062625
-2.056586e-07,-0.0062589097
-2.055586e-07,-0.0062344956
-2.054586e-07,-0.0061971565
-2.053586e-07,-0.0061590993
-2.052586e-07,-0.006132531
-2.051586e-07,-0.0061231962
-2.050586e-07,-0.0061303768
-2.049586e-07,-0.0061476103
-2.048586e-07,-0.0061641257
-2.047586e-07,-0.0061727424
-2.046586e-07,-0.0061698702
-2.045586e-07,-0.0061590993
-2.044586e-07,-0.0061447381
-2.043586e-07,-0.0061332491
-2.042586e-07,-0.0061267865
-2.041586e-07,-0.0061246324
-2.040586e-07,-0.0061253504
-2.039586e-07,-0.0061246324
-2.038586e-07,-0.006121042
-2.037586e-07,-0.0061131434
-2.036586e-07,-0.0061023725
-2.035586e-07,-0.0060901654
-2.034586e-07,-0.0060772403
-2.033586e-07,-0.0060671875
-2.032586e-07,-0.006060725
-2.031586e-07,-0.006060725
-2.030586e-07,-0.0060671875
-2.029586e-07,-0.0060786765
-2.028586e-07,-0.0060923196
-2.027586e-07,-0.0061038086
-2.026586e-07,-0.006108117
-2.025586e-07,-0.0061016544
-2.024586e-07,-0.0060858571
-2.023586e-07,-0.0060657514
-2.022586e-07,-0.0060456457
-2.021586e-07,-0.0060327206
-2.020586e-07,-0.0060298483
-2.019586e-07,-0.006037029
-2.018586e-07,-0.0060506721
-2.017586e-07,-0.0060671875
-2.016586e-07,-0.0060815487
-2.015586e-07,-0.0060930377
-2.014586e-07,-0.0060995002
-2.013586e-07,-0.0061016544
-2.012586e-07,-0.0061002183
-2.011586e-07,-0.0060959099
-2.010586e-07,-0.0060880113
-2.009586e-07,-0.0060786765
-2.008586e-07,-0.0060707778
-2.007586e-07,-0.0060664694
-2.006586e-07,-0.0060693417
-2.005586e-07,-0.0060786765
-2.004586e-07,-0.0060916016
-2.003586e-07,-0.0061038086
-2.002586e-07,-0.0061117073
-2.001586e-07,-0.0061131434
-2.000586e-07,-0.0061109892
-1.999586e-07,-0.0061109892
-1.998586e-07,-0.0061188879
-1.997586e-07,-0.0061361213
-1.996586e-07,-0.0061619715
-1.995586e-07,-0.0061906939
-1.994586e-07,-0.0062143899
-1.993586e-07,-0.0062280331
-1.992586e-07,-0.0062309053
-1.991586e-07,-0.006226597
-1.990586e-07,-0.0062208525
-1.989586e-07,-0.0062165441
-1.988586e-07,-0.0062158261
-1.987586e-07,-0.0062165441
-1.986586e-07,-0.0062136719
-1.985586e-07,-0.0062050551
-1.984586e-07,-0.0061928481
-1.983586e-07,-0.0061806411
-1.982586e-07,-0.0061763327
-1.981586e-07,-0.0061820772
-1.980586e-07,-0.0061971565
-1.979586e-07,-0.006215108
-1.978586e-07,-0.0062280331
-1.977586e-07,-0.0062280331
-1.976586e-07,-0.0062143899
-1.975586e-07,-0.006191412
-1.974586e-07,-0.0061662799
-1.973586e-07,-0.0061476103
-1.972586e-07,-0.0061375574
-1.971586e-07,-0.0061339671
-1.970586e-07,-0.006131813
-1.969586e-07,-0.0061246324
-1.968586e-07,-0.0061109892
-1.967586e-07,-0.0060944738
-1.966586e-07,-0.0060815487
-1.965586e-07,-0.0060786765
-1.964586e-07,-0.0060872932
-1.963586e-07,-0.0061030905
-1.962586e-07,-0.0061181698
-1.961586e-07,-0.0061246324
-1.960586e-07,-0.0061181698
-1.959586e-07,-0.0061002183
-1.958586e-07,-0.0060808307
-1.957586e-07,-0.0060671875
-1.956586e-07,-0.0060671875
-1.955586e-07,-0.0060808307
-1.954586e-07,-0.0061023725
-1.953586e-07,-0.0061246324
-1.952586e-07,-0.0061397116
-1.951586e-07,-0.0061454561
-1.950586e-07,-0.0061425839
-1.949586e-07,-0.0061361213
-1.948586e-07,-0.0061303768
-1.947586e-07,-0.0061275046
-1.946586e-07,-0.0061267865
-1.945586e-07,-0.0061246324
-1.944586e-07,-0.006120324
-1.943586e-07,-0.0061131434
-1.942586e-07,-0.0061059628
-1.941586e-07,-0.0061016544
-1.940586e-07,-0.0061030905
-1.939586e-07,-0.006108835
-1.938586e-07,-0.0061167337
-1.937586e-07,-0.0061246324
-1.936586e-07,-0.0061303768
-1.935586e-07,-0.0061346852
-1.934586e-07,-0.0061397116
-1.933586e-07,-0.0061476103
-1.932586e-07,-0.0061576631
-1.931586e-07,-0.0061684341
-1.930586e-07,-0.0061770508
-1.929586e-07,-0.0061820772
-1.928586e-07,-0.0061842314
-1.927586e-07,-0.0061871036
-1.926586e-07,-0.0061928481
-1.925586e-07,-0.0062050551
-1.924586e-07,-0.0062201344
-1.923586e-07,-0.0062344956
-1.922586e-07,-0.0062416762
-1.921586e-07,-0.0062395221
-1.920586e-07,-0.0062301873
-1.919586e-07,-0.0062201344
-1.918586e-07,-0.0062172622
-1.917586e-07,-0.0062280331
-1.916586e-07,-0.0062517291
-1.915586e-07,-0.0062818876
-1.914586e-07,-0.0063113281
-1.913586e-07,-0.0063314338
-1.912586e-07,-0.0063400506
-1.911586e-07,-0.0063407686
-1.910586e-07,-0.0063393325
-1.909586e-07,-0.0063429228
-1.908586e-07,-0.0063536937
-1.907586e-07,-0.0063680549
-1.906586e-07,-0.0063816981
-1.905586e-07,-0.0063888787
-1.904586e-07,-0.0063888787
-1.903586e-07,-0.0063867245
-1.902586e-07,-0.0063881606
-1.901586e-07,-0.0064003676
-1.900586e-07,-0.0064233456
-1.899586e-07,-0.0064527861
-1.898586e-07,-0.0064786363
-1.897586e-07,-0.0064922794
-1.896586e-07,-0.0064901252
-1.895586e-07,-0.0064743279
-1.894586e-07,-0.0064527861
-1.893586e-07,-0.0064348346
-1.892586e-07,-0.0064254998
-1.891586e-07,-0.0064262178
-1.890586e-07,-0.0064312443
-1.889586e-07,-0.0064348346
-1.888586e-07,-0.0064333984
-1.887586e-07,-0.0064269359
-1.886586e-07,-0.0064183192
-1.885586e-07,-0.0064118566
-1.884586e-07,-0.0064082663
-1.883586e-07,-0.0064061121
-1.882586e-07,-0.0064010857
-1.881586e-07,-0.0063888787
-1.880586e-07,-0.0063702091
-1.879586e-07,-0.0063486673
-1.878586e-07,-0.0063299977
-1.877586e-07,-0.0063199449
-1.876586e-07,-0.0063192268
-1.875586e-07,-0.0063228171
-1.874586e-07,-0.0063249713
-1.873586e-07,-0.0063199449
-1.872586e-07,-0.0063063017
-1.871586e-07,-0.0062876321
-1.870586e-07,-0.0062711167
-1.869586e-07,-0.0062625
-1.868586e-07,-0.0062632181
-1.867586e-07,-0.0062689625
-1.866586e-07,-0.006274707
-1.865586e-07,-0.006273989
-1.864586e-07,-0.0062660903
-1.863586e-07,-0.0062531652
-1.862586e-07,-0.0062431124
-1.861586e-07,-0.0062395221
-1.860586e-07,-0.0062431124
-1.859586e-07,-0.0062481388
-1.858586e-07,-0.0062488568
-1.857586e-07,-0.0062395221
-1.856586e-07,-0.0062201344
-1.855586e-07,-0.0061971565
-1.854586e-07,-0.0061784869
-1.853586e-07,-0.0061705882
-1.852586e-07,-0.0061734605
-1.851586e-07,-0.0061820772
-1.850586e-07,-0.0061871036
-1.849586e-07,-0.0061820772
-1.848586e-07,-0.0061655618
-1.847586e-07,-0.0061433019
-1.846586e-07,-0.0061231962
-1.845586e-07,-0.0061131434
-1.844586e-07,-0.0061138614
-1.843586e-07,-0.006121042
-1.842586e-07,-0.0061267865
-1.841586e-07,-0.0061246324
-1.840586e-07,-0.0061152976
-1.839586e-07,-0.0061045267
-1.838586e-07,-0.0061023725
-1.837586e-07,-0.0061131434
-1.836586e-07,-0.0061368394
-1.835586e-07,-0.0061641257
-1.834586e-07,-0.0061820772
-1.833586e-07,-0.0061820772
-1.832586e-07,-0.0061626896
-1.831586e-07,-0.006132531
-1.830586e-07,-0.0061038086
-1.829586e-07,-0.0060901654
-1.828586e-07,-0.0060951919
-1.827586e-07,-0.0061138614
-1.826586e-07,-0.0061346852
-1.825586e-07,-0.0061476103
-1.824586e-07,-0.0061483284
-1.823586e-07,-0.0061411477
-1.822586e-07,-0.0061375574
-1.821586e-07,-0.0061476103
-1.820586e-07,-0.0061741785
-1.819586e-07,-0.0062100816
-1.818586e-07,-0.0062438304
-1.817586e-07,-0.0062625
-1.816586e-07,-0.0062596278
-1.815586e-07,-0.0062409582
-1.814586e-07,-0.0062179802
-1.813586e-07,-0.0062050551
-1.812586e-07,-0.0062100816
-1.811586e-07,-0.0062301873
-1.810586e-07,-0.0062560375
-1.809586e-07,-0.006273989
-1.808586e-07,-0.0062768612
-1.807586e-07,-0.0062646542
-1.806586e-07,-0.0062481388
-1.805586e-07,-0.0062395221
-1.804586e-07,-0.0062474207
-1.803586e-07,-0.0062703987
-1.802586e-07,-0.0062991211
-1.801586e-07,-0.0063199449
-1.800586e-07,-0.006322099
-1.799586e-07,-0.0063034295
-1.798586e-07,-0.0062718348
-1.797586e-07,-0.0062395221
-1.796586e-07,-0.0062194164
-1.795586e-07,-0.0062172622
-1.794586e-07,-0.0062301873
-1.793586e-07,-0.006251011
-1.792586e-07,-0.0062696806
-1.791586e-07,-0.0062797335
-1.790586e-07,-0.0062833238
-1.789586e-07,-0.0062854779
-1.788586e-07,-0.0062926585
-1.787586e-07,-0.0063077378
-1.786586e-07,-0.0063307158
-1.785586e-07,-0.0063544118
-1.784586e-07,-0.0063730813
-1.783586e-07,-0.0063831342
-1.782586e-07,-0.0063831342
-1.781586e-07,-0.0063773897
-1.780586e-07,-0.0063709272
-1.779586e-07,-0.0063673369
-1.778586e-07,-0.0063702091
-1.777586e-07,-0.0063773897
-1.776586e-07,-0.0063888787
-1.775586e-07,-0.0064032399
-1.774586e-07,-0.0064190372
-1.773586e-07,-0.0064348346
-1.772586e-07,-0.0064499138
-1.771586e-07,-0.0064606847
-1.770586e-07,-0.0064671473
-1.769586e-07,-0.0064693015
-1.768586e-07,-0.0064685834
-1.767586e-07,-0.0064685834
-1.766586e-07,-0.0064728918
-1.765586e-07,-0.0064807904
-1.764586e-07,-0.0064894072
-1.763586e-07,-0.0064944336
-1.762586e-07,-0.0064915614
-1.761586e-07,-0.0064807904
-1.760586e-07,-0.0064671473
-1.759586e-07,-0.0064578125
-1.758586e-07,-0.0064621209
-1.757586e-07,-0.0064807904
-1.756586e-07,-0.006510949
-1.755586e-07,-0.0065411075
-1.754586e-07,-0.0065604952
-1.753586e-07,-0.0065612132
-1.752586e-07,-0.0065432617
-1.751586e-07,-0.0065145393
-1.750586e-07,-0.0064865349
-1.749586e-07,-0.0064693015
-1.748586e-07,-0.0064664292
-1.747586e-07,-0.0064743279
-1.746586e-07,-0.0064858169
-1.745586e-07,-0.0064922794
-1.744586e-07,-0.0064915614
-1.743586e-07,-0.0064850988
-1.742586e-07,-0.0064800724
-1.741586e-07,-0.0064807904
-1.740586e-07,-0.0064894072
-1.739586e-07,-0.0065016142
-1.738586e-07,-0.006511667
-1.737586e-07,-0.0065152574
-1.736586e-07,-0.0065123851
-1.735586e-07,-0.0065073587
-1.734586e-07,-0.0065073587
-1.733586e-07,-0.0065152574
-1.732586e-07,-0.0065296186
-1.731586e-07,-0.0065432617
-1.730586e-07,-0.0065482881
-1.729586e-07,-0.0065382353
-1.728586e-07,-0.0065166935
-1.727586e-07,-0.0064929975
-1.726586e-07,-0.0064779182
-1.725586e-07,-0.0064807904
-1.724586e-07,-0.0065008961
-1.723586e-07,-0.0065289005
-1.722586e-07,-0.0065518784
-1.721586e-07,-0.0065612132
-1.720586e-07,-0.0065533146
-1.719586e-07,-0.0065353631
-1.718586e-07,-0.0065195657
-1.717586e-07,-0.0065152574
-1.716586e-07,-0.0065245921
-1.715586e-07,-0.0065411075
-1.714586e-07,-0.0065533146
-1.713586e-07,-0.0065497243
-1.712586e-07,-0.0065281824
-1.711586e-07,-0.0064951517
-1.710586e-07,-0.006463557
-1.709586e-07,-0.0064463235
-1.708586e-07,-0.0064477597
-1.707586e-07,-0.006463557
-1.706586e-07,-0.0064829446
-1.705586e-07,-0.0064922794
-1.704586e-07,-0.0064858169
-1.703586e-07,-0.0064664292
-1.702586e-07,-0.0064420152
-1.701586e-07,-0.0064233456
-1.700586e-07,-0.0064154469
-1.699586e-07,-0.006416165
-1.698586e-07,-0.0064176011
-1.697586e-07,-0.0064118566
-1.696586e-07,-0.0063953412
-1.695586e-07,-0.0063723633
-1.694586e-07,-0.0063522576
-1.693586e-07,-0.0063429228
-1.692586e-07,-0.0063465131
-1.691586e-07,-0.0063565659
-1.690586e-07,-0.0063623104
-1.689586e-07,-0.0063544118
-1.688586e-07,-0.0063292796
-1.687586e-07,-0.0062933766
-1.686586e-07,-0.0062596278
-1.685586e-07,-0.0062395221
-1.684586e-07,-0.006238804
-1.683586e-07,-0.0062546013
-1.682586e-07,-0.006273989
-1.681586e-07,-0.0062854779
-1.680586e-07,-0.0062826057
-1.679586e-07,-0.0062675264
-1.678586e-07,-0.0062495749
-1.677586e-07,-0.0062395221
-1.676586e-07,-0.0062431124
-1.675586e-07,-0.0062567555
-1.674586e-07,-0.0062711167
-1.673586e-07,-0.006273989
-1.672586e-07,-0.0062603458
-1.671586e-07,-0.0062323415
-1.670586e-07,-0.0062021829
-1.669586e-07,-0.0061820772
-1.668586e-07,-0.0061813591
-1.667586e-07,-0.0061993107
-1.666586e-07,-0.006226597
-1.665586e-07,-0.006251011
-1.664586e-07,-0.0062632181
-1.663586e-07,-0.0062610639
-1.662586e-07,-0.0062495749
-1.661586e-07,-0.0062395221
-1.660586e-07,-0.0062395221
-1.659586e-07,-0.0062517291
-1.658586e-07,-0.0062732709
-1.657586e-07,-0.0062969669
-1.656586e-07,-0.0063170726
-1.655586e-07,-0.0063321519
-1.654586e-07,-0.0063429228
-1.653586e-07,-0.0063544118
-1.652586e-07,-0.0063680549
-1.651586e-07,-0.0063831342
-1.650586e-07,-0.0063953412
-1.649586e-07,-0.0064003676
-1.648586e-07,-0.0063982135
-1.647586e-07,-0.006393187
-1.646586e-07,-0.0063917509
-1.645586e-07,-0.0064003676
-1.644586e-07,-0.0064211914
-1.643586e-07,-0.0064506319
-1.642586e-07,-0.0064807904
-1.641586e-07,-0.0065037684
-1.640586e-07,-0.0065166935
-1.639586e-07,-0.0065210018
-1.638586e-07,-0.006522438
-1.637586e-07,-0.0065267463
-1.636586e-07,-0.0065353631
-1.635586e-07,-0.006546134
-1.634586e-07,-0.0065525965
-1.633586e-07,-0.0065497243
-1.632586e-07,-0.0065375172
-1.631586e-07,-0.006522438
-1.630586e-07,-0.0065123851
-1.629586e-07,-0.0065152574
-1.628586e-07,-0.0065324908
-1.627586e-07,-0.0065576229
-1.626586e-07,-0.006582037
-1.625586e-07,-0.0065956801
-1.624586e-07,-0.0065949621
-1.623586e-07,-0.0065834731
-1.622586e-07,-0.0065691119
-1.621586e-07,-0.0065612132
-1.620586e-07,-0.0065648035
-1.619586e-07,-0.0065777286
-1.618586e-07,-0.006594244
-1.617586e-07,-0.0066071691
-1.616586e-07,-0.0066129136
-1.615586e-07,-0.0066129136
-1.614586e-07,-0.0066129136
-1.613586e-07,-0.0066186581
-1.612586e-07,-0.0066315832
-1.611586e-07,-0.0066480986
-1.610586e-07,-0.0066610237
-1.609586e-07,-0.006664614
-1.608586e-07,-0.0066588695
-1.607586e-07,-0.0066480986
-1.606586e-07,-0.0066401999
-1.605586e-07,-0.006641636
-1.604586e-07,-0.0066524069
-1.603586e-07,-0.006665332
-1.602586e-07,-0.0066717946
-1.601586e-07,-0.006664614
-1.600586e-07,-0.0066430722
-1.599586e-07,-0.0066165039
-1.598586e-07,-0.0065963982
-1.597586e-07,-0.0065956801
-1.596586e-07,-0.006617222
-1.595586e-07,-0.0066545611
-1.594586e-07,-0.0066947725
-1.593586e-07,-0.0067220588
-1.592586e-07,-0.0067285214
-1.591586e-07,-0.0067155963
-1.590586e-07,-0.0066940545
-1.589586e-07,-0.0066761029
-1.588586e-07,-0.0066732307
-1.587586e-07,-0.0066861558
-1.586586e-07,-0.0067098518
-1.585586e-07,-0.0067335478
-1.584586e-07,-0.0067486271
-1.583586e-07,-0.0067522174
-1.582586e-07,-0.0067486271
-1.581586e-07,-0.0067450368
-1.580586e-07,-0.0067493451
-1.579586e-07,-0.0067651425
-1.578586e-07,-0.0067881204
-1.577586e-07,-0.0068139706
-1.576586e-07,-0.0068362305
-1.575586e-07,-0.0068520278
-1.574586e-07,-0.0068627987
-1.573586e-07,-0.0068714154
-1.572586e-07,-0.0068807502
-1.571586e-07,-0.0068908031
-1.570586e-07,-0.0069001379
-1.569586e-07,-0.0069058824
-1.568586e-07,-0.0069080365
-1.567586e-07,-0.0069101907
-1.566586e-07,-0.0069159352
-1.565586e-07,-0.0069288603
-1.564586e-07,-0.006948966
-1.563586e-07,-0.0069719439
-1.562586e-07,-0.0069898955
-1.561586e-07,-0.0069977941
-1.560586e-07,-0.0069942038
-1.559586e-07,-0.0069834329
-1.558586e-07,-0.0069740981
-1.557586e-07,-0.0069748162
-1.556586e-07,-0.0069884593
-1.555586e-07,-0.0070114373
-1.554586e-07,-0.0070365694
-1.553586e-07,-0.007055239
-1.552586e-07,-0.0070624196
-1.551586e-07,-0.0070602654
-1.550586e-07,-0.007055239
-1.549586e-07,-0.007055239
-1.548586e-07,-0.0070660099
-1.547586e-07,-0.0070861156
-1.546586e-07,-0.0071083755
-1.545586e-07,-0.0071241728
-1.544586e-07,-0.007127045
-1.543586e-07,-0.0071162741
-1.542586e-07,-0.0070976045
-1.541586e-07,-0.0070782169
-1.540586e-07,-0.0070660099
-1.539586e-07,-0.0070645738
-1.538586e-07,-0.0070703182
-1.537586e-07,-0.0070782169
-1.536586e-07,-0.0070825253
-1.535586e-07,-0.0070803711
-1.534586e-07,-0.0070731905
-1.533586e-07,-0.0070667279
-1.532586e-07,-0.0070645738
-1.531586e-07,-0.0070688821
-1.530586e-07,-0.007078935
-1.529586e-07,-0.0070897059
-1.528586e-07,-0.0070976045
-1.527586e-07,-0.0070997587
-1.526586e-07,-0.0070961684
-1.525586e-07,-0.0070897059
-1.524586e-07,-0.0070825253
-1.523586e-07,-0.0070760627
-1.522586e-07,-0.0070717544
-1.521586e-07,-0.0070667279
-1.520586e-07,-0.0070617015
-1.519586e-07,-0.007055239
-1.518586e-07,-0.0070494945
-1.517586e-07,-0.00704375
-1.516586e-07,-0.0070387236
-1.515586e-07,-0.0070336972
-1.514586e-07,-0.0070279527
-1.513586e-07,-0.0070207721
-1.512586e-07,-0.0070135915
-1.511586e-07,-0.007008565
-1.510586e-07,-0.0070071289
-1.509586e-07,-0.0070092831
-1.508586e-07,-0.0070135915
-1.507586e-07,-0.0070164637
-1.506586e-07,-0.0070150276
-1.505586e-07,-0.0070092831
-1.504586e-07,-0.0070013844
-1.503586e-07,-0.0069970761
-1.502586e-07,-0.0069992302
-1.501586e-07,-0.0070092831
-1.500586e-07,-0.0070229262
-1.499586e-07,-0.0070329791
-1.498586e-07,-0.0070329791
-1.497586e-07,-0.0070207721
-1.496586e-07,-0.0069985122
-1.495586e-07,-0.0069740981
-1.494586e-07,-0.0069568647
-1.493586e-07,-0.0069518382
-1.492586e-07,-0.0069583008
-1.491586e-07,-0.0069705078
-1.490586e-07,-0.0069784065
-1.489586e-07,-0.0069748162
-1.488586e-07,-0.0069590188
-1.487586e-07,-0.0069346048
-1.486586e-07,-0.0069109088
-1.485586e-07,-0.0068943934
-1.484586e-07,-0.0068879308
-1.483586e-07,-0.0068886489
-1.482586e-07,-0.006889367
-1.481586e-07,-0.0068829044
-1.480586e-07,-0.0068671071
-1.479586e-07,-0.0068441291
-1.478586e-07,-0.0068211512
-1.477586e-07,-0.0068024816
-1.476586e-07,-0.0067917107
-1.475586e-07,-0.0067874023
-1.474586e-07,-0.0067845301
-1.473586e-07,-0.0067795037
-1.472586e-07,-0.0067723231
-1.471586e-07,-0.0067672966
-1.470586e-07,-0.0067687328
-1.469586e-07,-0.0067795037
-1.468586e-07,-0.0067974552
-1.467586e-07,-0.0068154067
-1.466586e-07,-0.0068225873
-1.465586e-07,-0.0068139706
-1.464586e-07,-0.0067888385
-1.463586e-07,-0.0067558077
-1.462586e-07,-0.0067263672
-1.461586e-07,-0.0067105699
-1.460586e-07,-0.006712724
-1.459586e-07,-0.0067292394
-1.458586e-07,-0.0067507812
-1.457586e-07,-0.0067680147
-1.456586e-07,-0.0067759134
-1.455586e-07,-0.0067751953
-1.454586e-07,-0.0067744773
-1.453586e-07,-0.0067795037
-1.452586e-07,-0.006794583
-1.451586e-07,-0.0068154067
-1.450586e-07,-0.0068362305
-1.449586e-07,-0.0068484375
-1.448586e-07,-0.0068477194
-1.447586e-07,-0.0068369485
-1.446586e-07,-0.0068233054
-1.445586e-07,-0.0068139706
-1.444586e-07,-0.0068139706
-1.443586e-07,-0.0068233054
-1.442586e-07,-0.0068369485
-1.441586e-07,-0.0068484375
-1.440586e-07,-0.0068556181
-1.439586e-07,-0.0068599265
-1.438586e-07,-0.0068642348
-1.437586e-07,-0.0068714154
-1.436586e-07,-0.0068814683
-1.435586e-07,-0.006890085
-1.434586e-07,-0.0068915211
-1.433586e-07,-0.0068829044
-1.432586e-07,-0.006865671
-1.431586e-07,-0.0068470014
-1.430586e-07,-0.0068355124
-1.429586e-07,-0.0068369485
-1.428586e-07,-0.0068505917
-1.427586e-07,-0.0068678251
-1.426586e-07,-0.0068771599
-1.425586e-07,-0.0068714154
-1.424586e-07,-0.0068491556
-1.423586e-07,-0.006818279
-1.422586e-07,-0.0067917107
-1.421586e-07,-0.0067795037
-1.420586e-07,-0.0067852482
-1.419586e-07,-0.0068024816
-1.418586e-07,-0.0068197151
-1.417586e-07,-0.0068254596
-1.416586e-07,-0.0068154067
-1.415586e-07,-0.0067931468
-1.414586e-07,-0.0067694508
-1.413586e-07,-0.0067565257
-1.412586e-07,-0.006760116
-1.411586e-07,-0.0067780676
-1.410586e-07,-0.0067996094
-1.409586e-07,-0.0068139706
-1.408586e-07,-0.0068139706
-1.407586e-07,-0.0068003274
-1.406586e-07,-0.0067816579
-1.405586e-07,-0.0067680147
-1.404586e-07,-0.0067658605
-1.403586e-07,-0.0067759134
-1.402586e-07,-0.0067909926
-1.401586e-07,-0.0068024816
-1.400586e-07,-0.0068046358
-1.399586e-07,-0.006795301
-1.398586e-07,-0.0067809398
-1.397586e-07,-0.0067680147
-1.396586e-07,-0.0067608341
-1.395586e-07,-0.0067608341
-1.394586e-07,-0.0067651425
-1.393586e-07,-0.0067680147
-1.392586e-07,-0.0067687328
-1.391586e-07,-0.0067680147
-1.390586e-07,-0.0067708869
-1.389586e-07,-0.0067795037
-1.388586e-07,-0.0067931468
-1.387586e-07,-0.0068060719
-1.386586e-07,-0.0068110983
-1.385586e-07,-0.0068024816
-1.384586e-07,-0.0067802217
-1.383586e-07,-0.0067507812
-1.382586e-07,-0.0067249311
-1.381586e-07,-0.0067105699
-1.380586e-07,-0.006712006
-1.379586e-07,-0.0067256491
-1.378586e-07,-0.0067428826
-1.377586e-07,-0.0067565257
-1.376586e-07,-0.0067622702
-1.375586e-07,-0.0067608341
-1.374586e-07,-0.0067579619
-1.373586e-07,-0.0067565257
-1.372586e-07,-0.0067565257
-1.371586e-07,-0.0067543716
-1.370586e-07,-0.0067436006
-1.369586e-07,-0.0067220588
-1.368586e-07,-0.0066940545
-1.367586e-07,-0.0066696404
-1.366586e-07,-0.0066574334
-1.365586e-07,-0.006664614
-1.364586e-07,-0.0066875919
-1.363586e-07,-0.0067148782
-1.362586e-07,-0.0067335478
-1.361586e-07,-0.0067335478
-1.360586e-07,-0.0067155963
-1.359586e-07,-0.006689028
-1.358586e-07,-0.0066682043
-1.357586e-07,-0.006664614
-1.356586e-07,-0.0066804113
-1.355586e-07,-0.0067062615
-1.354586e-07,-0.0067285214
-1.353586e-07,-0.0067335478
-1.352586e-07,-0.0067177505
-1.351586e-07,-0.0066875919
-1.350586e-07,-0.0066574334
-1.349586e-07,-0.006641636
-1.348586e-07,-0.0066452263
-1.347586e-07,-0.006664614
-1.346586e-07,-0.0066868739
-1.345586e-07,-0.0066990809
-1.344586e-07,-0.0066962086
-1.343586e-07,-0.0066818474
-1.342586e-07,-0.0066674862
-1.341586e-07,-0.006664614
-1.340586e-07,-0.0066789752
-1.339586e-07,-0.0067062615
-1.338586e-07,-0.00673642
-1.337586e-07,-0.0067565257
-1.336586e-07,-0.0067608341
-1.335586e-07,-0.0067514993
-1.334586e-07,-0.0067392923
-1.333586e-07,-0.0067335478
-1.332586e-07,-0.0067407284
-1.331586e-07,-0.0067586799
-1.330586e-07,-0.0067780676
-1.329586e-07,-0.0067909926
-1.328586e-07,-0.0067938649
-1.327586e-07,-0.0067902746
-1.326586e-07,-0.0067902746
-1.325586e-07,-0.0068024816
-1.324586e-07,-0.0068283318
-1.323586e-07,-0.0068620807
-1.322586e-07,-0.0068915211
-1.321586e-07,-0.0069058824
-1.320586e-07,-0.0069008559
-1.319586e-07,-0.0068829044
-1.318586e-07,-0.0068649529
-1.317586e-07,-0.0068599265
-1.316586e-07,-0.0068735696
-1.315586e-07,-0.006902292
-1.314586e-07,-0.0069324506
-1.313586e-07,-0.0069518382
-1.312586e-07,-0.0069525563
-1.311586e-07,-0.006937477
-1.310586e-07,-0.0069173713
-1.309586e-07,-0.0069058824
-1.308586e-07,-0.0069109088
-1.307586e-07,-0.0069302964
-1.306586e-07,-0.0069561466
-1.305586e-07,-0.0069748162
-1.304586e-07,-0.0069791245
-1.303586e-07,-0.0069690717
-1.302586e-07,-0.0069525563
-1.301586e-07,-0.0069403493
-1.300586e-07,-0.0069403493
-1.299586e-07,-0.0069525563
-1.298586e-07,-0.0069712259
-1.297586e-07,-0.0069863051
-1.296586e-07,-0.0069927677
-1.295586e-07,-0.0069920496
-1.294586e-07,-0.0069906135
-1.293586e-07,-0.0069977941
-1.292586e-07,-0.0070171818
-1.291586e-07,-0.0070473403
-1.290586e-07,-0.007078935
-1.289586e-07,-0.0071011949
-1.288586e-07,-0.0071069393
-1.287586e-07,-0.0070976045
-1.286586e-07,-0.0070803711
-1.285586e-07,-0.0070667279
-1.284586e-07,-0.0070652918
-1.283586e-07,-0.0070774989
-1.282586e-07,-0.0070997587
-1.281586e-07,-0.0071241728
-1.280586e-07,-0.0071442785
-1.279586e-07,-0.0071586397
-1.278586e-07,-0.0071694106
-1.277586e-07,-0.0071816176
-1.276586e-07,-0.007197415
-1.275586e-07,-0.0072160846
-1.274586e-07,-0.0072318819
-1.273586e-07,-0.0072390625
-1.272586e-07,-0.0072347541
-1.271586e-07,-0.0072232652
-1.270586e-07,-0.0072103401
-1.269586e-07,-0.0072045956
-1.268586e-07,-0.0072110581
-1.267586e-07,-0.0072275735
-1.266586e-07,-0.0072469612
-1.265586e-07,-0.0072620404
-1.264586e-07,-0.0072663488
-1.263586e-07,-0.0072606043
-1.262586e-07,-0.0072491153
-1.261586e-07,-0.0072390625
-1.260586e-07,-0.0072369083
-1.259586e-07,-0.0072426528
-1.258586e-07,-0.0072527057
-1.257586e-07,-0.0072620404
-1.256586e-07,-0.0072656307
-1.255586e-07,-0.0072634766
-1.254586e-07,-0.007257014
-1.253586e-07,-0.0072505515
-1.252586e-07,-0.0072469612
-1.251586e-07,-0.007244807
-1.250586e-07,-0.0072433709
-1.249586e-07,-0.0072390625
-1.248586e-07,-0.0072318819
-1.247586e-07,-0.0072254193
-1.246586e-07,-0.0072232652
-1.245586e-07,-0.0072275735
-1.244586e-07,-0.0072369083
-1.243586e-07,-0.007244807
-1.242586e-07,-0.0072433709
-1.241586e-07,-0.0072275735
-1.240586e-07,-0.007197415
-1.239586e-07,-0.0071593578
-1.238586e-07,-0.0071241728
-1.237586e-07,-0.0071011949
-1.236586e-07,-0.0070954504
-1.235586e-07,-0.007103349
-1.234586e-07,-0.0071162741
-1.233586e-07,-0.0071241728
-1.232586e-07,-0.0071191464
-1.231586e-07,-0.0071019129
-1.230586e-07,-0.0070782169
-1.229586e-07,-0.007055239
-1.228586e-07,-0.0070408778
-1.227586e-07,-0.0070365694
-1.226586e-07,-0.0070394416
-1.225586e-07,-0.00704375
-1.224586e-07,-0.0070451861
-1.223586e-07,-0.0070423139
-1.222586e-07,-0.0070372875
-1.221586e-07,-0.007032261
-1.220586e-07,-0.0070301068
-1.219586e-07,-0.0070301068
-1.218586e-07,-0.0070279527
-1.217586e-07,-0.0070207721
-1.216586e-07,-0.0070071289
-1.215586e-07,-0.0069898955
-1.214586e-07,-0.0069733801
-1.213586e-07,-0.0069633272
-1.212586e-07,-0.0069626091
-1.211586e-07,-0.0069690717
-1.210586e-07,-0.0069791245
-1.209586e-07,-0.0069863051
-1.208586e-07,-0.0069877413
-1.207586e-07,-0.006984151
-1.206586e-07,-0.0069784065
-1.205586e-07,-0.0069748162
-1.204586e-07,-0.0069762523
-1.203586e-07,-0.0069827148
-1.202586e-07,-0.0069906135
-1.201586e-07,-0.0069977941
-1.200586e-07,-0.0070021025
-1.199586e-07,-0.0070042567
-1.198586e-07,-0.0070064108
-1.197586e-07,-0.0070092831
-1.196586e-07,-0.0070135915
-1.195586e-07,-0.0070164637
-1.194586e-07,-0.0070157456
-1.193586e-07,-0.0070092831
-1.192586e-07,-0.0069992302
-1.191586e-07,-0.0069891774
-1.190586e-07,-0.006984151
-1.189586e-07,-0.0069863051
-1.188586e-07,-0.0069942038
-1.187586e-07,-0.0070035386
-1.186586e-07,-0.0070092831
-1.185586e-07,-0.0070092831
-1.184586e-07,-0.0070064108
-1.183586e-07,-0.0070056928
-1.182586e-07,-0.0070143095
-1.181586e-07,-0.007032261
-1.180586e-07,-0.0070573932
-1.179586e-07,-0.0070803711
-1.178586e-07,-0.0070925781
-1.177586e-07,-0.0070897059
-1.176586e-07,-0.0070739085
-1.175586e-07,-0.0070545209
-1.174586e-07,-0.0070423139
-1.173586e-07,-0.00704375
-1.172586e-07,-0.0070595473
-1.171586e-07,-0.0070810892
-1.170586e-07,-0.0070976045
-1.169586e-07,-0.0071011949
-1.168586e-07,-0.007091142
-1.167586e-07,-0.0070746266
-1.166586e-07,-0.0070631376
-1.165586e-07,-0.0070667279
-1.164586e-07,-0.0070868336
-1.163586e-07,-0.0071162741
-1.162586e-07,-0.0071442785
-1.161586e-07,-0.0071586397
-1.160586e-07,-0.0071543313
-1.159586e-07,-0.0071342256
-1.158586e-07,-0.0071098116
-1.157586e-07,-0.0070897059
-1.156586e-07,-0.0070810892
-1.155586e-07,-0.0070810892
-1.154586e-07,-0.0070825253
-1.153586e-07,-0.0070782169
-1.152586e-07,-0.0070645738
-1.151586e-07,-0.0070444681
-1.150586e-07,-0.0070272346
-1.149586e-07,-0.0070207721
-1.148586e-07,-0.0070286707
-1.147586e-07,-0.0070451861
-1.146586e-07,-0.0070617015
-1.145586e-07,-0.0070667279
-1.144586e-07,-0.007055957
-1.143586e-07,-0.007032261
-1.142586e-07,-0.0070049747
-1.141586e-07,-0.0069863051
-1.140586e-07,-0.0069827148
-1.139586e-07,-0.0069927677
-1.138586e-07,-0.0070092831
-1.137586e-07,-0.0070207721
-1.136586e-07,-0.007020054
-1.135586e-07,-0.0070064108
-1.134586e-07,-0.006984151
-1.133586e-07,-0.0069633272
-1.132586e-07,-0.0069496841
-1.131586e-07,-0.0069460937
-1.130586e-07,-0.0069482479
-1.129586e-07,-0.0069518382
-1.128586e-07,-0.0069518382
-1.127586e-07,-0.0069475299
-1.126586e-07,-0.0069425034
-1.125586e-07,-0.0069403493
-1.124586e-07,-0.0069439396
-1.123586e-07,-0.0069511202
-1.122586e-07,-0.0069590188
-1.121586e-07,-0.0069633272
-1.120586e-07,-0.0069626091
-1.119586e-07,-0.0069597369
-1.118586e-07,-0.0069590188
-1.117586e-07,-0.0069633272
-1.116586e-07,-0.0069719439
-1.115586e-07,-0.0069812787
-1.114586e-07,-0.0069834329
-1.113586e-07,-0.0069748162
-1.112586e-07,-0.0069561466
-1.111586e-07,-0.0069324506
-1.110586e-07,-0.006913781
-1.109586e-07,-0.0069058824
-1.108586e-07,-0.0069109088
-1.107586e-07,-0.0069238339
-1.106586e-07,-0.0069360409
-1.105586e-07,-0.0069403493
-1.104586e-07,-0.0069353228
-1.103586e-07,-0.0069245519
-1.102586e-07,-0.0069166533
-1.101586e-07,-0.0069173713
-1.100586e-07,-0.0069288603
-1.099586e-07,-0.0069439396
-1.098586e-07,-0.0069547105
-1.097586e-07,-0.0069518382
-1.096586e-07,-0.0069338867
-1.095586e-07,-0.0069058824
-1.094586e-07,-0.006877878
-1.093586e-07,-0.0068599265
-1.092586e-07,-0.0068556181
-1.091586e-07,-0.0068620807
-1.090586e-07,-0.0068706974
-1.089586e-07,-0.0068714154
-1.088586e-07,-0.0068613626
-1.087586e-07,-0.0068448472
-1.086586e-07,-0.0068297679
-1.085586e-07,-0.0068254596
-1.084586e-07,-0.0068347943
-1.083586e-07,-0.006854182
-1.082586e-07,-0.0068742877
-1.081586e-07,-0.0068829044
-1.080586e-07,-0.0068757238
-1.079586e-07,-0.0068556181
-1.078586e-07,-0.006831204
-1.077586e-07,-0.0068139706
-1.076586e-07,-0.0068110983
-1.075586e-07,-0.0068225873
-1.074586e-07,-0.006841975
-1.073586e-07,-0.0068599265
-1.072586e-07,-0.0068692613
-1.071586e-07,-0.0068692613
-1.070586e-07,-0.0068642348
-1.069586e-07,-0.0068599265
-1.068586e-07,-0.0068613626
-1.067586e-07,-0.0068671071
-1.066586e-07,-0.0068728516
-1.065586e-07,-0.0068714154
-1.064586e-07,-0.0068592084
-1.063586e-07,-0.0068391027
-1.062586e-07,-0.0068175609
-1.061586e-07,-0.0068024816
-1.060586e-07,-0.0068010455
-1.059586e-07,-0.0068132525
-1.058586e-07,-0.0068355124
-1.057586e-07,-0.0068599265
-1.056586e-07,-0.0068807502
-1.055586e-07,-0.0068943934
-1.054586e-07,-0.006902292
-1.053586e-07,-0.0069058824
-1.052586e-07,-0.0069058824
-1.051586e-07,-0.006901574
-1.050586e-07,-0.0068908031
-1.049586e-07,-0.0068714154
-1.048586e-07,-0.0068462833
-1.047586e-07,-0.0068218693
-1.046586e-07,-0.0068053539
-1.045586e-07,-0.0068024816
-1.044586e-07,-0.0068146886
-1.043586e-07,-0.0068355124
-1.042586e-07,-0.0068577723
-1.041586e-07,-0.0068714154
-1.040586e-07,-0.0068728516
-1.039586e-07,-0.0068635168
-1.038586e-07,-0.0068491556
-1.037586e-07,-0.0068369485
-1.036586e-07,-0.006830486
-1.035586e-07,-0.0068297679
-1.034586e-07,-0.0068297679
-1.033586e-07,-0.0068254596
-1.032586e-07,-0.0068154067
-1.031586e-07,-0.0068017636
-1.030586e-07,-0.0067881204
-1.029586e-07,-0.0067795037
-1.028586e-07,-0.0067766314
-1.027586e-07,-0.0067766314
-1.026586e-07,-0.0067751953
-1.025586e-07,-0.0067680147
-1.024586e-07,-0.0067565257
-1.023586e-07,-0.0067450368
-1.022586e-07,-0.0067400103
-1.021586e-07,-0.0067450368
-1.020586e-07,-0.006759398
-1.019586e-07,-0.0067773495
-1.018586e-07,-0.0067895565
-1.017586e-07,-0.0067909926
-1.016586e-07,-0.0067809398
-1.015586e-07,-0.0067658605
-1.014586e-07,-0.0067550896
-1.013586e-07,-0.0067565257
-1.012586e-07,-0.0067708869
-1.011586e-07,-0.0067924288
-1.010586e-07,-0.0068096622
-1.009586e-07,-0.0068139706
-1.008586e-07,-0.0068017636
-1.007586e-07,-0.0067795037
-1.006586e-07,-0.0067565257
-1.005586e-07,-0.0067450368
-1.004586e-07,-0.0067500632
-1.003586e-07,-0.0067701689
-1.002586e-07,-0.006794583
-1.001586e-07,-0.0068139706
-1.000586e-07,-0.0068204331
-9.99586e-08,-0.0068125345
-9.98586e-08,-0.0067967371
-9.97586e-08,-0.0067795037
-9.96586e-08,-0.0067680147
-9.95586e-08,-0.0067622702
-9.94586e-08,-0.006760116
-9.93586e-08,-0.0067565257
-9.92586e-08,-0.0067493451
-9.91586e-08,-0.0067407284
-9.90586e-08,-0.0067335478
-9.89586e-08,-0.0067335478
-9.88586e-08,-0.0067407284
-9.87586e-08,-0.0067507812
-9.86586e-08,-0.0067579619
-9.85586e-08,-0.0067565257
-9.84586e-08,-0.0067457548
-9.83586e-08,-0.0067292394
-9.82586e-08,-0.0067155963
-9.81586e-08,-0.0067105699
-9.80586e-08,-0.0067170324
-9.79586e-08,-0.0067313936
-9.78586e-08,-0.0067471909
-9.77586e-08,-0.0067565257
-9.76586e-08,-0.0067579619
-9.75586e-08,-0.0067536535
-9.74586e-08,-0.0067514993
-9.73586e-08,-0.0067565257
-9.72586e-08,-0.0067708869
-9.71586e-08,-0.0067902746
-9.70586e-08,-0.00680679
-9.69586e-08,-0.0068139706
-9.68586e-08,-0.0068089442
-9.67586e-08,-0.0067967371
-9.66586e-08,-0.006783812
-9.65586e-08,-0.0067795037
-9.64586e-08,-0.0067852482
-9.63586e-08,-0.0067981733
-9.62586e-08,-0.0068096622
-9.61586e-08,-0.0068139706
-9.60586e-08,-0.0068082261
-9.59586e-08,-0.0067967371
-9.58586e-08,-0.0067888385
-9.57586e-08,-0.0067909926
-9.56586e-08,-0.0068060719
-9.55586e-08,-0.0068283318
-9.54586e-08,-0.0068498736
-9.53586e-08,-0.0068599265
-9.52586e-08,-0.0068556181
-9.51586e-08,-0.006841975
-9.50586e-08,-0.0068283318
-9.49586e-08,-0.0068254596
-9.48586e-08,-0.0068398208
-9.47586e-08,-0.0068678251
-9.46586e-08,-0.006901574
-9.45586e-08,-0.0069288603
-9.44586e-08,-0.0069417854
-9.43586e-08,-0.0069389131
-9.42586e-08,-0.0069274242
-9.41586e-08,-0.0069173713
-9.40586e-08,-0.0069159352
-9.39586e-08,-0.0069259881
-9.38586e-08,-0.0069439396
-9.37586e-08,-0.0069633272
-9.36586e-08,-0.0069769704
-9.35586e-08,-0.0069819968
-9.34586e-08,-0.0069798426
-9.33586e-08,-0.0069748162
-9.32586e-08,-0.0069705078
-9.31586e-08,-0.0069676356
-9.30586e-08,-0.0069654814
-9.29586e-08,-0.0069633272
-9.28586e-08,-0.0069597369
-9.27586e-08,-0.0069575827
-9.26586e-08,-0.0069583008
-9.25586e-08,-0.0069633272
-9.24586e-08,-0.0069712259
-9.23586e-08,-0.0069776884
-9.22586e-08,-0.0069755342
-9.21586e-08,-0.0069633272
-9.20586e-08,-0.0069425034
-9.19586e-08,-0.0069202436
-9.18586e-08,-0.0069058824
-9.17586e-08,-0.0069058824
-9.16586e-08,-0.0069209616
-9.15586e-08,-0.0069439396
-9.14586e-08,-0.0069654814
-9.13586e-08,-0.0069748162
-9.12586e-08,-0.0069690717
-9.11586e-08,-0.0069518382
-9.10586e-08,-0.0069310145
-9.09586e-08,-0.0069173713
-9.08586e-08,-0.0069152171
-9.07586e-08,-0.0069231158
-9.06586e-08,-0.0069338867
-9.05586e-08,-0.0069403493
-9.04586e-08,-0.006937477
-9.03586e-08,-0.0069259881
-9.02586e-08,-0.006913063
-9.01586e-08,-0.0069058824
-9.00586e-08,-0.0069087546
-8.99586e-08,-0.0069216797
-8.98586e-08,-0.0069381951
-8.97586e-08,-0.0069518382
-8.96586e-08,-0.0069583008
-8.95586e-08,-0.0069583008
-8.94586e-08,-0.0069583008
-8.93586e-08,-0.0069633272
-8.92586e-08,-0.0069784065
-8.91586e-08,-0.0070006664
-8.90586e-08,-0.0070250804
-8.89586e-08,-0.00704375
-8.88586e-08,-0.0070509306
-8.87586e-08,-0.0070480584
-8.86586e-08,-0.0070394416
-8.85586e-08,-0.007032261
-8.84586e-08,-0.0070329791
-8.83586e-08,-0.00704375
-8.82586e-08,-0.0070602654
-8.81586e-08,-0.0070782169
-8.80586e-08,-0.0070925781
-8.79586e-08,-0.0071011949
-8.78586e-08,-0.0071069393
-8.77586e-08,-0.0071126838
-8.76586e-08,-0.0071220186
-8.75586e-08,-0.0071342256
-8.74586e-08,-0.0071478688
-8.73586e-08,-0.0071586397
-8.72586e-08,-0.0071643842
-8.71586e-08,-0.0071665384
-8.70586e-08,-0.0071672564
-8.69586e-08,-0.0071701287
-8.68586e-08,-0.0071773093
-8.67586e-08,-0.0071873621
-8.66586e-08,-0.007197415
-8.65586e-08,-0.0072045956
-8.64586e-08,-0.0072074678
-8.63586e-08,-0.0072081859
-8.62586e-08,-0.0072103401
-8.61586e-08,-0.0072160846
-8.60586e-08,-0.0072261374
-8.59586e-08,-0.0072369083
-8.58586e-08,-0.0072433709
-8.57586e-08,-0.0072390625
-8.56586e-08,-0.0072232652
-8.55586e-08,-0.007198133
-8.54586e-08,-0.0071701287
-8.53586e-08,-0.0071471507
-8.52586e-08,-0.0071335076
-8.51586e-08,-0.0071299173
-8.50586e-08,-0.0071320715
-8.49586e-08,-0.0071356618
-8.48586e-08,-0.0071363798
-8.47586e-08,-0.0071335076
-8.46586e-08,-0.0071284812
-8.45586e-08,-0.0071241728
-8.44586e-08,-0.0071227367
-8.43586e-08,-0.0071241728
-8.42586e-08,-0.0071256089
-8.41586e-08,-0.0071241728
-8.40586e-08,-0.0071177102
-8.39586e-08,-0.0071069393
-8.38586e-08,-0.0070932962
-8.37586e-08,-0.0070782169
-8.36586e-08,-0.0070631376
-8.35586e-08,-0.0070473403
-8.34586e-08,-0.0070293888
-8.33586e-08,-0.0070092831
-8.32586e-08,-0.0069898955
-8.31586e-08,-0.0069748162
-8.30586e-08,-0.0069690717
-8.29586e-08,-0.0069748162
-8.28586e-08,-0.0069884593
-8.27586e-08,-0.0070042567
-8.26586e-08,-0.0070128734
-8.25586e-08,-0.0070092831
-8.24586e-08,-0.0069913316
-8.23586e-08,-0.0069647633
-8.22586e-08,-0.006937477
-8.21586e-08,-0.0069173713
-8.20586e-08,-0.0069094727
-8.19586e-08,-0.0069123449
-8.18586e-08,-0.0069209616
-8.17586e-08,-0.0069288603
-8.16586e-08,-0.0069310145
-8.15586e-08,-0.0069281422
-8.14586e-08,-0.0069216797
-8.13586e-08,-0.0069173713
-8.12586e-08,-0.0069173713
-8.11586e-08,-0.0069223977
-8.10586e-08,-0.0069274242
-8.09586e-08,-0.0069288603
-8.08586e-08,-0.0069245519
-8.07586e-08,-0.0069144991
-8.06586e-08,-0.0069030101
-8.05586e-08,-0.0068943934
-8.04586e-08,-0.0068922392
-8.03586e-08,-0.0068965476
-8.02586e-08,-0.0069058824
-8.01586e-08,-0.0069173713
-8.00586e-08,-0.0069281422
-7.99586e-08,-0.0069389131
-7.98586e-08,-0.0069504021
-7.97586e-08,-0.0069633272
-7.96586e-08,-0.0069776884
-7.95586e-08,-0.0069898955
-7.94586e-08,-0.0069977941
-7.93586e-08,-0.0069977941
-7.92586e-08,-0.0069913316
-7.91586e-08,-0.0069819968
-7.90586e-08,-0.0069748162
-7.89586e-08,-0.0069748162
-7.88586e-08,-0.0069827148
-7.87586e-08,-0.0069956399
-7.86586e-08,-0.0070092831
-7.85586e-08,-0.0070207721
-7.84586e-08,-0.0070286707
-7.83586e-08,-0.0070365694
-7.82586e-08,-0.0070487764
-7.81586e-08,-0.0070667279
-7.80586e-08,-0.0070904239
-7.79586e-08,-0.007114838
-7.78586e-08,-0.0071320715
-7.77586e-08,-0.0071356618
-7.76586e-08,-0.0071241728
-7.75586e-08,-0.0071011949
-7.74586e-08,-0.0070753447
-7.73586e-08,-0.007055239
-7.72586e-08,-0.0070466222
-7.71586e-08,-0.0070502125
-7.70586e-08,-0.0070631376
-7.69586e-08,-0.0070782169
-7.68586e-08,-0.0070918601
-7.67586e-08,-0.0071011949
-7.66586e-08,-0.0071083755
-7.65586e-08,-0.0071126838
-7.64586e-08,-0.0071155561
-7.63586e-08,-0.007114838
-7.62586e-08,-0.0071062213
-7.61586e-08,-0.0070897059
-7.60586e-08,-0.0070652918
-7.59586e-08,-0.0070372875
-7.58586e-08,-0.0070128734
-7.57586e-08,-0.0069977941
-7.56586e-08,-0.0069942038
-7.55586e-08,-0.0069985122
-7.54586e-08,-0.0070056928
-7.53586e-08,-0.0070092831
-7.52586e-08,-0.0070056928
-7.51586e-08,-0.0069956399
-7.50586e-08,-0.006984151
-7.49586e-08,-0.0069748162
-7.48586e-08,-0.0069712259
-7.47586e-08,-0.006972662
-7.46586e-08,-0.0069755342
-7.45586e-08,-0.0069748162
-7.44586e-08,-0.0069683536
-7.43586e-08,-0.0069568647
-7.42586e-08,-0.0069425034
-7.41586e-08,-0.0069288603
-7.40586e-08,-0.0069173713
-7.39586e-08,-0.0069094727
-7.38586e-08,-0.006901574
-7.37586e-08,-0.0068943934
-7.36586e-08,-0.0068879308
-7.35586e-08,-0.0068843405
-7.34586e-08,-0.0068864947
-7.33586e-08,-0.0068943934
-7.32586e-08,-0.0069058824
-7.31586e-08,-0.0069166533
-7.30586e-08,-0.0069216797
-7.29586e-08,-0.0069173713
-7.28586e-08,-0.0069073185
-7.27586e-08,-0.0068958295
-7.26586e-08,-0.0068908031
-7.25586e-08,-0.0068943934
-7.24586e-08,-0.0069051643
-7.23586e-08,-0.0069166533
-7.22586e-08,-0.0069223977
-7.21586e-08,-0.0069173713
-7.20586e-08,-0.0069037282
-7.19586e-08,-0.0068879308
-7.18586e-08,-0.006878596
-7.17586e-08,-0.0068829044
-7.16586e-08,-0.0068987017
-7.15586e-08,-0.0069180894
-7.14586e-08,-0.0069310145
-7.13586e-08,-0.0069288603
-7.12586e-08,-0.0069094727
-7.11586e-08,-0.0068800322
-7.10586e-08,-0.0068520278
-7.09586e-08,-0.0068369485
-7.08586e-08,-0.0068391027
-7.07586e-08,-0.0068556181
-7.06586e-08,-0.006877878
-7.05586e-08,-0.0068943934
-7.04586e-08,-0.0068987017
-7.03586e-08,-0.0068922392
-7.02586e-08,-0.0068800322
-7.01586e-08,-0.0068714154
-7.00586e-08,-0.0068706974
-6.99586e-08,-0.006878596
-6.98586e-08,-0.0068886489
-6.97586e-08,-0.0068943934
-6.96586e-08,-0.0068915211
-6.95586e-08,-0.0068814683
-6.94586e-08,-0.0068685432
-6.93586e-08,-0.0068599265
-6.92586e-08,-0.0068606445
-6.91586e-08,-0.0068692613
-6.90586e-08,-0.0068829044
-6.89586e-08,-0.0068943934
-6.88586e-08,-0.0069008559
-6.87586e-08,-0.006902292
-6.86586e-08,-0.0069030101
-6.85586e-08,-0.0069058824
-6.84586e-08,-0.006913781
-6.83586e-08,-0.00692527
-6.82586e-08,-0.0069353228
-6.81586e-08,-0.0069403493
-6.80586e-08,-0.0069381951
-6.79586e-08,-0.0069324506
-6.78586e-08,-0.0069281422
-6.77586e-08,-0.0069288603
-6.76586e-08,-0.006936759
-6.75586e-08,-0.0069482479
-6.74586e-08,-0.0069583008
-6.73586e-08,-0.0069633272
-6.72586e-08,-0.0069618911
-6.71586e-08,-0.0069575827
-6.70586e-08,-0.0069568647
-6.69586e-08,-0.0069633272
-6.68586e-08,-0.0069769704
-6.67586e-08,-0.0069934858
-6.66586e-08,-0.0070064108
-6.65586e-08,-0.0070092831
-6.64586e-08,-0.0070028205
-6.63586e-08,-0.0069906135
-6.62586e-08,-0.0069791245
-6.61586e-08,-0.0069748162
-6.60586e-08,-0.0069776884
-6.59586e-08,-0.006984151
-6.58586e-08,-0.0069877413
-6.57586e-08,-0.0069863051
-6.56586e-08,-0.0069805607
-6.55586e-08,-0.0069784065
-6.54586e-08,-0.0069863051
-6.53586e-08,-0.0070092831
-6.52586e-08,-0.0070430319
-6.51586e-08,-0.0070774989
-6.50586e-08,-0.0070997587
-6.49586e-08,-0.0071011949
-6.48586e-08,-0.0070810892
-6.47586e-08,-0.0070473403
-6.46586e-08,-0.0070157456
-6.45586e-08,-0.0069977941
-6.44586e-08,-0.0069977941
-6.43586e-08,-0.0070114373
-6.42586e-08,-0.0070265165
-6.41586e-08,-0.007032261
-6.40586e-08,-0.0070229262
-6.39586e-08,-0.0070013844
-6.38586e-08,-0.0069784065
-6.37586e-08,-0.0069633272
-6.36586e-08,-0.0069626091
-6.35586e-08,-0.0069740981
-6.34586e-08,-0.0069891774
-6.33586e-08,-0.0069977941
-6.32586e-08,-0.0069949219
-6.31586e-08,-0.0069819968
-6.30586e-08,-0.0069647633
-6.29586e-08,-0.0069518382
-6.28586e-08,-0.0069460937
-6.27586e-08,-0.0069468118
-6.26586e-08,-0.0069468118
-6.25586e-08,-0.0069403493
-6.24586e-08,-0.0069259881
-6.23586e-08,-0.0069087546
-6.22586e-08,-0.0068958295
-6.21586e-08,-0.0068943934
-6.20586e-08,-0.0069058824
-6.19586e-08,-0.0069238339
-6.18586e-08,-0.0069389131
-6.17586e-08,-0.0069403493
-6.16586e-08,-0.0069259881
-6.15586e-08,-0.0069001379
-6.14586e-08,-0.0068750057
-6.13586e-08,-0.0068599265
-6.12586e-08,-0.0068613626
-6.11586e-08,-0.0068757238
-6.10586e-08,-0.0068936753
-6.09586e-08,-0.0069058824
-6.08586e-08,-0.0069058824
-6.07586e-08,-0.0068965476
-6.06586e-08,-0.0068857767
-6.05586e-08,-0.0068829044
-6.04586e-08,-0.0068915211
-6.03586e-08,-0.0069101907
-6.02586e-08,-0.0069295784
-6.01586e-08,-0.0069403493
-6.00586e-08,-0.006937477
-5.99586e-08,-0.0069231158
-5.98586e-08,-0.0069051643
-5.97586e-08,-0.0068943934
-5.96586e-08,-0.0068958295
-5.95586e-08,-0.0069087546
-5.94586e-08,-0.0069267061
-5.93586e-08,-0.0069403493
-5.92586e-08,-0.0069446576
-5.91586e-08,-0.0069396312
-5.90586e-08,-0.0069317325
-5.89586e-08,-0.0069288603
-5.88586e-08,-0.0069346048
-5.87586e-08,-0.006948966
-5.86586e-08,-0.0069647633
-5.85586e-08,-0.0069748162
-5.84586e-08,-0.0069755342
-5.83586e-08,-0.0069683536
-5.82586e-08,-0.0069583008
-5.81586e-08,-0.0069518382
-5.80586e-08,-0.0069532744
-5.79586e-08,-0.006961173
-5.78586e-08,-0.0069705078
-5.77586e-08,-0.0069748162
-5.76586e-08,-0.006972662
-5.75586e-08,-0.0069661994
-5.74586e-08,-0.006961173
-5.73586e-08,-0.0069633272
-5.72586e-08,-0.0069740981
-5.71586e-08,-0.0069891774
-5.70586e-08,-0.0070028205
-5.69586e-08,-0.0070092831
-5.68586e-08,-0.0070064108
-5.67586e-08,-0.0069985122
-5.66586e-08,-0.0069942038
-5.65586e-08,-0.0069977941
-5.64586e-08,-0.0070114373
-5.63586e-08,-0.0070293888
-5.62586e-08,-0.0070423139
-5.61586e-08,-0.00704375
-5.60586e-08,-0.0070308249
-5.59586e-08,-0.0070100011
-5.58586e-08,-0.0069920496
-5.57586e-08,-0.0069863051
-5.56586e-08,-0.0069977941
-5.55586e-08,-0.0070236443
-5.54586e-08,-0.0070538028
-5.53586e-08,-0.0070782169
-5.52586e-08,-0.0070897059
-5.51586e-08,-0.0070889878
-5.50586e-08,-0.0070825253
-5.49586e-08,-0.0070782169
-5.48586e-08,-0.0070818072
-5.47586e-08,-0.0070940142
-5.46586e-08,-0.0071098116
-5.45586e-08,-0.0071241728
-5.44586e-08,-0.0071335076
-5.43586e-08,-0.007138534
-5.42586e-08,-0.0071414062
-5.41586e-08,-0.0071471507
-5.40586e-08,-0.0071543313
-5.39586e-08,-0.0071600758
-5.38586e-08,-0.0071586397
-5.37586e-08,-0.0071471507
-5.36586e-08,-0.0071277631
-5.35586e-08,-0.0071083755
-5.34586e-08,-0.0070976045
-5.33586e-08,-0.0071011949
-5.32586e-08,-0.0071191464
-5.31586e-08,-0.0071442785
-5.30586e-08,-0.0071643842
-5.29586e-08,-0.0071701287
-5.28586e-08,-0.0071593578
-5.27586e-08,-0.0071370979
-5.26586e-08,-0.007114838
-5.25586e-08,-0.0071011949
-5.24586e-08,-0.0071011949
-5.23586e-08,-0.0071126838
-5.22586e-08,-0.007127045
-5.21586e-08,-0.0071356618
-5.20586e-08,-0.0071349437
-5.19586e-08,-0.007126327
-5.18586e-08,-0.0071169922
-5.17586e-08,-0.0071126838
-5.16586e-08,-0.0071141199
-5.15586e-08,-0.0071191464
-5.14586e-08,-0.0071198644
-5.13586e-08,-0.0071126838
-5.12586e-08,-0.0070990407
-5.11586e-08,-0.0070868336
-5.10586e-08,-0.0070853975
-5.09586e-08,-0.0071011949
-5.08586e-08,-0.0071313534
-5.07586e-08,-0.0071665384
-5.06586e-08,-0.0071902344
-5.05586e-08,-0.0071931066
-5.04586e-08,-0.0071722829
-5.03586e-08,-0.0071370979
-5.02586e-08,-0.0071047852
-5.01586e-08,-0.0070897059
-5.00586e-08,-0.0070997587
-4.99586e-08,-0.0071299173
-4.98586e-08,-0.0071665384
-4.97586e-08,-0.0071931066
-4.96586e-08,-0.0071995692
-4.95586e-08,-0.007185926
-4.94586e-08,-0.0071643842
-4.93586e-08,-0.0071471507
-4.92586e-08,-0.0071457146
-4.91586e-08,-0.0071607939
-4.90586e-08,-0.007185208
-4.89586e-08,-0.0072045956
-4.88586e-08,-0.007209622
-4.87586e-08,-0.0071966969
-4.86586e-08,-0.0071722829
-4.85586e-08,-0.0071471507
-4.84586e-08,-0.0071313534
-4.83586e-08,-0.0071284812
-4.82586e-08,-0.0071370979
-4.81586e-08,-0.0071471507
-4.80586e-08,-0.0071514591
-4.79586e-08,-0.0071457146
-4.78586e-08,-0.0071313534
-4.77586e-08,-0.0071126838
-4.76586e-08,-0.0070968865
-4.75586e-08,-0.0070861156
-4.74586e-08,-0.0070810892
-4.73586e-08,-0.0070782169
-4.72586e-08,-0.0070753447
-4.71586e-08,-0.0070710363
-4.70586e-08,-0.007067446
-4.69586e-08,-0.0070667279
-4.68586e-08,-0.0070703182
-4.67586e-08,-0.0070774989
-4.66586e-08,-0.0070846795
-4.65586e-08,-0.0070897059
-4.64586e-08,-0.007091142
-4.63586e-08,-0.0070918601
-4.62586e-08,-0.0070947323
-4.61586e-08,-0.0071011949
-4.60586e-08,-0.0071112477
-4.59586e-08,-0.0071213006
-4.58586e-08,-0.007126327
-4.57586e-08,-0.0071241728
-4.56586e-08,-0.007114838
-4.55586e-08,-0.0071047852
-4.54586e-08,-0.0070983226
-4.53586e-08,-0.0071011949
-4.52586e-08,-0.0071112477
-4.51586e-08,-0.0071241728
-4.50586e-08,-0.0071335076
-4.49586e-08,-0.0071356618
-4.48586e-08,-0.0071320715
-4.47586e-08,-0.0071306353
-4.46586e-08,-0.0071378159
-4.45586e-08,-0.0071586397
-4.44586e-08,-0.0071902344
-4.43586e-08,-0.0072232652
-4.42586e-08,-0.0072462431
-4.41586e-08,-0.0072505515
-4.40586e-08,-0.0072361903
-4.39586e-08,-0.0072117762
-4.38586e-08,-0.0071895163
-4.37586e-08,-0.0071816176
-4.36586e-08,-0.0071916705
-4.35586e-08,-0.0072160846
-4.34586e-08,-0.0072426528
-4.33586e-08,-0.0072620404
-4.32586e-08,-0.0072677849
-4.31586e-08,-0.0072620404
-4.30586e-08,-0.0072534237
-4.29586e-08,-0.0072505515
-4.28586e-08,-0.0072591682
-4.27586e-08,-0.0072778378
-4.26586e-08,-0.0073000977
-4.25586e-08,-0.0073194853
-4.24586e-08,-0.0073309743
-4.23586e-08,-0.0073360007
-4.22586e-08,-0.0073381549
-4.21586e-08,-0.0073424632
-4.20586e-08,-0.0073489258
-4.19586e-08,-0.0073539522
-4.18586e-08,-0.0073525161
-4.17586e-08,-0.0073424632
-4.16586e-08,-0.0073259478
-4.15586e-08,-0.0073108686
-4.14586e-08,-0.0073072783
-4.13586e-08,-0.0073194853
-4.12586e-08,-0.0073453355
-4.11586e-08,-0.007374776
-4.10586e-08,-0.0073920094
-4.09586e-08,-0.0073884191
-4.08586e-08,-0.0073618509
-4.07586e-08,-0.0073216395
-4.06586e-08,-0.0072835823
-4.05586e-08,-0.0072620404
-4.04586e-08,-0.0072627585
-4.03586e-08,-0.00728071
-4.02586e-08,-0.007304406
-4.01586e-08,-0.0073194853
-4.00586e-08,-0.0073180492
-3.99586e-08,-0.0073022518
-3.98586e-08,-0.007279992
-3.97586e-08,-0.0072620404
-3.96586e-08,-0.0072548598
-3.95586e-08,-0.007257014
-3.94586e-08,-0.0072584501
-3.93586e-08,-0.0072505515
-3.92586e-08,-0.0072268555
-3.91586e-08,-0.0071916705
-3.90586e-08,-0.0071528952
-3.89586e-08,-0.0071241728
-3.88586e-08,-0.0071119658
-3.87586e-08,-0.0071169922
-3.86586e-08,-0.0071320715
-3.85586e-08,-0.0071471507
-3.84586e-08,-0.0071550494
-3.83586e-08,-0.0071550494
-3.82586e-08,-0.007150023
-3.81586e-08,-0.0071471507
-3.80586e-08,-0.0071493049
-3.79586e-08,-0.0071543313
-3.78586e-08,-0.0071557675
-3.77586e-08,-0.0071471507
-3.76586e-08,-0.007126327
-3.75586e-08,-0.0070983226
-3.74586e-08,-0.0070710363
-3.73586e-08,-0.007055239
-3.72586e-08,-0.0070566751
-3.71586e-08,-0.0070724724
-3.70586e-08,-0.0070947323
-3.69586e-08,-0.0071126838
-3.68586e-08,-0.0071191464
-3.67586e-08,-0.0071141199
-3.66586e-08,-0.0071011949
-3.65586e-08,-0.0070897059
-3.64586e-08,-0.0070846795
-3.63586e-08,-0.0070861156
-3.62586e-08,-0.0070897059
-3.61586e-08,-0.0070897059
-3.60586e-08,-0.0070818072
-3.59586e-08,-0.0070681641
-3.58586e-08,-0.0070530848
-3.57586e-08,-0.00704375
-3.56586e-08,-0.00704375
-3.55586e-08,-0.0070516487
-3.54586e-08,-0.0070617015
-3.53586e-08,-0.0070667279
-3.52586e-08,-0.0070624196
-3.51586e-08,-0.0070516487
-3.50586e-08,-0.0070387236
-3.49586e-08,-0.007032261
-3.48586e-08,-0.0070372875
-3.47586e-08,-0.0070523667
-3.46586e-08,-0.0070724724
-3.45586e-08,-0.0070897059
-3.44586e-08,-0.0070990407
-3.43586e-08,-0.0070990407
-3.42586e-08,-0.0070947323
-3.41586e-08,-0.0070897059
-3.40586e-08,-0.0070889878
-3.39586e-08,-0.0070932962
-3.38586e-08,-0.0070990407
-3.37586e-08,-0.0071011949
-3.36586e-08,-0.0070983226
-3.35586e-08,-0.0070918601
-3.34586e-08,-0.0070875517
-3.33586e-08,-0.0070897059
-3.32586e-08,-0.0071011949
-3.31586e-08,-0.0071198644
-3.30586e-08,-0.0071378159
-3.29586e-08,-0.0071471507
-3.28586e-08,-0.0071421243
-3.27586e-08,-0.0071234547
-3.26586e-08,-0.0070954504
-3.25586e-08,-0.0070667279
-3.24586e-08,-0.00704375
-3.23586e-08,-0.0070301068
-3.22586e-08,-0.0070243624
-3.21586e-08,-0.0070207721
-3.20586e-08,-0.0070157456
-3.19586e-08,-0.0070056928
-3.18586e-08,-0.0069913316
-3.17586e-08,-0.0069748162
-3.16586e-08,-0.0069590188
-3.15586e-08,-0.0069446576
-3.14586e-08,-0.0069317325
-3.13586e-08,-0.0069173713
-3.12586e-08,-0.006901574
-3.11586e-08,-0.0068857767
-3.10586e-08,-0.0068706974
-3.09586e-08,-0.0068599265
-3.08586e-08,-0.0068527459
-3.07586e-08,-0.0068462833
-3.06586e-08,-0.0068383847
-3.05586e-08,-0.0068254596
-3.04586e-08,-0.00680679
-3.03586e-08,-0.0067852482
-3.02586e-08,-0.0067672966
-3.01586e-08,-0.0067565257
-3.00586e-08,-0.0067565257
-2.99586e-08,-0.0067658605
-2.98586e-08,-0.0067787856
-2.97586e-08,-0.0067909926
-2.96586e-08,-0.0067967371
-2.95586e-08,-0.006795301
-2.94586e-08,-0.0067881204
-2.93586e-08,-0.0067795037
-2.92586e-08,-0.0067730411
-2.91586e-08,-0.0067708869
-2.90586e-08,-0.0067737592
-2.89586e-08,-0.0067795037
-2.88586e-08,-0.0067874023
-2.87586e-08,-0.0067981733
-2.86586e-08,-0.0068103803
-2.85586e-08,-0.0068254596
-2.84586e-08,-0.0068412569
-2.83586e-08,-0.0068556181
-2.82586e-08,-0.006865671
-2.81586e-08,-0.0068714154
-2.80586e-08,-0.0068728516
-2.79586e-08,-0.0068735696
-2.78586e-08,-0.0068764419
-2.77586e-08,-0.0068829044
-2.76586e-08,-0.0068929573
-2.75586e-08,-0.0069030101
-2.74586e-08,-0.0069116268
-2.73586e-08,-0.0069173713
-2.72586e-08,-0.0069216797
-2.71586e-08,-0.0069288603
-2.70586e-08,-0.0069417854
-2.69586e-08,-0.0069633272
-2.68586e-08,-0.0069898955
-2.67586e-08,-0.0070157456
-2.66586e-08,-0.0070351333
-2.65586e-08,-0.00704375
-2.64586e-08,-0.00704375
-2.63586e-08,-0.0070394416
-2.62586e-08,-0.0070380055
-2.61586e-08,-0.00704375
-2.60586e-08,-0.007055957
-2.59586e-08,-0.0070703182
-2.58586e-08,-0.007078935
-2.57586e-08,-0.0070782169
-2.56586e-08,-0.007067446
-2.55586e-08,-0.0070530848
-2.54586e-08,-0.0070430319
-2.53586e-08,-0.00704375
-2.52586e-08,-0.007055957
-2.51586e-08,-0.0070739085
-2.50586e-08,-0.0070882698
-2.49586e-08,-0.0070897059
-2.48586e-08,-0.0070746266
-2.47586e-08,-0.0070466222
-2.46586e-08,-0.0070135915
-2.45586e-08,-0.0069863051
-2.44586e-08,-0.0069719439
-2.43586e-08,-0.0069705078
-2.42586e-08,-0.0069784065
-2.41586e-08,-0.0069863051
-2.40586e-08,-0.0069884593
-2.39586e-08,-0.0069812787
-2.38586e-08,-0.0069676356
-2.37586e-08,-0.0069518382
-2.36586e-08,-0.0069389131
-2.35586e-08,-0.0069302964
-2.34586e-08,-0.0069238339
-2.33586e-08,-0.0069173713
-2.32586e-08,-0.0069080365
-2.31586e-08,-0.0068951114
-2.30586e-08,-0.0068821864
-2.29586e-08,-0.0068714154
-2.28586e-08,-0.006865671
-2.27586e-08,-0.0068635168
-2.26586e-08,-0.0068627987
-2.25586e-08,-0.0068599265
-2.24586e-08,-0.0068549
-2.23586e-08,-0.0068505917
-2.22586e-08,-0.0068505917
-2.21586e-08,-0.0068599265
-2.20586e-08,-0.0068800322
-2.19586e-08,-0.0069066004
-2.18586e-08,-0.0069331687
-2.17586e-08,-0.0069518382
-2.16586e-08,-0.0069568647
-2.15586e-08,-0.006948966
-2.14586e-08,-0.0069331687
-2.13586e-08,-0.0069173713
-2.12586e-08,-0.0069101907
-2.11586e-08,-0.0069144991
-2.10586e-08,-0.0069302964
-2.09586e-08,-0.0069518382
-2.08586e-08,-0.006972662
-2.07586e-08,-0.0069877413
-2.06586e-08,-0.0069956399
-2.05586e-08,-0.0069977941
-2.04586e-08,-0.0069970761
-2.03586e-08,-0.0069956399
-2.02586e-08,-0.006996358
-2.01586e-08,-0.0069977941
-2.00586e-08,-0.0069992302
-1.99586e-08,-0.0069999483
-1.98586e-08,-0.0069992302
-1.97586e-08,-0.0069977941
-1.96586e-08,-0.006996358
-1.95586e-08,-0.0069956399
-1.94586e-08,-0.0069956399
-1.93586e-08,-0.0069977941
-1.92586e-08,-0.0070021025
-1.91586e-08,-0.007007847
-1.90586e-08,-0.0070150276
-1.89586e-08,-0.0070207721
-1.88586e-08,-0.0070229262
-1.87586e-08,-0.007020054
-1.86586e-08,-0.0070107192
-1.85586e-08,-0.0069977941
-1.84586e-08,-0.006984151
-1.83586e-08,-0.0069748162
-1.82586e-08,-0.0069719439
-1.81586e-08,-0.0069748162
-1.80586e-08,-0.0069791245
-1.79586e-08,-0.0069805607
-1.78586e-08,-0.0069748162
-1.77586e-08,-0.0069633272
-1.76586e-08,-0.0069496841
-1.75586e-08,-0.0069403493
-1.74586e-08,-0.0069410673
-1.73586e-08,-0.0069518382
-1.72586e-08,-0.0069669175
-1.71586e-08,-0.0069784065
-1.70586e-08,-0.0069784065
-1.69586e-08,-0.0069633272
-1.68586e-08,-0.0069381951
-1.67586e-08,-0.0069123449
-1.66586e-08,-0.0068951114
-1.65586e-08,-0.0068943934
-1.64586e-08,-0.0069080365
-1.63586e-08,-0.0069288603
-1.62586e-08,-0.0069460937
-1.61586e-08,-0.0069518382
-1.60586e-08,-0.0069453757
-1.59586e-08,-0.0069317325
-1.58586e-08,-0.0069202436
-1.57586e-08,-0.0069173713
-1.56586e-08,-0.00692527
-1.55586e-08,-0.0069403493
-1.54586e-08,-0.0069554285
-1.53586e-08,-0.0069633272
-1.52586e-08,-0.0069633272
-1.51586e-08,-0.0069590188
-1.50586e-08,-0.0069568647
-1.49586e-08,-0.0069633272
-1.48586e-08,-0.0069776884
-1.47586e-08,-0.0069942038
-1.46586e-08,-0.0070071289
-1.45586e-08,-0.0070092831
-1.44586e-08,-0.0070028205
-1.43586e-08,-0.0069949219
-1.42586e-08,-0.0069942038
-1.41586e-08,-0.0070092831
-1.40586e-08,-0.0070387236
-1.39586e-08,-0.0070739085
-1.38586e-08,-0.007102631
-1.37586e-08,-0.0071126838
-1.36586e-08,-0.0071011949
-1.35586e-08,-0.0070739085
-1.34586e-08,-0.0070423139
-1.33586e-08,-0.0070207721
-1.32586e-08,-0.0070157456
-1.31586e-08,-0.0070257985
-1.30586e-08,-0.0070423139
-1.29586e-08,-0.007055239
-1.28586e-08,-0.0070573932
-1.27586e-08,-0.0070487764
-1.26586e-08,-0.0070380055
-1.25586e-08,-0.007032261
-1.24586e-08,-0.0070380055
-1.23586e-08,-0.0070530848
-1.22586e-08,-0.0070696002
-1.21586e-08,-0.0070782169
-1.20586e-08,-0.0070717544
-1.19586e-08,-0.0070509306
-1.18586e-08,-0.0070229262
-1.17586e-08,-0.0069977941
-1.16586e-08,-0.0069834329
-1.15586e-08,-0.0069812787
-1.14586e-08,-0.006984869
-1.13586e-08,-0.0069863051
-1.12586e-08,-0.0069784065
-1.11586e-08,-0.006960455
-1.10586e-08,-0.006937477
-1.09586e-08,-0.0069173713
-1.08586e-08,-0.0069080365
-1.07586e-08,-0.0069123449
-1.06586e-08,-0.0069259881
-1.05586e-08,-0.0069403493
-1.04586e-08,-0.0069482479
-1.03586e-08,-0.0069468118
-1.02586e-08,-0.0069381951
-1.01586e-08,-0.0069288603
-1.00586e-08,-0.0069259881
-9.958595e-09,-0.0069324506
-9.858595e-09,-0.0069475299
-9.758595e-09,-0.0069633272
-9.658595e-09,-0.0069740981
-9.558595e-09,-0.0069748162
-9.458595e-09,-0.0069654814
-9.358595e-09,-0.0069518382
-9.258595e-09,-0.0069396312
-9.158595e-09,-0.0069331687
-9.058595e-09,-0.0069346048
-8.958595e-09,-0.0069403493
-8.858595e-09,-0.0069460937
-8.758595e-09,-0.0069475299
-8.658595e-09,-0.0069410673
-8.558595e-09,-0.0069288603
-8.458595e-09,-0.006913781
-8.358595e-09,-0.0068987017
-8.258595e-09,-0.0068886489
-8.158595e-09,-0.0068829044
-8.058595e-09,-0.0068821864
-7.958595e-09,-0.0068850586
-7.858595e-09,-0.006890085
-7.758595e-09,-0.0068943934
-7.658595e-09,-0.0068965476
-7.558595e-09,-0.0068943934
-7.458595e-09,-0.0068864947
-7.358595e-09,-0.0068714154
-7.258595e-09,-0.0068498736
-7.158595e-09,-0.0068240234
-7.058595e-09,-0.0067960191
-6.958595e-09,-0.0067680147
-6.858595e-09,-0.0067421645
-6.758595e-09,-0.0067170324
-6.658595e-09,-0.0066919003
-6.558595e-09,-0.006664614
-6.458595e-09,-0.0066323012
-6.358595e-09,-0.0065949621
-6.258595e-09,-0.0065518784
-6.158595e-09,-0.0065037684
-6.058595e-09,-0.0064499138
-5.958595e-09,-0.0063903148
-5.858595e-09,-0.0063242532
-5.758595e-09,-0.006251011
-5.658595e-09,-0.0061705882
-5.558595e-09,-0.0060837029
-5.458595e-09,-0.0059917911
-5.358595e-09,-0.0058948529
-5.258595e-09,-0.0057928883
-5.158595e-09,-0.0056844612
-5.058595e-09,-0.0055695715
-4.958595e-09,-0.0054467831
-4.858595e-09,-0.0053182502
-4.758595e-09,-0.0051861271
-4.658595e-09,-0.0050525678
-4.558595e-09,-0.0049182904
-4.458595e-09,-0.004782577
-4.358595e-09,-0.0046432732
-4.258595e-09,-0.0044975069
-4.158595e-09,-0.0043438419
-4.058595e-09,-0.0041822783
-3.958595e-09,-0.0040156882
-3.858595e-09,-0.0038469439
-3.758595e-09,-0.0036774816
-3.658595e-09,-0.0035087374
-3.558595e-09,-0.003338557
-3.458595e-09,-0.0031655044
-3.358595e-09,-0.0029881434
-3.258595e-09,-0.0028079102
-3.158595e-09,-0.0026276769
-3.058595e-09,-0.0024503159
-2.958595e-09,-0.0022758272
-2.858595e-09,-0.0021034926
-2.758595e-09,-0.0019282858
-2.658595e-09,-0.0017458984
-2.558595e-09,-0.0015520221
-2.458595e-09,-0.0013466567
-2.358595e-09,-0.0011326746
-2.258595e-09,-0.00091582031
-2.158595e-09,-0.00070183824
-2.058595e-09,-0.00049288258
-1.958595e-09,-0.00028967142
-1.858595e-09,-8.861443e-05
-1.758595e-09,0.00011387868
-1.658595e-09,0.00032068015
-1.558595e-09,0.00053250804
-1.458595e-09,0.00075079848
-1.358595e-09,0.00097555147
-1.258595e-09,0.001206767
-1.158595e-09,0.0014465993
-1.058595e-09,0.0016950483
-9.585954e-10,0.001952114
-8.585954e-10,0.0022156422
-7.585954e-10,0.0024813247
-6.585954e-10,0.0027462891
-5.585954e-10,0.0030090993
-4.585954e-10,0.0032719095
-3.585954e-10,0.00353831
-2.585954e-10,0.003811173
-1.585954e-10,0.0040890625
-5.859537e-11,0.0043691062
4.140463e-11,0.0046455595
1.414046e-10,0.0049126781
2.414046e-10,0.0051690257
3.414046e-10,0.0054181928
4.414046e-10,0.0056666418
5.414046e-10,0.0059201172
6.414046e-10,0.0061800551
7.414046e-10,0.0064421473
8.414046e-10,0.0066984949
9.414046e-10,0.0069383272
1.041405e-09,0.0071566176
1.141405e-09,0.0073548024
1.241405e-09,0.007539344
1.341405e-09,0.0077202953
1.441405e-09,0.0079034007
1.541405e-09,0.0080893784
1.641405e-09,0.0082710478
1.741405e-09,0.0084412282
1.841405e-09,0.008592739
1.941405e-09,0.0087248621
2.041405e-09,0.0088440602
2.141405e-09,0.0089582318
2.241405e-09,0.0090752757
2.341405e-09,0.0091951919
2.441405e-09,0.0093136719
2.541405e-09,0.009421381
2.641405e-09,0.0095118566
2.741405e-09,0.0095843807
2.841405e-09,0.0096432617
2.941405e-09,0.0096971163
3.041405e-09,0.009753125
3.141405e-09,0.009812006
3.241405e-09,0.0098687328
3.341405e-09,0.0099161248
3.441405e-09,0.0099484375
3.541405e-09,0.0099671071
3.641405e-09,0.009978596
3.741405e-09,0.0099929573
3.841405e-09,0.010017371
3.941405e-09,0.010052556
4.041405e-09,0.010091332
4.141405e-09,0.010124362
4.241405e-09,0.01014375
4.341405e-09,0.010148776
4.441405e-09,0.010145904
4.541405e-09,0.010145904
4.641405e-09,0.010155239
4.741405e-09,0.010176063
4.841405e-09,0.010200477
4.941405e-09,0.010219146
5.041405e-09,0.010224173
5.141405e-09,0.010216274
5.241405e-09,0.010204067
5.341405e-09,0.010199759
5.441405e-09,0.010212684
5.541405e-09,0.01024356
5.641405e-09,0.01028449
5.741405e-09,0.010319675
5.841405e-09,0.010339063
5.941405e-09,0.010337626
6.041405e-09,0.010323265
6.141405e-09,0.010308186
6.241405e-09,0.010304596
6.341405e-09,0.010317521
6.441405e-09,0.010341935
6.541405e-09,0.010367785
6.641405e-09,0.010385018
6.741405e-09,0.010390045
6.841405e-09,0.010388609
6.941405e-09,0.010391481
7.041405e-09,0.010407996
7.141405e-09,0.010439591
7.241405e-09,0.010479084
7.341405e-09,0.010514269
7.441405e-09,0.010534375
7.541405e-09,0.010535811
7.641405e-09,0.010526476
7.741405e-09,0.01051786
7.841405e-09,0.010522886
7.941405e-09,0.01054371
8.041405e-09,0.010574586
8.141405e-09,0.010601873
8.241405e-09,0.010614798
8.341405e-09,0.010609771
8.441405e-09,0.010593256
8.541405e-09,0.010579613
8.641405e-09,0.010580331
8.741405e-09,0.010600437
8.841405e-09,0.010633467
8.941405e-09,0.01066578
9.041405e-09,0.010683732
9.141405e-09,0.010683732
9.241405e-09,0.010670807
9.341405e-09,0.010658599
9.441405e-09,0.010660754
9.541405e-09,0.010680859
9.641405e-09,0.010712454
9.741405e-09,0.010740458
9.841405e-09,0.010752665
9.941405e-09,0.010743331
1.00414e-08,0.010719635
1.01414e-08,0.010698093
1.02414e-08,0.010695221
1.03414e-08,0.010718917
1.04414e-08,0.010762718
1.05414e-08,0.010811546
1.06414e-08,0.010844577
1.07414e-08,0.010850322
1.08414e-08,0.010830216
1.09414e-08,0.010795031
1.10414e-08,0.010764154
1.11414e-08,0.010749793
1.12414e-08,0.010755538
1.13414e-08,0.010772771
1.14414e-08,0.010787132
1.15414e-08,0.01078785
1.16414e-08,0.010771335
1.17414e-08,0.010744049
1.18414e-08,0.010718199
1.19414e-08,0.010703119
1.20414e-08,0.010702401
1.21414e-08,0.010711018
1.22414e-08,0.010718199
1.23414e-08,0.010716044
1.24414e-08,0.010700247
1.25414e-08,0.010675115
1.26414e-08,0.010649265
1.27414e-08,0.010629159
1.28414e-08,0.010618388
1.29414e-08,0.010615516
1.30414e-08,0.010614798
1.31414e-08,0.010611926
1.32414e-08,0.010606181
1.33414e-08,0.010598282
1.34414e-08,0.01059182
1.35414e-08,0.010587511
1.36414e-08,0.010582485
1.37414e-08,0.010573868
1.38414e-08,0.010557353
1.39414e-08,0.010535093
1.40414e-08,0.010511397
1.41414e-08,0.010494164
1.42414e-08,0.010488419
1.43414e-08,0.010494164
1.44414e-08,0.010504935
1.45414e-08,0.010512833
1.46414e-08,0.010511397
1.47414e-08,0.010499908
1.48414e-08,0.010484829
1.49414e-08,0.010474776
1.50414e-08,0.01047693
1.51414e-08,0.010491291
1.52414e-08,0.010511397
1.53414e-08,0.010524322
1.54414e-08,0.010522886
1.55414e-08,0.010504216
1.56414e-08,0.010474776
1.57414e-08,0.010446772
1.58414e-08,0.010430974
1.59414e-08,0.010430974
1.60414e-08,0.010441745
1.61414e-08,0.010453234
1.62414e-08,0.010453952
1.63414e-08,0.010440309
1.64414e-08,0.010415895
1.65414e-08,0.010390045
1.66414e-08,0.010373529
1.67414e-08,0.010372093
1.68414e-08,0.010382146
1.69414e-08,0.010397225
1.70414e-08,0.010407996
1.71414e-08,0.010409432
1.72414e-08,0.010403688
1.73414e-08,0.010397943
1.74414e-08,0.010396507
1.75414e-08,0.010402252
1.76414e-08,0.010408714
1.77414e-08,0.010409432
1.78414e-08,0.010396507
1.79414e-08,0.010370657
1.80414e-08,0.010339063
1.81414e-08,0.010313212
1.82414e-08,0.010304596
1.83414e-08,0.010314648
1.84414e-08,0.01033619
1.85414e-08,0.010356296
1.86414e-08,0.01036204
1.87414e-08,0.010348397
1.88414e-08,0.010318957
1.89414e-08,0.01028449
1.90414e-08,0.01025864
1.91414e-08,0.010247869
1.92414e-08,0.010252177
1.93414e-08,0.010262948
1.94414e-08,0.010270129
1.95414e-08,0.010267974
1.96414e-08,0.010256486
1.97414e-08,0.01024356
1.98414e-08,0.010235662
1.99414e-08,0.010237098
2.00414e-08,0.010244278
2.01414e-08,0.010250741
2.02414e-08,0.010247151
2.03414e-08,0.010230635
2.04414e-08,0.010204785
2.05414e-08,0.010176781
2.06414e-08,0.010155239
2.07414e-08,0.010144468
2.08414e-08,0.010140878
2.09414e-08,0.010139442
2.10414e-08,0.010132261
2.11414e-08,0.010117182
2.12414e-08,0.010098512
2.13414e-08,0.010082715
2.14414e-08,0.010074816
2.15414e-08,0.010076252
2.16414e-08,0.010080561
2.17414e-08,0.010078406
2.18414e-08,0.010063327
2.19414e-08,0.010034605
2.20414e-08,0.0099987017
2.21414e-08,0.0099671071
2.22414e-08,0.0099484375
2.23414e-08,0.0099441291
2.24414e-08,0.0099484375
2.25414e-08,0.0099491556
2.26414e-08,0.0099369485
2.27414e-08,0.0099103803
2.28414e-08,0.0098773495
2.29414e-08,0.009847909
2.30414e-08,0.0098335478
2.31414e-08,0.00983642
2.32414e-08,0.0098500632
2.33414e-08,0.0098608341
2.34414e-08,0.0098565257
2.35414e-08,0.0098335478
2.36414e-08,0.0097983628
2.37414e-08,0.0097631778
2.38414e-08,0.009741636
2.39414e-08,0.0097380457
2.40414e-08,0.0097480986
2.41414e-08,0.0097581514
2.42414e-08,0.009753125
2.43414e-08,0.0097265568
2.44414e-08,0.009682037
2.45414e-08,0.0096324908
2.46414e-08,0.0095922794
2.47414e-08,0.0095721737
2.48414e-08,0.0095721737
2.49414e-08,0.0095836627
2.50414e-08,0.0095922794
2.51414e-08,0.009587971
2.52414e-08,0.0095685834
2.53414e-08,0.009539861
2.54414e-08,0.0095118566
2.55414e-08,0.0094917509
2.56414e-08,0.00948098
2.57414e-08,0.0094752355
2.58414e-08,0.0094659007
2.59414e-08,0.0094472312
2.60414e-08,0.0094199449
2.61414e-08,0.0093890682
2.62414e-08,0.0093625
2.63414e-08,0.0093467027
2.64414e-08,0.0093409582
2.65414e-08,0.0093409582
2.66414e-08,0.0093395221
2.67414e-08,0.0093309053
2.68414e-08,0.009315108
2.69414e-08,0.0092971565
2.70414e-08,0.0092820772
2.71414e-08,0.0092734605
2.72414e-08,0.0092698702
2.73414e-08,0.0092669979
2.74414e-08,0.0092590993
2.75414e-08,0.0092447381
2.76414e-08,0.0092267865
2.77414e-08,0.0092102711
2.78414e-08,0.0092016544
2.79414e-08,0.0092016544
2.80414e-08,0.0092059628
2.81414e-08,0.009208117
2.82414e-08,0.0092016544
2.83414e-08,0.009184421
2.84414e-08,0.0091600069
2.85414e-08,0.0091363109
2.86414e-08,0.0091212316
2.87414e-08,0.0091162052
2.88414e-08,0.0091176413
2.89414e-08,0.0091183594
2.90414e-08,0.0091097426
2.91414e-08,0.009090355
2.92414e-08,0.0090630687
2.93414e-08,0.0090357824
2.94414e-08,0.0090178309
2.95414e-08,0.0090120864
2.96414e-08,0.0090163948
2.97414e-08,0.0090250115
2.98414e-08,0.0090293199
2.99414e-08,0.0090264476
3.00414e-08,0.0090171128
3.01414e-08,0.0090056239
3.02414e-08,0.0089948529
3.03414e-08,0.0089855182
3.04414e-08,0.0089733111
3.05414e-08,0.0089539235
3.06414e-08,0.0089259191
3.07414e-08,0.0088921703
3.08414e-08,0.0088620117
3.09414e-08,0.0088447783
3.10414e-08,0.0088454963
3.11414e-08,0.0088612937
3.12414e-08,0.0088828355
3.13414e-08,0.0088957606
3.14414e-08,0.0088914522
3.15414e-08,0.0088684743
3.16414e-08,0.0088354435
3.17414e-08,0.0088045669
3.18414e-08,0.0087880515
3.19414e-08,0.0087880515
3.20414e-08,0.0087973863
3.21414e-08,0.0088052849
3.22414e-08,0.0087995404
3.23414e-08,0.0087772806
3.24414e-08,0.0087428136
3.25414e-08,0.0087083467
3.26414e-08,0.0086846507
3.27414e-08,0.0086774701
3.28414e-08,0.0086832146
3.29414e-08,0.0086925494
3.30414e-08,0.0086961397
3.31414e-08,0.0086889591
3.32414e-08,0.0086745979
3.33414e-08,0.0086595186
3.34414e-08,0.0086501838
3.35414e-08,0.0086480296
3.36414e-08,0.0086451574
3.37414e-08,0.0086329504
3.38414e-08,0.0086042279
3.39414e-08,0.0085597082
3.40414e-08,0.008510162
3.41414e-08,0.0084706687
3.42414e-08,0.0084548713
3.43414e-08,0.0084649242
3.44414e-08,0.0084936466
3.45414e-08,0.008522369
3.46414e-08,0.0085352941
3.47414e-08,0.0085230871
3.48414e-08,0.0084893382
3.49414e-08,0.0084455365
3.50414e-08,0.0084089154
3.51414e-08,0.0083888097
3.52414e-08,0.0083866556
3.53414e-08,0.0083938362
3.54414e-08,0.0083974265
3.55414e-08,0.0083902459
3.56414e-08,0.0083708582
3.57414e-08,0.0083471622
3.58414e-08,0.0083284926
3.59414e-08,0.0083220301
3.60414e-08,0.0083270565
3.61414e-08,0.0083363913
3.62414e-08,0.0083399816
3.63414e-08,0.008332801
3.64414e-08,0.0083155676
3.65414e-08,0.0082961799
3.66414e-08,0.0082825368
3.67414e-08,0.0082811006
3.68414e-08,0.0082897174
3.69414e-08,0.0083012063
3.70414e-08,0.0083055147
3.71414e-08,0.0082961799
3.72414e-08,0.0082753562
3.73414e-08,0.0082480699
3.74414e-08,0.0082250919
3.75414e-08,0.0082107307
3.76414e-08,0.0082049862
3.77414e-08,0.0082013959
3.78414e-08,0.008190625
3.79414e-08,0.0081690832
3.80414e-08,0.0081374885
3.81414e-08,0.0081037397
3.82414e-08,0.0080757353
3.83414e-08,0.008059938
3.84414e-08,0.0080556296
3.85414e-08,0.0080556296
3.86414e-08,0.0080527574
3.87414e-08,0.0080398323
3.88414e-08,0.0080168543
3.89414e-08,0.0079881319
3.90414e-08,0.0079608456
3.91414e-08,0.0079407399
3.92414e-08,0.0079285329
3.93414e-08,0.0079213523
3.94414e-08,0.0079148897
3.95414e-08,0.007906273
3.96414e-08,0.0078962201
3.97414e-08,0.0078868853
3.98414e-08,0.0078804228
3.99414e-08,0.0078768325
4.00414e-08,0.0078732422
4.01414e-08,0.0078639074
4.02414e-08,0.0078459559
4.03414e-08,0.0078208238
4.04414e-08,0.0077949736
4.05414e-08,0.0077748679
4.06414e-08,0.0077655331
4.07414e-08,0.0077662511
4.08414e-08,0.0077719956
4.09414e-08,0.0077734318
4.10414e-08,0.0077655331
4.11414e-08,0.0077490177
4.12414e-08,0.007728912
4.13414e-08,0.0077138327
4.14414e-08,0.0077080882
4.15414e-08,0.0077102424
4.16414e-08,0.0077131147
4.17414e-08,0.0077066521
4.18414e-08,0.0076851103
4.19414e-08,0.0076506434
4.20414e-08,0.0076125862
4.21414e-08,0.0075831457
4.22414e-08,0.0075702206
4.23414e-08,0.0075738109
4.24414e-08,0.0075845818
4.25414e-08,0.0075910443
4.26414e-08,0.0075817096
4.27414e-08,0.0075572955
4.28414e-08,0.0075249828
4.29414e-08,0.0074991326
4.30414e-08,0.0074897978
4.31414e-08,0.0074984145
4.32414e-08,0.007515648
4.33414e-08,0.0075285731
4.34414e-08,0.0075242647
4.35414e-08,0.0074991326
4.36414e-08,0.0074603573
4.37414e-08,0.0074223001
4.38414e-08,0.007397886
4.39414e-08,0.0073928596
4.40414e-08,0.0074036305
4.41414e-08,0.0074165556
4.42414e-08,0.007420864
4.43414e-08,0.007409375
4.44414e-08,0.007385679
4.45414e-08,0.0073591108
4.46414e-08,0.0073404412
4.47414e-08,0.0073332606
4.48414e-08,0.0073332606
4.49414e-08,0.0073311064
4.50414e-08,0.0073174632
4.51414e-08,0.0072887408
4.52414e-08,0.0072514017
4.53414e-08,0.0072154986
4.54414e-08,0.0071910846
4.55414e-08,0.0071817498
4.56414e-08,0.007183904
4.57414e-08,0.0071860581
4.58414e-08,0.0071795956
4.59414e-08,0.0071623621
4.60414e-08,0.0071386661
4.61414e-08,0.0071192785
4.62414e-08,0.0071106618
4.63414e-08,0.007113534
4.64414e-08,0.0071192785
4.65414e-08,0.0071178424
4.66414e-08,0.0070991728
4.67414e-08,0.0070647059
4.68414e-08,0.0070252125
4.69414e-08,0.0069943359
4.70414e-08,0.0069842831
4.71414e-08,0.0069957721
4.72414e-08,0.00701875
4.73414e-08,0.0070388557
4.74414e-08,0.0070417279
4.75414e-08,0.0070252125
4.76414e-08,0.0069972082
4.77414e-08,0.0069720761
4.78414e-08,0.0069613051
4.79414e-08,0.0069663316
4.80414e-08,0.0069778205
4.81414e-08,0.0069806928
4.82414e-08,0.0069613051
4.83414e-08,0.0069196576
4.84414e-08,0.0068686753
4.85414e-08,0.0068270278
4.86414e-08,0.0068119485
4.87414e-08,0.006829182
4.88414e-08,0.0068672392
4.89414e-08,0.0069067325
4.90414e-08,0.0069268382
4.91414e-08,0.0069167854
4.92414e-08,0.0068830365
4.93414e-08,0.006841389
4.94414e-08,0.0068119485
4.95414e-08,0.0068047679
4.96414e-08,0.0068184111
4.97414e-08,0.0068377987
4.98414e-08,0.0068464154
4.99414e-08,0.0068342084
5.00414e-08,0.0068026137
5.01414e-08,0.0067631204
5.02414e-08,0.0067315257
5.03414e-08,0.0067164465
5.04414e-08,0.0067171645
5.05414e-08,0.006722909
5.06414e-08,0.0067200368
5.07414e-08,0.0067013672
5.08414e-08,0.0066697725
5.09414e-08,0.0066367417
5.10414e-08,0.006616636
5.11414e-08,0.006615918
5.12414e-08,0.0066317153
5.13414e-08,0.006651821
5.14414e-08,0.0066625919
5.15414e-08,0.0066546932
5.16414e-08,0.0066295611
5.17414e-08,0.0065972484
5.18414e-08,0.0065706801
5.19414e-08,0.0065577551
5.20414e-08,0.0065577551
5.21414e-08,0.0065613454
5.22414e-08,0.0065591912
5.23414e-08,0.00654483
5.24414e-08,0.0065204159
5.25414e-08,0.0064952838
5.26414e-08,0.0064787684
5.27414e-08,0.00647446
5.28414e-08,0.0064787684
5.29414e-08,0.0064794864
5.30414e-08,0.0064672794
5.31414e-08,0.0064378389
5.32414e-08,0.0063969095
5.33414e-08,0.0063566981
5.34414e-08,0.0063294118
5.35414e-08,0.006320795
5.36414e-08,0.0063265395
5.37414e-08,0.0063337201
5.38414e-08,0.0063294118
5.39414e-08,0.0063071519
5.40414e-08,0.0062705308
5.41414e-08,0.0062317555
5.42414e-08,0.0062030331
5.43414e-08,0.0061922622
5.44414e-08,0.0061965705
5.45414e-08,0.0062044692
5.46414e-08,0.0062030331
5.47414e-08,0.0061843635
5.48414e-08,0.0061498966
5.49414e-08,0.0061096852
5.50414e-08,0.0060766544
5.51414e-08,0.0060587029
5.52414e-08,0.0060558307
5.53414e-08,0.0060615751
5.54414e-08,0.0060651654
5.55414e-08,0.006060139
5.56414e-08,0.0060450597
5.57414e-08,0.0060256721
5.58414e-08,0.0060077206
5.59414e-08,0.0059933594
5.60414e-08,0.0059797162
5.61414e-08,0.0059596105
5.62414e-08,0.0059272978
5.63414e-08,0.0058834961
5.64414e-08,0.0058368222
5.65414e-08,0.0057980469
5.66414e-08,0.0057779412
5.67414e-08,0.0057793773
5.68414e-08,0.0057958927
5.69414e-08,0.0058145623
5.70414e-08,0.0058238971
5.71414e-08,0.0058167165
5.72414e-08,0.0057951746
5.73414e-08,0.0057678883
5.74414e-08,0.0057434743
5.75414e-08,0.0057255227
5.76414e-08,0.0057125977
5.77414e-08,0.0056968003
5.78414e-08,0.0056745404
5.79414e-08,0.005645818
5.80414e-08,0.0056170956
5.81414e-08,0.005598426
5.82414e-08,0.0055941176
5.83414e-08,0.0056020163
5.84414e-08,0.0056127872
5.85414e-08,0.0056127872
5.86414e-08,0.0055941176
5.87414e-08,0.0055589327
5.88414e-08,0.0055187213
5.89414e-08,0.0054885627
5.90414e-08,0.0054792279
5.91414e-08,0.0054899989
5.92414e-08,0.0055086684
5.93414e-08,0.0055180032
5.94414e-08,0.0055022059
5.95414e-08,0.0054598403
5.96414e-08,0.0054009593
5.97414e-08,0.0053442325
5.98414e-08,0.0053068934
5.99414e-08,0.0052968405
6.00414e-08,0.0053090476
6.01414e-08,0.0053291533
6.02414e-08,0.0053413603
6.03414e-08,0.0053384881
6.04414e-08,0.0053241268
6.05414e-08,0.0053061753
6.06414e-08,0.0052954044
6.07414e-08,0.0052925322
6.08414e-08,0.0052918141
6.09414e-08,0.0052803251
6.10414e-08,0.0052494485
6.11414e-08,0.0052006204
6.12414e-08,0.0051453297
6.13414e-08,0.0050993739
6.14414e-08,0.005077114
6.15414e-08,0.0050799862
6.16414e-08,0.0050979377
6.17414e-08,0.0051137351
6.18414e-08,0.0051115809
6.19414e-08,0.0050878849
6.20414e-08,0.0050498277
6.21414e-08,0.0050153608
6.22414e-08,0.0049966912
6.23414e-08,0.0049981273
6.24414e-08,0.0050088982
6.25414e-08,0.0050139246
6.26414e-08,0.0049966912
6.27414e-08,0.0049543256
6.28414e-08,0.0048975988
6.29414e-08,0.0048451804
6.30414e-08,0.0048128676
6.31414e-08,0.0048078412
6.32414e-08,0.0048214844
6.33414e-08,0.0048365636
6.34414e-08,0.0048358456
6.35414e-08,0.0048143038
6.36414e-08,0.0047791188
6.37414e-08,0.0047468061
6.38414e-08,0.0047324449
6.39414e-08,0.0047396255
6.40414e-08,0.0047568589
6.41414e-08,0.0047647576
6.42414e-08,0.0047439338
6.43414e-08,0.0046893612
6.44414e-08,0.0046125287
6.45414e-08,0.0045378504
6.46414e-08,0.0044911765
6.47414e-08,0.0044847139
6.48414e-08,0.0045148725
6.49414e-08,0.0045601103
6.50414e-08,0.0045945772
6.51414e-08,0.0046017578
6.52414e-08,0.0045780618
6.53414e-08,0.0045385685
6.54414e-08,0.0045026654
6.55414e-08,0.004485432
6.56414e-08,0.0044897403
6.57414e-08,0.0045048196
6.58414e-08,0.0045141544
6.59414e-08,0.0045033835
6.60414e-08,0.0044710708
6.61414e-08,0.0044272691
6.62414e-08,0.0043877757
6.63414e-08,0.004366952
6.64414e-08,0.0043691062
6.65414e-08,0.0043884938
6.66414e-08,0.0044107537
6.67414e-08,0.0044243968
6.68414e-08,0.0044222426
6.69414e-08,0.0044078814
6.70414e-08,0.0043877757
6.71414e-08,0.0043683881
6.72414e-08,0.0043525908
6.73414e-08,0.0043367934
6.74414e-08,0.0043188419
6.75414e-08,0.0042973001
6.76414e-08,0.0042771944
6.77414e-08,0.0042671415
6.78414e-08,0.004272886
6.79414e-08,0.004295864
6.80414e-08,0.0043274586
6.81414e-08,0.0043540269
6.82414e-08,0.0043647978
6.83414e-08,0.0043540269
6.84414e-08,0.0043267406
6.85414e-08,0.0042951459
6.86414e-08,0.004272886
6.87414e-08,0.0042657054
6.88414e-08,0.0042707318
6.89414e-08,0.0042771944
6.90414e-08,0.004272886
6.91414e-08,0.0042520623
6.92414e-08,0.0042197495
6.93414e-08,0.0041874368
6.94414e-08,0.0041694853
6.95414e-08,0.0041730756
6.96414e-08,0.0041938994
6.97414e-08,0.0042211857
6.98414e-08,0.0042384191
6.99414e-08,0.0042348288
7.00414e-08,0.0042089786
7.01414e-08,0.0041709214
7.02414e-08,0.0041350184
7.03414e-08,0.0041120404
7.04414e-08,0.004107014
7.05414e-08,0.0041141946
7.06414e-08,0.0041235294
7.07414e-08,0.0041249655
7.08414e-08,0.0041149127
7.09414e-08,0.0040969612
7.10414e-08,0.0040775735
7.11414e-08,0.0040653665
7.12414e-08,0.0040632123
7.13414e-08,0.0040689568
7.14414e-08,0.0040775735
7.15414e-08,0.0040826
7.16414e-08,0.0040818819
7.17414e-08,0.0040754193
7.18414e-08,0.0040660846
7.19414e-08,0.0040553136
7.20414e-08,0.0040438247
7.21414e-08,0.0040287454
7.22414e-08,0.0040086397
7.23414e-08,0.0039856618
7.24414e-08,0.003964838
7.25414e-08,0.0039519129
7.26414e-08,0.0039511949
7.27414e-08,0.0039626838
7.28414e-08,0.0039813534
7.29414e-08,0.0039985869
7.30414e-08,0.0040086397
7.31414e-08,0.0040079216
7.32414e-08,0.004000741
7.33414e-08,0.0039914063
7.34414e-08,0.0039856618
7.35414e-08,0.0039842256
7.36414e-08,0.0039835076
7.37414e-08,0.0039777631
7.38414e-08,0.0039626838
7.39414e-08,0.0039397059
7.40414e-08,0.0039152918
7.41414e-08,0.0038980584
7.42414e-08,0.00389375
7.43414e-08,0.0039016487
7.44414e-08,0.0039145738
7.45414e-08,0.0039217544
7.46414e-08,0.0039167279
7.47414e-08,0.0038973403
7.48414e-08,0.0038693359
7.49414e-08,0.0038420496
7.50414e-08,0.0038248162
7.51414e-08,0.0038190717
7.52414e-08,0.0038190717
7.53414e-08,0.0038161994
7.54414e-08,0.0038018382
7.55414e-08,0.0037745519
7.56414e-08,0.003740085
7.57414e-08,0.0037077723
7.58414e-08,0.0036869485
7.59414e-08,0.0036797679
7.60414e-08,0.003681204
7.61414e-08,0.0036826402
7.62414e-08,0.0036754596
7.63414e-08,0.0036582261
7.64414e-08,0.0036352482
7.65414e-08,0.0036151425
7.66414e-08,0.0036065257
7.67414e-08,0.003609398
7.68414e-08,0.0036165786
7.69414e-08,0.0036187328
7.70414e-08,0.0036065257
7.71414e-08,0.0035785214
7.72414e-08,0.0035419003
7.73414e-08,0.0035095875
7.74414e-08,0.003491636
7.75414e-08,0.003491636
7.76414e-08,0.0035016889
7.77414e-08,0.0035103056
7.78414e-08,0.003503125
7.79414e-08,0.0034758387
7.80414e-08,0.0034349092
7.81414e-08,0.0033932617
7.82414e-08,0.0033652574
7.83414e-08,0.0033602309
7.84414e-08,0.0033745921
7.85414e-08,0.003396852
7.86414e-08,0.0034112132
7.87414e-08,0.0034069049
7.88414e-08,0.0033824908
7.89414e-08,0.0033451517
7.90414e-08,0.0033078125
7.91414e-08,0.0032812443
7.92414e-08,0.0032697553
7.93414e-08,0.0032697553
7.94414e-08,0.0032733456
7.95414e-08,0.0032726275
7.96414e-08,0.0032640108
7.97414e-08,0.0032510857
7.98414e-08,0.0032388787
7.99414e-08,0.00323098
8.00414e-08,0.0032281078
8.01414e-08,0.0032252355
8.02414e-08,0.0032159007
8.03414e-08,0.0031972312
8.04414e-08,0.003171381
8.05414e-08,0.0031440947
8.06414e-08,0.003123989
8.07414e-08,0.0031160903
8.08414e-08,0.0031189625
8.09414e-08,0.0031282973
8.10414e-08,0.0031354779
8.11414e-08,0.0031333238
8.12414e-08,0.0031203987
8.13414e-08,0.003100293
8.14414e-08,0.0030780331
8.15414e-08,0.0030586455
8.16414e-08,0.0030421301
8.17414e-08,0.0030270508
8.18414e-08,0.0030090993
8.19414e-08,0.0029861213
8.20414e-08,0.0029595531
8.21414e-08,0.002935139
8.22414e-08,0.0029171875
8.23414e-08,0.0029092888
8.24414e-08,0.0029085708
8.25414e-08,0.0029100069
8.26414e-08,0.0029056985
8.27414e-08,0.0028913373
8.28414e-08,0.0028676413
8.29414e-08,0.0028389189
8.30414e-08,0.0028137868
8.31414e-08,0.0027965533
8.32414e-08,0.0027879366
8.33414e-08,0.0027843463
8.34414e-08,0.0027793199
8.35414e-08,0.0027685489
8.36414e-08,0.0027513155
8.37414e-08,0.0027297737
8.38414e-08,0.002710386
8.39414e-08,0.0026974609
8.40414e-08,0.0026931526
8.41414e-08,0.0026945887
8.42414e-08,0.0026988971
8.43414e-08,0.0027010512
8.44414e-08,0.0026996151
8.45414e-08,0.0026945887
8.46414e-08,0.0026874081
8.47414e-08,0.0026795094
8.48414e-08,0.0026701746
8.49414e-08,0.0026579676
8.50414e-08,0.0026414522
8.51414e-08,0.0026206284
8.52414e-08,0.0025983686
8.53414e-08,0.0025811351
8.54414e-08,0.0025725184
8.55414e-08,0.0025753906
8.56414e-08,0.0025875977
8.57414e-08,0.0026041131
8.58414e-08,0.0026184743
8.59414e-08,0.0026263729
8.60414e-08,0.0026263729
8.61414e-08,0.0026220646
8.62414e-08,0.0026184743
8.63414e-08,0.0026206284
8.64414e-08,0.0026313994
8.65414e-08,0.002650787
8.66414e-08,0.0026759191
8.67414e-08,0.0027024874
8.68414e-08,0.0027276195
8.69414e-08,0.0027498794
8.70414e-08,0.0027678309
8.71414e-08,0.0027821921
8.72414e-08,0.0027936811
8.73414e-08,0.0028037339
8.74414e-08,0.0028137868
8.75414e-08,0.0028259938
8.76414e-08,0.0028425092
8.77414e-08,0.0028654871
8.78414e-08,0.0028942096
8.79414e-08,0.0029258042
8.80414e-08,0.0029573989
8.81414e-08,0.0029854033
8.82414e-08,0.0030090993
8.83414e-08,0.0030306411
8.84414e-08,0.003052901
8.85414e-08,0.0030801873
8.86414e-08,0.0031125
8.87414e-08,0.0031469669
8.88414e-08,0.0031785616
8.89414e-08,0.0032015395
8.90414e-08,0.0032159007
8.91414e-08,0.0032230813
8.92414e-08,0.0032295439
8.93414e-08,0.0032410329
8.94414e-08,0.0032618566
8.95414e-08,0.0032891429
8.96414e-08,0.0033164292
8.97414e-08,0.0033358169
8.98414e-08,0.0033422794
8.99414e-08,0.003337253
9.00414e-08,0.0033279182
9.01414e-08,0.0033228918
9.02414e-08,0.0033307904
9.03414e-08,0.0033530503
9.04414e-08,0.003384645
9.05414e-08,0.0034155216
9.06414e-08,0.0034341912
9.07414e-08,0.0034363454
9.08414e-08,0.0034219841
9.09414e-08,0.0033990062
9.10414e-08,0.0033767463
9.11414e-08,0.0033623851
9.12414e-08,0.0033587948
9.13414e-08,0.003361667
9.14414e-08,0.0033652574
9.15414e-08,0.0033638212
9.16414e-08,0.0033559226
9.17414e-08,0.0033437155
9.18414e-08,0.0033307904
9.19414e-08,0.0033214557
9.20414e-08,0.0033178653
9.21414e-08,0.0033185834
9.22414e-08,0.0033193015
9.23414e-08,0.0033171473
9.24414e-08,0.0033106847
9.25414e-08,0.0032999138
9.26414e-08,0.0032848346
9.27414e-08,0.003266883
9.28414e-08,0.0032453412
9.29414e-08,0.0032202091
9.30414e-08,0.0031929228
9.31414e-08,0.0031663545
9.32414e-08,0.0031455308
9.33414e-08,0.0031347599
9.34414e-08,0.0031354779
9.35414e-08,0.0031462489
9.36414e-08,0.0031606101
9.37414e-08,0.0031706629
9.38414e-08,0.0031699449
9.39414e-08,0.0031563017
9.40414e-08,0.0031326057
9.41414e-08,0.0031046013
9.42414e-08,0.0030780331
9.43414e-08,0.0030572093
9.44414e-08,0.0030406939
9.45414e-08,0.0030263327
9.46414e-08,0.0030090993
9.47414e-08,0.0029882755
9.48414e-08,0.0029652976
9.49414e-08,0.0029437557
9.50414e-08,0.0029286765
9.51414e-08,0.0029200597
9.52414e-08,0.0029157514
9.53414e-08,0.0029121611
9.54414e-08,0.0029056985
9.55414e-08,0.0028949276
9.56414e-08,0.0028834386
9.57414e-08,0.0028748219
9.58414e-08,0.0028712316
9.59414e-08,0.0028726677
9.60414e-08,0.0028733858
9.61414e-08,0.0028669233
9.62414e-08,0.0028482537
9.63414e-08,0.002816659
9.64414e-08,0.0027786018
9.65414e-08,0.0027434168
9.66414e-08,0.002721875
9.67414e-08,0.0027182847
9.68414e-08,0.0027297737
9.69414e-08,0.0027498794
9.70414e-08,0.0027678309
9.71414e-08,0.0027750115
9.72414e-08,0.002769267
9.73414e-08,0.0027527516
9.74414e-08,0.002733364
9.75414e-08,0.0027161305
9.76414e-08,0.0027039235
9.77414e-08,0.0026960248
9.78414e-08,0.0026874081
9.79414e-08,0.002674483
9.80414e-08,0.0026565315
9.81414e-08,0.0026364258
9.82414e-08,0.0026184743
9.83414e-08,0.0026084214
9.84414e-08,0.0026077034
9.85414e-08,0.0026163201
9.86414e-08,0.0026299632
9.87414e-08,0.0026436064
9.88414e-08,0.0026543773
9.89414e-08,0.0026615579
9.90414e-08,0.0026644301
9.91414e-08,0.0026651482
9.92414e-08,0.0026637121
9.93414e-08,0.0026594037
9.94414e-08,0.0026529412
9.95414e-08,0.0026428883
9.96414e-08,0.0026306813
9.97414e-08,0.0026177562
9.98414e-08,0.0026069853
9.99414e-08,0.0026005227
1.000414e-07,0.0025983686
1.001414e-07,0.0026005227
1.002414e-07,0.0026069853
1.003414e-07,0.0026170381
1.004414e-07,0.0026306813
1.005414e-07,0.0026471967
1.006414e-07,0.0026644301
1.007414e-07,0.0026787914
1.008414e-07,0.0026852539
1.009414e-07,0.0026809455
1.010414e-07,0.0026644301
1.011414e-07,0.0026400161
1.012414e-07,0.0026134478
1.013414e-07,0.0025933421
1.014414e-07,0.0025840074
1.015414e-07,0.0025875977
1.016414e-07,0.0025998047
1.017414e-07,0.0026163201
1.018414e-07,0.0026299632
1.019414e-07,0.0026378619
1.020414e-07,0.002639298
1.021414e-07,0.0026364258
1.022414e-07,0.0026299632
1.023414e-07,0.0026199104
1.024414e-07,0.0026041131
1.025414e-07,0.0025811351
1.026414e-07,0.0025495404
1.027414e-07,0.0025136374
1.028414e-07,0.0024798886
1.029414e-07,0.0024554745
1.030414e-07,0.0024461397
1.031414e-07,0.0024511661
1.032414e-07,0.0024662454
1.033414e-07,0.0024827608
1.034414e-07,0.0024920956
1.035414e-07,0.0024906595
1.036414e-07,0.0024798886
1.037414e-07,0.0024626551
1.038414e-07,0.0024461397
1.039414e-07,0.0024332146
1.040414e-07,0.0024231618
1.041414e-07,0.0024131089
1.042414e-07,0.0024001838
1.043414e-07,0.0023815142
1.044414e-07,0.0023599724
1.045414e-07,0.0023377125
1.046414e-07,0.002319761
1.047414e-07,0.0023089901
1.048414e-07,0.0023053998
1.049414e-07,0.0023061179
1.050414e-07,0.0023082721
1.051414e-07,0.0023097082
1.052414e-07,0.0023104262
1.053414e-07,0.0023097082
1.054414e-07,0.0023082721
1.055414e-07,0.0023046818
1.056414e-07,0.002296065
1.057414e-07,0.0022817038
1.058414e-07,0.0022623162
1.059414e-07,0.0022422105
1.060414e-07,0.0022278493
1.061414e-07,0.0022228228
1.062414e-07,0.0022278493
1.063414e-07,0.0022393382
1.064414e-07,0.002248673
1.065414e-07,0.0022493911
1.066414e-07,0.0022393382
1.067414e-07,0.0022213867
1.068414e-07,0.0022048713
1.069414e-07,0.0021976907
1.070414e-07,0.0022048713
1.071414e-07,0.0022235409
1.072414e-07,0.0022436466
1.073414e-07,0.0022558536
1.074414e-07,0.0022508272
1.075414e-07,0.0022307215
1.076414e-07,0.0022027171
1.077414e-07,0.0021797392
1.078414e-07,0.0021704044
1.079414e-07,0.002176867
1.080414e-07,0.0021919462
1.081414e-07,0.0022048713
1.082414e-07,0.0022048713
1.083414e-07,0.0021883559
1.084414e-07,0.0021603516
1.085414e-07,0.0021316291
1.086414e-07,0.0021129596
1.087414e-07,0.0021093693
1.088414e-07,0.0021172679
1.089414e-07,0.0021258847
1.090414e-07,0.0021244485
1.091414e-07,0.002106497
1.092414e-07,0.0020749023
1.093414e-07,0.0020382813
1.094414e-07,0.0020095588
1.095414e-07,0.0019959157
1.096414e-07,0.0019980699
1.097414e-07,0.0020095588
1.098414e-07,0.0020210478
1.099414e-07,0.00202392
1.100414e-07,0.0020160214
1.101414e-07,0.0020009421
1.102414e-07,0.0019865809
1.103414e-07,0.0019772461
1.104414e-07,0.00197581
1.105414e-07,0.001976528
1.106414e-07,0.0019750919
1.107414e-07,0.0019664752
1.108414e-07,0.0019513959
1.109414e-07,0.0019334444
1.110414e-07,0.0019176471
1.111414e-07,0.0019090303
1.112414e-07,0.0019068761
1.113414e-07,0.0019083123
1.114414e-07,0.0019061581
1.115414e-07,0.0018975414
1.116414e-07,0.0018831801
1.117414e-07,0.0018652286
1.118414e-07,0.0018487132
1.119414e-07,0.0018365062
1.120414e-07,0.0018278895
1.121414e-07,0.0018178366
1.122414e-07,0.0018027574
1.123414e-07,0.0017797794
1.124414e-07,0.001751775
1.125414e-07,0.0017230526
1.126414e-07,0.0016993566
1.127414e-07,0.0016842773
1.128414e-07,0.0016763787
1.129414e-07,0.0016720703
1.130414e-07,0.0016648897
1.131414e-07,0.0016534007
1.132414e-07,0.0016383215
1.133414e-07,0.0016253964
1.134414e-07,0.0016189338
1.135414e-07,0.0016218061
1.136414e-07,0.0016304228
1.137414e-07,0.0016397576
1.138414e-07,0.0016419118
1.139414e-07,0.001633295
1.140414e-07,0.0016146255
1.141414e-07,0.0015923656
1.142414e-07,0.0015729779
1.143414e-07,0.001562207
1.144414e-07,0.001561489
1.145414e-07,0.0015672335
1.146414e-07,0.0015729779
1.147414e-07,0.001573696
1.148414e-07,0.0015672335
1.149414e-07,0.0015543084
1.150414e-07,0.001538511
1.151414e-07,0.0015234318
1.152414e-07,0.0015112247
1.153414e-07,0.0015011719
1.154414e-07,0.0014925551
1.155414e-07,0.0014839384
1.156414e-07,0.0014760398
1.157414e-07,0.0014702953
1.158414e-07,0.0014695772
1.159414e-07,0.0014738856
1.160414e-07,0.0014825023
1.161414e-07,0.0014932732
1.162414e-07,0.0015040441
1.163414e-07,0.0015126608
1.164414e-07,0.0015198415
1.165414e-07,0.0015248679
1.166414e-07,0.0015270221
1.167414e-07,0.0015234318
1.168414e-07,0.0015105067
1.169414e-07,0.0014882468
1.170414e-07,0.0014580882
1.171414e-07,0.0014272116
1.172414e-07,0.0014035156
1.173414e-07,0.0013941808
1.174414e-07,0.0014006434
1.175414e-07,0.0014178768
1.176414e-07,0.0014351103
1.177414e-07,0.001443009
1.178414e-07,0.0014351103
1.179414e-07,0.0014114143
1.180414e-07,0.0013805377
1.181414e-07,0.0013510972
1.182414e-07,0.0013317096
1.183414e-07,0.0013230928
1.184414e-07,0.0013202206
1.185414e-07,0.001313758
1.186414e-07,0.0012972426
1.187414e-07,0.0012699563
1.188414e-07,0.0012383617
1.189414e-07,0.0012139476
1.190414e-07,0.0012053309
1.191414e-07,0.0012153837
1.192414e-07,0.0012376436
1.193414e-07,0.0012613396
1.194414e-07,0.0012742647
1.195414e-07,0.0012692383
1.196414e-07,0.0012462603
1.197414e-07,0.0012139476
1.198414e-07,0.0011823529
1.199414e-07,0.0011600931
1.200414e-07,0.0011493222
1.201414e-07,0.001147168
1.202414e-07,0.001147886
1.203414e-07,0.001147168
1.204414e-07,0.0011435777
1.205414e-07,0.0011392693
1.206414e-07,0.0011363971
1.207414e-07,0.0011371151
1.208414e-07,0.0011399874
1.209414e-07,0.0011407054
1.210414e-07,0.0011363971
1.211414e-07,0.0011263442
1.212414e-07,0.0011141372
1.213414e-07,0.0011048024
1.214414e-07,0.0011019301
1.215414e-07,0.0011062385
1.216414e-07,0.0011134191
1.217414e-07,0.0011177275
1.218414e-07,0.0011134191
1.219414e-07,0.001100494
1.220414e-07,0.0010839786
1.221414e-07,0.0010710535
1.222414e-07,0.0010674632
1.223414e-07,0.0010746438
1.224414e-07,0.0010875689
1.225414e-07,0.0010990579
1.226414e-07,0.0011019301
1.227414e-07,0.0010933134
1.228414e-07,0.001076798
1.229414e-07,0.0010588465
1.230414e-07,0.0010444853
1.231414e-07,0.0010358686
1.232414e-07,0.001029406
1.233414e-07,0.0010186351
1.234414e-07,0.00099852941
1.235414e-07,0.00096837086
1.236414e-07,0.00093534007
1.237414e-07,0.00090805377
1.238414e-07,0.00089512868
1.239414e-07,0.00089943704
1.240414e-07,0.00091523438
1.241414e-07,0.00093318589
1.242414e-07,0.00094108456
1.243414e-07,0.00093390395
1.244414e-07,0.00091308019
1.245414e-07,0.00088579389
1.246414e-07,0.00086066176
1.247414e-07,0.00084271025
1.248414e-07,0.0008326574
1.249414e-07,0.00082547679
1.250414e-07,0.00081470588
1.251414e-07,0.00079819049
1.252414e-07,0.00077664867
1.253414e-07,0.00075726103
1.254414e-07,0.00074577206
1.255414e-07,0.00074433594
1.256414e-07,0.00075008042
1.257414e-07,0.00075654297
1.258414e-07,0.00075726103
1.259414e-07,0.00074792624
1.260414e-07,0.00073141085
1.261414e-07,0.00071345933
1.262414e-07,0.00069981618
1.263414e-07,0.00069407169
1.264414e-07,0.00069407169
1.265414e-07,0.00069335363
1.266414e-07,0.00068832721
1.267414e-07,0.00067612017
1.268414e-07,0.00065960478
1.269414e-07,0.00064667969
1.270414e-07,0.00064237132
1.271414e-07,0.00064883387
1.272414e-07,0.00066175896
1.273414e-07,0.00067396599
1.274414e-07,0.00067683824
1.275414e-07,0.00066750345
1.276414e-07,0.00064811581
1.277414e-07,0.00062585593
1.278414e-07,0.00060790441
1.279414e-07,0.0005971335
1.280414e-07,0.00059138902
1.281414e-07,0.00058564453
1.282414e-07,0.0005734375
1.283414e-07,0.0005533318
1.284414e-07,0.00052819968
1.285414e-07,0.0005059398
1.286414e-07,0.00049301471
1.287414e-07,0.00049301471
1.288414e-07,0.00050163143
1.289414e-07,0.00051240234
1.290414e-07,0.00051599265
1.291414e-07,0.00050809398
1.292414e-07,0.00049014246
1.293414e-07,0.00046716452
1.294414e-07,0.00044705882
1.295414e-07,0.00043341567
1.296414e-07,0.00042408088
1.297414e-07,0.00041546415
1.298414e-07,0.00040110294
1.299414e-07,0.00037884306
1.300414e-07,0.00035155676
1.301414e-07,0.00032642463
1.302414e-07,0.00030919118
1.303414e-07,0.00030344669
1.304414e-07,0.00030847312
1.305414e-07,0.00031637178
1.306414e-07,0.00032068015
1.307414e-07,0.0003178079
1.308414e-07,0.00030847312
1.309414e-07,0.00029626608
1.310414e-07,0.00028621324
1.311414e-07,0.00028046875
1.312414e-07,0.00027759651
1.313414e-07,0.00027328814
1.314414e-07,0.00026323529
1.315414e-07,0.00024743796
1.316414e-07,0.0002302045
1.317414e-07,0.00021799747
1.318414e-07,0.00021727941
1.319414e-07,0.00022805032
1.320414e-07,0.00024456572
1.321414e-07,0.00025964499
1.322414e-07,0.00026323529
1.323414e-07,0.00025318244
1.324414e-07,0.00023235869
1.325414e-07,0.00021009881
1.326414e-07,0.00019430147
1.327414e-07,0.00018999311
1.328414e-07,0.00019501953
1.329414e-07,0.0002029182
1.330414e-07,0.00020579044
1.331414e-07,0.00019789177
1.332414e-07,0.00018137638
1.333414e-07,0.00016198874
1.334414e-07,0.00014834559
1.335414e-07,0.00014619141
1.336414e-07,0.00015337201
1.337414e-07,0.00016486098
1.338414e-07,0.00017132353
1.339414e-07,0.00016557904
1.340414e-07,0.00014690947
1.341414e-07,0.0001189051
1.342414e-07,9.0900735e-05
1.343414e-07,7.0076976e-05
1.344414e-07,6.0742188e-05
1.345414e-07,6.1460248e-05
1.346414e-07,6.7922794e-05
1.347414e-07,7.438534e-05
1.348414e-07,7.6539522e-05
1.349414e-07,7.3667279e-05
1.350414e-07,6.7922794e-05
1.351414e-07,6.0024127e-05
1.352414e-07,4.9971278e-05
1.353414e-07,3.7764246e-05
1.354414e-07,2.1966912e-05
1.355414e-07,3.2973346e-06
1.356414e-07,-1.4654182e-05
1.357414e-07,-2.9015395e-05
1.358414e-07,-3.5477941e-05
1.359414e-07,-3.404182e-05
1.360414e-07,-2.7579274e-05
1.361414e-07,-2.2552849e-05
1.362414e-07,-2.3988971e-05
1.363414e-07,-3.404182e-05
1.364414e-07,-5.1275276e-05
1.365414e-07,-6.9226792e-05
1.366414e-07,-8.1433824e-05
1.367414e-07,-8.5024127e-05
1.368414e-07,-7.9997702e-05
1.369414e-07,-7.2817096e-05
1.370414e-07,-6.9944853e-05
1.371414e-07,-7.6407399e-05
1.372414e-07,-9.2922794e-05
1.373414e-07,-0.00011590074
1.374414e-07,-0.00013887868
1.375414e-07,-0.00015539407
1.376414e-07,-0.0001640108
1.377414e-07,-0.0001640108
1.378414e-07,-0.00016185662
1.379414e-07,-0.00016185662
1.380414e-07,-0.00016616498
1.381414e-07,-0.00017478171
1.382414e-07,-0.00018483456
1.383414e-07,-0.00019201517
1.384414e-07,-0.00019345129
1.385414e-07,-0.00018986098
1.386414e-07,-0.00018483456
1.387414e-07,-0.00018196232
1.388414e-07,-0.0001841165
1.389414e-07,-0.00019273323
1.390414e-07,-0.0002078125
1.391414e-07,-0.00022504596
1.392414e-07,-0.00024227941
1.393414e-07,-0.00025592256
1.394414e-07,-0.00026525735
1.395414e-07,-0.00027028378
1.396414e-07,-0.00027243796
1.397414e-07,-0.00027387408
1.398414e-07,-0.00027674632
1.399414e-07,-0.00028320887
1.400414e-07,-0.00029326172
1.401414e-07,-0.00030690487
1.402414e-07,-0.00032270221
1.403414e-07,-0.00033706342
1.404414e-07,-0.00034783433
1.405414e-07,-0.00035429687
1.406414e-07,-0.00035716912
1.407414e-07,-0.00036004136
1.408414e-07,-0.00036650391
1.409414e-07,-0.00037727482
1.410414e-07,-0.00039163603
1.411414e-07,-0.0004067153
1.412414e-07,-0.00041892233
1.413414e-07,-0.00042466682
1.414414e-07,-0.00042610294
1.415414e-07,-0.00042610294
1.416414e-07,-0.00043041131
1.417414e-07,-0.00044190028
1.418414e-07,-0.00046056985
1.419414e-07,-0.00048211167
1.420414e-07,-0.00049934513
1.421414e-07,-0.0005072438
1.422414e-07,-0.00050652574
1.423414e-07,-0.00050149931
1.424414e-07,-0.00050149931
1.425414e-07,-0.00051370634
1.426414e-07,-0.00054099265
1.427414e-07,-0.00057904986
1.428414e-07,-0.00061710708
1.429414e-07,-0.00064511144
1.430414e-07,-0.00065588235
1.431414e-07,-0.00065085593
1.432414e-07,-0.0006386489
1.433414e-07,-0.00062931411
1.434414e-07,-0.00063290441
1.435414e-07,-0.00065013787
1.436414e-07,-0.00067670611
1.437414e-07,-0.00070040211
1.438414e-07,-0.00071332721
1.439414e-07,-0.00071260915
1.440414e-07,-0.00070327436
1.441414e-07,-0.00069609375
1.442414e-07,-0.00070183824
1.443414e-07,-0.00072697036
1.444414e-07,-0.00076861788
1.445414e-07,-0.00081816406
1.446414e-07,-0.00086268382
1.447414e-07,-0.00089356043
1.448414e-07,-0.00090648552
1.449414e-07,-0.0009050494
1.450414e-07,-0.00089715074
1.451414e-07,-0.00088997013
1.452414e-07,-0.00088925207
1.453414e-07,-0.00089571461
1.454414e-07,-0.00090863971
1.455414e-07,-0.00092587316
1.456414e-07,-0.0009452608
1.457414e-07,-0.00096680262
1.458414e-07,-0.0009890625
1.459414e-07,-0.0010091682
1.460414e-07,-0.0010242475
1.461414e-07,-0.0010292739
1.462414e-07,-0.0010235294
1.463414e-07,-0.0010106043
1.464414e-07,-0.00099624311
1.465414e-07,-0.00098762638
1.466414e-07,-0.0009890625
1.467414e-07,-0.00099911535
1.468414e-07,-0.0010134766
1.469414e-07,-0.0010228114
1.470414e-07,-0.0010235294
1.471414e-07,-0.0010141946
1.472414e-07,-0.0010005515
1.473414e-07,-0.00099049862
1.474414e-07,-0.0009890625
1.475414e-07,-0.00099839729
1.476414e-07,-0.0010141946
1.477414e-07,-0.0010278378
1.478414e-07,-0.0010350184
1.479414e-07,-0.0010328642
1.480414e-07,-0.0010264017
1.481414e-07,-0.0010213752
1.482414e-07,-0.0010235294
1.483414e-07,-0.0010335823
1.484414e-07,-0.0010450712
1.485414e-07,-0.0010515338
1.486414e-07,-0.0010465074
1.487414e-07,-0.00103071
1.488414e-07,-0.0010106043
1.489414e-07,-0.00099767923
1.490414e-07,-0.0010005515
1.491414e-07,-0.0010213752
1.492414e-07,-0.001053688
1.493414e-07,-0.0010852826
1.494414e-07,-0.0011039522
1.495414e-07,-0.0011046703
1.496414e-07,-0.0010903091
1.497414e-07,-0.0010702034
1.498414e-07,-0.0010579963
1.499414e-07,-0.0010601505
1.500414e-07,-0.001078102
1.501414e-07,-0.0011039522
1.502414e-07,-0.0011269301
1.503414e-07,-0.0011405733
1.504414e-07,-0.0011427275
1.505414e-07,-0.0011391372
1.506414e-07,-0.0011384191
1.507414e-07,-0.0011463178
1.508414e-07,-0.0011642693
1.509414e-07,-0.0011872472
1.510414e-07,-0.0012073529
1.511414e-07,-0.0012174058
1.512414e-07,-0.0012152516
1.513414e-07,-0.0012059168
1.514414e-07,-0.001195864
1.515414e-07,-0.0011922737
1.516414e-07,-0.001196582
1.517414e-07,-0.0012073529
1.518414e-07,-0.0012188419
1.519414e-07,-0.0012253045
1.520414e-07,-0.0012253045
1.521414e-07,-0.0012209961
1.522414e-07,-0.0012188419
1.523414e-07,-0.0012231503
1.524414e-07,-0.0012360754
1.525414e-07,-0.001255463
1.526414e-07,-0.0012762868
1.527414e-07,-0.0012928022
1.528414e-07,-0.0013021369
1.529414e-07,-0.0013035731
1.530414e-07,-0.0012992647
1.531414e-07,-0.0012928022
1.532414e-07,-0.0012884938
1.533414e-07,-0.0012863396
1.534414e-07,-0.0012877757
1.535414e-07,-0.0012920841
1.536414e-07,-0.0012999828
1.537414e-07,-0.0013100356
1.538414e-07,-0.0013222426
1.539414e-07,-0.0013337316
1.540414e-07,-0.0013430664
1.541414e-07,-0.0013466567
1.542414e-07,-0.0013452206
1.543414e-07,-0.0013401942
1.544414e-07,-0.0013366039
1.545414e-07,-0.0013373219
1.546414e-07,-0.0013452206
1.547414e-07,-0.0013581457
1.548414e-07,-0.0013710708
1.549414e-07,-0.0013789694
1.550414e-07,-0.0013796875
1.551414e-07,-0.001373225
1.552414e-07,-0.0013653263
1.553414e-07,-0.001362454
1.554414e-07,-0.0013681985
1.555414e-07,-0.0013832778
1.556414e-07,-0.0014048196
1.557414e-07,-0.0014242073
1.558414e-07,-0.0014371324
1.559414e-07,-0.0014407227
1.560414e-07,-0.0014356962
1.561414e-07,-0.0014256434
1.562414e-07,-0.0014141544
1.563414e-07,-0.0014019474
1.564414e-07,-0.0013875862
1.565414e-07,-0.0013689166
1.566414e-07,-0.0013452206
1.567414e-07,-0.0013208065
1.568414e-07,-0.0013014189
1.569414e-07,-0.0012935202
1.570414e-07,-0.0012992647
1.571414e-07,-0.001315062
1.572414e-07,-0.0013315774
1.573414e-07,-0.0013401942
1.574414e-07,-0.0013337316
1.575414e-07,-0.0013121898
1.576414e-07,-0.0012827493
1.577414e-07,-0.0012561811
1.578414e-07,-0.0012418199
1.579414e-07,-0.001243256
1.580414e-07,-0.0012576172
1.581414e-07,-0.0012755687
1.582414e-07,-0.0012877757
1.583414e-07,-0.0012899299
1.584414e-07,-0.0012834674
1.585414e-07,-0.0012726965
1.586414e-07,-0.0012647978
1.587414e-07,-0.0012633617
1.588414e-07,-0.001266952
1.589414e-07,-0.0012726965
1.590414e-07,-0.0012762868
1.591414e-07,-0.0012777229
1.592414e-07,-0.0012798771
1.593414e-07,-0.0012892119
1.594414e-07,-0.0013107537
1.595414e-07,-0.0013430664
1.596414e-07,-0.0013804056
1.597414e-07,-0.0014148725
1.598414e-07,-0.0014371324
1.599414e-07,-0.0014457491
1.600414e-07,-0.001445031
1.601414e-07,-0.0014428768
1.602414e-07,-0.0014486213
1.603414e-07,-0.0014651367
1.604414e-07,-0.0014888327
1.605414e-07,-0.0015132468
1.606414e-07,-0.0015290441
1.607414e-07,-0.0015326344
1.608414e-07,-0.0015261719
1.609414e-07,-0.0015182732
1.610414e-07,-0.0015175551
1.611414e-07,-0.0015297622
1.612414e-07,-0.0015541762
1.613414e-07,-0.0015836167
1.614414e-07,-0.0016094669
1.615414e-07,-0.0016252642
1.616414e-07,-0.0016302907
1.617414e-07,-0.0016302907
1.618414e-07,-0.0016324449
1.619414e-07,-0.0016432158
1.620414e-07,-0.0016633215
1.621414e-07,-0.0016884536
1.622414e-07,-0.0017128676
1.623414e-07,-0.0017301011
1.624414e-07,-0.0017394359
1.625414e-07,-0.0017437443
1.626414e-07,-0.0017473346
1.627414e-07,-0.0017552332
1.628414e-07,-0.0017674403
1.629414e-07,-0.0017818015
1.630414e-07,-0.0017932904
1.631414e-07,-0.0017983169
1.632414e-07,-0.0017975988
1.633414e-07,-0.0017940085
1.634414e-07,-0.0017932904
1.635414e-07,-0.0017990349
1.636414e-07,-0.00181196
1.637414e-07,-0.0018270393
1.638414e-07,-0.0018392463
1.639414e-07,-0.0018449908
1.640414e-07,-0.0018435547
1.641414e-07,-0.0018392463
1.642414e-07,-0.0018392463
1.643414e-07,-0.0018485811
1.644414e-07,-0.0018679687
1.645414e-07,-0.001894537
1.646414e-07,-0.0019196691
1.647414e-07,-0.0019369026
1.648414e-07,-0.0019404929
1.649414e-07,-0.0019333123
1.650414e-07,-0.0019196691
1.651414e-07,-0.0019074621
1.652414e-07,-0.0019024357
1.653414e-07,-0.0019074621
1.654414e-07,-0.0019196691
1.655414e-07,-0.0019347484
1.656414e-07,-0.0019455193
1.657414e-07,-0.0019491096
1.658414e-07,-0.0019426471
1.659414e-07,-0.0019290039
1.660414e-07,-0.0019124885
1.661414e-07,-0.0018966912
1.662414e-07,-0.0018852022
1.663414e-07,-0.0018801758
1.664414e-07,-0.0018816119
1.665414e-07,-0.0018880744
1.666414e-07,-0.0018966912
1.667414e-07,-0.0019053079
1.668414e-07,-0.0019103343
1.669414e-07,-0.0019117705
1.670414e-07,-0.0019081801
1.671414e-07,-0.0019017176
1.672414e-07,-0.0018938189
1.673414e-07,-0.0018873564
1.674414e-07,-0.0018852022
1.675414e-07,-0.0018866383
1.676414e-07,-0.0018923828
1.677414e-07,-0.0018995634
1.678414e-07,-0.0019081801
1.679414e-07,-0.0019175149
1.680414e-07,-0.001929722
1.681414e-07,-0.0019455193
1.682414e-07,-0.001965625
1.683414e-07,-0.0019900391
1.684414e-07,-0.0020144531
1.685414e-07,-0.0020345588
1.686414e-07,-0.0020460478
1.687414e-07,-0.0020467659
1.688414e-07,-0.0020374311
1.689414e-07,-0.0020237879
1.690414e-07,-0.0020115809
1.691414e-07,-0.0020072725
1.692414e-07,-0.0020137351
1.693414e-07,-0.0020280963
1.694414e-07,-0.0020460478
1.695414e-07,-0.0020596909
1.696414e-07,-0.0020647174
1.697414e-07,-0.0020589729
1.698414e-07,-0.0020460478
1.699414e-07,-0.0020316866
1.700414e-07,-0.0020209157
1.701414e-07,-0.0020187615
1.702414e-07,-0.0020230699
1.703414e-07,-0.0020302505
1.704414e-07,-0.0020345588
1.705414e-07,-0.0020324046
1.706414e-07,-0.0020230699
1.707414e-07,-0.0020108628
1.708414e-07,-0.0020022461
1.709414e-07,-0.002001528
1.710414e-07,-0.0020115809
1.711414e-07,-0.0020288143
1.712414e-07,-0.002048202
1.713414e-07,-0.0020625632
1.714414e-07,-0.0020690257
1.715414e-07,-0.0020668716
1.716414e-07,-0.0020611271
1.717414e-07,-0.0020561006
1.718414e-07,-0.0020575368
1.719414e-07,-0.0020654354
1.720414e-07,-0.0020769244
1.721414e-07,-0.0020869773
1.722414e-07,-0.0020920037
1.723414e-07,-0.0020905676
1.724414e-07,-0.0020855411
1.725414e-07,-0.0020805147
1.726414e-07,-0.0020805147
1.727414e-07,-0.0020862592
1.728414e-07,-0.0020948759
1.729414e-07,-0.0021020565
1.730414e-07,-0.0021034926
1.731414e-07,-0.0020970301
1.732414e-07,-0.0020855411
1.733414e-07,-0.0020740522
1.734414e-07,-0.0020690257
1.735414e-07,-0.0020740522
1.736414e-07,-0.0020884134
1.737414e-07,-0.0021085191
1.738414e-07,-0.0021264706
1.739414e-07,-0.0021379596
1.740414e-07,-0.0021393957
1.741414e-07,-0.0021343693
1.742414e-07,-0.0021264706
1.743414e-07,-0.0021207261
1.744414e-07,-0.0021214442
1.745414e-07,-0.0021279067
1.746414e-07,-0.0021379596
1.747414e-07,-0.0021487305
1.748414e-07,-0.0021580653
1.749414e-07,-0.0021659639
1.750414e-07,-0.0021724265
1.751414e-07,-0.0021796071
1.752414e-07,-0.0021882238
1.753414e-07,-0.0021982767
1.754414e-07,-0.0022068934
1.755414e-07,-0.0022133559
1.756414e-07,-0.0022183824
1.757414e-07,-0.0022226907
1.758414e-07,-0.0022298713
1.759414e-07,-0.0022427964
1.760414e-07,-0.0022636202
1.761414e-07,-0.0022909065
1.762414e-07,-0.0023217831
1.763414e-07,-0.0023512236
1.764414e-07,-0.0023763557
1.765414e-07,-0.0023928711
1.766414e-07,-0.0024022059
1.767414e-07,-0.0024050781
1.768414e-07,-0.0024043601
1.769414e-07,-0.0024029239
1.770414e-07,-0.0024022059
1.771414e-07,-0.0024043601
1.772414e-07,-0.0024108226
1.773414e-07,-0.0024208755
1.774414e-07,-0.0024366728
1.775414e-07,-0.0024567785
1.776414e-07,-0.0024811926
1.777414e-07,-0.0025056066
1.778414e-07,-0.0025285846
1.779414e-07,-0.0025465361
1.780414e-07,-0.002558025
1.781414e-07,-0.0025623334
1.782414e-07,-0.0025630515
1.783414e-07,-0.0025623334
1.784414e-07,-0.0025630515
1.785414e-07,-0.0025673598
1.786414e-07,-0.0025745404
1.787414e-07,-0.0025831572
1.788414e-07,-0.0025910558
1.789414e-07,-0.0025960823
1.790414e-07,-0.0025975184
1.791414e-07,-0.0025975184
1.792414e-07,-0.0025982364
1.793414e-07,-0.0026011087
1.794414e-07,-0.0026090074
1.795414e-07,-0.0026204963
1.796414e-07,-0.0026334214
1.797414e-07,-0.0026456284
1.798414e-07,-0.0026549632
1.799414e-07,-0.0026592716
1.800414e-07,-0.0026585535
1.801414e-07,-0.0026528091
1.802414e-07,-0.0026434743
1.803414e-07,-0.0026319853
1.804414e-07,-0.0026204963
1.805414e-07,-0.0026118796
1.806414e-07,-0.0026090074
1.807414e-07,-0.0026147518
1.808414e-07,-0.0026291131
1.809414e-07,-0.0026513729
1.810414e-07,-0.0026779412
1.811414e-07,-0.0027030733
1.812414e-07,-0.0027217429
1.813414e-07,-0.0027325138
1.814414e-07,-0.002735386
1.815414e-07,-0.002735386
1.816414e-07,-0.0027368222
1.817414e-07,-0.0027440028
1.818414e-07,-0.002758364
1.819414e-07,-0.0027770335
1.820414e-07,-0.0027949851
1.821414e-07,-0.0028086282
1.822414e-07,-0.0028158088
1.823414e-07,-0.0028186811
1.824414e-07,-0.0028229894
1.825414e-07,-0.0028323242
1.826414e-07,-0.0028502757
1.827414e-07,-0.0028746898
1.828414e-07,-0.00290054
1.829414e-07,-0.0029206457
1.830414e-07,-0.0029306985
1.831414e-07,-0.0029306985
1.832414e-07,-0.002924236
1.833414e-07,-0.0029184915
1.834414e-07,-0.0029192096
1.835414e-07,-0.0029285443
1.836414e-07,-0.0029443417
1.837414e-07,-0.0029622932
1.838414e-07,-0.0029766544
1.839414e-07,-0.0029852711
1.840414e-07,-0.0029881434
1.841414e-07,-0.0029881434
1.842414e-07,-0.0029881434
1.843414e-07,-0.0029895795
1.844414e-07,-0.0029917337
1.845414e-07,-0.0029917337
1.846414e-07,-0.0029881434
1.847414e-07,-0.0029809628
1.848414e-07,-0.0029730641
1.849414e-07,-0.0029709099
1.850414e-07,-0.0029766544
1.851414e-07,-0.0029910156
1.852414e-07,-0.0030104033
1.853414e-07,-0.0030269187
1.854414e-07,-0.0030340993
1.855414e-07,-0.0030290728
1.856414e-07,-0.0030125574
1.857414e-07,-0.0029924517
1.858414e-07,-0.0029766544
1.859414e-07,-0.0029701919
1.860414e-07,-0.0029752183
1.861414e-07,-0.0029867073
1.862414e-07,-0.0029996324
1.863414e-07,-0.0030060949
1.864414e-07,-0.0030039407
1.865414e-07,-0.0029924517
1.866414e-07,-0.0029766544
1.867414e-07,-0.0029615751
1.868414e-07,-0.0029500862
1.869414e-07,-0.0029443417
1.870414e-07,-0.0029421875
1.871414e-07,-0.0029421875
1.872414e-07,-0.0029414694
1.873414e-07,-0.0029414694
1.874414e-07,-0.0029421875
1.875414e-07,-0.0029450597
1.876414e-07,-0.00294865
1.877414e-07,-0.0029522403
1.878414e-07,-0.0029536765
1.879414e-07,-0.0029508042
1.880414e-07,-0.0029436236
1.881414e-07,-0.002935725
1.882414e-07,-0.0029306985
1.883414e-07,-0.0029321347
1.884414e-07,-0.0029414694
1.885414e-07,-0.0029572668
1.886414e-07,-0.0029766544
1.887414e-07,-0.0029946059
1.888414e-07,-0.0030089671
1.889414e-07,-0.0030175839
1.890414e-07,-0.0030226103
1.891414e-07,-0.0030254825
1.892414e-07,-0.0030297909
1.893414e-07,-0.0030369715
1.894414e-07,-0.0030455882
1.895414e-07,-0.0030556411
1.896414e-07,-0.0030649759
1.897414e-07,-0.0030735926
1.898414e-07,-0.0030800551
1.899414e-07,-0.0030865177
1.900414e-07,-0.0030936983
1.901414e-07,-0.0031030331
1.902414e-07,-0.0031145221
1.903414e-07,-0.0031281652
1.904414e-07,-0.0031432445
1.905414e-07,-0.0031583238
1.906414e-07,-0.0031719669
1.907414e-07,-0.0031827378
1.908414e-07,-0.0031906365
1.909414e-07,-0.0031942268
1.910414e-07,-0.0031949449
1.911414e-07,-0.0031935087
1.912414e-07,-0.0031906365
1.913414e-07,-0.0031870462
1.914414e-07,-0.0031834559
1.915414e-07,-0.0031791475
1.916414e-07,-0.0031741211
1.917414e-07,-0.0031683766
1.918414e-07,-0.0031604779
1.919414e-07,-0.0031525793
1.920414e-07,-0.0031453987
1.921414e-07,-0.0031403722
1.922414e-07,-0.0031375
1.923414e-07,-0.0031367819
1.924414e-07,-0.0031375
1.925414e-07,-0.0031382181
1.926414e-07,-0.0031375
1.927414e-07,-0.0031353458
1.928414e-07,-0.0031331916
1.929414e-07,-0.0031296013
1.930414e-07,-0.003126011
1.931414e-07,-0.0031209846
1.932414e-07,-0.003113804
1.933414e-07,-0.0031037511
1.934414e-07,-0.0030915441
1.935414e-07,-0.0030793371
1.936414e-07,-0.0030700023
1.937414e-07,-0.003066412
1.938414e-07,-0.0030685662
1.939414e-07,-0.0030764648
1.940414e-07,-0.0030865177
1.941414e-07,-0.0030965705
1.942414e-07,-0.0031030331
1.943414e-07,-0.0031051873
1.944414e-07,-0.0031051873
1.945414e-07,-0.0031037511
1.946414e-07,-0.0031030331
1.947414e-07,-0.0031044692
1.948414e-07,-0.0031080595
1.949414e-07,-0.0031116498
1.950414e-07,-0.0031145221
1.951414e-07,-0.0031166762
1.952414e-07,-0.0031202665
1.953414e-07,-0.0031267291
1.954414e-07,-0.0031375
1.955414e-07,-0.0031525793
1.956414e-07,-0.0031712489
1.957414e-07,-0.0031899184
1.958414e-07,-0.0032064338
1.959414e-07,-0.0032193589
1.960414e-07,-0.0032286937
1.961414e-07,-0.0032351563
1.962414e-07,-0.0032409007
1.963414e-07,-0.0032466452
1.964414e-07,-0.0032523897
1.965414e-07,-0.0032581342
1.966414e-07,-0.0032638787
1.967414e-07,-0.0032703412
1.968414e-07,-0.0032782399
1.969414e-07,-0.0032882927
1.970414e-07,-0.0032983456
1.971414e-07,-0.0033069623
1.972414e-07,-0.0033112707
1.973414e-07,-0.0033083984
1.974414e-07,-0.0032983456
1.975414e-07,-0.0032839844
1.976414e-07,-0.0032703412
1.977414e-07,-0.0032624426
1.978414e-07,-0.0032638787
1.979414e-07,-0.0032746496
1.980414e-07,-0.003291165
1.981414e-07,-0.0033083984
1.982414e-07,-0.0033213235
1.983414e-07,-0.0033277861
1.984414e-07,-0.0033277861
1.985414e-07,-0.0033249138
1.986414e-07,-0.0033213235
1.987414e-07,-0.0033198874
1.988414e-07,-0.0033206055
1.989414e-07,-0.0033213235
1.990414e-07,-0.0033213235
1.991414e-07,-0.0033198874
1.992414e-07,-0.0033184513
1.993414e-07,-0.0033184513
1.994414e-07,-0.0033213235
1.995414e-07,-0.00332635
1.996414e-07,-0.0033313764
1.997414e-07,-0.0033342486
1.998414e-07,-0.0033328125
1.999414e-07,-0.0033277861
2.000414e-07,-0.0033220416
2.001414e-07,-0.0033184513
2.002414e-07,-0.0033213235
2.003414e-07,-0.0033292222
2.004414e-07,-0.0033399931
2.005414e-07,-0.003350046
2.006414e-07,-0.0033557904
2.007414e-07,-0.0033565085
2.008414e-07,-0.0033550724
2.009414e-07,-0.0033536363
2.010414e-07,-0.0033557904
2.011414e-07,-0.0033615349
2.012414e-07,-0.0033694336
2.013414e-07,-0.0033758961
2.014414e-07,-0.0033787684
2.015414e-07,-0.0033787684
2.016414e-07,-0.0033787684
2.017414e-07,-0.0033816406
2.018414e-07,-0.0033902574
2.019414e-07,-0.0034046186
2.020414e-07,-0.003421852
2.021414e-07,-0.0034369313
2.022414e-07,-0.0034477022
2.023414e-07,-0.0034541648
2.024414e-07,-0.0034577551
2.025414e-07,-0.0034627815
2.026414e-07,-0.0034706801
2.027414e-07,-0.003480733
2.028414e-07,-0.0034900678
2.029414e-07,-0.0034943761
2.030414e-07,-0.0034936581
2.031414e-07,-0.0034893497
2.032414e-07,-0.0034871955
2.033414e-07,-0.0034915039
2.034414e-07,-0.0035051471
2.035414e-07,-0.0035252528
2.036414e-07,-0.0035460765
2.037414e-07,-0.0035597197
2.038414e-07,-0.0035625919
2.039414e-07,-0.0035561294
2.040414e-07,-0.0035475126
2.041414e-07,-0.0035446404
2.042414e-07,-0.0035511029
2.043414e-07,-0.0035669003
2.044414e-07,-0.0035855699
2.045414e-07,-0.0035977769
2.046414e-07,-0.0035970588
2.047414e-07,-0.0035841337
2.048414e-07,-0.0035661822
2.049414e-07,-0.0035525391
2.050414e-07,-0.0035511029
2.051414e-07,-0.0035647461
2.052414e-07,-0.003587006
2.053414e-07,-0.0036078297
2.054414e-07,-0.0036200368
2.055414e-07,-0.0036193187
2.056414e-07,-0.0036092659
2.057414e-07,-0.0035984949
2.058414e-07,-0.0035970588
2.059414e-07,-0.0036071117
2.060414e-07,-0.0036257812
2.061414e-07,-0.0036444508
2.062414e-07,-0.0036545037
2.063414e-07,-0.0036509134
2.064414e-07,-0.0036365522
2.065414e-07,-0.0036193187
2.066414e-07,-0.0036085478
2.067414e-07,-0.0036099839
2.068414e-07,-0.0036243451
2.069414e-07,-0.0036451689
2.070414e-07,-0.0036659926
2.071414e-07,-0.00368179
2.072414e-07,-0.0036918428
2.073414e-07,-0.0037004596
2.074414e-07,-0.0037119485
2.075414e-07,-0.0037284639
2.076414e-07,-0.0037471335
2.077414e-07,-0.0037629308
2.078414e-07,-0.0037693934
2.079414e-07,-0.0037658031
2.080414e-07,-0.0037557502
2.081414e-07,-0.0037464154
2.082414e-07,-0.0037464154
2.083414e-07,-0.0037593405
2.084414e-07,-0.0037837546
2.085414e-07,-0.003812477
2.086414e-07,-0.0038383272
2.087414e-07,-0.0038555607
2.088414e-07,-0.0038627413
2.089414e-07,-0.0038634593
2.090414e-07,-0.0038613051
2.091414e-07,-0.0038584329
2.092414e-07,-0.0038555607
2.093414e-07,-0.0038490981
2.094414e-07,-0.0038383272
2.095414e-07,-0.0038254021
2.096414e-07,-0.0038160673
2.097414e-07,-0.0038153493
2.098414e-07,-0.0038268382
2.099414e-07,-0.003847662
2.100414e-07,-0.0038699219
2.101414e-07,-0.0038842831
2.102414e-07,-0.0038842831
2.103414e-07,-0.0038699219
2.104414e-07,-0.0038469439
2.105414e-07,-0.0038261202
2.106414e-07,-0.0038153493
2.107414e-07,-0.0038167854
2.108414e-07,-0.0038246841
2.109414e-07,-0.0038304285
2.110414e-07,-0.0038268382
2.111414e-07,-0.0038110409
2.112414e-07,-0.003788063
2.113414e-07,-0.0037672392
2.114414e-07,-0.0037579044
2.115414e-07,-0.0037629308
2.116414e-07,-0.0037787282
2.117414e-07,-0.0037952436
2.118414e-07,-0.0038038603
2.119414e-07,-0.0037995519
2.120414e-07,-0.0037859088
2.121414e-07,-0.0037693934
2.122414e-07,-0.0037579044
2.123414e-07,-0.0037557502
2.124414e-07,-0.0037593405
2.125414e-07,-0.0037629308
2.126414e-07,-0.0037579044
2.127414e-07,-0.0037428251
2.128414e-07,-0.0037227194
2.129414e-07,-0.003705486
2.130414e-07,-0.0037004596
2.131414e-07,-0.0037105124
2.132414e-07,-0.0037313362
2.133414e-07,-0.003753596
2.134414e-07,-0.0037693934
2.135414e-07,-0.0037729837
2.136414e-07,-0.0037665211
2.137414e-07,-0.0037586225
2.138414e-07,-0.0037579044
2.139414e-07,-0.0037679573
2.140414e-07,-0.0037866268
2.141414e-07,-0.0038052964
2.142414e-07,-0.0038153493
2.143414e-07,-0.003811759
2.144414e-07,-0.0037966797
2.145414e-07,-0.0037787282
2.146414e-07,-0.0037693934
2.147414e-07,-0.0037744198
2.148414e-07,-0.0037945255
2.149414e-07,-0.0038232479
2.150414e-07,-0.0038498162
2.151414e-07,-0.0038677677
2.152414e-07,-0.0038756664
2.153414e-07,-0.0038749483
2.154414e-07,-0.0038727941
2.155414e-07,-0.0038727941
2.156414e-07,-0.0038756664
2.157414e-07,-0.0038771025
2.158414e-07,-0.0038727941
2.159414e-07,-0.0038620232
2.160414e-07,-0.003847662
2.161414e-07,-0.0038368911
2.162414e-07,-0.0038383272
2.163414e-07,-0.0038555607
2.164414e-07,-0.0038864373
2.165414e-07,-0.0039223403
2.166414e-07,-0.0039532169
2.167414e-07,-0.0039697323
2.168414e-07,-0.0039682962
2.169414e-07,-0.0039532169
2.170414e-07,-0.003930239
2.171414e-07,-0.0039079791
2.172414e-07,-0.0038900276
2.173414e-07,-0.0038792567
2.174414e-07,-0.0038727941
2.175414e-07,-0.0038699219
2.176414e-07,-0.0038699219
2.177414e-07,-0.0038742302
2.178414e-07,-0.0038842831
2.179414e-07,-0.0038993624
2.180414e-07,-0.0039165958
2.181414e-07,-0.0039323932
2.182414e-07,-0.0039417279
2.183414e-07,-0.0039438821
2.184414e-07,-0.0039417279
2.185414e-07,-0.0039395738
2.186414e-07,-0.0039417279
2.187414e-07,-0.0039489085
2.188414e-07,-0.0039582433
2.189414e-07,-0.0039647059
2.190414e-07,-0.0039647059
2.191414e-07,-0.0039560892
2.192414e-07,-0.0039431641
2.193414e-07,-0.0039323932
2.194414e-07,-0.003930239
2.195414e-07,-0.0039395738
2.196414e-07,-0.0039582433
2.197414e-07,-0.0039805032
2.198414e-07,-0.0039991728
2.199414e-07,-0.0040113798
2.200414e-07,-0.0040178424
2.201414e-07,-0.0040228688
2.202414e-07,-0.0040336397
2.203414e-07,-0.0040515912
2.204414e-07,-0.0040760053
2.205414e-07,-0.0040989832
2.206414e-07,-0.0041140625
2.207414e-07,-0.0041162167
2.208414e-07,-0.0041061638
2.209414e-07,-0.0040910846
2.210414e-07,-0.0040795956
2.211414e-07,-0.0040803136
2.212414e-07,-0.004096829
2.213414e-07,-0.0041255515
2.214414e-07,-0.0041600184
2.215414e-07,-0.004190895
2.216414e-07,-0.0042110007
2.217414e-07,-0.0042196174
2.218414e-07,-0.0042174632
2.219414e-07,-0.0042102826
2.220414e-07,-0.0042038201
2.221414e-07,-0.004202384
2.222414e-07,-0.0042059743
2.223414e-07,-0.0042153091
2.224414e-07,-0.0042275161
2.225414e-07,-0.0042404412
2.226414e-07,-0.0042519301
2.227414e-07,-0.0042598288
2.228414e-07,-0.0042641372
2.229414e-07,-0.0042648552
2.230414e-07,-0.0042634191
2.231414e-07,-0.0042641372
2.232414e-07,-0.0042691636
2.233414e-07,-0.0042806526
2.234414e-07,-0.004297886
2.235414e-07,-0.0043165556
2.236414e-07,-0.0043309168
2.237414e-07,-0.0043366613
2.238414e-07,-0.0043323529
2.239414e-07,-0.004321582
2.240414e-07,-0.004309375
2.241414e-07,-0.0043043486
2.242414e-07,-0.004309375
2.243414e-07,-0.0043251723
2.244414e-07,-0.0043467142
2.245414e-07,-0.0043661018
2.246414e-07,-0.0043783088
2.247414e-07,-0.0043797449
2.248414e-07,-0.0043725643
2.249414e-07,-0.0043625115
2.250414e-07,-0.0043553309
2.251414e-07,-0.0043531767
2.252414e-07,-0.004356767
2.253414e-07,-0.0043625115
2.254414e-07,-0.0043668199
2.255414e-07,-0.0043675379
2.256414e-07,-0.0043661018
2.257414e-07,-0.0043653837
2.258414e-07,-0.0043668199
2.259414e-07,-0.0043725643
2.260414e-07,-0.0043797449
2.261414e-07,-0.0043869256
2.262414e-07,-0.0043897978
2.263414e-07,-0.0043890797
2.264414e-07,-0.0043847714
2.265414e-07,-0.0043811811
2.266414e-07,-0.0043783088
2.267414e-07,-0.0043768727
2.268414e-07,-0.0043740005
2.269414e-07,-0.0043668199
2.270414e-07,-0.0043553309
2.271414e-07,-0.0043416877
2.272414e-07,-0.0043309168
2.273414e-07,-0.0043273265
2.274414e-07,-0.0043323529
2.275414e-07,-0.00434456
2.276414e-07,-0.0043574851
2.277414e-07,-0.0043661018
2.278414e-07,-0.0043668199
2.279414e-07,-0.0043610754
2.280414e-07,-0.0043560489
2.281414e-07,-0.004356767
2.282414e-07,-0.0043668199
2.283414e-07,-0.0043847714
2.284414e-07,-0.0044027229
2.285414e-07,-0.0044134938
2.286414e-07,-0.0044127757
2.287414e-07,-0.0044012868
2.288414e-07,-0.0043876436
2.289414e-07,-0.0043818991
2.290414e-07,-0.0043897978
2.291414e-07,-0.0044120577
2.292414e-07,-0.0044414982
2.293414e-07,-0.0044673483
2.294414e-07,-0.0044817096
2.295414e-07,-0.0044809915
2.296414e-07,-0.0044709386
2.297414e-07,-0.0044601677
2.298414e-07,-0.0044587316
2.299414e-07,-0.0044695025
2.300414e-07,-0.0044896082
2.301414e-07,-0.00451115
2.302414e-07,-0.0045276654
2.303414e-07,-0.004534846
2.304414e-07,-0.004534846
2.305414e-07,-0.004534846
2.306414e-07,-0.0045391544
2.307414e-07,-0.0045506434
2.308414e-07,-0.0045664407
2.309414e-07,-0.0045793658
2.310414e-07,-0.0045851103
2.311414e-07,-0.0045822381
2.312414e-07,-0.0045757755
2.313414e-07,-0.0045714671
2.314414e-07,-0.0045736213
2.315414e-07,-0.0045808019
2.316414e-07,-0.0045865464
2.317414e-07,-0.0045822381
2.318414e-07,-0.0045621324
2.319414e-07,-0.0045291016
2.320414e-07,-0.0044931985
2.321414e-07,-0.0044666303
2.322414e-07,-0.0044587316
2.323414e-07,-0.0044716567
2.324414e-07,-0.0044960708
2.325414e-07,-0.0045190487
2.326414e-07,-0.0045276654
2.327414e-07,-0.0045168945
2.328414e-07,-0.0044917624
2.329414e-07,-0.0044644761
2.330414e-07,-0.0044472426
2.331414e-07,-0.0044465246
2.332414e-07,-0.0044587316
2.333414e-07,-0.004474529
2.334414e-07,-0.0044817096
2.335414e-07,-0.004474529
2.336414e-07,-0.0044537052
2.337414e-07,-0.0044300092
2.338414e-07,-0.0044127757
2.339414e-07,-0.0044099035
2.340414e-07,-0.0044199563
2.341414e-07,-0.0044357537
2.342414e-07,-0.0044472426
2.343414e-07,-0.0044486788
2.344414e-07,-0.004440062
2.345414e-07,-0.0044285731
2.346414e-07,-0.0044242647
2.347414e-07,-0.0044321634
2.348414e-07,-0.004450833
2.349414e-07,-0.004474529
2.350414e-07,-0.0044931985
2.351414e-07,-0.0045018153
2.352414e-07,-0.0044996611
2.353414e-07,-0.0044939166
2.354414e-07,-0.0044931985
2.355414e-07,-0.0045032514
2.356414e-07,-0.0045240751
2.357414e-07,-0.0045506434
2.358414e-07,-0.0045736213
2.359414e-07,-0.0045872645
2.360414e-07,-0.0045908548
2.361414e-07,-0.0045872645
2.362414e-07,-0.0045851103
2.363414e-07,-0.0045879825
2.364414e-07,-0.0045973173
2.365414e-07,-0.0046095244
2.366414e-07,-0.0046195772
2.367414e-07,-0.0046238856
2.368414e-07,-0.0046238856
2.369414e-07,-0.0046246036
2.370414e-07,-0.0046310662
2.371414e-07,-0.0046468635
2.372414e-07,-0.0046698415
2.373414e-07,-0.0046935375
2.374414e-07,-0.004711489
2.375414e-07,-0.0047186696
2.376414e-07,-0.0047157973
2.377414e-07,-0.0047071806
2.378414e-07,-0.0047
2.379414e-07,-0.0046978458
2.380414e-07,-0.0047021542
2.381414e-07,-0.0047078987
2.382414e-07,-0.004711489
2.383414e-07,-0.0047100528
2.384414e-07,-0.0047043084
2.385414e-07,-0.0046992819
2.386414e-07,-0.0047
2.387414e-07,-0.0047100528
2.388414e-07,-0.0047272863
2.389414e-07,-0.0047452378
2.390414e-07,-0.0047574449
2.391414e-07,-0.004758881
2.392414e-07,-0.0047502642
2.393414e-07,-0.004735903
2.394414e-07,-0.0047229779
2.395414e-07,-0.0047172335
2.396414e-07,-0.0047201057
2.397414e-07,-0.0047315947
2.398414e-07,-0.0047459559
2.399414e-07,-0.0047603171
2.400414e-07,-0.0047718061
2.401414e-07,-0.0047818589
2.402414e-07,-0.0047919118
2.403414e-07,-0.0048034007
2.404414e-07,-0.0048141716
2.405414e-07,-0.0048227884
2.406414e-07,-0.0048263787
2.407414e-07,-0.0048235064
2.408414e-07,-0.0048156078
2.409414e-07,-0.0048077091
2.410414e-07,-0.0048034007
2.411414e-07,-0.0048048369
2.412414e-07,-0.0048112994
2.413414e-07,-0.0048191981
2.414414e-07,-0.0048263787
2.415414e-07,-0.004829969
2.416414e-07,-0.0048321232
2.417414e-07,-0.0048335593
2.418414e-07,-0.0048378676
2.419414e-07,-0.0048436121
2.420414e-07,-0.0048486386
2.421414e-07,-0.0048479205
2.422414e-07,-0.0048378676
2.423414e-07,-0.0048191981
2.424414e-07,-0.0047969382
2.425414e-07,-0.0047782686
2.426414e-07,-0.0047689338
2.427414e-07,-0.0047725241
2.428414e-07,-0.0047868853
2.429414e-07,-0.0048034007
2.430414e-07,-0.0048148897
2.431414e-07,-0.0048141716
2.432414e-07,-0.0048012466
2.433414e-07,-0.0047797047
2.434414e-07,-0.0047574449
2.435414e-07,-0.0047402114
2.436414e-07,-0.0047323127
2.437414e-07,-0.0047323127
2.438414e-07,-0.0047344669
2.439414e-07,-0.0047344669
2.440414e-07,-0.0047280044
2.441414e-07,-0.0047157973
2.442414e-07,-0.0047
2.443414e-07,-0.0046849207
2.444414e-07,-0.0046734318
2.445414e-07,-0.0046669692
2.446414e-07,-0.0046655331
2.447414e-07,-0.0046676873
2.448414e-07,-0.0046727137
2.449414e-07,-0.0046798943
2.450414e-07,-0.004688511
2.451414e-07,-0.0046985639
2.452414e-07,-0.0047078987
2.453414e-07,-0.0047129251
2.454414e-07,-0.004711489
2.455414e-07,-0.0047014361
2.456414e-07,-0.0046842027
2.457414e-07,-0.0046626608
2.458414e-07,-0.0046425551
2.459414e-07,-0.0046267578
2.460414e-07,-0.0046188591
2.461414e-07,-0.004617423
2.462414e-07,-0.0046195772
2.463414e-07,-0.0046231675
2.464414e-07,-0.0046246036
2.465414e-07,-0.0046231675
2.466414e-07,-0.0046195772
2.467414e-07,-0.0046152688
2.468414e-07,-0.0046116785
2.469414e-07,-0.0046095244
2.470414e-07,-0.0046080882
2.471414e-07,-0.0046066521
2.472414e-07,-0.004605216
2.473414e-07,-0.0046016257
2.474414e-07,-0.0045965993
2.475414e-07,-0.0045908548
2.476414e-07,-0.0045865464
2.477414e-07,-0.0045836742
2.478414e-07,-0.0045851103
2.479414e-07,-0.0045908548
2.480414e-07,-0.0046001896
2.481414e-07,-0.0046109605
2.482414e-07,-0.0046195772
2.483414e-07,-0.0046231675
2.484414e-07,-0.0046195772
2.485414e-07,-0.0046095244
2.486414e-07,-0.0045965993
2.487414e-07,-0.0045858284
2.488414e-07,-0.0045836742
2.489414e-07,-0.0045915728
2.490414e-07,-0.0046080882
2.491414e-07,-0.0046281939
2.492414e-07,-0.0046432732
2.493414e-07,-0.0046490177
2.494414e-07,-0.0046425551
2.495414e-07,-0.0046274759
2.496414e-07,-0.0046123966
2.497414e-07,-0.0046037799
2.498414e-07,-0.0046080882
2.499414e-07,-0.0046238856
2.500414e-07,-0.0046461455
2.501414e-07,-0.0046662511
2.502414e-07,-0.0046770221
2.503414e-07,-0.004676304
2.504414e-07,-0.0046662511
2.505414e-07,-0.004652608
2.506414e-07,-0.0046425551
2.507414e-07,-0.004641119
2.508414e-07,-0.0046482996
2.509414e-07,-0.0046619428
2.510414e-07,-0.0046770221
2.511414e-07,-0.0046913833
2.512414e-07,-0.0047028722
2.513414e-07,-0.0047129251
2.514414e-07,-0.0047229779
2.515414e-07,-0.0047330308
2.516414e-07,-0.0047416475
2.517414e-07,-0.0047466739
2.518414e-07,-0.0047459559
2.519414e-07,-0.0047402114
2.520414e-07,-0.0047323127
2.521414e-07,-0.0047258502
2.522414e-07,-0.0047229779
2.523414e-07,-0.0047251321
2.524414e-07,-0.0047315947
2.525414e-07,-0.0047387753
2.526414e-07,-0.0047459559
2.527414e-07,-0.0047524184
2.528414e-07,-0.0047617532
2.529414e-07,-0.0047746783
2.530414e-07,-0.0047919118
2.531414e-07,-0.0048112994
2.532414e-07,-0.0048263787
2.533414e-07,-0.0048328412
2.534414e-07,-0.0048263787
2.535414e-07,-0.0048098633
2.536414e-07,-0.0047890395
2.537414e-07,-0.0047732422
2.538414e-07,-0.0047689338
2.539414e-07,-0.0047782686
2.540414e-07,-0.0047976562
2.541414e-07,-0.0048199161
2.542414e-07,-0.0048378676
2.543414e-07,-0.0048479205
2.544414e-07,-0.0048500747
2.545414e-07,-0.0048486386
2.546414e-07,-0.0048493566
2.547414e-07,-0.004854383
2.548414e-07,-0.0048637178
2.549414e-07,-0.0048744887
2.550414e-07,-0.0048838235
2.551414e-07,-0.0048902861
2.552414e-07,-0.0048960306
2.553414e-07,-0.0049046473
2.554414e-07,-0.0049182904
2.555414e-07,-0.0049376781
2.556414e-07,-0.0049585018
2.557414e-07,-0.0049764534
2.558414e-07,-0.0049872243
2.559414e-07,-0.0049908146
2.560414e-07,-0.0049922507
2.561414e-07,-0.0049965591
2.562414e-07,-0.0050102022
2.563414e-07,-0.0050331801
2.564414e-07,-0.0050611845
2.565414e-07,-0.0050863166
2.566414e-07,-0.005102114
2.567414e-07,-0.0051057043
2.568414e-07,-0.0050999598
2.569414e-07,-0.0050927792
2.570414e-07,-0.005090625
2.571414e-07,-0.0050978056
2.572414e-07,-0.0051121668
2.573414e-07,-0.0051272461
2.574414e-07,-0.0051365809
2.575414e-07,-0.0051351448
2.576414e-07,-0.0051243739
2.577414e-07,-0.0051107307
2.578414e-07,-0.005102114
2.579414e-07,-0.0051042682
2.580414e-07,-0.0051171932
2.581414e-07,-0.0051387351
2.582414e-07,-0.0051595588
2.583414e-07,-0.0051746381
2.584414e-07,-0.0051803826
2.585414e-07,-0.0051775103
2.586414e-07,-0.0051710478
2.587414e-07,-0.0051645852
2.588414e-07,-0.0051602769
2.589414e-07,-0.0051588408
2.590414e-07,-0.0051595588
2.591414e-07,-0.0051595588
2.592414e-07,-0.0051595588
2.593414e-07,-0.0051595588
2.594414e-07,-0.0051595588
2.595414e-07,-0.0051609949
2.596414e-07,-0.005161713
2.597414e-07,-0.005161713
2.598414e-07,-0.0051595588
2.599414e-07,-0.0051566866
2.600414e-07,-0.0051552505
2.601414e-07,-0.0051559685
2.602414e-07,-0.0051595588
2.603414e-07,-0.0051624311
2.604414e-07,-0.0051609949
2.605414e-07,-0.0051523782
2.606414e-07,-0.0051365809
2.607414e-07,-0.0051186294
2.608414e-07,-0.0051049862
2.609414e-07,-0.005102832
2.610414e-07,-0.0051136029
2.611414e-07,-0.0051337086
2.612414e-07,-0.0051530963
2.613414e-07,-0.0051638672
2.614414e-07,-0.0051595588
2.615414e-07,-0.0051416073
2.616414e-07,-0.0051179113
2.617414e-07,-0.0050985237
2.618414e-07,-0.005090625
2.619414e-07,-0.0050956514
2.620414e-07,-0.0051085765
2.621414e-07,-0.0051207835
2.622414e-07,-0.0051250919
2.623414e-07,-0.0051193474
2.624414e-07,-0.0051085765
2.625414e-07,-0.0051006778
2.626414e-07,-0.005102114
2.627414e-07,-0.005114321
2.628414e-07,-0.0051329906
2.629414e-07,-0.005150224
2.630414e-07,-0.0051595588
2.631414e-07,-0.0051595588
2.632414e-07,-0.0051545324
2.633414e-07,-0.0051523782
2.634414e-07,-0.0051595588
2.635414e-07,-0.0051775103
2.636414e-07,-0.0052026425
2.637414e-07,-0.0052249023
2.638414e-07,-0.0052399816
2.639414e-07,-0.005245008
2.640414e-07,-0.0052457261
2.641414e-07,-0.0052493164
2.642414e-07,-0.0052629596
2.643414e-07,-0.0052859375
2.644414e-07,-0.0053132238
2.645414e-07,-0.0053347656
2.646414e-07,-0.0053433824
2.647414e-07,-0.0053369198
2.648414e-07,-0.0053225586
2.649414e-07,-0.0053103516
2.650414e-07,-0.0053089154
2.651414e-07,-0.0053218405
2.652414e-07,-0.0053448185
2.653414e-07,-0.0053663603
2.654414e-07,-0.0053778493
2.655414e-07,-0.005374977
2.656414e-07,-0.0053598977
2.657414e-07,-0.0053433824
2.658414e-07,-0.0053318934
2.659414e-07,-0.0053311753
2.660414e-07,-0.0053376379
2.661414e-07,-0.0053441004
2.662414e-07,-0.0053433824
2.663414e-07,-0.0053333295
2.664414e-07,-0.0053168141
2.665414e-07,-0.0053024529
2.666414e-07,-0.0052974265
2.667414e-07,-0.005303171
2.668414e-07,-0.0053132238
2.669414e-07,-0.0053182502
2.670414e-07,-0.0053089154
2.671414e-07,-0.0052830653
2.672414e-07,-0.0052471622
2.673414e-07,-0.0052134134
2.674414e-07,-0.0051940257
2.675414e-07,-0.0051947438
2.676414e-07,-0.0052126953
2.677414e-07,-0.0052356733
2.678414e-07,-0.0052514706
2.679414e-07,-0.0052507525
2.680414e-07,-0.0052335191
2.681414e-07,-0.0052076689
2.682414e-07,-0.0051825368
2.683414e-07,-0.0051674575
2.684414e-07,-0.0051638672
2.685414e-07,-0.0051674575
2.686414e-07,-0.0051710478
2.687414e-07,-0.0051696117
2.688414e-07,-0.005161713
2.689414e-07,-0.0051530963
2.690414e-07,-0.0051480699
2.691414e-07,-0.005150224
2.692414e-07,-0.0051566866
2.693414e-07,-0.0051624311
2.694414e-07,-0.0051595588
2.695414e-07,-0.0051466337
2.696414e-07,-0.005126528
2.697414e-07,-0.0051085765
2.698414e-07,-0.005102114
2.699414e-07,-0.0051121668
2.700414e-07,-0.0051351448
2.701414e-07,-0.0051624311
2.702414e-07,-0.0051825368
2.703414e-07,-0.0051868451
2.704414e-07,-0.0051753562
2.705414e-07,-0.0051552505
2.706414e-07,-0.0051365809
2.707414e-07,-0.0051294003
2.708414e-07,-0.0051365809
2.709414e-07,-0.0051538143
2.710414e-07,-0.0051710478
2.711414e-07,-0.0051803826
2.712414e-07,-0.0051775103
2.713414e-07,-0.0051645852
2.714414e-07,-0.0051480699
2.715414e-07,-0.0051365809
2.716414e-07,-0.0051344267
2.717414e-07,-0.0051401712
2.718414e-07,-0.0051480699
2.719414e-07,-0.0051523782
2.720414e-07,-0.0051487879
2.721414e-07,-0.005138017
2.722414e-07,-0.0051250919
2.723414e-07,-0.0051164752
2.724414e-07,-0.0051157571
2.725414e-07,-0.0051236558
2.726414e-07,-0.0051365809
2.727414e-07,-0.0051480699
2.728414e-07,-0.0051530963
2.729414e-07,-0.0051487879
2.730414e-07,-0.0051365809
2.731414e-07,-0.0051207835
2.732414e-07,-0.0051057043
2.733414e-07,-0.0050949334
2.734414e-07,-0.005090625
2.735414e-07,-0.0050920611
2.736414e-07,-0.0050970875
2.737414e-07,-0.0051049862
2.738414e-07,-0.0051136029
2.739414e-07,-0.0051215016
2.740414e-07,-0.0051286822
2.741414e-07,-0.0051337086
2.742414e-07,-0.0051365809
2.743414e-07,-0.005138017
2.744414e-07,-0.0051394531
2.745414e-07,-0.0051423254
2.746414e-07,-0.0051480699
2.747414e-07,-0.0051574046
2.748414e-07,-0.0051703297
2.749414e-07,-0.0051868451
2.750414e-07,-0.0052055147
2.751414e-07,-0.0052256204
2.752414e-07,-0.00524429
2.753414e-07,-0.0052615234
2.754414e-07,-0.0052744485
2.755414e-07,-0.0052809111
2.756414e-07,-0.0052816291
2.757414e-07,-0.0052780388
2.758414e-07,-0.0052744485
2.759414e-07,-0.0052766027
2.760414e-07,-0.0052888097
2.761414e-07,-0.0053125057
2.762414e-07,-0.0053433824
2.763414e-07,-0.0053756951
2.764414e-07,-0.0054001091
2.765414e-07,-0.0054130342
2.766414e-07,-0.0054123162
2.767414e-07,-0.0054036994
2.768414e-07,-0.0053950827
2.769414e-07,-0.0053929285
2.770414e-07,-0.0054008272
2.771414e-07,-0.0054159065
2.772414e-07,-0.0054302677
2.773414e-07,-0.0054381664
2.774414e-07,-0.0054352941
2.775414e-07,-0.0054238051
2.776414e-07,-0.0054115981
2.777414e-07,-0.0054058536
2.778414e-07,-0.0054123162
2.779414e-07,-0.0054302677
2.780414e-07,-0.0054546818
2.781414e-07,-0.0054776597
2.782414e-07,-0.005492739
2.783414e-07,-0.0055006376
2.784414e-07,-0.005504946
2.785414e-07,-0.0055121266
2.786414e-07,-0.0055272059
2.787414e-07,-0.0055487477
2.788414e-07,-0.0055724437
2.789414e-07,-0.0055896772
2.790414e-07,-0.0055961397
2.791414e-07,-0.0055925494
2.792414e-07,-0.0055839327
2.793414e-07,-0.0055796243
2.794414e-07,-0.0055846507
2.795414e-07,-0.0055990119
2.796414e-07,-0.0056169635
2.797414e-07,-0.0056298886
2.798414e-07,-0.0056306066
2.799414e-07,-0.0056183996
2.800414e-07,-0.0055982939
2.801414e-07,-0.0055810604
2.802414e-07,-0.0055731618
2.803414e-07,-0.0055774701
2.804414e-07,-0.0055889591
2.805414e-07,-0.0055982939
2.806414e-07,-0.0055961397
2.807414e-07,-0.0055803424
2.808414e-07,-0.0055552102
2.809414e-07,-0.0055307962
2.810414e-07,-0.0055157169
2.811414e-07,-0.0055157169
2.812414e-07,-0.0055264878
2.813414e-07,-0.0055415671
2.814414e-07,-0.0055501838
2.815414e-07,-0.0055480296
2.816414e-07,-0.0055365407
2.817414e-07,-0.0055228975
2.818414e-07,-0.0055157169
2.819414e-07,-0.0055200253
2.820414e-07,-0.0055336684
2.821414e-07,-0.0055501838
2.822414e-07,-0.0055616728
2.823414e-07,-0.0055623909
2.824414e-07,-0.0055544922
2.825414e-07,-0.0055437213
2.826414e-07,-0.0055386949
2.827414e-07,-0.0055444393
2.828414e-07,-0.0055602367
2.829414e-07,-0.0055796243
2.830414e-07,-0.0055961397
2.831414e-07,-0.0056033203
2.832414e-07,-0.00559973
2.833414e-07,-0.0055918313
2.834414e-07,-0.0055846507
2.835414e-07,-0.0055832146
2.836414e-07,-0.005588241
2.837414e-07,-0.0055947036
2.838414e-07,-0.0055961397
2.839414e-07,-0.005588241
2.840414e-07,-0.0055710076
2.841414e-07,-0.0055480296
2.842414e-07,-0.0055272059
2.843414e-07,-0.0055128447
2.844414e-07,-0.0055063821
2.845414e-07,-0.005504946
2.846414e-07,-0.0055042279
2.847414e-07,-0.0055006376
2.848414e-07,-0.0054920209
2.849414e-07,-0.0054805319
2.850414e-07,-0.005469761
2.851414e-07,-0.0054604262
2.852414e-07,-0.0054532456
2.853414e-07,-0.005445347
2.854414e-07,-0.0054352941
2.855414e-07,-0.0054230871
2.856414e-07,-0.005410162
2.857414e-07,-0.0054022633
2.858414e-07,-0.0054008272
2.859414e-07,-0.0054065717
2.860414e-07,-0.0054173426
2.861414e-07,-0.0054281135
2.862414e-07,-0.0054352941
2.863414e-07,-0.0054388844
2.864414e-07,-0.0054431928
2.865414e-07,-0.0054525276
2.866414e-07,-0.005469761
2.867414e-07,-0.0054948932
2.868414e-07,-0.0055228975
2.869414e-07,-0.0055473116
2.870414e-07,-0.0055616728
2.871414e-07,-0.0055666992
2.872414e-07,-0.0055666992
2.873414e-07,-0.0055702895
2.874414e-07,-0.0055846507
2.875414e-07,-0.005611937
2.876414e-07,-0.0056478401
2.877414e-07,-0.0056837431
2.878414e-07,-0.0057110294
2.879414e-07,-0.0057239545
2.880414e-07,-0.0057246726
2.881414e-07,-0.005717492
2.882414e-07,-0.0057110294
2.883414e-07,-0.0057095933
2.884414e-07,-0.0057139017
2.885414e-07,-0.0057203642
2.886414e-07,-0.0057225184
2.887414e-07,-0.0057189281
2.888414e-07,-0.0057103114
2.889414e-07,-0.0057016946
2.890414e-07,-0.0056995404
2.891414e-07,-0.005706721
2.892414e-07,-0.0057225184
2.893414e-07,-0.005741906
2.894414e-07,-0.0057569853
2.895414e-07,-0.005764884
2.896414e-07,-0.0057641659
2.897414e-07,-0.0057598575
2.898414e-07,-0.0057569853
2.899414e-07,-0.0057598575
2.900414e-07,-0.0057684743
2.901414e-07,-0.0057799632
2.902414e-07,-0.0057914522
2.903414e-07,-0.0057986328
2.904414e-07,-0.005800787
2.905414e-07,-0.0058015051
2.906414e-07,-0.0058029412
2.907414e-07,-0.0058079676
2.908414e-07,-0.0058165843
2.909414e-07,-0.0058273552
2.910414e-07,-0.0058374081
2.911414e-07,-0.0058460248
2.912414e-07,-0.0058532054
2.913414e-07,-0.0058618222
2.914414e-07,-0.005871875
2.915414e-07,-0.0058819278
2.916414e-07,-0.0058876723
2.917414e-07,-0.0058855182
2.918414e-07,-0.005871875
2.919414e-07,-0.0058488971
2.920414e-07,-0.0058230469
2.921414e-07,-0.0058022231
2.922414e-07,-0.0057914522
2.923414e-07,-0.0057936064
2.924414e-07,-0.0058043773
2.925414e-07,-0.0058180205
2.926414e-07,-0.0058259191
2.927414e-07,-0.0058252011
2.928414e-07,-0.0058180205
2.929414e-07,-0.0058086857
2.930414e-07,-0.0058029412
2.931414e-07,-0.0058043773
2.932414e-07,-0.005812276
2.933414e-07,-0.0058208927
2.934414e-07,-0.0058259191
2.935414e-07,-0.0058237649
2.936414e-07,-0.0058144301
2.937414e-07,-0.0058015051
2.938414e-07,-0.0057914522
2.939414e-07,-0.0057864258
2.940414e-07,-0.0057857077
2.941414e-07,-0.00578858
2.942414e-07,-0.0057914522
2.943414e-07,-0.0057928883
2.944414e-07,-0.0057936064
2.945414e-07,-0.0057964786
2.946414e-07,-0.0058029412
2.947414e-07,-0.005812994
2.948414e-07,-0.0058230469
2.949414e-07,-0.0058287914
2.950414e-07,-0.0058259191
2.951414e-07,-0.0058151482
2.952414e-07,-0.0058000689
2.953414e-07,-0.0057864258
2.954414e-07,-0.0057799632
2.955414e-07,-0.0057821174
2.956414e-07,-0.0057900161
2.957414e-07,-0.0057986328
2.958414e-07,-0.0058029412
2.959414e-07,-0.005800787
2.960414e-07,-0.0057950425
2.961414e-07,-0.0057907341
2.962414e-07,-0.0057914522
2.963414e-07,-0.0057993509
2.964414e-07,-0.0058108398
2.965414e-07,-0.0058216108
2.966414e-07,-0.0058259191
2.967414e-07,-0.0058216108
2.968414e-07,-0.0058115579
2.969414e-07,-0.0058000689
2.970414e-07,-0.0057914522
2.971414e-07,-0.0057878619
2.972414e-07,-0.0057871438
2.973414e-07,-0.0057857077
2.974414e-07,-0.0057799632
2.975414e-07,-0.0057706284
2.976414e-07,-0.0057620117
2.977414e-07,-0.0057598575
2.978414e-07,-0.0057684743
2.979414e-07,-0.0057878619
2.980414e-07,-0.005812994
2.981414e-07,-0.005835972
2.982414e-07,-0.0058488971
2.983414e-07,-0.0058488971
2.984414e-07,-0.0058388442
2.985414e-07,-0.005824483
2.986414e-07,-0.0058144301
2.987414e-07,-0.0058115579
2.988414e-07,-0.0058158663
2.989414e-07,-0.0058223288
2.990414e-07,-0.0058259191
2.991414e-07,-0.0058237649
2.992414e-07,-0.0058173024
2.993414e-07,-0.005812994
2.994414e-07,-0.0058144301
2.995414e-07,-0.005824483
2.996414e-07,-0.0058395623
2.997414e-07,-0.0058539235
2.998414e-07,-0.005860386
2.999414e-07,-0.0058560777
3.000414e-07,-0.0058431526
3.001414e-07,-0.0058273552
3.002414e-07,-0.0058144301
3.003414e-07,-0.0058094037
3.004414e-07,-0.0058108398
3.005414e-07,-0.0058144301
3.006414e-07,-0.0058144301
3.007414e-07,-0.0058079676
3.008414e-07,-0.0057964786
3.009414e-07,-0.0057849897
3.010414e-07,-0.0057799632
3.011414e-07,-0.0057849897
3.012414e-07,-0.0057979148
3.013414e-07,-0.0058144301
3.014414e-07,-0.0058259191
3.015414e-07,-0.0058273552
3.016414e-07,-0.0058173024
3.017414e-07,-0.0057993509
3.018414e-07,-0.0057799632
3.019414e-07,-0.005765602
3.020414e-07,-0.0057598575
3.021414e-07,-0.0057620117
3.022414e-07,-0.0057684743
3.023414e-07,-0.0057763729
3.024414e-07,-0.0057828355
3.025414e-07,-0.0057878619
3.026414e-07,-0.0057914522
3.027414e-07,-0.0057950425
3.028414e-07,-0.0057986328
3.029414e-07,-0.0058015051
3.030414e-07,-0.0058029412
3.031414e-07,-0.0058029412
3.032414e-07,-0.0058036592
3.033414e-07,-0.0058072495
3.034414e-07,-0.0058144301
3.035414e-07,-0.0058237649
3.036414e-07,-0.0058330997
3.037414e-07,-0.0058381261
3.038414e-07,-0.0058374081
3.039414e-07,-0.0058323817
3.040414e-07,-0.0058273552
3.041414e-07,-0.0058280733
3.042414e-07,-0.0058374081
3.043414e-07,-0.0058539235
3.044414e-07,-0.0058733111
3.045414e-07,-0.0058891085
3.046414e-07,-0.0058948529
3.047414e-07,-0.0058898265
3.048414e-07,-0.0058783375
3.049414e-07,-0.0058661305
3.050414e-07,-0.005860386
3.051414e-07,-0.0058632583
3.052414e-07,-0.0058733111
3.053414e-07,-0.0058855182
3.054414e-07,-0.0058948529
3.055414e-07,-0.0058984432
3.056414e-07,-0.0058970071
3.057414e-07,-0.0058941349
3.058414e-07,-0.0058948529
3.059414e-07,-0.0058998794
3.060414e-07,-0.005907778
3.061414e-07,-0.0059149586
3.062414e-07,-0.0059178309
3.063414e-07,-0.0059142406
3.064414e-07,-0.00590706
3.065414e-07,-0.0058991613
3.066414e-07,-0.0058948529
3.067414e-07,-0.005895571
3.068414e-07,-0.0058998794
3.069414e-07,-0.0059041877
3.070414e-07,-0.0059063419
3.071414e-07,-0.0059056239
3.072414e-07,-0.0059049058
3.073414e-07,-0.005907778
3.074414e-07,-0.0059178309
3.075414e-07,-0.0059329102
3.076414e-07,-0.0059479894
3.077414e-07,-0.0059558881
3.078414e-07,-0.0059522978
3.079414e-07,-0.0059372185
3.080414e-07,-0.0059156767
3.081414e-07,-0.005895571
3.082414e-07,-0.005883364
3.083414e-07,-0.0058819278
3.084414e-07,-0.0058883904
3.085414e-07,-0.0058948529
3.086414e-07,-0.0058948529
3.087414e-07,-0.0058848001
3.088414e-07,-0.0058654125
3.089414e-07,-0.0058438706
3.090414e-07,-0.0058259191
3.091414e-07,-0.0058151482
3.092414e-07,-0.0058115579
3.093414e-07,-0.0058086857
3.094414e-07,-0.0058029412
3.095414e-07,-0.0057907341
3.096414e-07,-0.0057727826
3.097414e-07,-0.0057562672
3.098414e-07,-0.0057454963
3.099414e-07,-0.0057447783
3.100414e-07,-0.0057519589
3.101414e-07,-0.0057620117
3.102414e-07,-0.0057684743
3.103414e-07,-0.0057663201
3.104414e-07,-0.0057555492
3.105414e-07,-0.0057390338
3.106414e-07,-0.0057225184
3.107414e-07,-0.0057095933
3.108414e-07,-0.0057031307
3.109414e-07,-0.0057002585
3.110414e-07,-0.0056995404
3.111414e-07,-0.0057002585
3.112414e-07,-0.0057024127
3.113414e-07,-0.0057095933
3.114414e-07,-0.0057225184
3.115414e-07,-0.0057404699
3.116414e-07,-0.0057598575
3.117414e-07,-0.0057749368
3.118414e-07,-0.0057799632
3.119414e-07,-0.0057749368
3.120414e-07,-0.0057627298
3.121414e-07,-0.0057505227
3.122414e-07,-0.0057454963
3.123414e-07,-0.0057512408
3.124414e-07,-0.0057670381
3.125414e-07,-0.0057864258
3.126414e-07,-0.0058029412
3.127414e-07,-0.0058115579
3.128414e-07,-0.0058115579
3.129414e-07,-0.0058065315
3.130414e-07,-0.0058029412
3.131414e-07,-0.0058043773
3.132414e-07,-0.005812276
3.133414e-07,-0.005824483
3.134414e-07,-0.0058374081
3.135414e-07,-0.0058467429
3.136414e-07,-0.0058524874
3.137414e-07,-0.0058560777
3.138414e-07,-0.005860386
3.139414e-07,-0.0058668486
3.140414e-07,-0.0058747472
3.141414e-07,-0.0058819278
3.142414e-07,-0.005883364
3.143414e-07,-0.0058783375
3.144414e-07,-0.0058675666
3.145414e-07,-0.0058560777
3.146414e-07,-0.0058488971
3.147414e-07,-0.0058488971
3.148414e-07,-0.0058575138
3.149414e-07,-0.0058704389
3.150414e-07,-0.005883364
3.151414e-07,-0.0058919807
3.152414e-07,-0.005895571
3.153414e-07,-0.005895571
3.154414e-07,-0.0058948529
3.155414e-07,-0.0058970071
3.156414e-07,-0.0059027516
3.157414e-07,-0.0059106503
3.158414e-07,-0.0059178309
3.159414e-07,-0.0059214212
3.160414e-07,-0.0059199851
3.161414e-07,-0.0059135225
3.162414e-07,-0.0059063419
3.163414e-07,-0.0058998794
3.164414e-07,-0.0058977252
3.165414e-07,-0.0058998794
3.166414e-07,-0.0059063419
3.167414e-07,-0.0059156767
3.168414e-07,-0.0059257295
3.169414e-07,-0.0059350643
3.170414e-07,-0.0059408088
3.171414e-07,-0.0059400908
3.172414e-07,-0.0059321921
3.173414e-07,-0.0059163948
3.174414e-07,-0.0058948529
3.175414e-07,-0.005871875
3.176414e-07,-0.0058532054
3.177414e-07,-0.0058409984
3.178414e-07,-0.0058374081
3.179414e-07,-0.0058395623
3.180414e-07,-0.0058424345
3.181414e-07,-0.0058424345
3.182414e-07,-0.0058374081
3.183414e-07,-0.0058287914
3.184414e-07,-0.0058194566
3.185414e-07,-0.0058144301
3.186414e-07,-0.0058144301
3.187414e-07,-0.0058187385
3.188414e-07,-0.0058223288
3.189414e-07,-0.0058216108
3.190414e-07,-0.0058144301
3.191414e-07,-0.0058036592
3.192414e-07,-0.0057936064
3.193414e-07,-0.005789298
3.194414e-07,-0.0057914522
3.195414e-07,-0.0057986328
3.196414e-07,-0.0058036592
3.197414e-07,-0.0058022231
3.198414e-07,-0.0057914522
3.199414e-07,-0.0057742187
3.200414e-07,-0.0057584214
3.201414e-07,-0.0057512408
3.202414e-07,-0.0057569853
3.203414e-07,-0.0057735007
3.204414e-07,-0.0057928883
3.205414e-07,-0.0058050954
3.206414e-07,-0.0058029412
3.207414e-07,-0.0057878619
3.208414e-07,-0.0057663201
3.209414e-07,-0.0057490866
3.210414e-07,-0.0057454963
3.211414e-07,-0.0057569853
3.212414e-07,-0.005777091
3.213414e-07,-0.0057957606
3.214414e-07,-0.0058029412
3.215414e-07,-0.0057943244
3.216414e-07,-0.0057742187
3.217414e-07,-0.0057505227
3.218414e-07,-0.0057340074
3.219414e-07,-0.005730417
3.220414e-07,-0.0057383157
3.221414e-07,-0.0057498047
3.222414e-07,-0.0057569853
3.223414e-07,-0.0057541131
3.224414e-07,-0.0057433421
3.225414e-07,-0.005729699
3.226414e-07,-0.0057225184
3.227414e-07,-0.0057261087
3.228414e-07,-0.0057404699
3.229414e-07,-0.0057569853
3.230414e-07,-0.0057684743
3.231414e-07,-0.0057670381
3.232414e-07,-0.0057526769
3.233414e-07,-0.0057311351
3.234414e-07,-0.0057110294
3.235414e-07,-0.0057002585
3.236414e-07,-0.0057009766
3.237414e-07,-0.0057103114
3.238414e-07,-0.0057225184
3.239414e-07,-0.005729699
3.240414e-07,-0.0057268267
3.241414e-07,-0.0057160558
3.242414e-07,-0.0056995404
3.243414e-07,-0.005683025
3.244414e-07,-0.0056693819
3.245414e-07,-0.0056600471
3.246414e-07,-0.0056535846
3.247414e-07,-0.0056492762
3.248414e-07,-0.0056456859
3.249414e-07,-0.0056428136
3.250414e-07,-0.0056420956
3.251414e-07,-0.0056420956
3.252414e-07,-0.0056413775
3.253414e-07,-0.0056377872
3.254414e-07,-0.0056306066
3.255414e-07,-0.0056198357
3.256414e-07,-0.0056090648
3.257414e-07,-0.0056004481
3.258414e-07,-0.0055961397
3.259414e-07,-0.0055954216
3.260414e-07,-0.0055947036
3.261414e-07,-0.0055918313
3.262414e-07,-0.0055846507
3.263414e-07,-0.0055745979
3.264414e-07,-0.0055674173
3.265414e-07,-0.0055659812
3.266414e-07,-0.0055731618
3.267414e-07,-0.005587523
3.268414e-07,-0.0056033203
3.269414e-07,-0.0056148093
3.270414e-07,-0.0056191176
3.271414e-07,-0.0056162454
3.272414e-07,-0.0056126551
3.273414e-07,-0.005611937
3.274414e-07,-0.0056191176
3.275414e-07,-0.0056313247
3.276414e-07,-0.0056428136
3.277414e-07,-0.0056478401
3.278414e-07,-0.0056420956
3.279414e-07,-0.0056284524
3.280414e-07,-0.0056148093
3.281414e-07,-0.0056097829
3.282414e-07,-0.0056191176
3.283414e-07,-0.0056406595
3.284414e-07,-0.0056679458
3.285414e-07,-0.0056894876
3.286414e-07,-0.0056995404
3.287414e-07,-0.0056959501
3.288414e-07,-0.0056858973
3.289414e-07,-0.0056765625
3.290414e-07,-0.0056765625
3.291414e-07,-0.0056858973
3.292414e-07,-0.0056995404
3.293414e-07,-0.0057103114
3.294414e-07,-0.0057110294
3.295414e-07,-0.0057031307
3.296414e-07,-0.0056930779
3.297414e-07,-0.0056894876
3.298414e-07,-0.0056995404
3.299414e-07,-0.0057210823
3.300414e-07,-0.0057454963
3.301414e-07,-0.0057598575
3.302414e-07,-0.0057569853
3.303414e-07,-0.0057361615
3.304414e-07,-0.005706003
3.305414e-07,-0.005682307
3.306414e-07,-0.0056765625
3.307414e-07,-0.0056923598
3.308414e-07,-0.0057225184
3.309414e-07,-0.0057526769
3.310414e-07,-0.0057684743
3.311414e-07,-0.0057627298
3.312414e-07,-0.0057390338
3.313414e-07,-0.0057088752
3.314414e-07,-0.0056880515
3.315414e-07,-0.0056844612
3.316414e-07,-0.0056973863
3.317414e-07,-0.00571821
3.318414e-07,-0.0057340074
3.319414e-07,-0.0057354435
3.320414e-07,-0.0057203642
3.321414e-07,-0.0056973863
3.322414e-07,-0.0056765625
3.323414e-07,-0.0056672277
3.324414e-07,-0.005670818
3.325414e-07,-0.0056844612
3.326414e-07,-0.0056995404
3.327414e-07,-0.0057088752
3.328414e-07,-0.0057117475
3.329414e-07,-0.0057103114
3.330414e-07,-0.0057110294
3.331414e-07,-0.005717492
3.332414e-07,-0.005729699
3.333414e-07,-0.005741188
3.334414e-07,-0.0057454963
3.335414e-07,-0.0057390338
3.336414e-07,-0.0057225184
3.337414e-07,-0.0057031307
3.338414e-07,-0.0056880515
3.339414e-07,-0.0056837431
3.340414e-07,-0.0056916418
3.341414e-07,-0.005706721
3.342414e-07,-0.0057225184
3.343414e-07,-0.0057347254
3.344414e-07,-0.005741906
3.345414e-07,-0.0057476505
3.346414e-07,-0.0057569853
3.347414e-07,-0.0057713465
3.348414e-07,-0.0057900161
3.349414e-07,-0.0058065315
3.350414e-07,-0.0058144301
3.351414e-07,-0.0058108398
3.352414e-07,-0.0057971967
3.353414e-07,-0.0057799632
3.354414e-07,-0.0057684743
3.355414e-07,-0.0057684743
3.356414e-07,-0.0057806813
3.357414e-07,-0.0058022231
3.358414e-07,-0.0058259191
3.359414e-07,-0.0058460248
3.360414e-07,-0.0058589499
3.361414e-07,-0.0058668486
3.362414e-07,-0.005871875
3.363414e-07,-0.0058769014
3.364414e-07,-0.005883364
3.365414e-07,-0.0058898265
3.366414e-07,-0.0058948529
3.367414e-07,-0.0058977252
3.368414e-07,-0.0059005974
3.369414e-07,-0.00590706
3.370414e-07,-0.0059178309
3.371414e-07,-0.0059336282
3.372414e-07,-0.0059494256
3.373414e-07,-0.0059609145
3.374414e-07,-0.0059637868
3.375414e-07,-0.0059580423
3.376414e-07,-0.0059479894
3.377414e-07,-0.0059400908
3.378414e-07,-0.0059408088
3.379414e-07,-0.0059515797
3.380414e-07,-0.0059695312
3.381414e-07,-0.0059874828
3.382414e-07,-0.0059982537
3.383414e-07,-0.0059975356
3.384414e-07,-0.0059853286
3.385414e-07,-0.0059680951
3.386414e-07,-0.0059522978
3.387414e-07,-0.0059422449
3.388414e-07,-0.0059400908
3.389414e-07,-0.0059443991
3.390414e-07,-0.0059522978
3.391414e-07,-0.0059616326
3.392414e-07,-0.0059716854
3.393414e-07,-0.0059831744
3.394414e-07,-0.0059982537
3.395414e-07,-0.006014051
3.396414e-07,-0.0060276942
3.397414e-07,-0.0060348748
3.398414e-07,-0.0060327206
3.399414e-07,-0.0060233858
3.400414e-07,-0.0060111788
3.401414e-07,-0.0060011259
3.402414e-07,-0.0059982537
3.403414e-07,-0.006002562
3.404414e-07,-0.0060104607
3.405414e-07,-0.0060176413
3.406414e-07,-0.0060212316
3.407414e-07,-0.0060219497
3.408414e-07,-0.0060226677
3.409414e-07,-0.0060298483
3.410414e-07,-0.0060442096
3.411414e-07,-0.0060628791
3.412414e-07,-0.0060793945
3.413414e-07,-0.0060858571
3.414414e-07,-0.0060786765
3.415414e-07,-0.0060600069
3.416414e-07,-0.006037747
3.417414e-07,-0.0060226677
3.418414e-07,-0.0060212316
3.419414e-07,-0.0060341567
3.420414e-07,-0.0060549805
3.421414e-07,-0.0060722139
3.422414e-07,-0.0060786765
3.423414e-07,-0.0060714959
3.424414e-07,-0.0060549805
3.425414e-07,-0.0060399012
3.426414e-07,-0.0060327206
3.427414e-07,-0.0060363109
3.428414e-07,-0.0060449276
3.429414e-07,-0.0060506721
3.430414e-07,-0.0060442096
3.431414e-07,-0.0060241039
3.432414e-07,-0.0059946634
3.433414e-07,-0.0059673771
3.434414e-07,-0.0059522978
3.435414e-07,-0.0059537339
3.436414e-07,-0.0059680951
3.437414e-07,-0.0059860466
3.438414e-07,-0.0059982537
3.439414e-07,-0.0059982537
3.440414e-07,-0.0059874828
3.441414e-07,-0.0059738396
3.442414e-07,-0.0059637868
3.443414e-07,-0.0059630687
3.444414e-07,-0.0059695312
3.445414e-07,-0.0059759938
3.446414e-07,-0.0059752757
3.447414e-07,-0.0059623506
3.448414e-07,-0.0059408088
3.449414e-07,-0.005919267
3.450414e-07,-0.0059063419
3.451414e-07,-0.0059092142
3.452414e-07,-0.0059264476
3.453414e-07,-0.0059515797
3.454414e-07,-0.0059752757
3.455414e-07,-0.005990355
3.456414e-07,-0.0059946634
3.457414e-07,-0.0059917911
3.458414e-07,-0.0059867647
3.459414e-07,-0.0059846105
3.460414e-07,-0.0059860466
3.461414e-07,-0.0059882008
3.462414e-07,-0.0059867647
3.463414e-07,-0.0059803022
3.464414e-07,-0.0059695312
3.465414e-07,-0.0059587603
3.466414e-07,-0.0059522978
3.467414e-07,-0.0059515797
3.468414e-07,-0.0059537339
3.469414e-07,-0.00595517
3.470414e-07,-0.0059522978
3.471414e-07,-0.0059436811
3.472414e-07,-0.005931474
3.473414e-07,-0.0059221392
3.474414e-07,-0.0059178309
3.475414e-07,-0.005919267
3.476414e-07,-0.0059221392
3.477414e-07,-0.005919267
3.478414e-07,-0.0059063419
3.479414e-07,-0.005883364
3.480414e-07,-0.0058560777
3.481414e-07,-0.0058309455
3.482414e-07,-0.0058144301
3.483414e-07,-0.0058079676
3.484414e-07,-0.0058086857
3.485414e-07,-0.0058079676
3.486414e-07,-0.0058029412
3.487414e-07,-0.0057914522
3.488414e-07,-0.0057785271
3.489414e-07,-0.0057699104
3.490414e-07,-0.0057684743
3.491414e-07,-0.0057735007
3.492414e-07,-0.0057799632
3.493414e-07,-0.0057792452
3.494414e-07,-0.0057684743
3.495414e-07,-0.0057505227
3.496414e-07,-0.0057332893
3.497414e-07,-0.0057268267
3.498414e-07,-0.0057340074
3.499414e-07,-0.0057519589
3.500414e-07,-0.0057699104
3.501414e-07,-0.0057735007
3.502414e-07,-0.0057569853
3.503414e-07,-0.0057218003
3.504414e-07,-0.0056801528
3.505414e-07,-0.0056492762
3.506414e-07,-0.0056420956
3.507414e-07,-0.0056607652
3.508414e-07,-0.0056973863
3.509414e-07,-0.0057340074
3.510414e-07,-0.0057569853
3.511414e-07,-0.0057577034
3.512414e-07,-0.005741188
3.513414e-07,-0.005717492
3.514414e-07,-0.0056995404
3.515414e-07,-0.005694514
3.516414e-07,-0.0057002585
3.517414e-07,-0.0057088752
3.518414e-07,-0.0057110294
3.519414e-07,-0.0057031307
3.520414e-07,-0.0056887695
3.521414e-07,-0.0056772806
3.522414e-07,-0.0056765625
3.523414e-07,-0.0056887695
3.524414e-07,-0.0057088752
3.525414e-07,-0.0057268267
3.526414e-07,-0.0057340074
3.527414e-07,-0.0057289809
3.528414e-07,-0.005717492
3.529414e-07,-0.0057088752
3.530414e-07,-0.0057110294
3.531414e-07,-0.0057246726
3.532414e-07,-0.0057426241
3.533414e-07,-0.0057526769
3.534414e-07,-0.0057454963
3.535414e-07,-0.0057218003
3.536414e-07,-0.0056909237
3.537414e-07,-0.0056679458
3.538414e-07,-0.0056650735
3.539414e-07,-0.0056851792
3.540414e-07,-0.0057210823
3.541414e-07,-0.0057569853
3.542414e-07,-0.0057799632
3.543414e-07,-0.0057835535
3.544414e-07,-0.0057727826
3.545414e-07,-0.0057598575
3.546414e-07,-0.0057569853
3.547414e-07,-0.0057691923
3.548414e-07,-0.0057914522
3.549414e-07,-0.0058137121
3.550414e-07,-0.0058259191
3.551414e-07,-0.005824483
3.552414e-07,-0.0058165843
3.553414e-07,-0.0058137121
3.554414e-07,-0.0058259191
3.555414e-07,-0.0058539235
3.556414e-07,-0.0058898265
3.557414e-07,-0.005919267
3.558414e-07,-0.0059293199
3.559414e-07,-0.005919267
3.560414e-07,-0.0058991613
3.561414e-07,-0.0058855182
3.562414e-07,-0.0058948529
3.563414e-07,-0.005931474
3.564414e-07,-0.0059874828
3.565414e-07,-0.0060427734
3.566414e-07,-0.0060786765
3.567414e-07,-0.006085139
3.568414e-07,-0.0060671875
3.569414e-07,-0.0060391831
3.570414e-07,-0.0060212316
3.571414e-07,-0.00602554
3.572414e-07,-0.0060528263
3.573414e-07,-0.0060908835
3.574414e-07,-0.0061246324
3.575414e-07,-0.0061418658
3.576414e-07,-0.0061418658
3.577414e-07,-0.006131813
3.578414e-07,-0.0061246324
3.579414e-07,-0.0061289407
3.580414e-07,-0.00614402
3.581414e-07,-0.0061619715
3.582414e-07,-0.0061705882
3.583414e-07,-0.0061634076
3.584414e-07,-0.0061418658
3.585414e-07,-0.0061167337
3.586414e-07,-0.0061016544
3.587414e-07,-0.0061052447
3.588414e-07,-0.0061275046
3.589414e-07,-0.0061576631
3.590414e-07,-0.0061820772
3.591414e-07,-0.0061885398
3.592414e-07,-0.0061741785
3.593414e-07,-0.0061454561
3.594414e-07,-0.0061131434
3.595414e-07,-0.0060894474
3.596414e-07,-0.0060793945
3.597414e-07,-0.0060815487
3.598414e-07,-0.0060901654
3.599414e-07,-0.0061002183
3.600414e-07,-0.006108117
3.601414e-07,-0.0061152976
3.602414e-07,-0.0061246324
3.603414e-07,-0.0061361213
3.604414e-07,-0.0061476103
3.605414e-07,-0.0061533548
3.606414e-07,-0.0061476103
3.607414e-07,-0.0061310949
3.608414e-07,-0.006108117
3.609414e-07,-0.0060880113
3.610414e-07,-0.0060786765
3.611414e-07,-0.0060837029
3.612414e-07,-0.0060987822
3.613414e-07,-0.0061152976
3.614414e-07,-0.0061246324
3.615414e-07,-0.0061224782
3.616414e-07,-0.0061109892
3.617414e-07,-0.006097346
3.618414e-07,-0.0060901654
3.619414e-07,-0.0060944738
3.620414e-07,-0.0061095531
3.621414e-07,-0.0061289407
3.622414e-07,-0.0061476103
3.623414e-07,-0.0061605354
3.624414e-07,-0.0061684341
3.625414e-07,-0.0061748966
3.626414e-07,-0.0061820772
3.627414e-07,-0.0061906939
3.628414e-07,-0.0061964384
3.629414e-07,-0.0061942842
3.630414e-07,-0.0061820772
3.631414e-07,-0.0061619715
3.632414e-07,-0.0061425839
3.633414e-07,-0.006132531
3.634414e-07,-0.0061361213
3.635414e-07,-0.0061519187
3.636414e-07,-0.0061720244
3.637414e-07,-0.0061842314
3.638414e-07,-0.0061820772
3.639414e-07,-0.0061669979
3.640414e-07,-0.0061490464
3.641414e-07,-0.0061389936
3.642414e-07,-0.0061476103
3.643414e-07,-0.0061741785
3.644414e-07,-0.0062086455
3.645414e-07,-0.0062380859
3.646414e-07,-0.006251011
3.647414e-07,-0.0062452665
3.648414e-07,-0.0062280331
3.649414e-07,-0.0062143899
3.650414e-07,-0.0062165441
3.651414e-07,-0.0062373679
3.652414e-07,-0.0062689625
3.653414e-07,-0.006297685
3.654414e-07,-0.0063084559
3.655414e-07,-0.0062962489
3.656414e-07,-0.0062675264
3.657414e-07,-0.0062359318
3.658414e-07,-0.0062165441
3.659414e-07,-0.0062179802
3.660414e-07,-0.0062366498
3.661414e-07,-0.0062603458
3.662414e-07,-0.006273989
3.663414e-07,-0.0062689625
3.664414e-07,-0.0062459846
3.665414e-07,-0.0062158261
3.666414e-07,-0.0061935662
3.667414e-07,-0.0061892578
3.668414e-07,-0.006202901
3.669414e-07,-0.0062280331
3.670414e-07,-0.006251011
3.671414e-07,-0.0062610639
3.672414e-07,-0.0062546013
3.673414e-07,-0.0062366498
3.674414e-07,-0.0062165441
3.675414e-07,-0.0062021829
3.676414e-07,-0.0061978745
3.677414e-07,-0.0062007468
3.678414e-07,-0.0062050551
3.679414e-07,-0.0062057732
3.680414e-07,-0.0062014648
3.681414e-07,-0.0061957204
3.682414e-07,-0.0061935662
3.683414e-07,-0.0061971565
3.684414e-07,-0.0062050551
3.685414e-07,-0.0062136719
3.686414e-07,-0.0062165441
3.687414e-07,-0.0062129538
3.688414e-07,-0.006203619
3.689414e-07,-0.0061957204
3.690414e-07,-0.0061935662
3.691414e-07,-0.0062000287
3.692414e-07,-0.0062136719
3.693414e-07,-0.0062280331
3.694414e-07,-0.0062395221
3.695414e-07,-0.0062467027
3.696414e-07,-0.0062517291
3.697414e-07,-0.0062603458
3.698414e-07,-0.006273989
3.699414e-07,-0.0062919405
3.700414e-07,-0.0063077378
3.701414e-07,-0.0063149184
3.702414e-07,-0.0063084559
3.703414e-07,-0.0062912224
3.704414e-07,-0.0062711167
3.705414e-07,-0.0062596278
3.706414e-07,-0.0062625
3.707414e-07,-0.0062804515
3.708414e-07,-0.0063041475
3.709414e-07,-0.0063242532
3.710414e-07,-0.0063314338
3.711414e-07,-0.0063249713
3.712414e-07,-0.0063120462
3.713414e-07,-0.0063034295
3.714414e-07,-0.0063084559
3.715414e-07,-0.0063271255
3.716414e-07,-0.0063515395
3.717414e-07,-0.0063680549
3.718414e-07,-0.0063659007
3.719414e-07,-0.0063429228
3.720414e-07,-0.0063070198
3.721414e-07,-0.0062718348
3.722414e-07,-0.006251011
3.723414e-07,-0.006251011
3.724414e-07,-0.0062660903
3.725414e-07,-0.006286196
3.726414e-07,-0.0062969669
3.727414e-07,-0.0062926585
3.728414e-07,-0.006274707
3.729414e-07,-0.0062538833
3.730414e-07,-0.0062395221
3.731414e-07,-0.006238804
3.732414e-07,-0.0062481388
3.733414e-07,-0.0062589097
3.734414e-07,-0.0062625
3.735414e-07,-0.0062531652
3.736414e-07,-0.0062337776
3.737414e-07,-0.0062143899
3.738414e-07,-0.0062050551
3.739414e-07,-0.0062100816
3.740414e-07,-0.0062258789
3.741414e-07,-0.0062431124
3.742414e-07,-0.006251011
3.743414e-07,-0.0062445485
3.744414e-07,-0.006226597
3.745414e-07,-0.0062057732
3.746414e-07,-0.0061935662
3.747414e-07,-0.0061957204
3.748414e-07,-0.0062100816
3.749414e-07,-0.0062287511
3.750414e-07,-0.0062395221
3.751414e-07,-0.0062366498
3.752414e-07,-0.0062208525
3.753414e-07,-0.0062000287
3.754414e-07,-0.0061820772
3.755414e-07,-0.0061748966
3.756414e-07,-0.0061777688
3.757414e-07,-0.0061863856
3.758414e-07,-0.0061935662
3.759414e-07,-0.0061942842
3.760414e-07,-0.0061892578
3.761414e-07,-0.0061835133
3.762414e-07,-0.0061820772
3.763414e-07,-0.0061863856
3.764414e-07,-0.0061935662
3.765414e-07,-0.0061978745
3.766414e-07,-0.0061935662
3.767414e-07,-0.006179923
3.768414e-07,-0.0061626896
3.769414e-07,-0.0061497645
3.770414e-07,-0.0061476103
3.771414e-07,-0.006156227
3.772414e-07,-0.0061698702
3.773414e-07,-0.0061770508
3.774414e-07,-0.0061705882
3.775414e-07,-0.0061476103
3.776414e-07,-0.0061152976
3.777414e-07,-0.006084421
3.778414e-07,-0.0060671875
3.779414e-07,-0.0060679056
3.780414e-07,-0.0060829848
3.781414e-07,-0.0061016544
3.782414e-07,-0.0061131434
3.783414e-07,-0.0061102711
3.784414e-07,-0.0060944738
3.785414e-07,-0.006072932
3.786414e-07,-0.0060556985
3.787414e-07,-0.0060485179
3.788414e-07,-0.0060506721
3.789414e-07,-0.0060592888
3.790414e-07,-0.0060671875
3.791414e-07,-0.006072932
3.792414e-07,-0.0060772403
3.793414e-07,-0.0060858571
3.794414e-07,-0.0061016544
3.795414e-07,-0.0061246324
3.796414e-07,-0.0061490464
3.797414e-07,-0.0061662799
3.798414e-07,-0.0061705882
3.799414e-07,-0.0061626896
3.800414e-07,-0.0061483284
3.801414e-07,-0.0061375574
3.802414e-07,-0.0061361213
3.803414e-07,-0.0061447381
3.804414e-07,-0.0061569451
3.805414e-07,-0.0061641257
3.806414e-07,-0.0061590993
3.807414e-07,-0.00614402
3.808414e-07,-0.0061282227
3.809414e-07,-0.0061224782
3.810414e-07,-0.0061361213
3.811414e-07,-0.006167716
3.812414e-07,-0.0062072093
3.813414e-07,-0.0062395221
3.814414e-07,-0.006251011
3.815414e-07,-0.0062395221
3.816414e-07,-0.0062129538
3.817414e-07,-0.0061856675
3.818414e-07,-0.0061705882
3.819414e-07,-0.0061741785
3.820414e-07,-0.006191412
3.821414e-07,-0.0062093635
3.822414e-07,-0.0062165441
3.823414e-07,-0.0062079274
3.824414e-07,-0.0061892578
3.825414e-07,-0.0061727424
3.826414e-07,-0.0061705882
3.827414e-07,-0.0061878217
3.828414e-07,-0.0062179802
3.829414e-07,-0.0062474207
3.830414e-07,-0.0062625
3.831414e-07,-0.0062546013
3.832414e-07,-0.0062280331
3.833414e-07,-0.0061950023
3.834414e-07,-0.0061705882
3.835414e-07,-0.0061655618
3.836414e-07,-0.0061784869
3.837414e-07,-0.0062000287
3.838414e-07,-0.0062165441
3.839414e-07,-0.0062186983
3.840414e-07,-0.0062057732
3.841414e-07,-0.0061863856
3.842414e-07,-0.0061705882
3.843414e-07,-0.006167716
3.844414e-07,-0.0061777688
3.845414e-07,-0.0061942842
3.846414e-07,-0.0062050551
3.847414e-07,-0.0062021829
3.848414e-07,-0.0061849494
3.849414e-07,-0.0061598173
3.850414e-07,-0.0061361213
3.851414e-07,-0.0061239143
3.852414e-07,-0.0061246324
3.853414e-07,-0.0061354033
3.854414e-07,-0.0061476103
3.855414e-07,-0.0061547909
3.856414e-07,-0.0061547909
3.857414e-07,-0.0061504825
3.858414e-07,-0.0061476103
3.859414e-07,-0.0061512006
3.860414e-07,-0.0061605354
3.861414e-07,-0.0061727424
3.862414e-07,-0.0061820772
3.863414e-07,-0.0061849494
3.864414e-07,-0.0061827953
3.865414e-07,-0.006179923
3.866414e-07,-0.0061820772
3.867414e-07,-0.0061928481
3.868414e-07,-0.0062115177
3.869414e-07,-0.0062330595
3.870414e-07,-0.006251011
3.871414e-07,-0.0062625
3.872414e-07,-0.0062675264
3.873414e-07,-0.0062696806
3.874414e-07,-0.006273989
3.875414e-07,-0.0062818876
3.876414e-07,-0.0062912224
3.877414e-07,-0.006297685
3.878414e-07,-0.0062969669
3.879414e-07,-0.0062890682
3.880414e-07,-0.0062775793
3.881414e-07,-0.0062668084
3.882414e-07,-0.0062625
3.883414e-07,-0.0062646542
3.884414e-07,-0.0062711167
3.885414e-07,-0.006274707
3.886414e-07,-0.006273989
3.887414e-07,-0.0062689625
3.888414e-07,-0.0062646542
3.889414e-07,-0.0062689625
3.890414e-07,-0.0062854779
3.891414e-07,-0.0063120462
3.892414e-07,-0.0063407686
3.893414e-07,-0.0063608743
3.894414e-07,-0.0063659007
3.895414e-07,-0.0063544118
3.896414e-07,-0.0063343061
3.897414e-07,-0.0063156365
3.898414e-07,-0.0063084559
3.899414e-07,-0.0063149184
3.900414e-07,-0.0063307158
3.901414e-07,-0.0063465131
3.902414e-07,-0.0063544118
3.903414e-07,-0.0063522576
3.904414e-07,-0.0063443589
3.905414e-07,-0.0063386144
3.906414e-07,-0.0063429228
3.907414e-07,-0.0063587201
3.908414e-07,-0.0063795439
3.909414e-07,-0.0063967773
3.910414e-07,-0.0064003676
3.911414e-07,-0.0063888787
3.912414e-07,-0.006368773
3.913414e-07,-0.0063501034
3.914414e-07,-0.0063429228
3.915414e-07,-0.0063508215
3.916414e-07,-0.0063702091
3.917414e-07,-0.0063895967
3.918414e-07,-0.0064003676
3.919414e-07,-0.0063967773
3.920414e-07,-0.0063816981
3.921414e-07,-0.0063651827
3.922414e-07,-0.0063544118
3.923414e-07,-0.0063536937
3.924414e-07,-0.0063601562
3.925414e-07,-0.0063630285
3.926414e-07,-0.0063544118
3.927414e-07,-0.0063307158
3.928414e-07,-0.0062962489
3.929414e-07,-0.0062617819
3.930414e-07,-0.0062395221
3.931414e-07,-0.0062352137
3.932414e-07,-0.0062481388
3.933414e-07,-0.0062682445
3.934414e-07,-0.0062854779
3.935414e-07,-0.0062919405
3.936414e-07,-0.0062883502
3.937414e-07,-0.0062797335
3.938414e-07,-0.006273989
3.939414e-07,-0.0062761432
3.940414e-07,-0.0062847599
3.941414e-07,-0.0062940947
3.942414e-07,-0.0062969669
3.943414e-07,-0.0062890682
3.944414e-07,-0.0062718348
3.945414e-07,-0.0062524472
3.946414e-07,-0.0062395221
3.947414e-07,-0.0062373679
3.948414e-07,-0.0062445485
3.949414e-07,-0.0062553194
3.950414e-07,-0.0062625
3.951414e-07,-0.0062625
3.952414e-07,-0.0062567555
3.953414e-07,-0.006251011
3.954414e-07,-0.006251011
3.955414e-07,-0.0062603458
3.956414e-07,-0.0062775793
3.957414e-07,-0.0062955308
3.958414e-07,-0.0063084559
3.959414e-07,-0.0063127642
3.960414e-07,-0.0063113281
3.961414e-07,-0.0063077378
3.962414e-07,-0.0063084559
3.963414e-07,-0.0063149184
3.964414e-07,-0.0063242532
3.965414e-07,-0.0063307158
3.966414e-07,-0.0063314338
3.967414e-07,-0.0063264074
3.968414e-07,-0.006321381
3.969414e-07,-0.0063249713
3.970414e-07,-0.0063429228
3.971414e-07,-0.0063745175
3.972414e-07,-0.0064111386
3.973414e-07,-0.0064427332
3.974414e-07,-0.0064578125
3.975414e-07,-0.0064535041
3.976414e-07,-0.0064355526
3.977414e-07,-0.0064140108
3.978414e-07,-0.0064003676
3.979414e-07,-0.0063996496
3.980414e-07,-0.0064111386
3.981414e-07,-0.0064254998
3.982414e-07,-0.0064348346
3.983414e-07,-0.0064341165
3.984414e-07,-0.0064254998
3.985414e-07,-0.0064154469
3.986414e-07,-0.0064118566
3.987414e-07,-0.0064183192
3.988414e-07,-0.0064312443
3.989414e-07,-0.0064434513
3.990414e-07,-0.0064463235
3.991414e-07,-0.0064362707
3.992414e-07,-0.006416165
3.993414e-07,-0.0063939051
3.994414e-07,-0.0063773897
3.995414e-07,-0.0063723633
3.996414e-07,-0.0063766716
3.997414e-07,-0.0063838523
3.998414e-07,-0.0063888787
3.999414e-07,-0.0063867245
4.000414e-07,-0.0063802619
4.001414e-07,-0.0063752355
4.002414e-07,-0.0063773897
4.003414e-07,-0.0063881606
4.004414e-07,-0.006404676
4.005414e-07,-0.0064183192
4.006414e-07,-0.0064233456
4.007414e-07,-0.0064176011
4.008414e-07,-0.006404676
4.009414e-07,-0.006392469
4.010414e-07,-0.0063888787
4.011414e-07,-0.0063960593
4.012414e-07,-0.0064097024
4.013414e-07,-0.0064211914
4.014414e-07,-0.0064233456
4.015414e-07,-0.0064132927
4.016414e-07,-0.0063960593
4.017414e-07,-0.00638098
4.018414e-07,-0.0063773897
4.019414e-07,-0.0063888787
4.020414e-07,-0.0064125747
4.021414e-07,-0.0064391429
4.022414e-07,-0.0064578125
4.023414e-07,-0.0064628389
4.024414e-07,-0.0064563764
4.025414e-07,-0.0064441693
4.026414e-07,-0.0064348346
4.027414e-07,-0.0064341165
4.028414e-07,-0.0064412971
4.029414e-07,-0.00645135
4.030414e-07,-0.0064578125
4.031414e-07,-0.0064570944
4.032414e-07,-0.00645135
4.033414e-07,-0.0064456055
4.034414e-07,-0.0064463235
4.035414e-07,-0.0064549403
4.036414e-07,-0.0064678653
4.037414e-07,-0.0064786363
4.038414e-07,-0.0064807904
4.039414e-07,-0.0064721737
4.040414e-07,-0.0064556583
4.041414e-07,-0.0064412971
4.042414e-07,-0.0064348346
4.043414e-07,-0.006440579
4.044414e-07,-0.0064549403
4.045414e-07,-0.0064707376
4.046414e-07,-0.0064807904
4.047414e-07,-0.0064815085
4.048414e-07,-0.006475764
4.049414e-07,-0.0064693015
4.050414e-07,-0.0064693015
4.051414e-07,-0.0064772001
4.052414e-07,-0.0064901252
4.053414e-07,-0.0065016142
4.054414e-07,-0.0065037684
4.055414e-07,-0.0064958697
4.056414e-07,-0.0064800724
4.057414e-07,-0.0064657112
4.058414e-07,-0.0064578125
4.059414e-07,-0.0064599667
4.060414e-07,-0.0064685834
4.061414e-07,-0.0064772001
4.062414e-07,-0.0064807904
4.063414e-07,-0.0064786363
4.064414e-07,-0.0064736098
4.065414e-07,-0.0064728918
4.066414e-07,-0.0064807904
4.067414e-07,-0.0064958697
4.068414e-07,-0.0065123851
4.069414e-07,-0.0065210018
4.070414e-07,-0.0065152574
4.071414e-07,-0.0064973058
4.072414e-07,-0.0064743279
4.073414e-07,-0.0064585306
4.074414e-07,-0.0064578125
4.075414e-07,-0.0064721737
4.076414e-07,-0.0064944336
4.077414e-07,-0.006511667
4.078414e-07,-0.0065152574
4.079414e-07,-0.0065016142
4.080414e-07,-0.0064779182
4.081414e-07,-0.0064563764
4.082414e-07,-0.0064463235
4.083414e-07,-0.0064527861
4.084414e-07,-0.0064693015
4.085414e-07,-0.0064858169
4.086414e-07,-0.0064922794
4.087414e-07,-0.0064843807
4.088414e-07,-0.0064671473
4.089414e-07,-0.00645135
4.090414e-07,-0.0064463235
4.091414e-07,-0.0064556583
4.092414e-07,-0.0064736098
4.093414e-07,-0.0064894072
4.094414e-07,-0.0064922794
4.095414e-07,-0.0064793543
4.096414e-07,-0.0064556583
4.097414e-07,-0.0064326804
4.098414e-07,-0.0064233456
4.099414e-07,-0.0064319623
4.100414e-07,-0.0064542222
4.101414e-07,-0.0064786363
4.102414e-07,-0.0064922794
4.103414e-07,-0.006487971
4.104414e-07,-0.0064671473
4.105414e-07,-0.0064384249
4.106414e-07,-0.0064118566
4.107414e-07,-0.0063953412
4.108414e-07,-0.0063895967
4.109414e-07,-0.0063895967
4.110414e-07,-0.0063888787
4.111414e-07,-0.0063860064
4.112414e-07,-0.0063831342
4.113414e-07,-0.0063860064
4.114414e-07,-0.0064003676
4.115414e-07,-0.0064240636
4.116414e-07,-0.0064484777
4.117414e-07,-0.0064628389
4.118414e-07,-0.0064578125
4.119414e-07,-0.0064312443
4.120414e-07,-0.006392469
4.121414e-07,-0.0063544118
4.122414e-07,-0.0063314338
4.123414e-07,-0.0063285616
4.124414e-07,-0.0063429228
4.125414e-07,-0.0063630285
4.126414e-07,-0.0063773897
4.127414e-07,-0.0063788258
4.128414e-07,-0.0063702091
4.129414e-07,-0.0063594382
4.130414e-07,-0.0063544118
4.131414e-07,-0.0063601562
4.132414e-07,-0.0063716452
4.133414e-07,-0.00638098
4.134414e-07,-0.0063773897
4.135414e-07,-0.0063594382
4.136414e-07,-0.0063321519
4.137414e-07,-0.0063070198
4.138414e-07,-0.0062969669
4.139414e-07,-0.0063063017
4.140414e-07,-0.0063307158
4.141414e-07,-0.0063587201
4.142414e-07,-0.0063773897
4.143414e-07,-0.0063802619
4.144414e-07,-0.006368773
4.145414e-07,-0.0063529756
4.146414e-07,-0.0063429228
4.147414e-07,-0.0063465131
4.148414e-07,-0.0063630285
4.149414e-07,-0.0063845703
4.150414e-07,-0.0064003676
4.151414e-07,-0.006404676
4.152414e-07,-0.0063974954
4.153414e-07,-0.0063852884
4.154414e-07,-0.0063773897
4.155414e-07,-0.0063795439
4.156414e-07,-0.0063910329
4.157414e-07,-0.0064075483
4.158414e-07,-0.0064233456
4.159414e-07,-0.0064348346
4.160414e-07,-0.0064448874
4.161414e-07,-0.0064585306
4.162414e-07,-0.0064807904
4.163414e-07,-0.006511667
4.164414e-07,-0.0065454159
4.165414e-07,-0.0065719841
4.166414e-07,-0.0065841912
4.167414e-07,-0.0065791648
4.168414e-07,-0.0065633674
4.169414e-07,-0.006546134
4.170414e-07,-0.0065382353
4.171414e-07,-0.0065446978
4.172414e-07,-0.0065633674
4.173414e-07,-0.0065863454
4.174414e-07,-0.0066071691
4.175414e-07,-0.0066215303
4.176414e-07,-0.0066308651
4.177414e-07,-0.0066401999
4.178414e-07,-0.006653125
4.179414e-07,-0.0066682043
4.180414e-07,-0.0066796932
4.181414e-07,-0.0066789752
4.182414e-07,-0.006664614
4.183414e-07,-0.0066394818
4.184414e-07,-0.0066157858
4.185414e-07,-0.0066064511
4.186414e-07,-0.0066186581
4.187414e-07,-0.0066509708
4.188414e-07,-0.0066897461
4.189414e-07,-0.0067177505
4.190414e-07,-0.0067220588
4.191414e-07,-0.0066997989
4.192414e-07,-0.0066617417
4.193414e-07,-0.0066251206
4.194414e-07,-0.0066071691
4.195414e-07,-0.0066150678
4.196414e-07,-0.0066430722
4.197414e-07,-0.006676821
4.198414e-07,-0.0066990809
4.199414e-07,-0.006700517
4.200414e-07,-0.0066832835
4.201414e-07,-0.0066588695
4.202414e-07,-0.006641636
4.203414e-07,-0.006640918
4.204414e-07,-0.0066552792
4.205414e-07,-0.0066746668
4.206414e-07,-0.0066875919
4.207414e-07,-0.0066847197
4.208414e-07,-0.006665332
4.209414e-07,-0.0066394818
4.210414e-07,-0.0066186581
4.211414e-07,-0.0066107594
4.212414e-07,-0.0066165039
4.213414e-07,-0.0066301471
4.214414e-07,-0.006641636
4.215414e-07,-0.0066445083
4.216414e-07,-0.0066380457
4.217414e-07,-0.0066265568
4.218414e-07,-0.0066186581
4.219414e-07,-0.00661794
4.220414e-07,-0.0066229665
4.221414e-07,-0.0066287109
4.222414e-07,-0.0066301471
4.223414e-07,-0.0066251206
4.224414e-07,-0.0066165039
4.225414e-07,-0.0066129136
4.226414e-07,-0.0066186581
4.227414e-07,-0.0066358915
4.228414e-07,-0.0066595875
4.229414e-07,-0.0066789752
4.230414e-07,-0.0066875919
4.231414e-07,-0.0066825655
4.232414e-07,-0.0066682043
4.233414e-07,-0.0066559972
4.234414e-07,-0.006653125
4.235414e-07,-0.0066631778
4.236414e-07,-0.0066818474
4.237414e-07,-0.0066997989
4.238414e-07,-0.0067105699
4.239414e-07,-0.006712006
4.240414e-07,-0.0067098518
4.241414e-07,-0.0067148782
4.242414e-07,-0.0067335478
4.243414e-07,-0.0067665786
4.244414e-07,-0.0068060719
4.245414e-07,-0.0068369485
4.246414e-07,-0.0068484375
4.247414e-07,-0.0068362305
4.248414e-07,-0.006807508
4.249414e-07,-0.0067759134
4.250414e-07,-0.0067565257
4.251414e-07,-0.0067565257
4.252414e-07,-0.0067730411
4.253414e-07,-0.0067960191
4.254414e-07,-0.0068139706
4.255414e-07,-0.006818997
4.256414e-07,-0.0068132525
4.257414e-07,-0.0068039177
4.258414e-07,-0.0068024816
4.259414e-07,-0.0068132525
4.260414e-07,-0.0068347943
4.261414e-07,-0.0068570542
4.262414e-07,-0.0068714154
4.263414e-07,-0.0068721335
4.264414e-07,-0.0068606445
4.265414e-07,-0.0068462833
4.266414e-07,-0.0068369485
4.267414e-07,-0.0068376666
4.268414e-07,-0.0068470014
4.269414e-07,-0.0068570542
4.270414e-07,-0.0068599265
4.271414e-07,-0.0068520278
4.272414e-07,-0.0068362305
4.273414e-07,-0.0068211512
4.274414e-07,-0.0068139706
4.275414e-07,-0.0068175609
4.276414e-07,-0.0068276137
4.277414e-07,-0.0068369485
4.278414e-07,-0.0068369485
4.279414e-07,-0.0068254596
4.280414e-07,-0.0068060719
4.281414e-07,-0.0067881204
4.282414e-07,-0.0067795037
4.283414e-07,-0.0067816579
4.284414e-07,-0.0067902746
4.285414e-07,-0.0067960191
4.286414e-07,-0.0067909926
4.287414e-07,-0.0067737592
4.288414e-07,-0.0067514993
4.289414e-07,-0.0067349839
4.290414e-07,-0.0067335478
4.291414e-07,-0.0067486271
4.292414e-07,-0.0067737592
4.293414e-07,-0.006795301
4.294414e-07,-0.0068024816
4.295414e-07,-0.0067909926
4.296414e-07,-0.0067672966
4.297414e-07,-0.0067436006
4.298414e-07,-0.0067335478
4.299414e-07,-0.0067428826
4.300414e-07,-0.0067665786
4.301414e-07,-0.006795301
4.302414e-07,-0.0068139706
4.303414e-07,-0.0068161248
4.304414e-07,-0.0068024816
4.305414e-07,-0.006783094
4.306414e-07,-0.0067680147
4.307414e-07,-0.0067644244
4.308414e-07,-0.0067723231
4.309414e-07,-0.006783812
4.310414e-07,-0.0067909926
4.311414e-07,-0.0067881204
4.312414e-07,-0.0067787856
4.313414e-07,-0.0067687328
4.314414e-07,-0.0067680147
4.315414e-07,-0.0067787856
4.316414e-07,-0.0067967371
4.317414e-07,-0.0068118164
4.318414e-07,-0.0068139706
4.319414e-07,-0.0067996094
4.320414e-07,-0.0067737592
4.321414e-07,-0.006747909
4.322414e-07,-0.0067335478
4.323414e-07,-0.0067385742
4.324414e-07,-0.006759398
4.325414e-07,-0.0067852482
4.326414e-07,-0.0068024816
4.327414e-07,-0.0068010455
4.328414e-07,-0.0067795037
4.329414e-07,-0.0067450368
4.330414e-07,-0.0067105699
4.331414e-07,-0.0066861558
4.332414e-07,-0.006676821
4.333414e-07,-0.0066796932
4.334414e-07,-0.0066875919
4.335414e-07,-0.0066933364
4.336414e-07,-0.0066940545
4.337414e-07,-0.0066911822
4.338414e-07,-0.0066875919
4.339414e-07,-0.0066868739
4.340414e-07,-0.006689028
4.341414e-07,-0.0066904642
4.342414e-07,-0.0066875919
4.343414e-07,-0.0066796932
4.344414e-07,-0.0066689223
4.345414e-07,-0.0066624598
4.346414e-07,-0.006664614
4.347414e-07,-0.0066775391
4.348414e-07,-0.0066962086
4.349414e-07,-0.0067141602
4.350414e-07,-0.0067220588
4.351414e-07,-0.0067177505
4.352414e-07,-0.0067048254
4.353414e-07,-0.0066911822
4.354414e-07,-0.0066875919
4.355414e-07,-0.0066983628
4.356414e-07,-0.0067234949
4.357414e-07,-0.0067536535
4.358414e-07,-0.0067795037
4.359414e-07,-0.0067924288
4.360414e-07,-0.0067895565
4.361414e-07,-0.0067751953
4.362414e-07,-0.0067565257
4.363414e-07,-0.0067414465
4.364414e-07,-0.0067335478
4.365414e-07,-0.0067321117
4.366414e-07,-0.0067335478
4.367414e-07,-0.0067349839
4.368414e-07,-0.00673642
4.369414e-07,-0.0067392923
4.370414e-07,-0.0067450368
4.371414e-07,-0.0067558077
4.372414e-07,-0.0067680147
4.373414e-07,-0.0067780676
4.374414e-07,-0.0067795037
4.375414e-07,-0.0067708869
4.376414e-07,-0.0067522174
4.377414e-07,-0.0067306756
4.378414e-07,-0.0067105699
4.379414e-07,-0.0066969267
4.380414e-07,-0.0066904642
4.381414e-07,-0.00668831
4.382414e-07,-0.0066875919
4.383414e-07,-0.0066847197
4.384414e-07,-0.0066804113
4.385414e-07,-0.006676821
4.386414e-07,-0.0066761029
4.387414e-07,-0.0066789752
4.388414e-07,-0.0066825655
4.389414e-07,-0.0066825655
4.390414e-07,-0.0066761029
4.391414e-07,-0.0066610237
4.392414e-07,-0.0066387638
4.393414e-07,-0.0066157858
4.394414e-07,-0.0065956801
4.395414e-07,-0.0065827551
4.396414e-07,-0.0065777286
4.397414e-07,-0.0065784467
4.398414e-07,-0.0065841912
4.399414e-07,-0.0065928079
4.400414e-07,-0.0066042969
4.401414e-07,-0.006617222
4.402414e-07,-0.0066301471
4.403414e-07,-0.0066380457
4.404414e-07,-0.0066358915
4.405414e-07,-0.0066208123
4.406414e-07,-0.0065956801
4.407414e-07,-0.0065662397
4.408414e-07,-0.0065418256
4.409414e-07,-0.0065317727
4.410414e-07,-0.0065382353
4.411414e-07,-0.0065569049
4.412414e-07,-0.0065791648
4.413414e-07,-0.006593526
4.414414e-07,-0.0065956801
4.415414e-07,-0.0065870634
4.416414e-07,-0.0065755744
4.417414e-07,-0.0065727022
4.418414e-07,-0.0065841912
4.419414e-07,-0.0066086052
4.420414e-07,-0.0066380457
4.421414e-07,-0.0066588695
4.422414e-07,-0.006664614
4.423414e-07,-0.0066538431
4.424414e-07,-0.0066344554
4.425414e-07,-0.0066193761
4.426414e-07,-0.0066186581
4.427414e-07,-0.0066344554
4.428414e-07,-0.0066610237
4.429414e-07,-0.0066861558
4.430414e-07,-0.0066990809
4.431414e-07,-0.0066954906
4.432414e-07,-0.0066796932
4.433414e-07,-0.0066617417
4.434414e-07,-0.006653125
4.435414e-07,-0.0066574334
4.436414e-07,-0.0066732307
4.437414e-07,-0.0066897461
4.438414e-07,-0.0066990809
4.439414e-07,-0.0066962086
4.440414e-07,-0.0066840016
4.441414e-07,-0.0066703585
4.442414e-07,-0.006664614
4.443414e-07,-0.0066696404
4.444414e-07,-0.0066825655
4.445414e-07,-0.0066947725
4.446414e-07,-0.0066990809
4.447414e-07,-0.0066926183
4.448414e-07,-0.0066804113
4.449414e-07,-0.0066717946
4.450414e-07,-0.0066761029
4.451414e-07,-0.0066962086
4.452414e-07,-0.0067263672
4.453414e-07,-0.0067543716
4.454414e-07,-0.0067680147
4.455414e-07,-0.006760116
4.456414e-07,-0.0067328297
4.457414e-07,-0.0066962086
4.458414e-07,-0.006664614
4.459414e-07,-0.0066480986
4.460414e-07,-0.0066480986
4.461414e-07,-0.0066610237
4.462414e-07,-0.0066761029
4.463414e-07,-0.0066861558
4.464414e-07,-0.0066868739
4.465414e-07,-0.0066818474
4.466414e-07,-0.0066761029
4.467414e-07,-0.0066739488
4.468414e-07,-0.0066753849
4.469414e-07,-0.0066775391
4.470414e-07,-0.0066761029
4.471414e-07,-0.0066689223
4.472414e-07,-0.0066574334
4.473414e-07,-0.0066466625
4.474414e-07,-0.006641636
4.475414e-07,-0.0066452263
4.476414e-07,-0.0066552792
4.477414e-07,-0.0066674862
4.478414e-07,-0.0066761029
4.479414e-07,-0.0066789752
4.480414e-07,-0.0066775391
4.481414e-07,-0.0066753849
4.482414e-07,-0.0066761029
4.483414e-07,-0.0066804113
4.484414e-07,-0.0066847197
4.485414e-07,-0.0066840016
4.486414e-07,-0.0066761029
4.487414e-07,-0.0066617417
4.488414e-07,-0.0066466625
4.489414e-07,-0.0066380457
4.490414e-07,-0.006641636
4.491414e-07,-0.0066552792
4.492414e-07,-0.0066725126
4.493414e-07,-0.0066854377
4.494414e-07,-0.0066875919
4.495414e-07,-0.0066796932
4.496414e-07,-0.0066674862
4.497414e-07,-0.0066610237
4.498414e-07,-0.006664614
4.499414e-07,-0.0066782571
4.500414e-07,-0.0066933364
4.501414e-07,-0.0066983628
4.502414e-07,-0.0066875919
4.503414e-07,-0.0066603056
4.504414e-07,-0.0066258387
4.505414e-07,-0.0065971163
4.506414e-07,-0.0065841912
4.507414e-07,-0.0065884995
4.508414e-07,-0.0066028608
4.509414e-07,-0.0066129136
4.510414e-07,-0.0066071691
4.511414e-07,-0.0065827551
4.512414e-07,-0.006546852
4.513414e-07,-0.006511667
4.514414e-07,-0.0064922794
4.515414e-07,-0.0064929975
4.516414e-07,-0.0065102309
4.517414e-07,-0.0065296186
4.518414e-07,-0.0065382353
4.519414e-07,-0.0065281824
4.520414e-07,-0.0065016142
4.521414e-07,-0.0064700195
4.522414e-07,-0.0064463235
4.523414e-07,-0.006440579
4.524414e-07,-0.0064527861
4.525414e-07,-0.0064736098
4.526414e-07,-0.0064922794
4.527414e-07,-0.006498742
4.528414e-07,-0.0064922794
4.529414e-07,-0.0064793543
4.530414e-07,-0.0064693015
4.531414e-07,-0.0064707376
4.532414e-07,-0.0064850988
4.533414e-07,-0.0065066406
4.534414e-07,-0.0065267463
4.535414e-07,-0.0065382353
4.536414e-07,-0.0065389534
4.537414e-07,-0.0065324908
4.538414e-07,-0.0065267463
4.539414e-07,-0.0065267463
4.540414e-07,-0.0065353631
4.541414e-07,-0.0065482881
4.542414e-07,-0.0065612132
4.543414e-07,-0.0065691119
4.544414e-07,-0.0065719841
4.545414e-07,-0.0065719841
4.546414e-07,-0.0065727022
4.547414e-07,-0.0065770106
4.548414e-07,-0.0065841912
4.549414e-07,-0.0065913718
4.550414e-07,-0.0065956801
4.551414e-07,-0.0065971163
4.552414e-07,-0.0065985524
4.553414e-07,-0.0066042969
4.554414e-07,-0.0066186581
4.555414e-07,-0.0066401999
4.556414e-07,-0.0066631778
4.557414e-07,-0.0066804113
4.558414e-07,-0.0066875919
4.559414e-07,-0.0066840016
4.560414e-07,-0.0066753849
4.561414e-07,-0.0066703585
4.562414e-07,-0.0066761029
4.563414e-07,-0.0066940545
4.564414e-07,-0.0067177505
4.565414e-07,-0.0067378562
4.566414e-07,-0.0067450368
4.567414e-07,-0.0067349839
4.568414e-07,-0.006712006
4.569414e-07,-0.0066854377
4.570414e-07,-0.006664614
4.571414e-07,-0.0066567153
4.572414e-07,-0.0066595875
4.573414e-07,-0.0066689223
4.574414e-07,-0.0066761029
4.575414e-07,-0.0066761029
4.576414e-07,-0.0066689223
4.577414e-07,-0.0066595875
4.578414e-07,-0.006653125
4.579414e-07,-0.0066516889
4.580414e-07,-0.0066545611
4.581414e-07,-0.0066567153
4.582414e-07,-0.006653125
4.583414e-07,-0.006641636
4.584414e-07,-0.0066258387
4.585414e-07,-0.0066086052
4.586414e-07,-0.0065956801
4.587414e-07,-0.0065870634
4.588414e-07,-0.0065791648
4.589414e-07,-0.0065676758
4.590414e-07,-0.0065497243
4.591414e-07,-0.0065281824
4.592414e-07,-0.0065102309
4.593414e-07,-0.0065037684
4.594414e-07,-0.0065152574
4.595414e-07,-0.0065418256
4.596414e-07,-0.0065734203
4.597414e-07,-0.0065985524
4.598414e-07,-0.0066071691
4.599414e-07,-0.0065963982
4.600414e-07,-0.0065734203
4.601414e-07,-0.0065497243
4.602414e-07,-0.0065382353
4.603414e-07,-0.0065432617
4.604414e-07,-0.0065619313
4.605414e-07,-0.0065827551
4.606414e-07,-0.0065956801
4.607414e-07,-0.006593526
4.608414e-07,-0.0065784467
4.609414e-07,-0.0065569049
4.610414e-07,-0.0065382353
4.611414e-07,-0.0065281824
4.612414e-07,-0.0065267463
4.613414e-07,-0.0065281824
4.614414e-07,-0.0065267463
4.615414e-07,-0.0065195657
4.616414e-07,-0.0065087948
4.617414e-07,-0.0065016142
4.618414e-07,-0.0065037684
4.619414e-07,-0.0065174115
4.620414e-07,-0.0065389534
4.621414e-07,-0.0065604952
4.622414e-07,-0.0065727022
4.623414e-07,-0.0065741383
4.624414e-07,-0.0065669577
4.625414e-07,-0.0065604952
4.626414e-07,-0.0065612132
4.627414e-07,-0.0065727022
4.628414e-07,-0.0065913718
4.629414e-07,-0.0066093233
4.630414e-07,-0.0066186581
4.631414e-07,-0.0066165039
4.632414e-07,-0.0066050149
4.633414e-07,-0.0065913718
4.634414e-07,-0.0065841912
4.635414e-07,-0.0065856273
4.636414e-07,-0.006594244
4.637414e-07,-0.0066035788
4.638414e-07,-0.0066071691
4.639414e-07,-0.0066042969
4.640414e-07,-0.0065971163
4.641414e-07,-0.0065928079
4.642414e-07,-0.0065956801
4.643414e-07,-0.0066064511
4.644414e-07,-0.0066208123
4.645414e-07,-0.0066301471
4.646414e-07,-0.0066301471
4.647414e-07,-0.0066208123
4.648414e-07,-0.0066086052
4.649414e-07,-0.0066021427
4.650414e-07,-0.0066071691
4.651414e-07,-0.0066229665
4.652414e-07,-0.006640918
4.653414e-07,-0.0066495347
4.654414e-07,-0.006641636
4.655414e-07,-0.00661794
4.656414e-07,-0.0065877815
4.657414e-07,-0.0065655216
4.658414e-07,-0.0065612132
4.659414e-07,-0.0065777286
4.660414e-07,-0.006605733
4.661414e-07,-0.0066315832
4.662414e-07,-0.006641636
4.663414e-07,-0.0066301471
4.664414e-07,-0.0066021427
4.665414e-07,-0.0065712661
4.666414e-07,-0.0065497243
4.667414e-07,-0.0065454159
4.668414e-07,-0.0065547507
4.669414e-07,-0.0065676758
4.670414e-07,-0.0065727022
4.671414e-07,-0.0065640855
4.672414e-07,-0.0065446978
4.673414e-07,-0.0065245921
4.674414e-07,-0.0065152574
4.675414e-07,-0.006523156
4.676414e-07,-0.0065454159
4.677414e-07,-0.0065734203
4.678414e-07,-0.0065956801
4.679414e-07,-0.0066035788
4.680414e-07,-0.0065985524
4.681414e-07,-0.0065849092
4.682414e-07,-0.0065727022
4.683414e-07,-0.0065662397
4.684414e-07,-0.0065655216
4.685414e-07,-0.0065655216
4.686414e-07,-0.0065612132
4.687414e-07,-0.0065511604
4.688414e-07,-0.0065411075
4.689414e-07,-0.0065382353
4.690414e-07,-0.0065497243
4.691414e-07,-0.0065770106
4.692414e-07,-0.0066121955
4.693414e-07,-0.0066452263
4.694414e-07,-0.006664614
4.695414e-07,-0.0066667682
4.696414e-07,-0.0066545611
4.697414e-07,-0.0066394818
4.698414e-07,-0.0066301471
4.699414e-07,-0.0066323012
4.700414e-07,-0.0066437902
4.701414e-07,-0.0066567153
4.702414e-07,-0.006664614
4.703414e-07,-0.006664614
4.704414e-07,-0.0066617417
4.705414e-07,-0.0066638959
4.706414e-07,-0.0066761029
4.707414e-07,-0.0066997989
4.708414e-07,-0.0067263672
4.709414e-07,-0.0067443187
4.710414e-07,-0.0067450368
4.711414e-07,-0.0067263672
4.712414e-07,-0.0066962086
4.713414e-07,-0.0066682043
4.714414e-07,-0.006653125
4.715414e-07,-0.0066574334
4.716414e-07,-0.0066753849
4.717414e-07,-0.0066969267
4.718414e-07,-0.0067105699
4.719414e-07,-0.006712006
4.720414e-07,-0.0067041073
4.721414e-07,-0.0066962086
4.722414e-07,-0.0066990809
4.723414e-07,-0.0067155963
4.724414e-07,-0.0067407284
4.725414e-07,-0.0067651425
4.726414e-07,-0.0067795037
4.727414e-07,-0.0067795037
4.728414e-07,-0.0067694508
4.729414e-07,-0.0067586799
4.730414e-07,-0.0067565257
4.731414e-07,-0.0067651425
4.732414e-07,-0.0067802217
4.733414e-07,-0.0067917107
4.734414e-07,-0.0067909926
4.735414e-07,-0.0067773495
4.736414e-07,-0.0067579619
4.737414e-07,-0.0067436006
4.738414e-07,-0.0067450368
4.739414e-07,-0.0067629883
4.740414e-07,-0.0067909926
4.741414e-07,-0.0068154067
4.742414e-07,-0.0068254596
4.743414e-07,-0.0068168428
4.744414e-07,-0.0067967371
4.745414e-07,-0.0067766314
4.746414e-07,-0.0067680147
4.747414e-07,-0.0067759134
4.748414e-07,-0.006795301
4.749414e-07,-0.0068154067
4.750414e-07,-0.0068254596
4.751414e-07,-0.0068218693
4.752414e-07,-0.0068096622
4.753414e-07,-0.0068003274
4.754414e-07,-0.0068024816
4.755414e-07,-0.006818279
4.756414e-07,-0.0068412569
4.757414e-07,-0.0068584903
4.758414e-07,-0.0068599265
4.759414e-07,-0.0068434111
4.760414e-07,-0.0068175609
4.761414e-07,-0.0067960191
4.762414e-07,-0.0067909926
4.763414e-07,-0.0068046358
4.764414e-07,-0.0068290499
4.765414e-07,-0.0068477194
4.766414e-07,-0.0068484375
4.767414e-07,-0.0068261776
4.768414e-07,-0.0067909926
4.769414e-07,-0.0067579619
4.770414e-07,-0.0067450368
4.771414e-07,-0.006759398
4.772414e-07,-0.0067938649
4.773414e-07,-0.0068340763
4.774414e-07,-0.0068599265
4.775414e-07,-0.0068613626
4.776414e-07,-0.0068391027
4.777414e-07,-0.00680679
4.778414e-07,-0.0067795037
4.779414e-07,-0.0067694508
4.780414e-07,-0.0067780676
4.781414e-07,-0.0067974552
4.782414e-07,-0.0068139706
4.783414e-07,-0.0068204331
4.784414e-07,-0.0068168428
4.785414e-07,-0.0068110983
4.786414e-07,-0.0068139706
4.787414e-07,-0.0068326402
4.788414e-07,-0.0068649529
4.789414e-07,-0.0069008559
4.790414e-07,-0.0069288603
4.791414e-07,-0.0069403493
4.792414e-07,-0.006936759
4.793414e-07,-0.00692527
4.794414e-07,-0.0069173713
4.795414e-07,-0.0069209616
4.796414e-07,-0.0069353228
4.797414e-07,-0.0069525563
4.798414e-07,-0.0069633272
4.799414e-07,-0.006960455
4.800414e-07,-0.0069460937
4.801414e-07,-0.0069274242
4.802414e-07,-0.0069173713
4.803414e-07,-0.0069216797
4.804414e-07,-0.0069410673
4.805414e-07,-0.0069661994
4.806414e-07,-0.0069863051
4.807414e-07,-0.0069934858
4.808414e-07,-0.006984869
4.809414e-07,-0.0069683536
4.810414e-07,-0.0069518382
4.811414e-07,-0.0069432215
4.812414e-07,-0.0069439396
4.813414e-07,-0.006948966
4.814414e-07,-0.0069518382
4.815414e-07,-0.0069460937
4.816414e-07,-0.0069331687
4.817414e-07,-0.0069166533
4.818414e-07,-0.0069058824
4.819414e-07,-0.0069058824
4.820414e-07,-0.0069152171
4.821414e-07,-0.0069302964
4.822414e-07,-0.0069403493
4.823414e-07,-0.0069403493
4.824414e-07,-0.0069295784
4.825414e-07,-0.0069116268
4.826414e-07,-0.0068943934
4.827414e-07,-0.0068843405
4.828414e-07,-0.0068836225
4.829414e-07,-0.0068886489
4.830414e-07,-0.0068943934
4.831414e-07,-0.0068951114
4.832414e-07,-0.006890085
4.833414e-07,-0.0068807502
4.834414e-07,-0.0068714154
4.835414e-07,-0.006865671
4.836414e-07,-0.0068627987
4.837414e-07,-0.0068620807
4.838414e-07,-0.0068599265
4.839414e-07,-0.0068556181
4.840414e-07,-0.0068498736
4.841414e-07,-0.0068470014
4.842414e-07,-0.0068484375
4.843414e-07,-0.0068549
4.844414e-07,-0.0068627987
4.845414e-07,-0.006865671
4.846414e-07,-0.0068599265
4.847414e-07,-0.0068448472
4.848414e-07,-0.0068247415
4.849414e-07,-0.0068089442
4.850414e-07,-0.0068024816
4.851414e-07,-0.0068096622
4.852414e-07,-0.0068268957
4.853414e-07,-0.0068462833
4.854414e-07,-0.0068599265
4.855414e-07,-0.0068627987
4.856414e-07,-0.006854182
4.857414e-07,-0.0068398208
4.858414e-07,-0.0068254596
4.859414e-07,-0.0068161248
4.860414e-07,-0.0068132525
4.861414e-07,-0.0068132525
4.862414e-07,-0.0068139706
4.863414e-07,-0.0068125345
4.864414e-07,-0.0068096622
4.865414e-07,-0.0068096622
4.866414e-07,-0.0068139706
4.867414e-07,-0.0068233054
4.868414e-07,-0.0068340763
4.869414e-07,-0.0068405388
4.870414e-07,-0.0068369485
4.871414e-07,-0.0068225873
4.872414e-07,-0.0067996094
4.873414e-07,-0.0067751953
4.874414e-07,-0.0067565257
4.875414e-07,-0.0067464729
4.876414e-07,-0.0067443187
4.877414e-07,-0.0067450368
4.878414e-07,-0.0067450368
4.879414e-07,-0.0067400103
4.880414e-07,-0.0067321117
4.881414e-07,-0.0067249311
4.882414e-07,-0.0067220588
4.883414e-07,-0.0067263672
4.884414e-07,-0.0067371381
4.885414e-07,-0.0067486271
4.886414e-07,-0.0067565257
4.887414e-07,-0.0067579619
4.888414e-07,-0.0067536535
4.889414e-07,-0.0067443187
4.890414e-07,-0.0067335478
4.891414e-07,-0.0067227769
4.892414e-07,-0.0067112879
4.893414e-07,-0.0066990809
4.894414e-07,-0.0066875919
4.895414e-07,-0.0066789752
4.896414e-07,-0.006676821
4.897414e-07,-0.0066840016
4.898414e-07,-0.0066990809
4.899414e-07,-0.0067155963
4.900414e-07,-0.0067263672
4.901414e-07,-0.0067249311
4.902414e-07,-0.0067105699
4.903414e-07,-0.006689028
4.904414e-07,-0.0066710765
4.905414e-07,-0.006665332
4.906414e-07,-0.0066761029
4.907414e-07,-0.0066990809
4.908414e-07,-0.0067227769
4.909414e-07,-0.00673642
4.910414e-07,-0.0067335478
4.911414e-07,-0.0067163143
4.912414e-07,-0.0066954906
4.913414e-07,-0.0066832835
4.914414e-07,-0.0066875919
4.915414e-07,-0.0067076976
4.916414e-07,-0.0067335478
4.917414e-07,-0.0067529354
4.918414e-07,-0.0067565257
4.919414e-07,-0.0067436006
4.920414e-07,-0.0067227769
4.921414e-07,-0.0067084157
4.922414e-07,-0.0067105699
4.923414e-07,-0.0067299575
4.924414e-07,-0.0067586799
4.925414e-07,-0.006783094
4.926414e-07,-0.0067909926
4.927414e-07,-0.0067802217
4.928414e-07,-0.0067586799
4.929414e-07,-0.0067385742
4.930414e-07,-0.0067335478
4.931414e-07,-0.0067464729
4.932414e-07,-0.0067708869
4.933414e-07,-0.0067931468
4.934414e-07,-0.0068024816
4.935414e-07,-0.0067931468
4.936414e-07,-0.0067723231
4.937414e-07,-0.0067514993
4.938414e-07,-0.0067450368
4.939414e-07,-0.0067572438
4.940414e-07,-0.0067823759
4.941414e-07,-0.0068060719
4.942414e-07,-0.0068139706
4.943414e-07,-0.0067988913
4.944414e-07,-0.0067637063
4.945414e-07,-0.0067213408
4.946414e-07,-0.0066875919
4.947414e-07,-0.0066717946
4.948414e-07,-0.0066746668
4.949414e-07,-0.0066875919
4.950414e-07,-0.0066990809
4.951414e-07,-0.0067012351
4.952414e-07,-0.0066933364
4.953414e-07,-0.0066818474
4.954414e-07,-0.0066761029
4.955414e-07,-0.0066804113
4.956414e-07,-0.0066933364
4.957414e-07,-0.0067062615
4.958414e-07,-0.0067105699
4.959414e-07,-0.006700517
4.960414e-07,-0.0066796932
4.961414e-07,-0.0066559972
4.962414e-07,-0.006641636
4.963414e-07,-0.0066423541
4.964414e-07,-0.0066559972
4.965414e-07,-0.0066746668
4.966414e-07,-0.0066875919
4.967414e-07,-0.0066868739
4.968414e-07,-0.0066725126
4.969414e-07,-0.0066509708
4.970414e-07,-0.0066301471
4.971414e-07,-0.006617222
4.972414e-07,-0.0066136317
4.973414e-07,-0.0066157858
4.974414e-07,-0.0066186581
4.975414e-07,-0.0066193761
4.976414e-07,-0.0066200942
4.977414e-07,-0.0066265568
4.978414e-07,-0.006641636
4.979414e-07,-0.0066667682
4.980414e-07,-0.0066954906
4.981414e-07,-0.0067206227
4.982414e-07,-0.0067335478
4.983414e-07,-0.0067328297
4.984414e-07,-0.0067234949
4.985414e-07,-0.006712724
4.986414e-07,-0.0067105699
4.987414e-07,-0.0067184685
4.988414e-07,-0.0067335478
4.989414e-07,-0.0067486271
4.990414e-07,-0.0067565257
4.991414e-07,-0.0067572438
4.992414e-07,-0.0067558077
4.993414e-07,-0.0067615522
4.994414e-07,-0.0067795037
4.995414e-07,-0.0068103803
4.996414e-07,-0.0068455653
4.997414e-07,-0.0068728516
4.998414e-07,-0.0068829044
4.999414e-07,-0.0068721335
5.000414e-07,-0.0068477194
5.001414e-07,-0.0068204331
5.002414e-07,-0.0068024816
5.003414e-07,-0.0067981733
5.004414e-07,-0.0068046358
5.005414e-07,-0.0068125345
5.006414e-07,-0.0068139706
5.007414e-07,-0.0068060719
5.008414e-07,-0.0067931468
5.009414e-07,-0.0067859662
5.010414e-07,-0.0067909926
5.011414e-07,-0.0068103803
5.012414e-07,-0.0068369485
5.013414e-07,-0.0068570542
5.014414e-07,-0.0068599265
5.015414e-07,-0.006841975
5.016414e-07,-0.0068096622
5.017414e-07,-0.0067766314
5.018414e-07,-0.0067565257
5.019414e-07,-0.0067572438
5.020414e-07,-0.0067751953
5.021414e-07,-0.0067981733
5.022414e-07,-0.0068139706
5.023414e-07,-0.0068132525
5.024414e-07,-0.0067967371
5.025414e-07,-0.0067737592
5.026414e-07,-0.0067565257
5.027414e-07,-0.0067522174
5.028414e-07,-0.0067622702
5.029414e-07,-0.0067780676
5.030414e-07,-0.0067909926
5.031414e-07,-0.0067931468
5.032414e-07,-0.0067859662
5.033414e-07,-0.0067744773
5.034414e-07,-0.0067680147
5.035414e-07,-0.0067723231
5.036414e-07,-0.0067859662
5.037414e-07,-0.0068031997
5.038414e-07,-0.0068139706
5.039414e-07,-0.0068139706
5.040414e-07,-0.0068031997
5.041414e-07,-0.0067888385
5.042414e-07,-0.0067795037
5.043414e-07,-0.0067816579
5.044414e-07,-0.0067960191
5.045414e-07,-0.0068168428
5.046414e-07,-0.0068369485
5.047414e-07,-0.0068520278
5.048414e-07,-0.0068599265
5.049414e-07,-0.0068649529
5.050414e-07,-0.0068714154
5.051414e-07,-0.0068814683
5.052414e-07,-0.0068929573
5.053414e-07,-0.006902292
5.054414e-07,-0.0069058824
5.055414e-07,-0.0069037282
5.056414e-07,-0.0069008559
5.057414e-07,-0.0069037282
5.058414e-07,-0.0069173713
5.059414e-07,-0.0069417854
5.060414e-07,-0.0069690717
5.061414e-07,-0.0069906135
5.062414e-07,-0.0069977941
5.063414e-07,-0.0069877413
5.064414e-07,-0.0069661994
5.065414e-07,-0.0069432215
5.066414e-07,-0.0069288603
5.067414e-07,-0.0069274242
5.068414e-07,-0.0069360409
5.069414e-07,-0.0069475299
5.070414e-07,-0.0069518382
5.071414e-07,-0.0069453757
5.072414e-07,-0.0069310145
5.073414e-07,-0.0069152171
5.074414e-07,-0.0069058824
5.075414e-07,-0.0069073185
5.076414e-07,-0.0069166533
5.077414e-07,-0.0069267061
5.078414e-07,-0.0069288603
5.079414e-07,-0.0069188074
5.080414e-07,-0.0068979837
5.081414e-07,-0.0068721335
5.082414e-07,-0.0068484375
5.083414e-07,-0.0068319221
5.084414e-07,-0.0068225873
5.085414e-07,-0.0068175609
5.086414e-07,-0.0068139706
5.087414e-07,-0.0068125345
5.088414e-07,-0.0068161248
5.089414e-07,-0.0068276137
5.090414e-07,-0.0068484375
5.091414e-07,-0.0068742877
5.092414e-07,-0.0068958295
5.093414e-07,-0.0069037282
5.094414e-07,-0.0068943934
5.095414e-07,-0.0068706974
5.096414e-07,-0.0068441291
5.097414e-07,-0.0068261776
5.098414e-07,-0.0068254596
5.099414e-07,-0.0068405388
5.100414e-07,-0.0068620807
5.101414e-07,-0.0068757238
5.102414e-07,-0.0068714154
5.103414e-07,-0.0068477194
5.104414e-07,-0.0068146886
5.105414e-07,-0.0067874023
5.106414e-07,-0.0067795037
5.107414e-07,-0.0067960191
5.108414e-07,-0.006830486
5.109414e-07,-0.0068685432
5.110414e-07,-0.0068943934
5.111414e-07,-0.0069001379
5.112414e-07,-0.006889367
5.113414e-07,-0.0068714154
5.114414e-07,-0.0068599265
5.115414e-07,-0.0068627987
5.116414e-07,-0.006878596
5.117414e-07,-0.0069008559
5.118414e-07,-0.0069173713
5.119414e-07,-0.0069238339
5.120414e-07,-0.0069202436
5.121414e-07,-0.0069152171
5.122414e-07,-0.0069173713
5.123414e-07,-0.0069302964
5.124414e-07,-0.0069518382
5.125414e-07,-0.0069733801
5.126414e-07,-0.0069863051
5.127414e-07,-0.0069863051
5.128414e-07,-0.0069762523
5.129414e-07,-0.0069654814
5.130414e-07,-0.0069633272
5.131414e-07,-0.0069740981
5.132414e-07,-0.0069942038
5.133414e-07,-0.0070164637
5.134414e-07,-0.007032261
5.135414e-07,-0.0070372875
5.136414e-07,-0.0070351333
5.137414e-07,-0.0070344152
5.138414e-07,-0.00704375
5.139414e-07,-0.0070652918
5.140414e-07,-0.0070947323
5.141414e-07,-0.0071220186
5.142414e-07,-0.0071356618
5.143414e-07,-0.0071320715
5.144414e-07,-0.0071141199
5.145414e-07,-0.0070925781
5.146414e-07,-0.0070782169
5.147414e-07,-0.0070767808
5.148414e-07,-0.0070853975
5.149414e-07,-0.0070976045
5.150414e-07,-0.0071011949
5.151414e-07,-0.0070918601
5.152414e-07,-0.0070717544
5.153414e-07,-0.0070487764
5.154414e-07,-0.007032261
5.155414e-07,-0.0070286707
5.156414e-07,-0.0070365694
5.157414e-07,-0.0070487764
5.158414e-07,-0.007055239
5.159414e-07,-0.0070502125
5.160414e-07,-0.0070344152
5.161414e-07,-0.0070143095
5.162414e-07,-0.0069977941
5.163414e-07,-0.0069913316
5.164414e-07,-0.0069942038
5.165414e-07,-0.0070021025
5.166414e-07,-0.0070092831
5.167414e-07,-0.0070114373
5.168414e-07,-0.007008565
5.169414e-07,-0.0070064108
5.170414e-07,-0.0070092831
5.171414e-07,-0.0070178998
5.172414e-07,-0.0070279527
5.173414e-07,-0.0070344152
5.174414e-07,-0.007032261
5.175414e-07,-0.0070207721
5.176414e-07,-0.0070056928
5.177414e-07,-0.0069956399
5.178414e-07,-0.0069977941
5.179414e-07,-0.0070135915
5.180414e-07,-0.0070365694
5.181414e-07,-0.0070573932
5.182414e-07,-0.0070667279
5.183414e-07,-0.0070624196
5.184414e-07,-0.0070480584
5.185414e-07,-0.0070351333
5.186414e-07,-0.007032261
5.187414e-07,-0.0070430319
5.188414e-07,-0.0070645738
5.189414e-07,-0.0070868336
5.190414e-07,-0.0071011949
5.191414e-07,-0.007102631
5.192414e-07,-0.0070940142
5.193414e-07,-0.0070825253
5.194414e-07,-0.0070782169
5.195414e-07,-0.0070832433
5.196414e-07,-0.0070947323
5.197414e-07,-0.007103349
5.198414e-07,-0.0071011949
5.199414e-07,-0.0070839614
5.200414e-07,-0.007055957
5.201414e-07,-0.0070279527
5.202414e-07,-0.0070092831
5.203414e-07,-0.0070071289
5.204414e-07,-0.0070178998
5.205414e-07,-0.0070336972
5.206414e-07,-0.00704375
5.207414e-07,-0.0070401597
5.208414e-07,-0.0070229262
5.209414e-07,-0.0069977941
5.210414e-07,-0.0069748162
5.211414e-07,-0.006960455
5.212414e-07,-0.0069568647
5.213414e-07,-0.0069597369
5.214414e-07,-0.0069633272
5.215414e-07,-0.0069626091
5.216414e-07,-0.0069568647
5.217414e-07,-0.0069482479
5.218414e-07,-0.0069403493
5.219414e-07,-0.0069353228
5.220414e-07,-0.0069310145
5.221414e-07,-0.0069259881
5.222414e-07,-0.0069173713
5.223414e-07,-0.0069058824
5.224414e-07,-0.0068951114
5.225414e-07,-0.006890085
5.226414e-07,-0.0068943934
5.227414e-07,-0.0069051643
5.228414e-07,-0.0069152171
5.229414e-07,-0.0069173713
5.230414e-07,-0.0069058824
5.231414e-07,-0.0068836225
5.232414e-07,-0.0068584903
5.233414e-07,-0.0068405388
5.234414e-07,-0.0068369485
5.235414e-07,-0.0068470014
5.236414e-07,-0.0068620807
5.237414e-07,-0.0068699793
5.238414e-07,-0.0068599265
5.239414e-07,-0.006830486
5.240414e-07,-0.0067888385
5.241414e-07,-0.0067486271
5.242414e-07,-0.0067220588
5.243414e-07,-0.0067148782
5.244414e-07,-0.006724213
5.245414e-07,-0.0067378562
5.246414e-07,-0.0067450368
5.247414e-07,-0.0067378562
5.248414e-07,-0.0067184685
5.249414e-07,-0.0066940545
5.250414e-07,-0.0066761029
5.251414e-07,-0.0066703585
5.252414e-07,-0.006676821
5.253414e-07,-0.006689028
5.254414e-07,-0.0066990809
5.255414e-07,-0.0067019531
5.256414e-07,-0.0066990809
5.257414e-07,-0.0066954906
5.258414e-07,-0.0066990809
5.259414e-07,-0.006712006
5.260414e-07,-0.0067321117
5.261414e-07,-0.0067529354
5.262414e-07,-0.0067680147
5.263414e-07,-0.0067744773
5.264414e-07,-0.0067759134
5.265414e-07,-0.0067795037
5.266414e-07,-0.0067909926
5.267414e-07,-0.0068125345
5.268414e-07,-0.0068391027
5.269414e-07,-0.0068620807
5.270414e-07,-0.0068714154
5.271414e-07,-0.0068649529
5.272414e-07,-0.0068470014
5.273414e-07,-0.0068261776
5.274414e-07,-0.0068139706
5.275414e-07,-0.0068146886
5.276414e-07,-0.0068254596
5.277414e-07,-0.0068398208
5.278414e-07,-0.0068484375
5.279414e-07,-0.0068462833
5.280414e-07,-0.0068347943
5.281414e-07,-0.0068211512
5.282414e-07,-0.0068139706
5.283414e-07,-0.0068161248
5.284414e-07,-0.0068261776
5.285414e-07,-0.0068355124
5.286414e-07,-0.0068369485
5.287414e-07,-0.0068261776
5.288414e-07,-0.0068053539
5.289414e-07,-0.0067823759
5.290414e-07,-0.0067680147
5.291414e-07,-0.0067672966
5.292414e-07,-0.0067787856
5.293414e-07,-0.0067974552
5.294414e-07,-0.0068139706
5.295414e-07,-0.0068240234
5.296414e-07,-0.0068276137
5.297414e-07,-0.0068297679
5.298414e-07,-0.0068369485
5.299414e-07,-0.0068534639
5.300414e-07,-0.0068764419
5.301414e-07,-0.0069001379
5.302414e-07,-0.0069173713
5.303414e-07,-0.0069231158
5.304414e-07,-0.0069180894
5.305414e-07,-0.0069101907
5.306414e-07,-0.0069058824
5.307414e-07,-0.0069109088
5.308414e-07,-0.0069245519
5.309414e-07,-0.0069403493
5.310414e-07,-0.0069518382
5.311414e-07,-0.0069525563
5.312414e-07,-0.0069439396
5.313414e-07,-0.0069295784
5.314414e-07,-0.0069173713
5.315414e-07,-0.006913063
5.316414e-07,-0.0069180894
5.317414e-07,-0.0069288603
5.318414e-07,-0.0069403493
5.319414e-07,-0.0069482479
5.320414e-07,-0.0069518382
5.321414e-07,-0.0069554285
5.322414e-07,-0.0069633272
5.323414e-07,-0.0069776884
5.324414e-07,-0.0069977941
5.325414e-07,-0.0070178998
5.326414e-07,-0.007032261
5.327414e-07,-0.0070380055
5.328414e-07,-0.0070358513
5.329414e-07,-0.007031543
5.330414e-07,-0.007032261
5.331414e-07,-0.0070430319
5.332414e-07,-0.0070638557
5.333414e-07,-0.0070897059
5.334414e-07,-0.0071126838
5.335414e-07,-0.007126327
5.336414e-07,-0.0071277631
5.337414e-07,-0.0071213006
5.338414e-07,-0.0071126838
5.339414e-07,-0.0071083755
5.340414e-07,-0.0071119658
5.341414e-07,-0.0071220186
5.342414e-07,-0.0071356618
5.343414e-07,-0.0071471507
5.344414e-07,-0.0071528952
5.345414e-07,-0.0071521772
5.346414e-07,-0.0071471507
5.347414e-07,-0.0071406882
5.348414e-07,-0.0071349437
5.349414e-07,-0.0071291992
5.350414e-07,-0.0071241728
5.351414e-07,-0.0071169922
5.352414e-07,-0.0071083755
5.353414e-07,-0.0070983226
5.354414e-07,-0.0070897059
5.355414e-07,-0.0070839614
5.356414e-07,-0.0070825253
5.357414e-07,-0.0070846795
5.358414e-07,-0.0070897059
5.359414e-07,-0.0070968865
5.360414e-07,-0.0071055032
5.361414e-07,-0.0071141199
5.362414e-07,-0.0071241728
5.363414e-07,-0.0071342256
5.364414e-07,-0.0071428424
5.365414e-07,-0.0071514591
5.366414e-07,-0.0071586397
5.367414e-07,-0.0071665384
5.368414e-07,-0.0071765912
5.369414e-07,-0.0071902344
5.370414e-07,-0.0072045956
5.371414e-07,-0.0072175207
5.372414e-07,-0.0072254193
5.373414e-07,-0.0072247013
5.374414e-07,-0.0072160846
5.375414e-07,-0.0072031595
5.376414e-07,-0.0071909524
5.377414e-07,-0.0071866441
5.378414e-07,-0.0071931066
5.379414e-07,-0.007208904
5.380414e-07,-0.0072290097
5.381414e-07,-0.0072483973
5.382414e-07,-0.0072620404
5.383414e-07,-0.0072699391
5.384414e-07,-0.0072735294
5.385414e-07,-0.0072778378
5.386414e-07,-0.0072850184
5.387414e-07,-0.0072936351
5.388414e-07,-0.0073008157
5.389414e-07,-0.0073029699
5.390414e-07,-0.0072965074
5.391414e-07,-0.0072850184
5.392414e-07,-0.0072728114
5.393414e-07,-0.0072677849
5.394414e-07,-0.0072735294
5.395414e-07,-0.0072893267
5.396414e-07,-0.0073087144
5.397414e-07,-0.0073245117
5.398414e-07,-0.0073309743
5.399414e-07,-0.0073266659
5.400414e-07,-0.0073173311
5.401414e-07,-0.0073087144
5.402414e-07,-0.0073079963
5.403414e-07,-0.0073166131
5.404414e-07,-0.0073309743
5.405414e-07,-0.0073417452
5.406414e-07,-0.0073424632
5.407414e-07,-0.0073295381
5.408414e-07,-0.0073058421
5.409414e-07,-0.007279992
5.410414e-07,-0.0072620404
5.411414e-07,-0.007257014
5.412414e-07,-0.0072656307
5.413414e-07,-0.0072814281
5.414414e-07,-0.0072965074
5.415414e-07,-0.007303688
5.416414e-07,-0.0073000977
5.417414e-07,-0.0072878906
5.418414e-07,-0.0072735294
5.419414e-07,-0.0072606043
5.420414e-07,-0.0072519876
5.421414e-07,-0.007245525
5.422414e-07,-0.0072390625
5.423414e-07,-0.0072290097
5.424414e-07,-0.0072160846
5.425414e-07,-0.0072031595
5.426414e-07,-0.0071931066
5.427414e-07,-0.0071895163
5.428414e-07,-0.0071923886
5.429414e-07,-0.0071988511
5.430414e-07,-0.0072045956
5.431414e-07,-0.0072045956
5.432414e-07,-0.007198133
5.433414e-07,-0.007185926
5.434414e-07,-0.0071701287
5.435414e-07,-0.0071536133
5.436414e-07,-0.0071378159
5.437414e-07,-0.0071241728
5.438414e-07,-0.0071126838
5.439414e-07,-0.007103349
5.440414e-07,-0.0070983226
5.441414e-07,-0.0070976045
5.442414e-07,-0.0071011949
5.443414e-07,-0.0071055032
5.444414e-07,-0.0071076574
5.445414e-07,-0.007102631
5.446414e-07,-0.0070897059
5.447414e-07,-0.0070710363
5.448414e-07,-0.0070516487
5.449414e-07,-0.0070372875
5.450414e-07,-0.007032261
5.451414e-07,-0.0070351333
5.452414e-07,-0.0070423139
5.453414e-07,-0.0070466222
5.454414e-07,-0.00704375
5.455414e-07,-0.0070336972
5.456414e-07,-0.007020054
5.457414e-07,-0.0070100011
5.458414e-07,-0.0070092831
5.459414e-07,-0.0070193359
5.460414e-07,-0.0070365694
5.461414e-07,-0.0070545209
5.462414e-07,-0.0070667279
5.463414e-07,-0.0070696002
5.464414e-07,-0.0070631376
5.465414e-07,-0.0070530848
5.466414e-07,-0.00704375
5.467414e-07,-0.0070387236
5.468414e-07,-0.0070387236
5.469414e-07,-0.0070408778
5.470414e-07,-0.00704375
5.471414e-07,-0.0070459042
5.472414e-07,-0.0070494945
5.473414e-07,-0.007055957
5.474414e-07,-0.0070667279
5.475414e-07,-0.007079653
5.476414e-07,-0.0070904239
5.477414e-07,-0.0070947323
5.478414e-07,-0.0070897059
5.479414e-07,-0.0070774989
5.480414e-07,-0.0070638557
5.481414e-07,-0.007055239
5.482414e-07,-0.007055239
5.483414e-07,-0.0070638557
5.484414e-07,-0.0070767808
5.485414e-07,-0.0070868336
5.486414e-07,-0.0070897059
5.487414e-07,-0.0070868336
5.488414e-07,-0.0070818072
5.489414e-07,-0.0070818072
5.490414e-07,-0.0070897059
5.491414e-07,-0.007103349
5.492414e-07,-0.0071162741
5.493414e-07,-0.0071205825
5.494414e-07,-0.0071126838
5.495414e-07,-0.0070940142
5.496414e-07,-0.0070724724
5.497414e-07,-0.0070573932
5.498414e-07,-0.007055239
5.499414e-07,-0.0070652918
5.500414e-07,-0.0070810892
5.501414e-07,-0.0070918601
5.502414e-07,-0.0070897059
5.503414e-07,-0.0070746266
5.504414e-07,-0.0070538028
5.505414e-07,-0.0070372875
5.506414e-07,-0.007032261
5.507414e-07,-0.0070401597
5.508414e-07,-0.0070530848
5.509414e-07,-0.0070609835
5.510414e-07,-0.007055239
5.511414e-07,-0.0070336972
5.512414e-07,-0.0070035386
5.513414e-07,-0.0069769704
5.514414e-07,-0.0069633272
5.515414e-07,-0.0069661994
5.516414e-07,-0.0069805607
5.517414e-07,-0.0069942038
5.518414e-07,-0.0069977941
5.519414e-07,-0.0069870232
5.520414e-07,-0.0069661994
5.521414e-07,-0.0069475299
5.522414e-07,-0.0069403493
5.523414e-07,-0.0069504021
5.524414e-07,-0.006972662
5.525414e-07,-0.006996358
5.526414e-07,-0.0070092831
5.527414e-07,-0.0070056928
5.528414e-07,-0.0069877413
5.529414e-07,-0.0069661994
5.530414e-07,-0.0069518382
5.531414e-07,-0.0069525563
5.532414e-07,-0.0069676356
5.533414e-07,-0.0069898955
5.534414e-07,-0.0070092831
5.535414e-07,-0.0070186179
5.536414e-07,-0.0070171818
5.537414e-07,-0.0070114373
5.538414e-07,-0.0070092831
5.539414e-07,-0.0070157456
5.540414e-07,-0.0070301068
5.541414e-07,-0.0070459042
5.542414e-07,-0.007055239
5.543414e-07,-0.0070523667
5.544414e-07,-0.0070394416
5.545414e-07,-0.0070222082
5.546414e-07,-0.0070092831
5.547414e-07,-0.0070049747
5.548414e-07,-0.0070092831
5.549414e-07,-0.0070164637
5.550414e-07,-0.0070207721
5.551414e-07,-0.0070186179
5.552414e-07,-0.0070114373
5.553414e-07,-0.0070064108
5.554414e-07,-0.0070092831
5.555414e-07,-0.0070243624
5.556414e-07,-0.0070480584
5.557414e-07,-0.0070724724
5.558414e-07,-0.0070897059
5.559414e-07,-0.0070947323
5.560414e-07,-0.0070882698
5.561414e-07,-0.0070760627
5.562414e-07,-0.0070667279
5.563414e-07,-0.0070645738
5.564414e-07,-0.0070688821
5.565414e-07,-0.0070753447
5.566414e-07,-0.0070782169
5.567414e-07,-0.0070731905
5.568414e-07,-0.0070624196
5.569414e-07,-0.0070509306
5.570414e-07,-0.00704375
5.571414e-07,-0.00704375
5.572414e-07,-0.0070494945
5.573414e-07,-0.007055239
5.574414e-07,-0.007055239
5.575414e-07,-0.0070466222
5.576414e-07,-0.007032261
5.577414e-07,-0.0070178998
5.578414e-07,-0.0070092831
5.579414e-07,-0.007008565
5.580414e-07,-0.0070135915
5.581414e-07,-0.0070193359
5.582414e-07,-0.0070207721
5.583414e-07,-0.0070164637
5.584414e-07,-0.0070092831
5.585414e-07,-0.0070049747
5.586414e-07,-0.0070092831
5.587414e-07,-0.0070214901
5.588414e-07,-0.0070380055
5.589414e-07,-0.0070516487
5.590414e-07,-0.007055239
5.591414e-07,-0.0070480584
5.592414e-07,-0.0070351333
5.593414e-07,-0.0070236443
5.594414e-07,-0.0070207721
5.595414e-07,-0.0070293888
5.596414e-07,-0.0070444681
5.597414e-07,-0.0070595473
5.598414e-07,-0.0070667279
5.599414e-07,-0.0070631376
5.600414e-07,-0.0070530848
5.601414e-07,-0.0070444681
5.602414e-07,-0.00704375
5.603414e-07,-0.007055239
5.604414e-07,-0.0070753447
5.605414e-07,-0.0070968865
5.606414e-07,-0.0071126838
5.607414e-07,-0.0071191464
5.608414e-07,-0.0071177102
5.609414e-07,-0.0071134019
5.610414e-07,-0.0071126838
5.611414e-07,-0.0071169922
5.612414e-07,-0.0071234547
5.613414e-07,-0.007127045
5.614414e-07,-0.0071241728
5.615414e-07,-0.0071141199
5.616414e-07,-0.007102631
5.617414e-07,-0.0070961684
5.618414e-07,-0.0071011949
5.619414e-07,-0.0071155561
5.620414e-07,-0.0071327895
5.621414e-07,-0.0071421243
5.622414e-07,-0.0071356618
5.623414e-07,-0.0071119658
5.624414e-07,-0.007078935
5.625414e-07,-0.0070487764
5.626414e-07,-0.007032261
5.627414e-07,-0.0070344152
5.628414e-07,-0.0070523667
5.629414e-07,-0.0070739085
5.630414e-07,-0.0070897059
5.631414e-07,-0.0070918601
5.632414e-07,-0.0070818072
5.633414e-07,-0.0070667279
5.634414e-07,-0.007055239
5.635414e-07,-0.0070530848
5.636414e-07,-0.0070595473
5.637414e-07,-0.0070667279
5.638414e-07,-0.0070667279
5.639414e-07,-0.007055239
5.640414e-07,-0.0070351333
5.641414e-07,-0.0070128734
5.642414e-07,-0.0069977941
5.643414e-07,-0.0069956399
5.644414e-07,-0.0070056928
5.645414e-07,-0.0070207721
5.646414e-07,-0.007032261
5.647414e-07,-0.0070344152
5.648414e-07,-0.0070272346
5.649414e-07,-0.0070164637
5.650414e-07,-0.0070092831
5.651414e-07,-0.0070107192
5.652414e-07,-0.0070193359
5.653414e-07,-0.0070293888
5.654414e-07,-0.007032261
5.655414e-07,-0.0070236443
5.656414e-07,-0.0070049747
5.657414e-07,-0.0069812787
5.658414e-07,-0.0069633272
5.659414e-07,-0.0069561466
5.660414e-07,-0.0069618911
5.661414e-07,-0.0069748162
5.662414e-07,-0.0069863051
5.663414e-07,-0.0069906135
5.664414e-07,-0.006984869
5.665414e-07,-0.0069740981
5.666414e-07,-0.0069633272
5.667414e-07,-0.0069597369
5.668414e-07,-0.0069647633
5.669414e-07,-0.0069762523
5.670414e-07,-0.0069863051
5.671414e-07,-0.0069891774
5.672414e-07,-0.0069827148
5.673414e-07,-0.0069683536
5.674414e-07,-0.0069518382
5.675414e-07,-0.0069396312
5.676414e-07,-0.0069360409
5.677414e-07,-0.0069410673
5.678414e-07,-0.0069518382
5.679414e-07,-0.0069633272
5.680414e-07,-0.006972662
5.681414e-07,-0.0069762523
5.682414e-07,-0.0069748162
5.683414e-07,-0.0069697898
5.684414e-07,-0.0069640453
5.685414e-07,-0.0069575827
5.686414e-07,-0.0069518382
5.687414e-07,-0.006948966
5.688414e-07,-0.0069496841
5.689414e-07,-0.0069547105
5.690414e-07,-0.0069633272
5.691414e-07,-0.0069733801
5.692414e-07,-0.0069805607
5.693414e-07,-0.0069819968
5.694414e-07,-0.0069748162
5.695414e-07,-0.006960455
5.696414e-07,-0.0069432215
5.697414e-07,-0.0069281422
5.698414e-07,-0.0069173713
5.699414e-07,-0.0069123449
5.700414e-07,-0.0069094727
5.701414e-07,-0.0069044462
5.702414e-07,-0.0068943934
5.703414e-07,-0.006878596
5.704414e-07,-0.0068592084
5.705414e-07,-0.0068405388
5.706414e-07,-0.0068254596
5.707414e-07,-0.0068146886
5.708414e-07,-0.0068060719
5.709414e-07,-0.006794583
5.710414e-07,-0.0067795037
5.711414e-07,-0.006760116
5.712414e-07,-0.0067414465
5.713414e-07,-0.0067270852
5.714414e-07,-0.0067220588
5.715414e-07,-0.0067256491
5.716414e-07,-0.0067328297
5.717414e-07,-0.0067378562
5.718414e-07,-0.0067335478
5.719414e-07,-0.0067184685
5.720414e-07,-0.0066962086
5.721414e-07,-0.0066717946
5.722414e-07,-0.006653125
5.723414e-07,-0.0066430722
5.724414e-07,-0.0066423541
5.725414e-07,-0.0066466625
5.726414e-07,-0.006653125
5.727414e-07,-0.0066581514
5.728414e-07,-0.0066617417
5.729414e-07,-0.0066674862
5.730414e-07,-0.0066761029
5.731414e-07,-0.006689028
5.732414e-07,-0.0067033892
5.733414e-07,-0.0067155963
5.734414e-07,-0.0067220588
5.735414e-07,-0.0067220588
5.736414e-07,-0.0067177505
5.737414e-07,-0.006712724
5.738414e-07,-0.0067105699
5.739414e-07,-0.006712724
5.740414e-07,-0.0067163143
5.741414e-07,-0.0067199046
5.742414e-07,-0.0067220588
5.743414e-07,-0.0067234949
5.744414e-07,-0.0067292394
5.745414e-07,-0.0067436006
5.746414e-07,-0.0067680147
5.747414e-07,-0.0068003274
5.748414e-07,-0.0068333582
5.749414e-07,-0.0068592084
5.750414e-07,-0.0068714154
5.751414e-07,-0.0068706974
5.752414e-07,-0.0068627987
5.753414e-07,-0.0068563362
5.754414e-07,-0.0068599265
5.755414e-07,-0.0068757238
5.756414e-07,-0.0069001379
5.757414e-07,-0.0069238339
5.758414e-07,-0.0069403493
5.759414e-07,-0.0069439396
5.760414e-07,-0.006936759
5.761414e-07,-0.00692527
5.762414e-07,-0.0069173713
5.763414e-07,-0.0069173713
5.764414e-07,-0.0069245519
5.765414e-07,-0.0069338867
5.766414e-07,-0.0069403493
5.767414e-07,-0.0069389131
5.768414e-07,-0.0069295784
5.769414e-07,-0.0069166533
5.770414e-07,-0.0069058824
5.771414e-07,-0.0069001379
5.772414e-07,-0.0069008559
5.773414e-07,-0.0069037282
5.774414e-07,-0.0069058824
5.775414e-07,-0.0069044462
5.776414e-07,-0.0069008559
5.777414e-07,-0.0068965476
5.778414e-07,-0.0068943934
5.779414e-07,-0.0068951114
5.780414e-07,-0.0068979837
5.781414e-07,-0.0068979837
5.782414e-07,-0.0068943934
5.783414e-07,-0.0068864947
5.784414e-07,-0.006877878
5.785414e-07,-0.0068721335
5.786414e-07,-0.0068714154
5.787414e-07,-0.0068750057
5.788414e-07,-0.0068793141
5.789414e-07,-0.006878596
5.790414e-07,-0.0068714154
5.791414e-07,-0.0068599265
5.792414e-07,-0.0068498736
5.793414e-07,-0.0068484375
5.794414e-07,-0.0068599265
5.795414e-07,-0.0068814683
5.796414e-07,-0.0069066004
5.797414e-07,-0.0069238339
5.798414e-07,-0.0069288603
5.799414e-07,-0.0069202436
5.800414e-07,-0.0069051643
5.801414e-07,-0.0068936753
5.802414e-07,-0.0068943934
5.803414e-07,-0.0069087546
5.804414e-07,-0.0069317325
5.805414e-07,-0.0069525563
5.806414e-07,-0.0069633272
5.807414e-07,-0.006960455
5.808414e-07,-0.0069475299
5.809414e-07,-0.0069338867
5.810414e-07,-0.0069288603
5.811414e-07,-0.006936759
5.812414e-07,-0.0069539924
5.813414e-07,-0.0069740981
5.814414e-07,-0.0069863051
5.815414e-07,-0.0069870232
5.816414e-07,-0.0069769704
5.817414e-07,-0.0069626091
5.818414e-07,-0.0069518382
5.819414e-07,-0.0069482479
5.820414e-07,-0.006948966
5.821414e-07,-0.006948966
5.822414e-07,-0.0069403493
5.823414e-07,-0.0069202436
5.824414e-07,-0.0068908031
5.825414e-07,-0.0068606445
5.826414e-07,-0.0068369485
5.827414e-07,-0.0068247415
5.828414e-07,-0.0068225873
5.829414e-07,-0.0068254596
5.830414e-07,-0.0068254596
5.831414e-07,-0.0068175609
5.832414e-07,-0.0068024816
5.833414e-07,-0.0067845301
5.834414e-07,-0.0067680147
5.835414e-07,-0.0067572438
5.836414e-07,-0.0067522174
5.837414e-07,-0.0067493451
5.838414e-07,-0.0067450368
5.839414e-07,-0.0067385742
5.840414e-07,-0.0067328297
5.841414e-07,-0.0067299575
5.842414e-07,-0.0067335478
5.843414e-07,-0.0067407284
5.844414e-07,-0.0067471909
5.845414e-07,-0.0067457548
5.846414e-07,-0.0067335478
5.847414e-07,-0.006712724
5.848414e-07,-0.0066904642
5.849414e-07,-0.0066761029
5.850414e-07,-0.0066761029
5.851414e-07,-0.006689028
5.852414e-07,-0.0067076976
5.853414e-07,-0.0067213408
5.854414e-07,-0.0067220588
5.855414e-07,-0.0067091337
5.856414e-07,-0.00668831
5.857414e-07,-0.0066703585
5.858414e-07,-0.006664614
5.859414e-07,-0.0066739488
5.860414e-07,-0.0066926183
5.861414e-07,-0.006712006
5.862414e-07,-0.0067220588
5.863414e-07,-0.0067206227
5.864414e-07,-0.0067105699
5.865414e-07,-0.0067012351
5.866414e-07,-0.0066990809
5.867414e-07,-0.0067069795
5.868414e-07,-0.0067191866
5.869414e-07,-0.0067270852
5.870414e-07,-0.0067220588
5.871414e-07,-0.0067033892
5.872414e-07,-0.006676821
5.873414e-07,-0.0066524069
5.874414e-07,-0.006641636
5.875414e-07,-0.0066473805
5.876414e-07,-0.006665332
5.877414e-07,-0.0066861558
5.878414e-07,-0.0066990809
5.879414e-07,-0.0066997989
5.880414e-07,-0.0066911822
5.881414e-07,-0.0066804113
5.882414e-07,-0.0066761029
5.883414e-07,-0.0066804113
5.884414e-07,-0.0066911822
5.885414e-07,-0.0066997989
5.886414e-07,-0.0066990809
5.887414e-07,-0.00668831
5.888414e-07,-0.0066725126
5.889414e-07,-0.0066617417
5.890414e-07,-0.006664614
5.891414e-07,-0.0066840016
5.892414e-07,-0.0067148782
5.893414e-07,-0.0067464729
5.894414e-07,-0.0067680147
5.895414e-07,-0.0067759134
5.896414e-07,-0.0067730411
5.897414e-07,-0.0067680147
5.898414e-07,-0.0067680147
5.899414e-07,-0.0067766314
5.900414e-07,-0.0067909926
5.901414e-07,-0.0068017636
5.902414e-07,-0.0068024816
5.903414e-07,-0.0067931468
5.904414e-07,-0.0067787856
5.905414e-07,-0.006771605
5.906414e-07,-0.0067795037
5.907414e-07,-0.0068039177
5.908414e-07,-0.0068376666
5.909414e-07,-0.0068678251
5.910414e-07,-0.0068829044
5.911414e-07,-0.0068793141
5.912414e-07,-0.0068627987
5.913414e-07,-0.0068448472
5.914414e-07,-0.0068369485
5.915414e-07,-0.0068441291
5.916414e-07,-0.0068627987
5.917414e-07,-0.0068793141
5.918414e-07,-0.0068829044
5.919414e-07,-0.0068671071
5.920414e-07,-0.0068362305
5.921414e-07,-0.0068024816
5.922414e-07,-0.0067795037
5.923414e-07,-0.0067751953
5.924414e-07,-0.0067881204
5.925414e-07,-0.0068096622
5.926414e-07,-0.0068254596
5.927414e-07,-0.0068268957
5.928414e-07,-0.0068132525
5.929414e-07,-0.0067895565
5.930414e-07,-0.0067680147
5.931414e-07,-0.0067565257
5.932414e-07,-0.0067572438
5.933414e-07,-0.0067672966
5.934414e-07,-0.0067795037
5.935414e-07,-0.0067895565
5.936414e-07,-0.0067967371
5.937414e-07,-0.0068031997
5.938414e-07,-0.0068139706
5.939414e-07,-0.0068290499
5.940414e-07,-0.0068448472
5.941414e-07,-0.0068527459
5.942414e-07,-0.0068484375
5.943414e-07,-0.0068297679
5.944414e-07,-0.0068031997
5.945414e-07,-0.0067795037
5.946414e-07,-0.0067680147
5.947414e-07,-0.0067730411
5.948414e-07,-0.0067895565
5.949414e-07,-0.00680679
5.950414e-07,-0.0068139706
5.951414e-07,-0.0068046358
5.952414e-07,-0.0067809398
5.953414e-07,-0.0067536535
5.954414e-07,-0.0067335478
5.955414e-07,-0.0067299575
5.956414e-07,-0.0067421645
5.957414e-07,-0.0067622702
5.958414e-07,-0.0067795037
5.959414e-07,-0.006783812
5.960414e-07,-0.006771605
5.961414e-07,-0.0067486271
5.962414e-07,-0.0067220588
5.963414e-07,-0.0067012351
5.964414e-07,-0.0066904642
5.965414e-07,-0.0066875919
5.966414e-07,-0.0066875919
5.967414e-07,-0.0066854377
5.968414e-07,-0.0066789752
5.969414e-07,-0.0066703585
5.970414e-07,-0.006664614
5.971414e-07,-0.006665332
5.972414e-07,-0.0066732307
5.973414e-07,-0.0066861558
5.974414e-07,-0.0066990809
5.975414e-07,-0.0067084157
5.976414e-07,-0.006712006
5.977414e-07,-0.006712006
5.978414e-07,-0.0067105699
5.979414e-07,-0.0067098518
5.980414e-07,-0.0067105699
5.981414e-07,-0.0067112879
5.982414e-07,-0.0067105699
5.983414e-07,-0.0067105699
5.984414e-07,-0.0067134421
5.985414e-07,-0.0067249311
5.986414e-07,-0.0067450368
5.987414e-07,-0.0067737592
5.988414e-07,-0.0068046358
5.989414e-07,-0.006831204
5.990414e-07,-0.0068484375
5.991414e-07,-0.0068549
5.992414e-07,-0.006854182
5.993414e-07,-0.006854182
5.994414e-07,-0.0068599265
5.995414e-07,-0.0068735696
5.996414e-07,-0.0068936753
5.997414e-07,-0.006913781
5.998414e-07,-0.0069288603
5.999414e-07,-0.006937477
6.000414e-07,-0.0069432215
6.001414e-07,-0.0069496841
6.002414e-07,-0.0069633272
6.003414e-07,-0.006984151
6.004414e-07,-0.007008565
6.005414e-07,-0.0070301068
6.006414e-07,-0.00704375
6.007414e-07,-0.0070473403
6.008414e-07,-0.0070430319
6.009414e-07,-0.0070365694
6.010414e-07,-0.007032261
6.011414e-07,-0.007031543
6.012414e-07,-0.007032261
6.013414e-07,-0.0070293888
6.014414e-07,-0.0070207721
6.015414e-07,-0.007007847
6.016414e-07,-0.0069949219
6.017414e-07,-0.0069906135
6.018414e-07,-0.0069977941
6.019414e-07,-0.0070157456
6.020414e-07,-0.0070380055
6.021414e-07,-0.0070538028
6.022414e-07,-0.007055239
6.023414e-07,-0.0070401597
6.024414e-07,-0.0070143095
6.025414e-07,-0.0069855871
6.026414e-07,-0.0069633272
6.027414e-07,-0.0069511202
6.028414e-07,-0.0069475299
6.029414e-07,-0.0069460937
6.030414e-07,-0.0069403493
6.031414e-07,-0.0069281422
6.032414e-07,-0.0069123449
6.033414e-07,-0.0068994198
6.034414e-07,-0.0068943934
6.035414e-07,-0.0068994198
6.036414e-07,-0.0069094727
6.037414e-07,-0.0069173713
6.038414e-07,-0.0069173713
6.039414e-07,-0.0069073185
6.040414e-07,-0.0068915211
6.041414e-07,-0.0068771599
6.042414e-07,-0.0068714154
6.043414e-07,-0.0068750057
6.044414e-07,-0.0068836225
6.045414e-07,-0.0068886489
6.046414e-07,-0.0068829044
6.047414e-07,-0.006865671
6.048414e-07,-0.0068434111
6.049414e-07,-0.0068268957
6.050414e-07,-0.0068254596
6.051414e-07,-0.006841975
6.052414e-07,-0.0068706974
6.053414e-07,-0.0069001379
6.054414e-07,-0.0069173713
6.055414e-07,-0.006913781
6.056414e-07,-0.0068915211
6.057414e-07,-0.0068577723
6.058414e-07,-0.0068254596
6.059414e-07,-0.0068039177
6.060414e-07,-0.0067974552
6.061414e-07,-0.0068024816
6.062414e-07,-0.0068139706
6.063414e-07,-0.0068254596
6.064414e-07,-0.0068340763
6.065414e-07,-0.0068412569
6.066414e-07,-0.0068484375
6.067414e-07,-0.0068570542
6.068414e-07,-0.0068642348
6.069414e-07,-0.006866389
6.070414e-07,-0.0068599265
6.071414e-07,-0.0068455653
6.072414e-07,-0.0068290499
6.073414e-07,-0.0068161248
6.074414e-07,-0.0068139706
6.075414e-07,-0.0068233054
6.076414e-07,-0.0068391027
6.077414e-07,-0.0068534639
6.078414e-07,-0.0068599265
6.079414e-07,-0.0068563362
6.080414e-07,-0.0068477194
6.081414e-07,-0.006842693
6.082414e-07,-0.0068484375
6.083414e-07,-0.0068678251
6.084414e-07,-0.0068965476
6.085414e-07,-0.0069238339
6.086414e-07,-0.0069403493
6.087414e-07,-0.0069410673
6.088414e-07,-0.0069274242
6.089414e-07,-0.0069080365
6.090414e-07,-0.0068943934
6.091414e-07,-0.0068929573
6.092414e-07,-0.0069044462
6.093414e-07,-0.0069231158
6.094414e-07,-0.0069403493
6.095414e-07,-0.0069496841
6.096414e-07,-0.0069482479
6.097414e-07,-0.0069396312
6.098414e-07,-0.0069288603
6.099414e-07,-0.0069209616
6.100414e-07,-0.0069180894
6.101414e-07,-0.0069173713
6.102414e-07,-0.0069173713
6.103414e-07,-0.0069152171
6.104414e-07,-0.006913063
6.105414e-07,-0.0069123449
6.106414e-07,-0.0069173713
6.107414e-07,-0.0069267061
6.108414e-07,-0.006937477
6.109414e-07,-0.0069432215
6.110414e-07,-0.0069403493
6.111414e-07,-0.0069281422
6.112414e-07,-0.0069116268
6.113414e-07,-0.0068979837
6.114414e-07,-0.0068943934
6.115414e-07,-0.0069030101
6.116414e-07,-0.0069202436
6.117414e-07,-0.0069396312
6.118414e-07,-0.0069518382
6.119414e-07,-0.0069532744
6.120414e-07,-0.0069453757
6.121414e-07,-0.0069310145
6.122414e-07,-0.0069173713
6.123414e-07,-0.0069080365
6.124414e-07,-0.006902292
6.125414e-07,-0.0068987017
6.126414e-07,-0.0068943934
6.127414e-07,-0.006889367
6.128414e-07,-0.0068872128
6.129414e-07,-0.0068915211
6.130414e-07,-0.0069058824
6.131414e-07,-0.0069288603
6.132414e-07,-0.0069547105
6.133414e-07,-0.0069762523
6.134414e-07,-0.0069863051
6.135414e-07,-0.006984151
6.136414e-07,-0.0069740981
6.137414e-07,-0.006961173
6.138414e-07,-0.0069518382
6.139414e-07,-0.0069482479
6.140414e-07,-0.0069475299
6.141414e-07,-0.0069453757
6.142414e-07,-0.0069403493
6.143414e-07,-0.0069338867
6.144414e-07,-0.0069317325
6.145414e-07,-0.0069403493
6.146414e-07,-0.0069633272
6.147414e-07,-0.0069970761
6.148414e-07,-0.0070308249
6.149414e-07,-0.0070530848
6.150414e-07,-0.007055239
6.151414e-07,-0.0070372875
6.152414e-07,-0.0070071289
6.153414e-07,-0.0069784065
6.154414e-07,-0.0069633272
6.155414e-07,-0.0069669175
6.156414e-07,-0.006984869
6.157414e-07,-0.0070064108
6.158414e-07,-0.0070207721
6.159414e-07,-0.0070207721
6.160414e-07,-0.0070092831
6.161414e-07,-0.0069949219
6.162414e-07,-0.0069863051
6.163414e-07,-0.0069898955
6.164414e-07,-0.0070042567
6.165414e-07,-0.0070207721
6.166414e-07,-0.007032261
6.167414e-07,-0.007032261
6.168414e-07,-0.0070236443
6.169414e-07,-0.0070128734
6.170414e-07,-0.0070092831
6.171414e-07,-0.0070186179
6.172414e-07,-0.0070380055
6.173414e-07,-0.0070617015
6.174414e-07,-0.0070782169
6.175414e-07,-0.0070818072
6.176414e-07,-0.0070724724
6.177414e-07,-0.0070566751
6.178414e-07,-0.00704375
6.179414e-07,-0.0070401597
6.180414e-07,-0.0070480584
6.181414e-07,-0.0070631376
6.182414e-07,-0.0070782169
6.183414e-07,-0.0070868336
6.184414e-07,-0.0070868336
6.185414e-07,-0.0070825253
6.186414e-07,-0.0070782169
6.187414e-07,-0.007078935
6.188414e-07,-0.0070853975
6.189414e-07,-0.0070940142
6.190414e-07,-0.0071011949
6.191414e-07,-0.007102631
6.192414e-07,-0.0070983226
6.193414e-07,-0.0070925781
6.194414e-07,-0.0070897059
6.195414e-07,-0.0070925781
6.196414e-07,-0.0071019129
6.197414e-07,-0.0071141199
6.198414e-07,-0.0071241728
6.199414e-07,-0.0071299173
6.200414e-07,-0.0071320715
6.201414e-07,-0.0071327895
6.202414e-07,-0.0071356618
6.203414e-07,-0.0071421243
6.204414e-07,-0.007150741
6.205414e-07,-0.0071572036
6.206414e-07,-0.0071586397
6.207414e-07,-0.0071543313
6.208414e-07,-0.0071471507
6.209414e-07,-0.0071435604
6.210414e-07,-0.0071471507
6.211414e-07,-0.0071600758
6.212414e-07,-0.0071787454
6.213414e-07,-0.0071952608
6.214414e-07,-0.0072045956
6.215414e-07,-0.0072017233
6.216414e-07,-0.0071873621
6.217414e-07,-0.0071672564
6.218414e-07,-0.0071471507
6.219414e-07,-0.0071313534
6.220414e-07,-0.0071198644
6.221414e-07,-0.0071112477
6.222414e-07,-0.0071011949
6.223414e-07,-0.0070882698
6.224414e-07,-0.0070724724
6.225414e-07,-0.0070566751
6.226414e-07,-0.00704375
6.227414e-07,-0.0070336972
6.228414e-07,-0.0070243624
6.229414e-07,-0.0070128734
6.230414e-07,-0.0069977941
6.231414e-07,-0.0069791245
6.232414e-07,-0.006961173
6.233414e-07,-0.0069475299
6.234414e-07,-0.0069403493
6.235414e-07,-0.0069389131
6.236414e-07,-0.0069396312
6.237414e-07,-0.006937477
6.238414e-07,-0.0069288603
6.239414e-07,-0.0069159352
6.240414e-07,-0.006902292
6.241414e-07,-0.0068943934
6.242414e-07,-0.0068943934
6.243414e-07,-0.0068994198
6.244414e-07,-0.0069030101
6.245414e-07,-0.0068987017
6.246414e-07,-0.0068829044
6.247414e-07,-0.0068584903
6.248414e-07,-0.0068326402
6.249414e-07,-0.0068161248
6.250414e-07,-0.0068139706
6.251414e-07,-0.0068240234
6.252414e-07,-0.0068383847
6.253414e-07,-0.0068448472
6.254414e-07,-0.0068369485
6.255414e-07,-0.0068139706
6.256414e-07,-0.006783094
6.257414e-07,-0.0067572438
6.258414e-07,-0.0067450368
6.259414e-07,-0.0067500632
6.260414e-07,-0.0067665786
6.261414e-07,-0.006783812
6.262414e-07,-0.0067909926
6.263414e-07,-0.0067852482
6.264414e-07,-0.0067687328
6.265414e-07,-0.0067529354
6.266414e-07,-0.0067450368
6.267414e-07,-0.0067493451
6.268414e-07,-0.0067629883
6.269414e-07,-0.0067759134
6.270414e-07,-0.0067795037
6.271414e-07,-0.0067708869
6.272414e-07,-0.0067543716
6.273414e-07,-0.0067385742
6.274414e-07,-0.0067335478
6.275414e-07,-0.0067443187
6.276414e-07,-0.0067672966
6.277414e-07,-0.0067938649
6.278414e-07,-0.0068139706
6.279414e-07,-0.0068211512
6.280414e-07,-0.0068161248
6.281414e-07,-0.0068039177
6.282414e-07,-0.0067909926
6.283414e-07,-0.0067823759
6.284414e-07,-0.0067780676
6.285414e-07,-0.0067744773
6.286414e-07,-0.0067680147
6.287414e-07,-0.0067586799
6.288414e-07,-0.0067522174
6.289414e-07,-0.0067536535
6.290414e-07,-0.0067680147
6.291414e-07,-0.0067938649
6.292414e-07,-0.0068225873
6.293414e-07,-0.0068434111
6.294414e-07,-0.0068484375
6.295414e-07,-0.0068355124
6.296414e-07,-0.0068118164
6.297414e-07,-0.0067895565
6.298414e-07,-0.0067795037
6.299414e-07,-0.0067859662
6.300414e-07,-0.0068046358
6.301414e-07,-0.0068247415
6.302414e-07,-0.0068369485
6.303414e-07,-0.0068355124
6.304414e-07,-0.0068225873
6.305414e-07,-0.0068089442
6.306414e-07,-0.0068024816
6.307414e-07,-0.0068096622
6.308414e-07,-0.0068268957
6.309414e-07,-0.0068470014
6.310414e-07,-0.0068599265
6.311414e-07,-0.0068613626
6.312414e-07,-0.0068527459
6.313414e-07,-0.006841975
6.314414e-07,-0.0068369485
6.315414e-07,-0.006841975
6.316414e-07,-0.006854182
6.317414e-07,-0.006866389
6.318414e-07,-0.0068714154
6.319414e-07,-0.0068649529
6.320414e-07,-0.0068513097
6.321414e-07,-0.0068391027
6.322414e-07,-0.0068369485
6.323414e-07,-0.0068498736
6.324414e-07,-0.0068757238
6.325414e-07,-0.0069051643
6.326414e-07,-0.0069288603
6.327414e-07,-0.0069403493
6.328414e-07,-0.0069417854
6.329414e-07,-0.0069389131
6.330414e-07,-0.0069403493
6.331414e-07,-0.0069504021
6.332414e-07,-0.0069683536
6.333414e-07,-0.0069863051
6.334414e-07,-0.0069977941
6.335414e-07,-0.0069977941
6.336414e-07,-0.0069891774
6.337414e-07,-0.0069784065
6.338414e-07,-0.0069748162
6.339414e-07,-0.0069819968
6.340414e-07,-0.0069992302
6.341414e-07,-0.0070186179
6.342414e-07,-0.007032261
6.343414e-07,-0.0070344152
6.344414e-07,-0.0070265165
6.345414e-07,-0.0070157456
6.346414e-07,-0.0070092831
6.347414e-07,-0.0070128734
6.348414e-07,-0.0070243624
6.349414e-07,-0.0070380055
6.350414e-07,-0.00704375
6.351414e-07,-0.0070365694
6.352414e-07,-0.0070157456
6.353414e-07,-0.0069884593
6.354414e-07,-0.0069633272
6.355414e-07,-0.0069475299
6.356414e-07,-0.0069432215
6.357414e-07,-0.0069468118
6.358414e-07,-0.0069518382
6.359414e-07,-0.0069525563
6.360414e-07,-0.0069468118
6.361414e-07,-0.006936759
6.362414e-07,-0.0069288603
6.363414e-07,-0.0069267061
6.364414e-07,-0.0069317325
6.365414e-07,-0.0069417854
6.366414e-07,-0.0069518382
6.367414e-07,-0.0069583008
6.368414e-07,-0.006961173
6.369414e-07,-0.0069618911
6.370414e-07,-0.0069633272
6.371414e-07,-0.0069683536
6.372414e-07,-0.0069762523
6.373414e-07,-0.006984151
6.374414e-07,-0.0069863051
6.375414e-07,-0.0069819968
6.376414e-07,-0.0069712259
6.377414e-07,-0.0069597369
6.378414e-07,-0.0069518382
6.379414e-07,-0.0069518382
6.380414e-07,-0.0069597369
6.381414e-07,-0.006972662
6.382414e-07,-0.0069863051
6.383414e-07,-0.0069977941
6.384414e-07,-0.0070064108
6.385414e-07,-0.0070128734
6.386414e-07,-0.0070207721
6.387414e-07,-0.0070301068
6.388414e-07,-0.0070408778
6.389414e-07,-0.0070502125
6.390414e-07,-0.007055239
6.391414e-07,-0.007055239
6.392414e-07,-0.0070530848
6.393414e-07,-0.0070516487
6.394414e-07,-0.007055239
6.395414e-07,-0.0070645738
6.396414e-07,-0.0070782169
6.397414e-07,-0.007091142
6.398414e-07,-0.0071011949
6.399414e-07,-0.0071055032
6.400414e-07,-0.0071069393
6.401414e-07,-0.0071083755
6.402414e-07,-0.0071126838
6.403414e-07,-0.0071220186
6.404414e-07,-0.0071335076
6.405414e-07,-0.0071435604
6.406414e-07,-0.0071471507
6.407414e-07,-0.0071428424
6.408414e-07,-0.0071327895
6.409414e-07,-0.0071213006
6.410414e-07,-0.0071126838
6.411414e-07,-0.0071105296
6.412414e-07,-0.0071155561
6.413414e-07,-0.0071248909
6.414414e-07,-0.0071356618
6.415414e-07,-0.0071457146
6.416414e-07,-0.0071543313
6.417414e-07,-0.00716223
6.418414e-07,-0.0071701287
6.419414e-07,-0.0071773093
6.420414e-07,-0.0071808996
6.421414e-07,-0.0071787454
6.422414e-07,-0.0071701287
6.423414e-07,-0.0071564855
6.424414e-07,-0.0071421243
6.425414e-07,-0.0071306353
6.426414e-07,-0.0071241728
6.427414e-07,-0.0071213006
6.428414e-07,-0.0071191464
6.429414e-07,-0.0071126838
6.430414e-07,-0.0071011949
6.431414e-07,-0.0070875517
6.432414e-07,-0.0070760627
6.433414e-07,-0.0070724724
6.434414e-07,-0.0070782169
6.435414e-07,-0.0070889878
6.436414e-07,-0.0070968865
6.437414e-07,-0.0070947323
6.438414e-07,-0.0070782169
6.439414e-07,-0.0070502125
6.440414e-07,-0.0070207721
6.441414e-07,-0.0070006664
6.442414e-07,-0.0069977941
6.443414e-07,-0.0070121553
6.444414e-07,-0.0070358513
6.445414e-07,-0.0070573932
6.446414e-07,-0.0070667279
6.447414e-07,-0.0070602654
6.448414e-07,-0.0070415958
6.449414e-07,-0.0070214901
6.450414e-07,-0.0070092831
6.451414e-07,-0.0070100011
6.452414e-07,-0.007020054
6.453414e-07,-0.0070308249
6.454414e-07,-0.007032261
6.455414e-07,-0.0070186179
6.456414e-07,-0.0069927677
6.457414e-07,-0.0069633272
6.458414e-07,-0.0069403493
6.459414e-07,-0.0069324506
6.460414e-07,-0.0069403493
6.461414e-07,-0.0069575827
6.462414e-07,-0.0069748162
6.463414e-07,-0.006984151
6.464414e-07,-0.0069819968
6.465414e-07,-0.006972662
6.466414e-07,-0.0069633272
6.467414e-07,-0.006960455
6.468414e-07,-0.0069669175
6.469414e-07,-0.0069812787
6.470414e-07,-0.0069977941
6.471414e-07,-0.0070114373
6.472414e-07,-0.0070186179
6.473414e-07,-0.0070207721
6.474414e-07,-0.0070207721
6.475414e-07,-0.0070222082
6.476414e-07,-0.0070250804
6.477414e-07,-0.0070301068
6.478414e-07,-0.007032261
6.479414e-07,-0.0070301068
6.480414e-07,-0.0070243624
6.481414e-07,-0.0070157456
6.482414e-07,-0.0070092831
6.483414e-07,-0.0070071289
6.484414e-07,-0.0070114373
6.485414e-07,-0.0070207721
6.486414e-07,-0.007032261
6.487414e-07,-0.00704375
6.488414e-07,-0.0070538028
6.489414e-07,-0.0070617015
6.490414e-07,-0.0070667279
6.491414e-07,-0.0070681641
6.492414e-07,-0.0070645738
6.493414e-07,-0.007055957
6.494414e-07,-0.00704375
6.495414e-07,-0.007031543
6.496414e-07,-0.0070236443
6.497414e-07,-0.0070236443
6.498414e-07,-0.007032261
6.499414e-07,-0.0070444681
6.500414e-07,-0.0070545209
6.501414e-07,-0.0070545209
6.502414e-07,-0.00704375
6.503414e-07,-0.0070236443
6.504414e-07,-0.0070028205
6.505414e-07,-0.0069884593
6.506414e-07,-0.0069863051
6.507414e-07,-0.0069956399
6.508414e-07,-0.0070092831
6.509414e-07,-0.007020054
6.510414e-07,-0.0070207721
6.511414e-07,-0.0070114373
6.512414e-07,-0.0069985122
6.513414e-07,-0.0069920496
6.514414e-07,-0.0069977941
6.515414e-07,-0.0070186179
6.516414e-07,-0.0070480584
6.517414e-07,-0.0070753447
6.518414e-07,-0.0070897059
6.519414e-07,-0.0070861156
6.520414e-07,-0.007067446
6.521414e-07,-0.0070423139
6.522414e-07,-0.0070207721
6.523414e-07,-0.0070107192
6.524414e-07,-0.0070128734
6.525414e-07,-0.0070222082
6.526414e-07,-0.007032261
6.527414e-07,-0.0070365694
6.528414e-07,-0.0070351333
6.529414e-07,-0.007031543
6.530414e-07,-0.007032261
6.531414e-07,-0.0070423139
6.532414e-07,-0.0070609835
6.533414e-07,-0.0070832433
6.534414e-07,-0.0071011949
6.535414e-07,-0.0071090935
6.536414e-07,-0.0071047852
6.537414e-07,-0.0070918601
6.538414e-07,-0.0070782169
6.539414e-07,-0.0070703182
6.540414e-07,-0.0070724724
6.541414e-07,-0.0070839614
6.542414e-07,-0.0071011949
6.543414e-07,-0.0071191464
6.544414e-07,-0.0071327895
6.545414e-07,-0.0071421243
6.546414e-07,-0.0071471507
6.547414e-07,-0.0071485869
6.548414e-07,-0.0071471507
6.549414e-07,-0.0071428424
6.550414e-07,-0.0071356618
6.551414e-07,-0.0071256089
6.552414e-07,-0.0071155561
6.553414e-07,-0.0071069393
6.554414e-07,-0.0071011949
6.555414e-07,-0.0070990407
6.556414e-07,-0.0070983226
6.557414e-07,-0.0070961684
6.558414e-07,-0.0070897059
6.559414e-07,-0.007079653
6.560414e-07,-0.0070681641
6.561414e-07,-0.0070588293
6.562414e-07,-0.007055239
6.563414e-07,-0.0070573932
6.564414e-07,-0.0070624196
6.565414e-07,-0.0070667279
6.566414e-07,-0.0070667279
6.567414e-07,-0.0070617015
6.568414e-07,-0.0070538028
6.569414e-07,-0.0070473403
6.570414e-07,-0.00704375
6.571414e-07,-0.0070451861
6.572414e-07,-0.0070494945
6.573414e-07,-0.0070538028
6.574414e-07,-0.007055239
6.575414e-07,-0.0070538028
6.576414e-07,-0.0070516487
6.577414e-07,-0.0070516487
6.578414e-07,-0.007055239
6.579414e-07,-0.0070617015
6.580414e-07,-0.0070681641
6.581414e-07,-0.0070703182
6.582414e-07,-0.0070667279
6.583414e-07,-0.0070595473
6.584414e-07,-0.0070545209
6.585414e-07,-0.007055957
6.586414e-07,-0.0070667279
6.587414e-07,-0.0070846795
6.588414e-07,-0.007102631
6.589414e-07,-0.0071134019
6.590414e-07,-0.0071126838
6.591414e-07,-0.0071019129
6.592414e-07,-0.0070882698
6.593414e-07,-0.0070818072
6.594414e-07,-0.0070897059
6.595414e-07,-0.0071134019
6.596414e-07,-0.0071457146
6.597414e-07,-0.0071758732
6.598414e-07,-0.0071931066
6.599414e-07,-0.0071916705
6.600414e-07,-0.007174437
6.601414e-07,-0.0071485869
6.602414e-07,-0.0071241728
6.603414e-07,-0.0071090935
6.604414e-07,-0.0071055032
6.605414e-07,-0.0071083755
6.606414e-07,-0.0071126838
6.607414e-07,-0.0071134019
6.608414e-07,-0.0071098116
6.609414e-07,-0.0071047852
6.610414e-07,-0.0071011949
6.611414e-07,-0.007102631
6.612414e-07,-0.0071069393
6.613414e-07,-0.0071119658
6.614414e-07,-0.0071126838
6.615414e-07,-0.0071076574
6.616414e-07,-0.0070976045
6.617414e-07,-0.0070861156
6.618414e-07,-0.0070782169
6.619414e-07,-0.0070746266
6.620414e-07,-0.0070739085
6.621414e-07,-0.0070724724
6.622414e-07,-0.0070667279
6.623414e-07,-0.0070573932
6.624414e-07,-0.0070473403
6.625414e-07,-0.0070408778
6.626414e-07,-0.00704375
6.627414e-07,-0.007055239
6.628414e-07,-0.0070710363
6.629414e-07,-0.0070839614
6.630414e-07,-0.0070897059
6.631414e-07,-0.0070846795
6.632414e-07,-0.0070717544
6.633414e-07,-0.007055957
6.634414e-07,-0.00704375
6.635414e-07,-0.0070380055
6.636414e-07,-0.0070365694
6.637414e-07,-0.0070358513
6.638414e-07,-0.007032261
6.639414e-07,-0.0070236443
6.640414e-07,-0.0070121553
6.641414e-07,-0.0070021025
6.642414e-07,-0.0069977941
6.643414e-07,-0.0069985122
6.644414e-07,-0.0070021025
6.645414e-07,-0.0070028205
6.646414e-07,-0.0069977941
6.647414e-07,-0.0069870232
6.648414e-07,-0.0069755342
6.649414e-07,-0.0069705078
6.650414e-07,-0.0069748162
6.651414e-07,-0.0069884593
6.652414e-07,-0.0070064108
6.653414e-07,-0.0070186179
6.654414e-07,-0.0070207721
6.655414e-07,-0.0070114373
6.656414e-07,-0.0069970761
6.657414e-07,-0.0069855871
6.658414e-07,-0.0069863051
6.659414e-07,-0.0069999483
6.660414e-07,-0.0070207721
6.661414e-07,-0.0070387236
6.662414e-07,-0.00704375
6.663414e-07,-0.007032261
6.664414e-07,-0.007008565
6.665414e-07,-0.0069819968
6.666414e-07,-0.0069633272
6.667414e-07,-0.006960455
6.668414e-07,-0.006972662
6.669414e-07,-0.0069920496
6.670414e-07,-0.0070092831
6.671414e-07,-0.0070164637
6.672414e-07,-0.0070114373
6.673414e-07,-0.0069985122
6.674414e-07,-0.0069863051
6.675414e-07,-0.0069812787
6.676414e-07,-0.0069855871
6.677414e-07,-0.006996358
6.678414e-07,-0.0070092831
6.679414e-07,-0.0070178998
6.680414e-07,-0.0070214901
6.681414e-07,-0.0070207721
6.682414e-07,-0.0070207721
6.683414e-07,-0.0070236443
6.684414e-07,-0.0070308249
6.685414e-07,-0.0070387236
6.686414e-07,-0.00704375
6.687414e-07,-0.00704375
6.688414e-07,-0.0070372875
6.689414e-07,-0.0070286707
6.690414e-07,-0.0070207721
6.691414e-07,-0.0070157456
6.692414e-07,-0.0070135915
6.693414e-07,-0.0070121553
6.694414e-07,-0.0070092831
6.695414e-07,-0.0070042567
6.696414e-07,-0.0069985122
6.697414e-07,-0.0069949219
6.698414e-07,-0.0069977941
6.699414e-07,-0.0070064108
6.700414e-07,-0.0070178998
6.701414e-07,-0.0070272346
6.702414e-07,-0.007032261
6.703414e-07,-0.0070308249
6.704414e-07,-0.0070257985
6.705414e-07,-0.0070214901
6.706414e-07,-0.0070207721
6.707414e-07,-0.0070243624
6.708414e-07,-0.0070286707
6.709414e-07,-0.0070286707
6.710414e-07,-0.0070207721
6.711414e-07,-0.0070049747
6.712414e-07,-0.0069855871
6.713414e-07,-0.0069697898
6.714414e-07,-0.0069633272
6.715414e-07,-0.0069690717
6.716414e-07,-0.0069827148
6.717414e-07,-0.0069985122
6.718414e-07,-0.0070092831
6.719414e-07,-0.0070121553
6.720414e-07,-0.007007847
6.721414e-07,-0.0070013844
6.722414e-07,-0.0069977941
6.723414e-07,-0.0070006664
6.724414e-07,-0.007007847
6.725414e-07,-0.0070164637
6.726414e-07,-0.0070207721
6.727414e-07,-0.0070193359
6.728414e-07,-0.0070128734
6.729414e-07,-0.0070042567
6.730414e-07,-0.0069977941
6.731414e-07,-0.0069934858
6.732414e-07,-0.0069898955
6.733414e-07,-0.006984151
6.734414e-07,-0.0069748162
6.735414e-07,-0.0069633272
6.736414e-07,-0.0069539924
6.737414e-07,-0.0069532744
6.738414e-07,-0.0069633272
6.739414e-07,-0.0069819968
6.740414e-07,-0.0070035386
6.741414e-07,-0.0070186179
6.742414e-07,-0.0070207721
6.743414e-07,-0.0070100011
6.744414e-07,-0.0069913316
6.745414e-07,-0.0069733801
6.746414e-07,-0.0069633272
6.747414e-07,-0.0069647633
6.748414e-07,-0.0069733801
6.749414e-07,-0.0069827148
6.750414e-07,-0.0069863051
6.751414e-07,-0.0069812787
6.752414e-07,-0.0069705078
6.753414e-07,-0.0069626091
6.754414e-07,-0.0069633272
6.755414e-07,-0.0069762523
6.756414e-07,-0.0069970761
6.757414e-07,-0.0070186179
6.758414e-07,-0.007032261
6.759414e-07,-0.0070336972
6.760414e-07,-0.0070250804
6.761414e-07,-0.0070100011
6.762414e-07,-0.0069977941
6.763414e-07,-0.0069913316
6.764414e-07,-0.0069920496
6.765414e-07,-0.0069956399
6.766414e-07,-0.0069977941
6.767414e-07,-0.0069970761
6.768414e-07,-0.006996358
6.769414e-07,-0.0069992302
6.770414e-07,-0.0070092831
6.771414e-07,-0.0070272346
6.772414e-07,-0.0070494945
6.773414e-07,-0.0070681641
6.774414e-07,-0.0070782169
6.775414e-07,-0.0070767808
6.776414e-07,-0.0070681641
6.777414e-07,-0.0070588293
6.778414e-07,-0.007055239
6.779414e-07,-0.0070595473
6.780414e-07,-0.0070688821
6.781414e-07,-0.0070767808
6.782414e-07,-0.0070782169
6.783414e-07,-0.0070710363
6.784414e-07,-0.0070581112
6.785414e-07,-0.0070473403
6.786414e-07,-0.00704375
6.787414e-07,-0.0070502125
6.788414e-07,-0.0070624196
6.789414e-07,-0.0070746266
6.790414e-07,-0.0070782169
6.791414e-07,-0.0070717544
6.792414e-07,-0.0070566751
6.793414e-07,-0.0070415958
6.794414e-07,-0.007032261
6.795414e-07,-0.007032261
6.796414e-07,-0.0070380055
6.797414e-07,-0.0070444681
6.798414e-07,-0.00704375
6.799414e-07,-0.0070329791
6.800414e-07,-0.0070150276
6.801414e-07,-0.0069970761
6.802414e-07,-0.0069863051
6.803414e-07,-0.0069863051
6.804414e-07,-0.0069949219
6.805414e-07,-0.0070049747
6.806414e-07,-0.0070092831
6.807414e-07,-0.0070028205
6.808414e-07,-0.0069863051
6.809414e-07,-0.0069669175
6.810414e-07,-0.0069518382
6.811414e-07,-0.0069453757
6.812414e-07,-0.006948966
6.813414e-07,-0.0069568647
6.814414e-07,-0.0069633272
6.815414e-07,-0.0069647633
6.816414e-07,-0.006960455
6.817414e-07,-0.0069547105
6.818414e-07,-0.0069518382
6.819414e-07,-0.0069547105
6.820414e-07,-0.0069626091
6.821414e-07,-0.0069712259
6.822414e-07,-0.0069748162
6.823414e-07,-0.0069719439
6.824414e-07,-0.0069640453
6.825414e-07,-0.0069561466
6.826414e-07,-0.0069518382
6.827414e-07,-0.0069532744
6.828414e-07,-0.0069590188
6.829414e-07,-0.0069640453
6.830414e-07,-0.0069633272
6.831414e-07,-0.0069554285
6.832414e-07,-0.0069432215
6.833414e-07,-0.0069324506
6.834414e-07,-0.0069288603
6.835414e-07,-0.0069338867
6.836414e-07,-0.0069446576
6.837414e-07,-0.0069568647
6.838414e-07,-0.0069633272
6.839414e-07,-0.0069618911
6.840414e-07,-0.0069547105
6.841414e-07,-0.0069453757
6.842414e-07,-0.0069403493
6.843414e-07,-0.0069410673
6.844414e-07,-0.0069460937
6.845414e-07,-0.0069511202
6.846414e-07,-0.0069518382
6.847414e-07,-0.0069468118
6.848414e-07,-0.006937477
6.849414e-07,-0.0069302964
6.850414e-07,-0.0069288603
6.851414e-07,-0.0069338867
6.852414e-07,-0.0069425034
6.853414e-07,-0.0069496841
6.854414e-07,-0.0069518382
6.855414e-07,-0.0069482479
6.856414e-07,-0.0069417854
6.857414e-07,-0.0069381951
6.858414e-07,-0.0069403493
6.859414e-07,-0.0069482479
6.860414e-07,-0.0069561466
6.861414e-07,-0.0069590188
6.862414e-07,-0.0069518382
6.863414e-07,-0.0069360409
6.864414e-07,-0.0069180894
6.865414e-07,-0.0069058824
6.866414e-07,-0.0069058824
6.867414e-07,-0.0069173713
6.868414e-07,-0.0069346048
6.869414e-07,-0.0069482479
6.870414e-07,-0.0069518382
6.871414e-07,-0.0069439396
6.872414e-07,-0.0069281422
6.873414e-07,-0.006913781
6.874414e-07,-0.0069058824
6.875414e-07,-0.0069066004
6.876414e-07,-0.0069094727
6.877414e-07,-0.0069080365
6.878414e-07,-0.0068943934
6.879414e-07,-0.0068692613
6.880414e-07,-0.0068391027
6.881414e-07,-0.0068139706
6.882414e-07,-0.0068024816
6.883414e-07,-0.0068060719
6.884414e-07,-0.0068197151
6.885414e-07,-0.0068333582
6.886414e-07,-0.0068369485
6.887414e-07,-0.0068268957
6.888414e-07,-0.00680679
6.889414e-07,-0.006783812
6.890414e-07,-0.0067680147
6.891414e-07,-0.0067622702
6.892414e-07,-0.0067644244
6.893414e-07,-0.0067687328
6.894414e-07,-0.0067680147
6.895414e-07,-0.0067608341
6.896414e-07,-0.0067507812
6.897414e-07,-0.0067436006
6.898414e-07,-0.0067450368
6.899414e-07,-0.0067543716
6.900414e-07,-0.0067665786
6.901414e-07,-0.0067730411
6.902414e-07,-0.0067680147
6.903414e-07,-0.0067536535
6.904414e-07,-0.00673642
6.905414e-07,-0.0067270852
6.906414e-07,-0.0067335478
6.907414e-07,-0.0067550896
6.908414e-07,-0.006783094
6.909414e-07,-0.0068053539
6.910414e-07,-0.0068139706
6.911414e-07,-0.00680679
6.912414e-07,-0.0067924288
6.913414e-07,-0.006783812
6.914414e-07,-0.0067909926
6.915414e-07,-0.0068161248
6.916414e-07,-0.0068505917
6.917414e-07,-0.0068807502
6.918414e-07,-0.0068943934
6.919414e-07,-0.0068864947
6.920414e-07,-0.0068627987
6.921414e-07,-0.0068376666
6.922414e-07,-0.0068254596
6.923414e-07,-0.0068326402
6.924414e-07,-0.0068549
6.925414e-07,-0.0068800322
6.926414e-07,-0.0068943934
6.927414e-07,-0.0068908031
6.928414e-07,-0.0068714154
6.929414e-07,-0.0068491556
6.930414e-07,-0.0068369485
6.931414e-07,-0.0068441291
6.932414e-07,-0.0068699793
6.933414e-07,-0.0069030101
6.934414e-07,-0.0069288603
6.935414e-07,-0.0069360409
6.936414e-07,-0.0069231158
6.937414e-07,-0.0068972656
6.938414e-07,-0.0068714154
6.939414e-07,-0.0068570542
6.940414e-07,-0.0068599265
6.941414e-07,-0.0068750057
6.942414e-07,-0.0068943934
6.943414e-07,-0.0069094727
6.944414e-07,-0.0069166533
6.945414e-07,-0.0069173713
6.946414e-07,-0.0069173713
6.947414e-07,-0.0069223977
6.948414e-07,-0.0069324506
6.949414e-07,-0.0069446576
6.950414e-07,-0.0069518382
6.951414e-07,-0.006948966
6.952414e-07,-0.0069346048
6.953414e-07,-0.0069144991
6.954414e-07,-0.0068943934
6.955414e-07,-0.0068814683
6.956414e-07,-0.0068764419
6.957414e-07,-0.006878596
6.958414e-07,-0.0068829044
6.959414e-07,-0.0068843405
6.960414e-07,-0.0068836225
6.961414e-07,-0.0068814683
6.962414e-07,-0.0068829044
6.963414e-07,-0.006889367
6.964414e-07,-0.0069001379
6.965414e-07,-0.0069109088
6.966414e-07,-0.0069173713
6.967414e-07,-0.0069166533
6.968414e-07,-0.0069109088
6.969414e-07,-0.0069058824
6.970414e-07,-0.0069058824
6.971414e-07,-0.0069152171
6.972414e-07,-0.0069317325
6.973414e-07,-0.0069496841
6.974414e-07,-0.0069633272
6.975414e-07,-0.0069676356
6.976414e-07,-0.0069633272
6.977414e-07,-0.0069561466
6.978414e-07,-0.0069518382
6.979414e-07,-0.0069561466
6.980414e-07,-0.0069683536
6.981414e-07,-0.006984869
6.982414e-07,-0.0069977941
6.983414e-07,-0.0070013844
6.984414e-07,-0.0069927677
6.985414e-07,-0.0069748162
6.986414e-07,-0.0069518382
6.987414e-07,-0.0069302964
6.988414e-07,-0.0069152171
6.989414e-07,-0.0069073185
6.990414e-07,-0.0069058824
6.991414e-07,-0.0069087546
6.992414e-07,-0.0069144991
6.993414e-07,-0.0069216797
6.994414e-07,-0.0069288603
6.995414e-07,-0.0069346048
6.996414e-07,-0.0069360409
6.997414e-07,-0.0069310145
6.998414e-07,-0.0069173713
6.999414e-07,-0.0068972656
7.000414e-07,-0.0068757238
7.001414e-07,-0.0068577723
7.002414e-07,-0.0068484375
7.003414e-07,-0.0068505917
7.004414e-07,-0.0068620807
7.005414e-07,-0.006878596
7.006414e-07,-0.0068943934
7.007414e-07,-0.0069058824
7.008414e-07,-0.0069123449
7.009414e-07,-0.0069152171
7.010414e-07,-0.0069173713
7.011414e-07,-0.0069202436
7.012414e-07,-0.0069238339
7.013414e-07,-0.0069267061
7.014414e-07,-0.0069288603
7.015414e-07,-0.0069288603
7.016414e-07,-0.0069281422
7.017414e-07,-0.0069281422
7.018414e-07,-0.0069288603
7.019414e-07,-0.0069302964
7.020414e-07,-0.0069317325
7.021414e-07,-0.0069310145
7.022414e-07,-0.0069288603
7.023414e-07,-0.0069288603
7.024414e-07,-0.0069331687
7.025414e-07,-0.0069453757
7.026414e-07,-0.0069633272
7.027414e-07,-0.0069827148
7.028414e-07,-0.0069956399
7.029414e-07,-0.0069970761
7.030414e-07,-0.0069863051
7.031414e-07,-0.0069669175
7.032414e-07,-0.0069475299
7.033414e-07,-0.006937477
7.034414e-07,-0.0069403493
7.035414e-07,-0.0069554285
7.036414e-07,-0.0069755342
7.037414e-07,-0.0069913316
7.038414e-07,-0.0069977941
7.039414e-07,-0.0069949219
7.040414e-07,-0.0069884593
7.041414e-07,-0.0069877413
7.042414e-07,-0.0069977941
7.043414e-07,-0.0070171818
7.044414e-07,-0.0070380055
7.045414e-07,-0.0070502125
7.046414e-07,-0.00704375
7.047414e-07,-0.0070193359
7.048414e-07,-0.006984869
7.049414e-07,-0.0069539924
7.050414e-07,-0.0069403493
7.051414e-07,-0.0069511202
7.052414e-07,-0.0069819968
7.053414e-07,-0.0070214901
7.054414e-07,-0.007055239
7.055414e-07,-0.0070717544
7.056414e-07,-0.0070688821
7.057414e-07,-0.0070523667
7.058414e-07,-0.007032261
7.059414e-07,-0.0070193359
7.060414e-07,-0.0070186179
7.061414e-07,-0.0070293888
7.062414e-07,-0.00704375
7.063414e-07,-0.007055239
7.064414e-07,-0.0070602654
7.065414e-07,-0.0070588293
7.066414e-07,-0.007055239
7.067414e-07,-0.0070538028
7.068414e-07,-0.007055957
7.069414e-07,-0.0070617015
7.070414e-07,-0.0070667279
7.071414e-07,-0.0070667279
7.072414e-07,-0.0070595473
7.073414e-07,-0.0070466222
7.074414e-07,-0.007032261
7.075414e-07,-0.007020054
7.076414e-07,-0.0070121553
7.077414e-07,-0.0070092831
7.078414e-07,-0.0070092831
7.079414e-07,-0.0070107192
7.080414e-07,-0.0070135915
7.081414e-07,-0.0070164637
7.082414e-07,-0.0070207721
7.083414e-07,-0.0070265165
7.084414e-07,-0.0070336972
7.085414e-07,-0.0070394416
7.086414e-07,-0.00704375
7.087414e-07,-0.0070451861
7.088414e-07,-0.0070451861
7.089414e-07,-0.0070444681
7.090414e-07,-0.00704375
7.091414e-07,-0.0070423139
7.092414e-07,-0.0070387236
7.093414e-07,-0.007031543
7.094414e-07,-0.0070207721
7.095414e-07,-0.0070092831
7.096414e-07,-0.0070021025
7.097414e-07,-0.0070021025
7.098414e-07,-0.0070092831
7.099414e-07,-0.0070207721
7.100414e-07,-0.0070301068
7.101414e-07,-0.0070308249
7.102414e-07,-0.0070207721
7.103414e-07,-0.0070021025
7.104414e-07,-0.0069819968
7.105414e-07,-0.0069676356
7.106414e-07,-0.0069633272
7.107414e-07,-0.0069669175
7.108414e-07,-0.0069719439
7.109414e-07,-0.0069683536
7.110414e-07,-0.0069518382
7.111414e-07,-0.0069216797
7.112414e-07,-0.0068857767
7.113414e-07,-0.006854182
7.114414e-07,-0.0068369485
7.115414e-07,-0.0068369485
7.116414e-07,-0.0068491556
7.117414e-07,-0.0068642348
7.118414e-07,-0.0068714154
7.119414e-07,-0.0068649529
7.120414e-07,-0.0068455653
7.121414e-07,-0.0068211512
7.122414e-07,-0.0068024816
7.123414e-07,-0.0067967371
7.124414e-07,-0.0068053539
7.125414e-07,-0.0068254596
7.126414e-07,-0.0068484375
7.127414e-07,-0.0068678251
7.128414e-07,-0.0068793141
7.129414e-07,-0.0068829044
7.130414e-07,-0.0068829044
7.131414e-07,-0.0068821864
7.132414e-07,-0.0068850586
7.133414e-07,-0.0068929573
7.134414e-07,-0.0069058824
7.135414e-07,-0.0069245519
7.136414e-07,-0.006948966
7.137414e-07,-0.0069776884
7.138414e-07,-0.0070092831
7.139414e-07,-0.0070380055
7.140414e-07,-0.0070595473
7.141414e-07,-0.0070688821
7.142414e-07,-0.0070667279
7.143414e-07,-0.0070588293
7.144414e-07,-0.0070530848
7.145414e-07,-0.0070588293
7.146414e-07,-0.0070782169
7.147414e-07,-0.0071083755
7.148414e-07,-0.0071399701
7.149414e-07,-0.0071629481
7.150414e-07,-0.0071701287
7.151414e-07,-0.0071629481
7.152414e-07,-0.0071493049
7.153414e-07,-0.0071414062
7.154414e-07,-0.0071471507
7.155414e-07,-0.0071679745
7.156414e-07,-0.0071966969
7.157414e-07,-0.0072203929
7.158414e-07,-0.0072275735
7.159414e-07,-0.0072139304
7.160414e-07,-0.0071837718
7.161414e-07,-0.0071493049
7.162414e-07,-0.0071241728
7.163414e-07,-0.0071169922
7.164414e-07,-0.0071284812
7.165414e-07,-0.007150023
7.166414e-07,-0.0071701287
7.167414e-07,-0.0071801815
7.168414e-07,-0.0071780273
7.169414e-07,-0.0071679745
7.170414e-07,-0.0071586397
7.171414e-07,-0.0071579216
7.172414e-07,-0.0071679745
7.173414e-07,-0.007185926
7.174414e-07,-0.0072045956
7.175414e-07,-0.0072160846
7.176414e-07,-0.0072160846
7.177414e-07,-0.0072067498
7.178414e-07,-0.0071931066
7.179414e-07,-0.0071801815
7.180414e-07,-0.0071715648
7.181414e-07,-0.0071694106
7.182414e-07,-0.0071701287
7.183414e-07,-0.0071730009
7.184414e-07,-0.0071758732
7.185414e-07,-0.0071787454
7.186414e-07,-0.0071816176
7.187414e-07,-0.0071844899
7.188414e-07,-0.007185208
7.189414e-07,-0.0071808996
7.190414e-07,-0.0071701287
7.191414e-07,-0.0071543313
7.192414e-07,-0.007138534
7.193414e-07,-0.007127045
7.194414e-07,-0.0071241728
7.195414e-07,-0.0071306353
7.196414e-07,-0.0071421243
7.197414e-07,-0.0071536133
7.198414e-07,-0.0071586397
7.199414e-07,-0.0071550494
7.200414e-07,-0.0071449966
7.201414e-07,-0.0071335076
7.202414e-07,-0.0071241728
7.203414e-07,-0.0071198644
7.204414e-07,-0.0071191464
7.205414e-07,-0.0071184283
7.206414e-07,-0.0071126838
7.207414e-07,-0.0071011949
7.208414e-07,-0.0070868336
7.209414e-07,-0.0070739085
7.210414e-07,-0.0070667279
7.211414e-07,-0.007067446
7.212414e-07,-0.0070739085
7.213414e-07,-0.0070825253
7.214414e-07,-0.0070897059
7.215414e-07,-0.0070932962
7.216414e-07,-0.0070954504
7.217414e-07,-0.0070968865
7.218414e-07,-0.0071011949
7.219414e-07,-0.0071062213
7.220414e-07,-0.0071076574
7.221414e-07,-0.007102631
7.222414e-07,-0.0070897059
7.223414e-07,-0.0070710363
7.224414e-07,-0.0070530848
7.225414e-07,-0.0070423139
7.226414e-07,-0.00704375
7.227414e-07,-0.007055957
7.228414e-07,-0.0070717544
7.229414e-07,-0.0070846795
7.230414e-07,-0.0070897059
7.231414e-07,-0.0070861156
7.232414e-07,-0.0070803711
7.233414e-07,-0.007079653
7.234414e-07,-0.0070897059
7.235414e-07,-0.0071090935
7.236414e-07,-0.0071306353
7.237414e-07,-0.0071457146
7.238414e-07,-0.0071471507
7.239414e-07,-0.0071342256
7.240414e-07,-0.0071119658
7.241414e-07,-0.007091142
7.242414e-07,-0.0070782169
7.243414e-07,-0.0070760627
7.244414e-07,-0.0070803711
7.245414e-07,-0.0070832433
7.246414e-07,-0.0070782169
7.247414e-07,-0.0070652918
7.248414e-07,-0.0070494945
7.249414e-07,-0.0070401597
7.250414e-07,-0.00704375
7.251414e-07,-0.0070609835
7.252414e-07,-0.0070839614
7.253414e-07,-0.0071004768
7.254414e-07,-0.0071011949
7.255414e-07,-0.0070818072
7.256414e-07,-0.0070487764
7.257414e-07,-0.0070128734
7.258414e-07,-0.0069863051
7.259414e-07,-0.0069762523
7.260414e-07,-0.0069819968
7.261414e-07,-0.006996358
7.262414e-07,-0.0070092831
7.263414e-07,-0.0070143095
7.264414e-07,-0.0070114373
7.265414e-07,-0.0070042567
7.266414e-07,-0.0069977941
7.267414e-07,-0.0069949219
7.268414e-07,-0.0069927677
7.269414e-07,-0.0069877413
7.270414e-07,-0.0069748162
7.271414e-07,-0.0069554285
7.272414e-07,-0.0069346048
7.273414e-07,-0.0069202436
7.274414e-07,-0.0069173713
7.275414e-07,-0.0069267061
7.276414e-07,-0.0069417854
7.277414e-07,-0.0069525563
7.278414e-07,-0.0069518382
7.279414e-07,-0.0069381951
7.280414e-07,-0.0069173713
7.281414e-07,-0.0069001379
7.282414e-07,-0.0068943934
7.283414e-07,-0.006902292
7.284414e-07,-0.0069195255
7.285414e-07,-0.0069346048
7.286414e-07,-0.0069403493
7.287414e-07,-0.0069331687
7.288414e-07,-0.0069166533
7.289414e-07,-0.006901574
7.290414e-07,-0.0068943934
7.291414e-07,-0.0068979837
7.292414e-07,-0.0069073185
7.293414e-07,-0.0069123449
7.294414e-07,-0.0069058824
7.295414e-07,-0.0068864947
7.296414e-07,-0.0068613626
7.297414e-07,-0.006841975
7.298414e-07,-0.0068369485
7.299414e-07,-0.0068491556
7.300414e-07,-0.0068714154
7.301414e-07,-0.0068908031
7.302414e-07,-0.0068943934
7.303414e-07,-0.006877878
7.304414e-07,-0.0068448472
7.305414e-07,-0.0068082261
7.306414e-07,-0.0067795037
7.307414e-07,-0.0067672966
7.308414e-07,-0.0067701689
7.309414e-07,-0.0067816579
7.310414e-07,-0.0067909926
7.311414e-07,-0.006794583
7.312414e-07,-0.006795301
7.313414e-07,-0.0067988913
7.314414e-07,-0.0068139706
7.315414e-07,-0.0068412569
7.316414e-07,-0.0068742877
7.317414e-07,-0.0069030101
7.318414e-07,-0.0069173713
7.319414e-07,-0.006913781
7.320414e-07,-0.0068979837
7.321414e-07,-0.0068829044
7.322414e-07,-0.0068829044
7.323414e-07,-0.0069037282
7.324414e-07,-0.0069417854
7.325414e-07,-0.0069855871
7.326414e-07,-0.0070207721
7.327414e-07,-0.0070372875
7.328414e-07,-0.0070351333
7.329414e-07,-0.0070214901
7.330414e-07,-0.0070092831
7.331414e-07,-0.0070071289
7.332414e-07,-0.0070186179
7.333414e-07,-0.0070372875
7.334414e-07,-0.007055239
7.335414e-07,-0.0070645738
7.336414e-07,-0.0070631376
7.337414e-07,-0.0070538028
7.338414e-07,-0.00704375
7.339414e-07,-0.0070380055
7.340414e-07,-0.0070387236
7.341414e-07,-0.0070415958
7.342414e-07,-0.00704375
7.343414e-07,-0.0070423139
7.344414e-07,-0.0070394416
7.345414e-07,-0.0070387236
7.346414e-07,-0.00704375
7.347414e-07,-0.007055957
7.348414e-07,-0.0070703182
7.349414e-07,-0.007079653
7.350414e-07,-0.0070782169
7.351414e-07,-0.0070652918
7.352414e-07,-0.0070451861
7.353414e-07,-0.0070279527
7.354414e-07,-0.0070207721
7.355414e-07,-0.0070272346
7.356414e-07,-0.0070430319
7.357414e-07,-0.0070595473
7.358414e-07,-0.0070667279
7.359414e-07,-0.0070609835
7.360414e-07,-0.00704375
7.361414e-07,-0.0070236443
7.362414e-07,-0.0070092831
7.363414e-07,-0.0070049747
7.364414e-07,-0.0070107192
7.365414e-07,-0.0070178998
7.366414e-07,-0.0070207721
7.367414e-07,-0.0070143095
7.368414e-07,-0.0070021025
7.369414e-07,-0.0069898955
7.370414e-07,-0.0069863051
7.371414e-07,-0.0069956399
7.372414e-07,-0.0070157456
7.373414e-07,-0.0070380055
7.374414e-07,-0.007055239
7.375414e-07,-0.0070609835
7.376414e-07,-0.007055957
7.377414e-07,-0.0070473403
7.378414e-07,-0.00704375
7.379414e-07,-0.0070509306
7.380414e-07,-0.0070688821
7.381414e-07,-0.0070918601
7.382414e-07,-0.0071126838
7.383414e-07,-0.0071248909
7.384414e-07,-0.0071256089
7.385414e-07,-0.0071198644
7.386414e-07,-0.0071126838
7.387414e-07,-0.0071083755
7.388414e-07,-0.0071090935
7.389414e-07,-0.0071112477
7.390414e-07,-0.0071126838
7.391414e-07,-0.0071098116
7.392414e-07,-0.0071047852
7.393414e-07,-0.0071004768
7.394414e-07,-0.0071011949
7.395414e-07,-0.0071083755
7.396414e-07,-0.0071205825
7.397414e-07,-0.0071313534
7.398414e-07,-0.0071356618
7.399414e-07,-0.0071299173
7.400414e-07,-0.0071155561
7.401414e-07,-0.0070968865
7.402414e-07,-0.0070782169
7.403414e-07,-0.0070645738
7.404414e-07,-0.007055239
7.405414e-07,-0.0070494945
7.406414e-07,-0.00704375
7.407414e-07,-0.0070365694
7.408414e-07,-0.0070293888
7.409414e-07,-0.0070236443
7.410414e-07,-0.0070207721
7.411414e-07,-0.007020054
7.412414e-07,-0.0070171818
7.413414e-07,-0.0070107192
7.414414e-07,-0.0069977941
7.415414e-07,-0.0069812787
7.416414e-07,-0.0069661994
7.417414e-07,-0.0069597369
7.418414e-07,-0.0069633272
7.419414e-07,-0.0069762523
7.420414e-07,-0.0069906135
7.421414e-07,-0.0069999483
7.422414e-07,-0.0069977941
7.423414e-07,-0.006984151
7.424414e-07,-0.0069654814
7.425414e-07,-0.006948966
7.426414e-07,-0.0069403493
7.427414e-07,-0.0069403493
7.428414e-07,-0.0069453757
7.429414e-07,-0.0069468118
7.430414e-07,-0.0069403493
7.431414e-07,-0.0069267061
7.432414e-07,-0.0069109088
7.433414e-07,-0.006902292
7.434414e-07,-0.0069058824
7.435414e-07,-0.0069216797
7.436414e-07,-0.0069432215
7.437414e-07,-0.0069597369
7.438414e-07,-0.0069633272
7.439414e-07,-0.0069532744
7.440414e-07,-0.0069353228
7.441414e-07,-0.0069202436
7.442414e-07,-0.0069173713
7.443414e-07,-0.0069288603
7.444414e-07,-0.006948966
7.445414e-07,-0.0069676356
7.446414e-07,-0.0069748162
7.447414e-07,-0.0069661994
7.448414e-07,-0.0069446576
7.449414e-07,-0.0069216797
7.450414e-07,-0.0069058824
7.451414e-07,-0.0069030101
7.452414e-07,-0.0069094727
7.453414e-07,-0.0069180894
7.454414e-07,-0.0069173713
7.455414e-07,-0.0069037282
7.456414e-07,-0.0068793141
7.457414e-07,-0.0068534639
7.458414e-07,-0.0068369485
7.459414e-07,-0.0068376666
7.460414e-07,-0.0068549
7.461414e-07,-0.0068807502
7.462414e-07,-0.0069058824
7.463414e-07,-0.0069216797
7.464414e-07,-0.0069259881
7.465414e-07,-0.0069216797
7.466414e-07,-0.0069173713
7.467414e-07,-0.0069173713
7.468414e-07,-0.0069238339
7.469414e-07,-0.0069331687
7.470414e-07,-0.0069403493
7.471414e-07,-0.0069417854
7.472414e-07,-0.006937477
7.473414e-07,-0.0069317325
7.474414e-07,-0.0069288603
7.475414e-07,-0.0069317325
7.476414e-07,-0.0069403493
7.477414e-07,-0.0069482479
7.478414e-07,-0.0069518382
7.479414e-07,-0.0069482479
7.480414e-07,-0.0069389131
7.481414e-07,-0.0069310145
7.482414e-07,-0.0069288603
7.483414e-07,-0.006937477
7.484414e-07,-0.0069547105
7.485414e-07,-0.0069769704
7.486414e-07,-0.0069977941
7.487414e-07,-0.0070128734
7.488414e-07,-0.0070222082
7.489414e-07,-0.0070279527
7.490414e-07,-0.007032261
7.491414e-07,-0.0070372875
7.492414e-07,-0.0070423139
7.493414e-07,-0.0070451861
7.494414e-07,-0.00704375
7.495414e-07,-0.0070401597
7.496414e-07,-0.0070380055
7.497414e-07,-0.0070423139
7.498414e-07,-0.007055239
7.499414e-07,-0.0070731905
7.500414e-07,-0.0070882698
7.501414e-07,-0.0070918601
7.502414e-07,-0.0070782169
7.503414e-07,-0.0070487764
7.504414e-07,-0.0070121553
7.505414e-07,-0.0069805607
7.506414e-07,-0.0069633272
7.507414e-07,-0.0069647633
7.508414e-07,-0.0069805607
7.509414e-07,-0.0069992302
7.510414e-07,-0.0070092831
7.511414e-07,-0.0070049747
7.512414e-07,-0.0069863051
7.513414e-07,-0.0069618911
7.514414e-07,-0.0069403493
7.515414e-07,-0.0069295784
7.516414e-07,-0.0069295784
7.517414e-07,-0.0069353228
7.518414e-07,-0.0069403493
7.519414e-07,-0.0069389131
7.520414e-07,-0.0069295784
7.521414e-07,-0.0069166533
7.522414e-07,-0.0069058824
7.523414e-07,-0.0069001379
7.524414e-07,-0.0068987017
7.525414e-07,-0.0068987017
7.526414e-07,-0.0068943934
7.527414e-07,-0.0068850586
7.528414e-07,-0.0068721335
7.529414e-07,-0.0068620807
7.530414e-07,-0.0068599265
7.531414e-07,-0.0068685432
7.532414e-07,-0.0068857767
7.533414e-07,-0.0069044462
7.534414e-07,-0.0069173713
7.535414e-07,-0.0069202436
7.536414e-07,-0.006913781
7.537414e-07,-0.0069030101
7.538414e-07,-0.0068943934
7.539414e-07,-0.0068922392
7.540414e-07,-0.0068979837
7.541414e-07,-0.0069080365
7.542414e-07,-0.0069173713
7.543414e-07,-0.0069216797
7.544414e-07,-0.0069202436
7.545414e-07,-0.006913781
7.546414e-07,-0.0069058824
7.547414e-07,-0.0068987017
7.548414e-07,-0.0068922392
7.549414e-07,-0.0068864947
7.550414e-07,-0.0068829044
7.551414e-07,-0.0068829044
7.552414e-07,-0.006889367
7.553414e-07,-0.0069051643
7.554414e-07,-0.0069288603
7.555414e-07,-0.0069561466
7.556414e-07,-0.0069791245
7.557414e-07,-0.0069898955
7.558414e-07,-0.0069863051
7.559414e-07,-0.0069705078
7.560414e-07,-0.0069518382
7.561414e-07,-0.0069396312
7.562414e-07,-0.0069403493
7.563414e-07,-0.0069532744
7.564414e-07,-0.0069712259
7.565414e-07,-0.006984869
7.566414e-07,-0.0069863051
7.567414e-07,-0.0069755342
7.568414e-07,-0.0069597369
7.569414e-07,-0.006948966
7.570414e-07,-0.0069518382
7.571414e-07,-0.0069697898
7.572414e-07,-0.006996358
7.573414e-07,-0.0070207721
7.574414e-07,-0.007032261
7.575414e-07,-0.0070272346
7.576414e-07,-0.0070092831
7.577414e-07,-0.0069884593
7.578414e-07,-0.0069748162
7.579414e-07,-0.0069748162
7.580414e-07,-0.0069884593
7.581414e-07,-0.0070100011
7.582414e-07,-0.007032261
7.583414e-07,-0.0070502125
7.584414e-07,-0.0070638557
7.585414e-07,-0.0070760627
7.586414e-07,-0.0070897059
7.587414e-07,-0.0071040671
7.588414e-07,-0.007114838
7.589414e-07,-0.007114838
7.590414e-07,-0.0071011949
7.591414e-07,-0.0070753447
7.592414e-07,-0.0070466222
7.593414e-07,-0.0070257985
7.594414e-07,-0.0070207721
7.595414e-07,-0.0070336972
7.596414e-07,-0.0070573932
7.597414e-07,-0.007079653
7.598414e-07,-0.0070897059
7.599414e-07,-0.0070832433
7.600414e-07,-0.0070645738
7.601414e-07,-0.00704375
7.602414e-07,-0.007032261
7.603414e-07,-0.0070344152
7.604414e-07,-0.0070473403
7.605414e-07,-0.0070617015
7.606414e-07,-0.0070667279
7.607414e-07,-0.007055957
7.608414e-07,-0.0070308249
7.609414e-07,-0.0070006664
7.610414e-07,-0.0069748162
7.611414e-07,-0.0069618911
7.612414e-07,-0.006961173
7.613414e-07,-0.0069683536
7.614414e-07,-0.0069748162
7.615414e-07,-0.0069755342
7.616414e-07,-0.0069697898
7.617414e-07,-0.0069640453
7.618414e-07,-0.0069633272
7.619414e-07,-0.006972662
7.620414e-07,-0.0069891774
7.621414e-07,-0.007007847
7.622414e-07,-0.0070207721
7.623414e-07,-0.0070222082
7.624414e-07,-0.0070135915
7.625414e-07,-0.0069992302
7.626414e-07,-0.0069863051
7.627414e-07,-0.0069798426
7.628414e-07,-0.0069798426
7.629414e-07,-0.0069834329
7.630414e-07,-0.0069863051
7.631414e-07,-0.0069863051
7.632414e-07,-0.0069863051
7.633414e-07,-0.0069884593
7.634414e-07,-0.0069977941
7.635414e-07,-0.0070128734
7.636414e-07,-0.0070279527
7.637414e-07,-0.0070365694
7.638414e-07,-0.007032261
7.639414e-07,-0.0070143095
7.640414e-07,-0.0069898955
7.641414e-07,-0.0069697898
7.642414e-07,-0.0069633272
7.643414e-07,-0.0069762523
7.644414e-07,-0.0070042567
7.645414e-07,-0.0070380055
7.646414e-07,-0.0070667279
7.647414e-07,-0.0070818072
7.648414e-07,-0.0070825253
7.649414e-07,-0.0070746266
7.650414e-07,-0.0070667279
7.651414e-07,-0.0070645738
7.652414e-07,-0.0070710363
7.653414e-07,-0.0070810892
7.654414e-07,-0.0070897059
7.655414e-07,-0.0070918601
7.656414e-07,-0.0070861156
7.657414e-07,-0.0070767808
7.658414e-07,-0.0070667279
7.659414e-07,-0.0070602654
7.660414e-07,-0.0070581112
7.661414e-07,-0.0070573932
7.662414e-07,-0.007055239
7.663414e-07,-0.0070502125
7.664414e-07,-0.00704375
7.665414e-07,-0.0070401597
7.666414e-07,-0.00704375
7.667414e-07,-0.0070530848
7.668414e-07,-0.0070645738
7.669414e-07,-0.0070710363
7.670414e-07,-0.0070667279
7.671414e-07,-0.0070494945
7.672414e-07,-0.0070222082
7.673414e-07,-0.0069949219
7.674414e-07,-0.0069748162
7.675414e-07,-0.0069669175
7.676414e-07,-0.0069705078
7.677414e-07,-0.0069791245
7.678414e-07,-0.0069863051
7.679414e-07,-0.0069863051
7.680414e-07,-0.0069791245
7.681414e-07,-0.0069697898
7.682414e-07,-0.0069633272
7.683414e-07,-0.0069647633
7.684414e-07,-0.0069733801
7.685414e-07,-0.0069863051
7.686414e-07,-0.0069977941
7.687414e-07,-0.0070035386
7.688414e-07,-0.0070035386
7.689414e-07,-0.0069999483
7.690414e-07,-0.0069977941
7.691414e-07,-0.0069999483
7.692414e-07,-0.007008565
7.693414e-07,-0.007020054
7.694414e-07,-0.007032261
7.695414e-07,-0.00704375
7.696414e-07,-0.0070545209
7.697414e-07,-0.0070652918
7.698414e-07,-0.0070782169
7.699414e-07,-0.0070918601
7.700414e-07,-0.007102631
7.701414e-07,-0.0071062213
7.702414e-07,-0.0071011949
7.703414e-07,-0.0070875517
7.704414e-07,-0.0070696002
7.705414e-07,-0.0070530848
7.706414e-07,-0.00704375
7.707414e-07,-0.0070430319
7.708414e-07,-0.0070473403
7.709414e-07,-0.0070530848
7.710414e-07,-0.007055239
7.711414e-07,-0.0070523667
7.712414e-07,-0.0070473403
7.713414e-07,-0.0070430319
7.714414e-07,-0.00704375
7.715414e-07,-0.0070487764
7.716414e-07,-0.007055957
7.717414e-07,-0.0070588293
7.718414e-07,-0.007055239
7.719414e-07,-0.0070451861
7.720414e-07,-0.007032261
7.721414e-07,-0.0070229262
7.722414e-07,-0.0070207721
7.723414e-07,-0.0070257985
7.724414e-07,-0.0070351333
7.725414e-07,-0.0070423139
7.726414e-07,-0.00704375
7.727414e-07,-0.0070408778
7.728414e-07,-0.0070387236
7.729414e-07,-0.0070423139
7.730414e-07,-0.007055239
7.731414e-07,-0.0070746266
7.732414e-07,-0.0070940142
7.733414e-07,-0.0071047852
7.734414e-07,-0.0071011949
7.735414e-07,-0.0070853975
7.736414e-07,-0.0070660099
7.737414e-07,-0.0070530848
7.738414e-07,-0.007055239
7.739414e-07,-0.0070724724
7.740414e-07,-0.0070990407
7.741414e-07,-0.0071227367
7.742414e-07,-0.0071356618
7.743414e-07,-0.0071335076
7.744414e-07,-0.0071213006
7.745414e-07,-0.0071076574
7.746414e-07,-0.0071011949
7.747414e-07,-0.0071062213
7.748414e-07,-0.0071184283
7.749414e-07,-0.0071313534
7.750414e-07,-0.0071356618
7.751414e-07,-0.0071299173
7.752414e-07,-0.0071169922
7.753414e-07,-0.0071047852
7.754414e-07,-0.0071011949
7.755414e-07,-0.0071076574
7.756414e-07,-0.0071191464
7.757414e-07,-0.007127045
7.758414e-07,-0.0071241728
7.759414e-07,-0.0071076574
7.760414e-07,-0.0070825253
7.761414e-07,-0.0070581112
7.762414e-07,-0.00704375
7.763414e-07,-0.0070430319
7.764414e-07,-0.0070509306
7.765414e-07,-0.0070581112
7.766414e-07,-0.007055239
7.767414e-07,-0.0070372875
7.768414e-07,-0.007007847
7.769414e-07,-0.0069755342
7.770414e-07,-0.0069518382
7.771414e-07,-0.0069425034
7.772414e-07,-0.0069460937
7.773414e-07,-0.0069561466
7.774414e-07,-0.0069633272
7.775414e-07,-0.0069618911
7.776414e-07,-0.0069518382
7.777414e-07,-0.0069389131
7.778414e-07,-0.0069288603
7.779414e-07,-0.0069245519
7.780414e-07,-0.0069238339
7.781414e-07,-0.0069195255
7.782414e-07,-0.0069058824
7.783414e-07,-0.0068800322
7.784414e-07,-0.0068462833
7.785414e-07,-0.0068132525
7.786414e-07,-0.0067909926
7.787414e-07,-0.006783094
7.788414e-07,-0.0067881204
7.789414e-07,-0.0067974552
7.790414e-07,-0.0068024816
7.791414e-07,-0.0067967371
7.792414e-07,-0.0067802217
7.793414e-07,-0.006760116
7.794414e-07,-0.0067450368
7.795414e-07,-0.0067400103
7.796414e-07,-0.0067457548
7.797414e-07,-0.0067572438
7.798414e-07,-0.0067680147
7.799414e-07,-0.0067723231
7.800414e-07,-0.0067701689
7.801414e-07,-0.0067629883
7.802414e-07,-0.0067565257
7.803414e-07,-0.0067522174
7.804414e-07,-0.0067486271
7.805414e-07,-0.0067436006
7.806414e-07,-0.0067335478
7.807414e-07,-0.0067199046
7.808414e-07,-0.0067069795
7.809414e-07,-0.0067019531
7.810414e-07,-0.0067105699
7.811414e-07,-0.0067321117
7.812414e-07,-0.0067615522
7.813414e-07,-0.0067881204
7.814414e-07,-0.0068024816
7.815414e-07,-0.0067996094
7.816414e-07,-0.0067823759
7.817414e-07,-0.0067572438
7.818414e-07,-0.0067335478
7.819414e-07,-0.0067170324
7.820414e-07,-0.0067098518
7.821414e-07,-0.0067091337
7.822414e-07,-0.0067105699
7.823414e-07,-0.006712724
7.824414e-07,-0.0067177505
7.825414e-07,-0.0067278033
7.826414e-07,-0.0067450368
7.827414e-07,-0.0067672966
7.828414e-07,-0.0067866843
7.829414e-07,-0.0067967371
7.830414e-07,-0.0067909926
7.831414e-07,-0.0067701689
7.832414e-07,-0.0067428826
7.833414e-07,-0.0067191866
7.834414e-07,-0.0067105699
7.835414e-07,-0.0067199046
7.836414e-07,-0.0067428826
7.837414e-07,-0.0067701689
7.838414e-07,-0.0067909926
7.839414e-07,-0.0067996094
7.840414e-07,-0.0067974552
