LECROYHDO6104B,11090,Waveform
Segments,1,SegmentSize,5002
Segment,TrigTime,TimeSinceSegment1
#1,04-May-2026 18:24:58,0                 
Time,Ampl
-3.706979e-08,-0.0058565947
-3.696979e-08,-0.0058443876
-3.686979e-08,-0.0058314625
-3.676979e-08,-0.005825
-3.666979e-08,-0.0058285903
-3.656979e-08,-0.0058400793
-3.646979e-08,-0.0058530044
-3.636979e-08,-0.0058594669
-3.626979e-08,-0.0058573127
-3.616979e-08,-0.0058479779
-3.606979e-08,-0.0058386432
-3.596979e-08,-0.005836489
-3.586979e-08,-0.0058436696
-3.576979e-08,-0.0058565947
-3.566979e-08,-0.0058680836
-3.556979e-08,-0.0058709559
-3.546979e-08,-0.0058623392
-3.536979e-08,-0.0058465418
-3.526979e-08,-0.0058314625
-3.516979e-08,-0.005825
-3.506979e-08,-0.0058300264
-3.496979e-08,-0.0058436696
-3.486979e-08,-0.0058558766
-3.476979e-08,-0.0058594669
-3.466979e-08,-0.0058494141
-3.456979e-08,-0.0058285903
-3.446979e-08,-0.0058056124
-3.436979e-08,-0.0057905331
-3.426979e-08,-0.005789097
-3.416979e-08,-0.005801304
-3.406979e-08,-0.0058199736
-3.396979e-08,-0.005836489
-3.386979e-08,-0.0058451057
-3.376979e-08,-0.0058451057
-3.366979e-08,-0.0058400793
-3.356979e-08,-0.005836489
-3.346979e-08,-0.0058379251
-3.336979e-08,-0.0058415154
-3.326979e-08,-0.0058436696
-3.316979e-08,-0.005836489
-3.306979e-08,-0.0058178194
-3.296979e-08,-0.005789097
-3.286979e-08,-0.0057582204
-3.276979e-08,-0.0057330882
-3.266979e-08,-0.005718009
-3.256979e-08,-0.0057129825
-3.246979e-08,-0.0057122645
-3.236979e-08,-0.0057101103
-3.226979e-08,-0.0057022116
-3.216979e-08,-0.0056900046
-3.206979e-08,-0.0056792337
-3.196979e-08,-0.0056756434
-3.186979e-08,-0.005682824
-3.176979e-08,-0.0056979033
-3.166979e-08,-0.0057137006
-3.156979e-08,-0.0057215993
-3.146979e-08,-0.0057158548
-3.136979e-08,-0.0056957491
-3.126979e-08,-0.0056677447
-3.116979e-08,-0.0056411765
-3.106979e-08,-0.005623225
-3.096979e-08,-0.0056174805
-3.086979e-08,-0.0056210708
-3.076979e-08,-0.0056296875
-3.066979e-08,-0.0056368681
-3.056979e-08,-0.0056404584
-3.046979e-08,-0.0056411765
-3.036979e-08,-0.0056411765
-3.026979e-08,-0.0056440487
-3.016979e-08,-0.0056483571
-3.006979e-08,-0.0056526654
-2.996979e-08,-0.0056526654
-2.986979e-08,-0.005646921
-2.976979e-08,-0.0056368681
-2.966979e-08,-0.0056253791
-2.956979e-08,-0.0056181985
-2.946979e-08,-0.0056174805
-2.936979e-08,-0.0056217888
-2.926979e-08,-0.0056275333
-2.916979e-08,-0.0056296875
-2.906979e-08,-0.0056246611
-2.896979e-08,-0.0056131721
-2.886979e-08,-0.0056016831
-2.876979e-08,-0.0055952206
-2.866979e-08,-0.005600247
-2.856979e-08,-0.0056167624
-2.846979e-08,-0.0056404584
-2.836979e-08,-0.0056641544
-2.826979e-08,-0.0056792337
-2.816979e-08,-0.0056799517
-2.806979e-08,-0.0056663086
-2.796979e-08,-0.0056411765
-2.786979e-08,-0.005611736
-2.776979e-08,-0.0055858858
-2.766979e-08,-0.0055679343
-2.756979e-08,-0.0055607537
-2.746979e-08,-0.005564344
-2.736979e-08,-0.005576551
-2.726979e-08,-0.0055923483
-2.716979e-08,-0.0056067096
-2.706979e-08,-0.0056146082
-2.696979e-08,-0.0056131721
-2.686979e-08,-0.0056016831
-2.676979e-08,-0.0055837316
-2.666979e-08,-0.005564344
-2.656979e-08,-0.0055499828
-2.646979e-08,-0.0055449563
-2.636979e-08,-0.0055492647
-2.626979e-08,-0.0055593176
-2.616979e-08,-0.0055679343
-2.606979e-08,-0.0055693704
-2.596979e-08,-0.0055607537
-2.586979e-08,-0.0055442383
-2.576979e-08,-0.0055270048
-2.566979e-08,-0.0055155159
-2.556979e-08,-0.0055147978
-2.546979e-08,-0.0055255687
-2.536979e-08,-0.0055428022
-2.526979e-08,-0.0055607537
-2.516979e-08,-0.0055722426
-2.506979e-08,-0.005576551
-2.496979e-08,-0.0055743968
-2.486979e-08,-0.0055722426
-2.476979e-08,-0.0055722426
-2.466979e-08,-0.0055772691
-2.456979e-08,-0.0055844497
-2.446979e-08,-0.0055909122
-2.436979e-08,-0.0055952206
-2.426979e-08,-0.0055966567
-2.416979e-08,-0.0055988109
-2.406979e-08,-0.0056059915
-2.396979e-08,-0.0056181985
-2.386979e-08,-0.0056339959
-2.376979e-08,-0.0056462029
-2.366979e-08,-0.0056497932
-2.356979e-08,-0.0056411765
-2.346979e-08,-0.0056225069
-2.336979e-08,-0.0056009651
-2.326979e-08,-0.0055858858
-2.316979e-08,-0.0055837316
-2.306979e-08,-0.0055945025
-2.296979e-08,-0.0056138902
-2.286979e-08,-0.0056318417
-2.276979e-08,-0.0056411765
-2.266979e-08,-0.0056404584
-2.256979e-08,-0.0056332778
-2.246979e-08,-0.0056268153
-2.236979e-08,-0.0056296875
-2.226979e-08,-0.0056440487
-2.216979e-08,-0.0056670267
-2.206979e-08,-0.0056914407
-2.196979e-08,-0.0057101103
-2.186979e-08,-0.0057194451
-2.176979e-08,-0.0057215993
-2.166979e-08,-0.0057208812
-2.156979e-08,-0.0057215993
-2.146979e-08,-0.0057273438
-2.136979e-08,-0.0057352424
-2.126979e-08,-0.005741705
-2.116979e-08,-0.0057445772
-2.106979e-08,-0.0057431411
-2.096979e-08,-0.005741705
-2.086979e-08,-0.0057452953
-2.076979e-08,-0.0057560662
-2.066979e-08,-0.0057725816
-2.056979e-08,-0.0057869428
-2.046979e-08,-0.0057905331
-2.036979e-08,-0.0057790441
-2.026979e-08,-0.005753912
-2.016979e-08,-0.0057251896
-2.006979e-08,-0.0057036477
-1.996979e-08,-0.0056986213
-1.986979e-08,-0.0057115464
-1.976979e-08,-0.0057359605
-1.966979e-08,-0.0057582204
-1.956979e-08,-0.0057675551
-1.946979e-08,-0.0057575023
-1.936979e-08,-0.0057323702
-1.926979e-08,-0.0057014936
-1.916979e-08,-0.0056756434
-1.906979e-08,-0.0056627183
-1.896979e-08,-0.0056605641
-1.886979e-08,-0.0056641544
-1.876979e-08,-0.0056641544
-1.866979e-08,-0.0056555377
-1.856979e-08,-0.0056390223
-1.846979e-08,-0.0056203527
-1.836979e-08,-0.0056067096
-1.826979e-08,-0.0056024012
-1.816979e-08,-0.0056067096
-1.806979e-08,-0.0056146082
-1.796979e-08,-0.0056181985
-1.786979e-08,-0.0056153263
-1.776979e-08,-0.0056074276
-1.766979e-08,-0.0055988109
-1.756979e-08,-0.0055952206
-1.746979e-08,-0.0055973748
-1.736979e-08,-0.0056016831
-1.726979e-08,-0.0056024012
-1.716979e-08,-0.0055952206
-1.706979e-08,-0.0055801413
-1.696979e-08,-0.0055614717
-1.686979e-08,-0.0055492647
-1.676979e-08,-0.0055492647
-1.666979e-08,-0.0055629079
-1.656979e-08,-0.0055851677
-1.646979e-08,-0.0056067096
-1.636979e-08,-0.0056181985
-1.626979e-08,-0.0056167624
-1.616979e-08,-0.0056067096
-1.606979e-08,-0.0055959386
-1.596979e-08,-0.0055952206
-1.586979e-08,-0.0056074276
-1.576979e-08,-0.0056304056
-1.566979e-08,-0.0056562557
-1.556979e-08,-0.0056756434
-1.546979e-08,-0.0056842601
-1.536979e-08,-0.005682824
-1.526979e-08,-0.0056777976
-1.516979e-08,-0.0056756434
-1.506979e-08,-0.0056806698
-1.496979e-08,-0.0056907227
-1.486979e-08,-0.0057022116
-1.476979e-08,-0.0057101103
-1.466979e-08,-0.0057144187
-1.456979e-08,-0.005718009
-1.446979e-08,-0.0057266257
-1.436979e-08,-0.0057445772
-1.426979e-08,-0.0057697093
-1.416979e-08,-0.0057941234
-1.406979e-08,-0.0058070485
-1.396979e-08,-0.0058020221
-1.386979e-08,-0.0057783261
-1.376979e-08,-0.0057445772
-1.366979e-08,-0.0057144187
-1.356979e-08,-0.0056986213
-1.346979e-08,-0.0057022116
-1.336979e-08,-0.0057208812
-1.326979e-08,-0.005742423
-1.316979e-08,-0.0057560662
-1.306979e-08,-0.0057546301
-1.296979e-08,-0.0057395508
-1.286979e-08,-0.0057215993
-1.276979e-08,-0.0057101103
-1.266979e-08,-0.0057115464
-1.256979e-08,-0.0057237534
-1.246979e-08,-0.0057381147
-1.236979e-08,-0.0057445772
-1.226979e-08,-0.0057366785
-1.216979e-08,-0.0057165728
-1.206979e-08,-0.0056928768
-1.196979e-08,-0.0056756434
-1.186979e-08,-0.0056734892
-1.176979e-08,-0.0056856962
-1.166979e-08,-0.0057050839
-1.156979e-08,-0.0057215993
-1.146979e-08,-0.0057273438
-1.136979e-08,-0.0057208812
-1.126979e-08,-0.0057079561
-1.116979e-08,-0.0056986213
-1.106979e-08,-0.0057007755
-1.096979e-08,-0.0057172909
-1.086979e-08,-0.005742423
-1.076979e-08,-0.0057675551
-1.066979e-08,-0.0057833525
-1.056979e-08,-0.0057869428
-1.046979e-08,-0.0057790441
-1.036979e-08,-0.0057675551
-1.026979e-08,-0.0057603745
-1.016979e-08,-0.0057625287
-1.006979e-08,-0.0057732996
-9.969791e-09,-0.0057905331
-9.869791e-09,-0.0058070485
-9.769791e-09,-0.0058192555
-9.669791e-09,-0.0058242819
-9.569791e-09,-0.005825
-9.469791e-09,-0.0058228458
-9.369791e-09,-0.0058192555
-9.269791e-09,-0.0058163833
-9.169791e-09,-0.005813511
-9.069791e-09,-0.0058106388
-8.969791e-09,-0.0058092027
-8.869791e-09,-0.0058099207
-8.769791e-09,-0.005813511
-8.669791e-09,-0.0058185375
-8.569791e-09,-0.0058221278
-8.469791e-09,-0.0058214097
-8.369791e-09,-0.005813511
-8.269791e-09,-0.0057991498
-8.169791e-09,-0.0057804802
-8.069791e-09,-0.0057610926
-7.969791e-09,-0.0057445772
-7.869791e-09,-0.0057309341
-7.769791e-09,-0.005718727
-7.669791e-09,-0.0057043658
-7.569791e-09,-0.0056871324
-7.469791e-09,-0.0056670267
-7.369791e-09,-0.005646921
-7.269791e-09,-0.0056304056
-7.169791e-09,-0.0056181985
-7.069791e-09,-0.0056088637
-6.969791e-09,-0.0055966567
-6.869791e-09,-0.0055779871
-6.769791e-09,-0.0055492647
-6.669791e-09,-0.0055140797
-6.569791e-09,-0.0054781767
-6.469791e-09,-0.0054508904
-6.369791e-09,-0.005434375
-6.269791e-09,-0.0054279125
-6.169791e-09,-0.0054250402
-6.069791e-09,-0.0054142693
-5.969791e-09,-0.0053884191
-5.869791e-09,-0.0053453355
-5.769791e-09,-0.0052893267
-5.669791e-09,-0.0052290097
-5.569791e-09,-0.0051701287
-5.469791e-09,-0.0051162741
-5.369791e-09,-0.0050624196
-5.269791e-09,-0.0050028205
-5.169791e-09,-0.0049288603
-5.069791e-09,-0.0048376666
-4.969791e-09,-0.0047335478
-4.869791e-09,-0.0046229665
-4.769791e-09,-0.0045152574
-4.669791e-09,-0.0044147289
-4.569791e-09,-0.0043199449
-4.469791e-09,-0.0042258789
-4.369791e-09,-0.0041246324
-4.269791e-09,-0.0040118968
-4.169791e-09,-0.0038869543
-4.069791e-09,-0.0037548311
-3.969791e-09,-0.0036191176
-3.869791e-09,-0.0034841222
-3.769791e-09,-0.003350563
-3.669791e-09,-0.0032162856
-3.569791e-09,-0.003079136
-3.469791e-09,-0.0029391142
-3.369791e-09,-0.0027998104
-3.269791e-09,-0.002664815
-3.169791e-09,-0.0025391544
-3.069791e-09,-0.0024213925
-2.969791e-09,-0.0023079389
-2.869791e-09,-0.0021916131
-2.769791e-09,-0.0020681066
-2.669791e-09,-0.0019359835
-2.569791e-09,-0.0017995519
-2.469791e-09,-0.0016624023
-2.369791e-09,-0.001528125
-2.269791e-09,-0.0013967199
-2.169791e-09,-0.0012617245
-2.069791e-09,-0.0011159582
-1.969791e-09,-0.00095367647
-1.869791e-09,-0.00077416131
-1.769791e-09,-0.00058315717
-1.669791e-09,-0.00038856273
-1.569791e-09,-0.00019540441
-1.469791e-09,-5.1183364e-06
-1.369791e-09,0.00018803998
-1.269791e-09,0.00039340533
-1.169791e-09,0.0006203125
-1.069791e-09,0.00087163373
-9.697913e-10,0.0011452148
-8.697913e-10,0.0014353114
-7.697913e-10,0.0017347426
-6.697913e-10,0.0020413545
-5.697913e-10,0.0023573012
-4.697913e-10,0.0026868911
-3.697913e-10,0.0030329963
-2.697913e-10,0.0033948989
-1.697913e-10,0.0037661363
-6.97913e-11,0.0041373736
3.02087e-11,0.0045035846
1.302087e-10,0.004864051
2.302087e-10,0.0052252355
3.302087e-10,0.0055964729
4.302087e-10,0.0059856618
5.302087e-10,0.0063928022
6.302087e-10,0.0068121496
7.302087e-10,0.007231497
8.302087e-10,0.0076400735
9.302087e-10,0.0080335708
1.030209e-09,0.008414861
1.130209e-09,0.0087904067
1.230209e-09,0.0091681066
1.330209e-09,0.0095501149
1.430209e-09,0.0099321232
1.530209e-09,0.010304797
1.630209e-09,0.010661673
1.730209e-09,0.010999161
1.830209e-09,0.011322289
1.930209e-09,0.011640389
2.030209e-09,0.011959926
2.130209e-09,0.012283054
2.230209e-09,0.012603309
2.330209e-09,0.012909203
2.430209e-09,0.013189246
2.530209e-09,0.013439131
2.630209e-09,0.013663166
2.730209e-09,0.013870686
2.830209e-09,0.014073897
2.930209e-09,0.014279262
3.030209e-09,0.014486782
3.130209e-09,0.014689275
3.230209e-09,0.014878125
3.330209e-09,0.015049023
3.430209e-09,0.015202688
3.530209e-09,0.015346301
3.630209e-09,0.01548704
3.730209e-09,0.015629216
3.830209e-09,0.015769238
3.930209e-09,0.015900643
4.030209e-09,0.016015533
4.130209e-09,0.016110317
4.230209e-09,0.016187868
4.330209e-09,0.016256801
4.430209e-09,0.016325735
4.530209e-09,0.016400414
4.630209e-09,0.0164794
4.730209e-09,0.016556233
4.830209e-09,0.016624449
4.930209e-09,0.016679739
5.030209e-09,0.016724259
5.130209e-09,0.016765188
5.230209e-09,0.016808272
5.330209e-09,0.016857818
5.430209e-09,0.016909519
5.530209e-09,0.016956911
5.630209e-09,0.016992096
5.730209e-09,0.017012201
5.830209e-09,0.017022254
5.930209e-09,0.017031589
6.030209e-09,0.01704954
6.130209e-09,0.017083289
6.230209e-09,0.017129963
6.330209e-09,0.017183818
6.430209e-09,0.017233364
6.530209e-09,0.017272139
6.630209e-09,0.017298707
6.730209e-09,0.017318095
6.830209e-09,0.017336765
6.930209e-09,0.017360461
7.030209e-09,0.017389901
7.130209e-09,0.017422214
7.230209e-09,0.017451654
7.330209e-09,0.017476068
7.430209e-09,0.017496174
7.530209e-09,0.017516998
7.630209e-09,0.017543566
7.730209e-09,0.017578751
7.830209e-09,0.017621117
7.930209e-09,0.017664918
8.030209e-09,0.017704412
8.130209e-09,0.017736724
8.230209e-09,0.017763293
8.330209e-09,0.017789143
8.430209e-09,0.017819301
8.530209e-09,0.017855205
8.630209e-09,0.01789398
8.730209e-09,0.017929883
8.830209e-09,0.017957169
8.930209e-09,0.017974403
9.030209e-09,0.017985173
9.130209e-09,0.017996662
9.230209e-09,0.018014614
9.330209e-09,0.0180419
9.430209e-09,0.018076367
9.530209e-09,0.018111552
9.630209e-09,0.018140993
9.730209e-09,0.018161816
9.830209e-09,0.018176178
9.930209e-09,0.018190539
1.003021e-08,0.018209926
1.013021e-08,0.018237213
1.023021e-08,0.018270244
1.033021e-08,0.01830112
1.043021e-08,0.018324816
1.053021e-08,0.018337741
1.063021e-08,0.01834205
1.073021e-08,0.018343486
1.083021e-08,0.018347794
1.093021e-08,0.018357847
1.103021e-08,0.018372208
1.113021e-08,0.018385851
1.123021e-08,0.01839375
1.133021e-08,0.018395904
1.143021e-08,0.018396622
1.153021e-08,0.018401649
1.163021e-08,0.018416728
1.173021e-08,0.018441142
1.183021e-08,0.018470582
1.193021e-08,0.018495715
1.203021e-08,0.01850864
1.213021e-08,0.018507204
1.223021e-08,0.018495715
1.233021e-08,0.018482071
1.243021e-08,0.018474173
1.253021e-08,0.018476327
1.263021e-08,0.018485662
1.273021e-08,0.018494997
1.283021e-08,0.018497151
1.293021e-08,0.018488534
1.303021e-08,0.018471301
1.313021e-08,0.018452631
1.323021e-08,0.018439706
1.333021e-08,0.018435398
1.343021e-08,0.01843827
1.353021e-08,0.01844186
1.363021e-08,0.018439706
1.373021e-08,0.018428217
1.383021e-08,0.018408829
1.393021e-08,0.018388006
1.403021e-08,0.018370772
1.413021e-08,0.018361437
1.423021e-08,0.018357847
1.433021e-08,0.018354975
1.443021e-08,0.018347794
1.453021e-08,0.018334151
1.463021e-08,0.018316918
1.473021e-08,0.018300402
1.483021e-08,0.018290349
1.493021e-08,0.018288195
1.503021e-08,0.018290349
1.513021e-08,0.018292503
1.523021e-08,0.018290349
1.533021e-08,0.018283887
1.543021e-08,0.018278142
1.553021e-08,0.018278142
1.563021e-08,0.018290349
1.573021e-08,0.018313327
1.583021e-08,0.018341332
1.593021e-08,0.018366464
1.603021e-08,0.018382261
1.613021e-08,0.018387287
1.623021e-08,0.018385851
1.633021e-08,0.018385851
1.643021e-08,0.01839375
1.653021e-08,0.018409547
1.663021e-08,0.018427499
1.673021e-08,0.018439706
1.683021e-08,0.018439706
1.693021e-08,0.018428217
1.703021e-08,0.01841242
1.713021e-08,0.018401649
1.723021e-08,0.018405239
1.733021e-08,0.01842319
1.743021e-08,0.018447605
1.753021e-08,0.018468428
1.763021e-08,0.018474173
1.773021e-08,0.018461966
1.783021e-08,0.018437552
1.793021e-08,0.018410983
1.803021e-08,0.01839375
1.813021e-08,0.01839016
1.823021e-08,0.018398058
1.833021e-08,0.018405957
1.843021e-08,0.018405239
1.853021e-08,0.01839016
1.863021e-08,0.018362155
1.873021e-08,0.018329843
1.883021e-08,0.018301838
1.893021e-08,0.018283169
1.903021e-08,0.018273116
1.913021e-08,0.018265935
1.923021e-08,0.018255882
1.933021e-08,0.018240803
1.943021e-08,0.018224288
1.953021e-08,0.018212799
1.963021e-08,0.018209926
1.973021e-08,0.018214953
1.983021e-08,0.018219261
1.993021e-08,0.018212799
2.003021e-08,0.018186949
2.013021e-08,0.018141711
2.023021e-08,0.018084266
2.033021e-08,0.018030411
2.043021e-08,0.017991636
2.053021e-08,0.017974403
2.063021e-08,0.017974403
2.073021e-08,0.017980147
2.083021e-08,0.017980147
2.093021e-08,0.017966504
2.103021e-08,0.017939218
2.113021e-08,0.017906187
2.123021e-08,0.017876746
2.133021e-08,0.017854486
2.143021e-08,0.017838689
2.153021e-08,0.017822174
2.163021e-08,0.017796324
2.173021e-08,0.017758984
2.183021e-08,0.017713747
2.193021e-08,0.017669227
2.203021e-08,0.017635478
2.213021e-08,0.01761609
2.223021e-08,0.017609628
2.233021e-08,0.017607474
2.243021e-08,0.017601011
2.253021e-08,0.017585932
2.263021e-08,0.017563672
2.273021e-08,0.017539258
2.283021e-08,0.017520588
2.293021e-08,0.017508381
2.303021e-08,0.017499046
2.313021e-08,0.017486121
2.323021e-08,0.017463143
2.333021e-08,0.017430831
2.343021e-08,0.017397082
2.353021e-08,0.017370514
2.363021e-08,0.017359743
2.373021e-08,0.017366205
2.383021e-08,0.017382721
2.393021e-08,0.017395646
2.403021e-08,0.01739421
2.413021e-08,0.017374104
2.423021e-08,0.017341791
2.433021e-08,0.017309478
2.443021e-08,0.017290809
2.453021e-08,0.017291527
2.463021e-08,0.017309478
2.473021e-08,0.017332456
2.483021e-08,0.017348254
2.493021e-08,0.017346818
2.503021e-08,0.017329584
2.513021e-08,0.017303016
2.523021e-08,0.01727932
2.533021e-08,0.017267113
2.543021e-08,0.017267113
2.553021e-08,0.017274293
2.563021e-08,0.01727932
2.573021e-08,0.01727573
2.583021e-08,0.017262086
2.593021e-08,0.017241981
2.603021e-08,0.017221875
2.613021e-08,0.017206078
2.623021e-08,0.017195307
2.633021e-08,0.01718669
2.643021e-08,0.017175919
2.653021e-08,0.017161558
2.663021e-08,0.017146479
2.673021e-08,0.017134272
2.683021e-08,0.017129963
2.693021e-08,0.017132117
2.703021e-08,0.017135708
2.713021e-08,0.017133554
2.723021e-08,0.017118474
2.733021e-08,0.01709047
2.743021e-08,0.017056003
2.753021e-08,0.01702369
2.763021e-08,0.017003585
2.773021e-08,0.016997122
2.783021e-08,0.016999994
2.793021e-08,0.01700143
2.803021e-08,0.016992096
2.813021e-08,0.016967682
2.823021e-08,0.016932497
2.833021e-08,0.016895157
2.843021e-08,0.016865717
2.853021e-08,0.016848483
2.863021e-08,0.016840585
2.873021e-08,0.016834122
2.883021e-08,0.016819761
2.893021e-08,0.016791757
2.903021e-08,0.016753699
2.913021e-08,0.016714206
2.923021e-08,0.016681893
2.933021e-08,0.016663942
2.943021e-08,0.016657479
2.953021e-08,0.016655325
2.963021e-08,0.016647426
2.973021e-08,0.016627321
2.983021e-08,0.01659429
2.993021e-08,0.016556233
3.003021e-08,0.016521048
3.013021e-08,0.016495916
3.023021e-08,0.016481554
3.033021e-08,0.016472938
3.043021e-08,0.016463603
3.053021e-08,0.016447088
3.063021e-08,0.016423392
3.073021e-08,0.016396105
3.083021e-08,0.016371691
3.093021e-08,0.016355176
3.103021e-08,0.016347277
3.113021e-08,0.016343687
3.123021e-08,0.016337224
3.133021e-08,0.016324299
3.143021e-08,0.016304912
3.153021e-08,0.016280497
3.163021e-08,0.016256801
3.173021e-08,0.016236696
3.183021e-08,0.01622018
3.193021e-08,0.016205101
3.203021e-08,0.016187868
3.213021e-08,0.016166326
3.223021e-08,0.016141912
3.233021e-08,0.016117498
3.243021e-08,0.016095956
3.253021e-08,0.016077286
3.263021e-08,0.016060053
3.273021e-08,0.016039947
3.283021e-08,0.016015533
3.293021e-08,0.015987529
3.303021e-08,0.015960242
3.313021e-08,0.015937983
3.323021e-08,0.015923621
3.333021e-08,0.015915005
3.343021e-08,0.015904952
3.353021e-08,0.015886282
3.363021e-08,0.015854687
3.373021e-08,0.015811604
3.383021e-08,0.01576493
3.393021e-08,0.015722564
3.403021e-08,0.015693842
3.413021e-08,0.015678763
3.423021e-08,0.015673018
3.433021e-08,0.01566871
3.443021e-08,0.015659375
3.453021e-08,0.015644296
3.463021e-08,0.01562778
3.473021e-08,0.015615573
3.483021e-08,0.015613419
3.493021e-08,0.015619164
3.503021e-08,0.015625626
3.513021e-08,0.015625626
3.523021e-08,0.015613419
3.533021e-08,0.015590441
3.543021e-08,0.015564591
3.553021e-08,0.015546639
3.563021e-08,0.015544485
3.573021e-08,0.015556692
3.583021e-08,0.01557608
3.593021e-08,0.015589723
3.603021e-08,0.015590441
3.613021e-08,0.01557608
3.623021e-08,0.015553102
3.633021e-08,0.015532278
3.643021e-08,0.015521507
3.653021e-08,0.015522225
3.663021e-08,0.015527252
3.673021e-08,0.015525816
3.683021e-08,0.015510018
3.693021e-08,0.015480578
3.703021e-08,0.015445393
3.713021e-08,0.015418107
3.723021e-08,0.015406618
3.733021e-08,0.015412362
3.743021e-08,0.015425287
3.753021e-08,0.015431032
3.763021e-08,0.015418107
3.773021e-08,0.015384358
3.783021e-08,0.015337684
3.793021e-08,0.0152946
3.803021e-08,0.01526875
3.813021e-08,0.015264442
3.823021e-08,0.015275213
3.833021e-08,0.015285983
3.843021e-08,0.015280239
3.853021e-08,0.015250798
3.863021e-08,0.015201252
3.873021e-08,0.015144526
3.883021e-08,0.015096415
3.893021e-08,0.015066257
3.903021e-08,0.015054768
3.913021e-08,0.015053332
3.923021e-08,0.01505046
3.933021e-08,0.015037534
3.943021e-08,0.015013838
3.953021e-08,0.014984398
3.963021e-08,0.014958548
3.973021e-08,0.014939878
3.983021e-08,0.014926235
3.993021e-08,0.014911874
4.003021e-08,0.014889614
4.013021e-08,0.014857301
4.023021e-08,0.014819962
4.033021e-08,0.014786213
4.043021e-08,0.014763235
4.053021e-08,0.014753182
4.063021e-08,0.01475031
4.073021e-08,0.014745284
4.083021e-08,0.014728768
4.093021e-08,0.014700046
4.103021e-08,0.014665579
4.113021e-08,0.014637575
4.123021e-08,0.014625368
4.133021e-08,0.014631112
4.143021e-08,0.014645473
4.153021e-08,0.014656244
4.163021e-08,0.014648346
4.173021e-08,0.014618187
4.183021e-08,0.014571513
4.193021e-08,0.014523403
4.203021e-08,0.0144875
4.213021e-08,0.014472421
4.223021e-08,0.014476011
4.233021e-08,0.014485346
4.243021e-08,0.0144875
4.253021e-08,0.014473857
4.263021e-08,0.014445852
4.273021e-08,0.014411386
4.283021e-08,0.014384099
4.293021e-08,0.014369738
4.303021e-08,0.014367584
4.313021e-08,0.014368302
4.323021e-08,0.014361121
4.333021e-08,0.01433958
4.343021e-08,0.014304395
4.353021e-08,0.014266337
4.363021e-08,0.014234743
4.373021e-08,0.014217509
4.383021e-08,0.014214637
4.393021e-08,0.014216073
4.403021e-08,0.014211765
4.413021e-08,0.014194531
4.423021e-08,0.014164373
4.433021e-08,0.01412847
4.443021e-08,0.014096875
4.453021e-08,0.014076051
4.463021e-08,0.014065998
4.473021e-08,0.014060254
4.483021e-08,0.014050919
4.493021e-08,0.01403225
4.503021e-08,0.014004245
4.513021e-08,0.013973369
4.523021e-08,0.013947518
4.533021e-08,0.013931003
4.543021e-08,0.013923104
4.553021e-08,0.013915924
4.563021e-08,0.013901562
4.573021e-08,0.013874994
4.583021e-08,0.013838373
4.593021e-08,0.013798162
4.603021e-08,0.013763695
4.613021e-08,0.013742153
4.623021e-08,0.013733536
4.633021e-08,0.0137321
4.643021e-08,0.013729228
4.653021e-08,0.013719175
4.663021e-08,0.013699069
4.673021e-08,0.013673937
4.683021e-08,0.013648805
4.693021e-08,0.013627981
4.703021e-08,0.013611466
4.713021e-08,0.013597105
4.723021e-08,0.013579871
4.733021e-08,0.013556893
4.743021e-08,0.013529607
4.753021e-08,0.013500885
4.763021e-08,0.013476471
4.773021e-08,0.013457083
4.783021e-08,0.013442004
4.793021e-08,0.013426206
4.803021e-08,0.013407537
4.813021e-08,0.013385277
4.823021e-08,0.013363735
4.833021e-08,0.01334722
4.843021e-08,0.013338603
4.853021e-08,0.013337167
4.863021e-08,0.013337885
4.873021e-08,0.01333214
4.883021e-08,0.013315625
4.893021e-08,0.013287621
4.903021e-08,0.013253872
4.913021e-08,0.013222277
4.923021e-08,0.013200735
4.933021e-08,0.013189964
4.943021e-08,0.013184938
4.953021e-08,0.013179193
4.963021e-08,0.013166268
4.973021e-08,0.013144009
4.983021e-08,0.01311744
4.993021e-08,0.013092308
5.003021e-08,0.013074357
5.013021e-08,0.013062868
5.023021e-08,0.013052815
5.033021e-08,0.013034863
5.043021e-08,0.013005423
5.053021e-08,0.012965211
5.063021e-08,0.012922128
5.073021e-08,0.012887661
5.083021e-08,0.012867555
5.093021e-08,0.012862529
5.103021e-08,0.012862529
5.113021e-08,0.012856066
5.123021e-08,0.012833088
5.133021e-08,0.012791441
5.143021e-08,0.01273974
5.153021e-08,0.012692348
5.163021e-08,0.012660754
5.173021e-08,0.012651419
5.183021e-08,0.012660754
5.193021e-08,0.012675833
5.203021e-08,0.012683732
5.213021e-08,0.012677269
5.223021e-08,0.012656445
5.233021e-08,0.012628441
5.243021e-08,0.012603309
5.253021e-08,0.012585357
5.263021e-08,0.012574586
5.273021e-08,0.012563097
5.283021e-08,0.012545864
5.293021e-08,0.012518578
5.303021e-08,0.012485547
5.313021e-08,0.012453952
5.323021e-08,0.012430974
5.333021e-08,0.012418767
5.343021e-08,0.012412305
5.353021e-08,0.012404406
5.363021e-08,0.012385018
5.373021e-08,0.012352706
5.383021e-08,0.012313212
5.393021e-08,0.012274437
5.403021e-08,0.012247151
5.413021e-08,0.012234226
5.423021e-08,0.01223279
5.433021e-08,0.012232071
5.443021e-08,0.012224173
5.453021e-08,0.012204785
5.463021e-08,0.012177499
5.473021e-08,0.012150213
5.483021e-08,0.012132261
5.493021e-08,0.012126517
5.503021e-08,0.012127953
5.513021e-08,0.012129389
5.523021e-08,0.012120772
5.533021e-08,0.012099948
5.543021e-08,0.012071944
5.553021e-08,0.012044658
5.563021e-08,0.01202886
5.573021e-08,0.012026706
5.583021e-08,0.012034605
5.593021e-08,0.012042503
5.603021e-08,0.012040349
5.613021e-08,0.012024552
5.623021e-08,0.012000138
5.633021e-08,0.011975006
5.643021e-08,0.011959926
5.653021e-08,0.011957772
5.663021e-08,0.011964235
5.673021e-08,0.011968543
5.683021e-08,0.011959926
5.693021e-08,0.011934076
5.703021e-08,0.011894583
5.713021e-08,0.011852935
5.723021e-08,0.011822059
5.733021e-08,0.011808416
5.743021e-08,0.01181057
5.753021e-08,0.011819187
5.763021e-08,0.011822059
5.773021e-08,0.01181057
5.783021e-08,0.01178472
5.793021e-08,0.011750253
5.803021e-08,0.011718658
5.813021e-08,0.011696398
5.823021e-08,0.011684909
5.833021e-08,0.011679165
5.843021e-08,0.011672702
5.853021e-08,0.011659777
5.863021e-08,0.011641108
5.873021e-08,0.011620284
5.883021e-08,0.011603768
5.893021e-08,0.011595152
5.903021e-08,0.011592279
5.913021e-08,0.011589407
5.923021e-08,0.01158079
5.933021e-08,0.011562121
5.943021e-08,0.011536271
5.953021e-08,0.011509702
5.963021e-08,0.011488879
5.973021e-08,0.011476672
5.983021e-08,0.011471645
5.993021e-08,0.011466619
6.003021e-08,0.011454412
6.013021e-08,0.011432152
6.023021e-08,0.011403429
6.033021e-08,0.011373989
6.043021e-08,0.011351011
6.053021e-08,0.011338086
6.063021e-08,0.01133306
6.073021e-08,0.011328033
6.083021e-08,0.011316544
6.093021e-08,0.011294284
6.103021e-08,0.01126269
6.113021e-08,0.011229659
6.123021e-08,0.011201654
6.133021e-08,0.011182267
6.143021e-08,0.011170778
6.153021e-08,0.011160007
6.163021e-08,0.01114421
6.173021e-08,0.011120514
6.183021e-08,0.011091791
6.193021e-08,0.011063069
6.203021e-08,0.011040809
6.213021e-08,0.011026448
6.223021e-08,0.011017113
6.233021e-08,0.011004906
6.243021e-08,0.010983364
6.253021e-08,0.010951051
6.263021e-08,0.010913712
6.273021e-08,0.010879245
6.283021e-08,0.010856985
6.293021e-08,0.010851959
6.303021e-08,0.010859858
6.313021e-08,0.010872783
6.323021e-08,0.010879963
6.333021e-08,0.010873501
6.343021e-08,0.010851959
6.353021e-08,0.010821082
6.363021e-08,0.010788051
6.373021e-08,0.010758611
6.383021e-08,0.010735633
6.393021e-08,0.010716245
6.403021e-08,0.01069614
6.413021e-08,0.010673162
6.423021e-08,0.01064803
6.433021e-08,0.010624334
6.443021e-08,0.010604228
6.453021e-08,0.010589149
6.463021e-08,0.01057766
6.473021e-08,0.010564735
6.483021e-08,0.010546783
6.493021e-08,0.010523805
6.503021e-08,0.010500109
6.513021e-08,0.010479285
6.523021e-08,0.01046636
6.533021e-08,0.010459898
6.543021e-08,0.010456307
6.553021e-08,0.010448409
6.563021e-08,0.010431893
6.573021e-08,0.010407479
6.583021e-08,0.010381629
6.593021e-08,0.010360805
6.603021e-08,0.010351471
6.613021e-08,0.010352907
6.623021e-08,0.010357215
6.633021e-08,0.010355779
6.643021e-08,0.010339982
6.653021e-08,0.010309105
6.663021e-08,0.010268894
6.673021e-08,0.010230118
6.683021e-08,0.010202114
6.693021e-08,0.010189189
6.703021e-08,0.010187035
6.713021e-08,0.010187035
6.723021e-08,0.010179136
6.733021e-08,0.01015903
6.743021e-08,0.010128872
6.753021e-08,0.010094405
6.763021e-08,0.010064246
6.773021e-08,0.010041268
6.783021e-08,0.010024035
6.793021e-08,0.010006083
6.803021e-08,0.0099838235
6.813021e-08,0.0099551011
6.823021e-08,0.0099235064
6.833021e-08,0.0098969382
6.843021e-08,0.0098804228
6.853021e-08,0.0098753964
6.863021e-08,0.0098753964
6.873021e-08,0.0098718061
6.883021e-08,0.0098574449
6.893021e-08,0.0098308766
6.903021e-08,0.0097978458
6.913021e-08,0.0097691234
6.923021e-08,0.0097540441
6.933021e-08,0.0097554802
6.943021e-08,0.0097684053
6.953021e-08,0.0097827665
6.963021e-08,0.009788511
6.973021e-08,0.0097798943
6.983021e-08,0.0097605067
6.993021e-08,0.0097368107
7.003021e-08,0.0097195772
7.013021e-08,0.0097131147
7.023021e-08,0.0097159869
7.033021e-08,0.0097210133
7.043021e-08,0.0097195772
7.053021e-08,0.0097080882
7.063021e-08,0.0096887006
7.073021e-08,0.0096671588
7.083021e-08,0.0096506434
7.093021e-08,0.0096434628
7.103021e-08,0.0096434628
7.113021e-08,0.0096441808
7.123021e-08,0.0096391544
7.133021e-08,0.0096255113
7.143021e-08,0.0096054056
7.153021e-08,0.0095845818
7.163021e-08,0.0095702206
7.173021e-08,0.00956304
7.183021e-08,0.0095587316
7.193021e-08,0.009551551
7.203021e-08,0.0095357537
7.213021e-08,0.0095106216
7.223021e-08,0.0094811811
7.233021e-08,0.009456767
7.243021e-08,0.0094438419
7.253021e-08,0.0094431239
7.263021e-08,0.0094488683
7.273021e-08,0.0094524586
7.283021e-08,0.0094438419
7.293021e-08,0.0094223001
7.303021e-08,0.0093914235
7.313021e-08,0.0093612649
7.323021e-08,0.0093404412
7.333021e-08,0.0093303883
7.343021e-08,0.0093275161
7.353021e-08,0.0093217716
7.363021e-08,0.0093059743
7.373021e-08,0.0092779699
7.383021e-08,0.009243503
7.393021e-08,0.0092111903
7.403021e-08,0.0091910846
7.413021e-08,0.0091853401
7.423021e-08,0.0091896484
7.433021e-08,0.0091946749
7.443021e-08,0.0091910846
7.453021e-08,0.0091767233
7.463021e-08,0.0091551815
7.473021e-08,0.0091343578
7.483021e-08,0.0091221507
7.493021e-08,0.0091192785
7.503021e-08,0.0091199966
7.513021e-08,0.0091156882
7.523021e-08,0.0090991728
7.533021e-08,0.0090690142
7.543021e-08,0.0090331112
7.553021e-08,0.0090015165
7.563021e-08,0.0089842831
7.573021e-08,0.0089821289
7.583021e-08,0.0089885915
7.593021e-08,0.0089928998
7.603021e-08,0.0089842831
7.613021e-08,0.0089613051
7.623021e-08,0.0089289924
7.633021e-08,0.0088995519
7.643021e-08,0.0088808824
7.653021e-08,0.0088758559
7.663021e-08,0.008877292
7.673021e-08,0.0088744198
7.683021e-08,0.0088579044
7.693021e-08,0.0088255917
7.703021e-08,0.0087860983
7.713021e-08,0.0087509134
7.723021e-08,0.0087315257
7.733021e-08,0.0087293716
7.743021e-08,0.0087372702
7.753021e-08,0.0087415786
7.763021e-08,0.0087315257
7.773021e-08,0.0087035214
7.783021e-08,0.008664028
7.793021e-08,0.0086274069
7.803021e-08,0.0086051471
7.813021e-08,0.0086001206
7.823021e-08,0.0086058651
7.833021e-08,0.0086073012
7.843021e-08,0.0085936581
7.853021e-08,0.0085591912
7.863021e-08,0.0085117992
7.873021e-08,0.0084651252
7.883021e-08,0.0084328125
7.893021e-08,0.0084206055
7.903021e-08,0.0084234777
7.913021e-08,0.0084285041
7.923021e-08,0.0084213235
7.933021e-08,0.0083969095
7.943021e-08,0.0083595703
7.953021e-08,0.0083215131
7.963021e-08,0.0082949449
7.973021e-08,0.0082870462
7.983021e-08,0.0082920726
7.993021e-08,0.0082992532
8.003021e-08,0.0082949449
8.013021e-08,0.008272685
8.023021e-08,0.0082367819
8.033021e-08,0.0081980067
8.043021e-08,0.0081685662
8.053021e-08,0.0081556411
8.063021e-08,0.0081556411
8.073021e-08,0.0081599494
8.083021e-08,0.0081570772
8.093021e-08,0.008142716
8.103021e-08,0.0081204561
8.113021e-08,0.0080996324
8.123021e-08,0.0080881434
8.133021e-08,0.0080895795
8.143021e-08,0.0080974782
8.153021e-08,0.0081003504
8.163021e-08,0.0080881434
8.173021e-08,0.0080579848
8.183021e-08,0.0080163373
8.193021e-08,0.007976844
8.203021e-08,0.0079502757
8.213021e-08,0.007941659
8.223021e-08,0.0079466854
8.233021e-08,0.007953148
8.243021e-08,0.0079502757
8.253021e-08,0.0079344784
8.263021e-08,0.0079107824
8.273021e-08,0.0078899586
8.283021e-08,0.0078813419
8.293021e-08,0.0078856503
8.303021e-08,0.0078957031
8.313021e-08,0.0078978573
8.323021e-08,0.0078813419
8.333021e-08,0.0078447208
8.343021e-08,0.0077980469
8.353021e-08,0.0077556813
8.363021e-08,0.0077319853
8.373021e-08,0.0077312672
8.383021e-08,0.0077463465
8.393021e-08,0.0077628619
8.403021e-08,0.0077664522
8.413021e-08,0.0077528091
8.423021e-08,0.0077276769
8.433021e-08,0.007705417
8.443021e-08,0.0076975184
8.453021e-08,0.0077090074
8.463021e-08,0.0077312672
8.473021e-08,0.0077513729
8.483021e-08,0.0077549632
8.493021e-08,0.0077370117
8.503021e-08,0.007704699
8.513021e-08,0.0076716682
8.523021e-08,0.0076515625
8.533021e-08,0.0076501264
8.543021e-08,0.0076608973
8.553021e-08,0.007669514
8.563021e-08,0.0076630515
8.573021e-08,0.0076372013
8.583021e-08,0.0075998621
8.593021e-08,0.0075653952
8.603021e-08,0.0075481618
8.613021e-08,0.0075531882
8.623021e-08,0.0075711397
8.633021e-08,0.007586937
8.643021e-08,0.0075826287
8.653021e-08,0.0075517521
8.663021e-08,0.0075014878
8.673021e-08,0.0074483513
8.683021e-08,0.0074102941
8.693021e-08,0.0073980871
8.703021e-08,0.0074095761
8.713021e-08,0.0074311179
8.723021e-08,0.007444761
8.733021e-08,0.0074411707
8.743021e-08,0.0074189108
8.753021e-08,0.0073894704
8.763021e-08,0.0073643382
8.773021e-08,0.0073514131
8.783021e-08,0.007349977
8.793021e-08,0.007349977
8.803021e-08,0.0073413603
8.813021e-08,0.0073183824
8.823021e-08,0.0072860696
8.833021e-08,0.007255193
8.843021e-08,0.0072379596
8.853021e-08,0.0072386776
8.863021e-08,0.0072530388
8.873021e-08,0.0072681181
8.883021e-08,0.0072724265
8.893021e-08,0.0072587833
8.903021e-08,0.007231497
8.913021e-08,0.0072013385
8.923021e-08,0.0071805147
8.933021e-08,0.0071740522
8.943021e-08,0.0071776425
8.953021e-08,0.0071797966
8.963021e-08,0.0071690257
8.973021e-08,0.0071410214
8.983021e-08,0.007101528
8.993021e-08,0.0070641889
9.003021e-08,0.0070426471
9.013021e-08,0.0070426471
9.023021e-08,0.0070591625
9.033021e-08,0.0070799862
9.043021e-08,0.0070886029
9.053021e-08,0.007077114
9.063021e-08,0.0070476735
9.073021e-08,0.0070088982
9.083021e-08,0.0069737132
9.093021e-08,0.0069485811
9.103021e-08,0.0069327838
9.113021e-08,0.0069169864
9.123021e-08,0.0068932904
9.133021e-08,0.0068573874
9.143021e-08,0.0068128676
9.153021e-08,0.0067719382
9.163021e-08,0.0067439338
9.173021e-08,0.0067331629
9.183021e-08,0.0067353171
9.193021e-08,0.0067381893
9.203021e-08,0.0067324449
9.213021e-08,0.0067130572
9.223021e-08,0.0066843348
9.233021e-08,0.0066570485
9.243021e-08,0.0066405331
9.253021e-08,0.0066376608
9.263021e-08,0.0066412511
9.273021e-08,0.0066383789
9.283021e-08,0.0066175551
9.293021e-08,0.0065744715
9.303021e-08,0.0065177447
9.313021e-08,0.006461736
9.323021e-08,0.0064222426
9.333021e-08,0.0064064453
9.343021e-08,0.0064085995
9.353021e-08,0.006415062
9.363021e-08,0.0064107537
9.373021e-08,0.0063863396
9.383021e-08,0.006343974
9.393021e-08,0.0062973001
9.403021e-08,0.0062613971
9.413021e-08,0.0062455997
9.423021e-08,0.00624919
9.433021e-08,0.0062599609
9.443021e-08,0.0062613971
9.453021e-08,0.0062427275
9.463021e-08,0.006201798
9.473021e-08,0.0061493796
9.483021e-08,0.0061005515
9.493021e-08,0.0060689568
9.503021e-08,0.0060603401
9.513021e-08,0.006071111
9.523021e-08,0.0060890625
9.533021e-08,0.0061041418
9.543021e-08,0.0061077321
9.553021e-08,0.0061019876
9.563021e-08,0.0060890625
9.573021e-08,0.0060754193
9.583021e-08,0.0060624943
9.593021e-08,0.0060495692
9.603021e-08,0.0060316176
9.613021e-08,0.0060079216
9.623021e-08,0.0059784812
9.633021e-08,0.0059504768
9.643021e-08,0.0059282169
9.653021e-08,0.0059160099
9.663021e-08,0.0059117015
9.673021e-08,0.0059102654
9.683021e-08,0.005905239
9.693021e-08,0.00589375
9.703021e-08,0.0058772346
9.713021e-08,0.0058600011
9.723021e-08,0.0058477941
9.733021e-08,0.0058406135
9.743021e-08,0.0058355871
9.753021e-08,0.0058248162
9.763021e-08,0.0058018382
9.773021e-08,0.0057644991
9.783021e-08,0.0057178251
9.793021e-08,0.0056725873
9.803021e-08,0.0056409926
9.813021e-08,0.0056287856
9.823021e-08,0.0056352482
9.833021e-08,0.0056510455
9.843021e-08,0.0056639706
9.853021e-08,0.0056646886
9.863021e-08,0.0056496094
9.873021e-08,0.0056230411
9.883021e-08,0.0055950368
9.893021e-08,0.0055727769
9.903021e-08,0.0055598518
9.913021e-08,0.0055541073
9.923021e-08,0.0055490809
9.933021e-08,0.0055375919
9.943021e-08,0.0055182043
9.953021e-08,0.0054930722
9.963021e-08,0.0054686581
9.973021e-08,0.0054514246
9.983021e-08,0.005444244
9.993021e-08,0.0054449621
1.000302e-07,0.0054456801
1.001302e-07,0.0054399357
1.002302e-07,0.0054241383
1.003302e-07,0.005396852
1.004302e-07,0.0053652574
1.005302e-07,0.0053350988
1.006302e-07,0.0053106847
1.007302e-07,0.0052948874
1.008302e-07,0.0052848346
1.009302e-07,0.0052754998
1.010302e-07,0.0052625747
1.011302e-07,0.0052460593
1.012302e-07,0.0052273897
1.013302e-07,0.0052108743
1.014302e-07,0.0052008215
1.015302e-07,0.0051993853
1.016302e-07,0.0052044118
1.017302e-07,0.0052123104
1.018302e-07,0.0052173369
1.019302e-07,0.0052151827
1.020302e-07,0.0052044118
1.021302e-07,0.0051843061
1.022302e-07,0.0051584559
1.023302e-07,0.0051290154
1.024302e-07,0.005101011
1.025302e-07,0.005076597
1.026302e-07,0.0050564913
1.027302e-07,0.0050421301
1.028302e-07,0.0050320772
1.029302e-07,0.0050256147
1.030302e-07,0.0050205882
1.031302e-07,0.0050155618
1.032302e-07,0.0050090993
1.033302e-07,0.0050012006
1.034302e-07,0.0049925839
1.035302e-07,0.0049839671
1.036302e-07,0.0049746324
1.037302e-07,0.0049652976
1.038302e-07,0.0049559628
1.039302e-07,0.0049437557
1.040302e-07,0.0049286765
1.041302e-07,0.0049100069
1.042302e-07,0.0048891831
1.043302e-07,0.0048676413
1.044302e-07,0.0048482537
1.045302e-07,0.0048324563
1.046302e-07,0.0048224035
1.047302e-07,0.004816659
1.048302e-07,0.0048137868
1.049302e-07,0.0048109145
1.050302e-07,0.004804452
1.051302e-07,0.0047908088
1.052302e-07,0.0047678309
1.053302e-07,0.0047362362
1.054302e-07,0.0046974609
1.055302e-07,0.0046565315
1.056302e-07,0.0046184743
1.057302e-07,0.0045868796
1.058302e-07,0.0045639017
1.059302e-07,0.0045488224
1.060302e-07,0.0045380515
1.061302e-07,0.0045265625
1.062302e-07,0.0045100471
1.063302e-07,0.0044863511
1.064302e-07,0.0044576287
1.065302e-07,0.0044281882
1.066302e-07,0.0044030561
1.067302e-07,0.0043858226
1.068302e-07,0.0043772059
1.069302e-07,0.0043728975
1.070302e-07,0.0043678711
1.071302e-07,0.004354946
1.072302e-07,0.00433125
1.073302e-07,0.0042989373
1.074302e-07,0.0042644704
1.075302e-07,0.0042343118
1.076302e-07,0.0042163603
1.077302e-07,0.00421277
1.078302e-07,0.0042221048
1.079302e-07,0.0042371841
1.080302e-07,0.0042508272
1.081302e-07,0.0042565717
1.082302e-07,0.0042508272
1.083302e-07,0.004236466
1.084302e-07,0.0042163603
1.085302e-07,0.0041955365
1.086302e-07,0.004177585
1.087302e-07,0.0041617877
1.088302e-07,0.0041474265
1.089302e-07,0.0041323472
1.090302e-07,0.0041143957
1.091302e-07,0.0040957261
1.092302e-07,0.0040784926
1.093302e-07,0.0040655676
1.094302e-07,0.0040598231
1.095302e-07,0.0040605411
1.096302e-07,0.0040670037
1.097302e-07,0.0040749023
1.098302e-07,0.0040806468
1.099302e-07,0.004082801
1.100302e-07,0.0040784926
1.101302e-07,0.0040698759
1.102302e-07,0.0040576689
1.103302e-07,0.0040447438
1.104302e-07,0.0040325368
1.105302e-07,0.0040224839
1.106302e-07,0.0040145852
1.107302e-07,0.0040102769
1.108302e-07,0.0040095588
1.109302e-07,0.004011713
1.110302e-07,0.0040167394
1.111302e-07,0.00402392
1.112302e-07,0.0040325368
1.113302e-07,0.0040411535
1.114302e-07,0.0040497702
1.115302e-07,0.0040583869
1.116302e-07,0.0040670037
1.117302e-07,0.0040749023
1.118302e-07,0.004082083
1.119302e-07,0.0040878274
1.120302e-07,0.0040899816
1.121302e-07,0.0040885455
1.122302e-07,0.0040835191
1.123302e-07,0.0040756204
1.124302e-07,0.0040670037
1.125302e-07,0.0040605411
1.126302e-07,0.0040576689
1.127302e-07,0.0040598231
1.128302e-07,0.0040670037
1.129302e-07,0.0040770565
1.130302e-07,0.0040863913
1.131302e-07,0.0040921358
1.132302e-07,0.0040899816
1.133302e-07,0.0040792107
1.134302e-07,0.0040598231
1.135302e-07,0.004035409
1.136302e-07,0.0040095588
1.137302e-07,0.0039872989
1.138302e-07,0.0039722197
1.139302e-07,0.0039650391
1.140302e-07,0.0039636029
1.141302e-07,0.0039636029
1.142302e-07,0.0039600126
1.143302e-07,0.0039492417
1.144302e-07,0.003929136
1.145302e-07,0.0039018497
1.146302e-07,0.0038709731
1.147302e-07,0.0038400965
1.148302e-07,0.0038142463
1.149302e-07,0.0037934226
1.150302e-07,0.0037769072
1.151302e-07,0.0037618279
1.152302e-07,0.0037453125
1.153302e-07,0.0037259249
1.154302e-07,0.003703665
1.155302e-07,0.0036785329
1.156302e-07,0.0036534007
1.157302e-07,0.0036289867
1.158302e-07,0.0036067268
1.159302e-07,0.0035880572
1.160302e-07,0.0035729779
1.161302e-07,0.0035629251
1.162302e-07,0.0035578987
1.163302e-07,0.0035578987
1.164302e-07,0.003561489
1.165302e-07,0.0035643612
1.166302e-07,0.0035636432
1.167302e-07,0.0035550264
1.168302e-07,0.003538511
1.169302e-07,0.0035155331
1.170302e-07,0.003491119
1.171302e-07,0.0034702953
1.172302e-07,0.0034580882
1.173302e-07,0.0034544979
1.174302e-07,0.0034588063
1.175302e-07,0.0034652688
1.176302e-07,0.0034695772
1.177302e-07,0.0034688591
1.178302e-07,0.0034631147
1.179302e-07,0.0034544979
1.180302e-07,0.0034465993
1.181302e-07,0.0034422909
1.182302e-07,0.0034415728
1.183302e-07,0.0034444451
1.184302e-07,0.0034465993
1.185302e-07,0.0034458812
1.186302e-07,0.0034394187
1.187302e-07,0.0034272116
1.188302e-07,0.0034121324
1.189302e-07,0.0033970531
1.190302e-07,0.0033855641
1.191302e-07,0.0033826919
1.192302e-07,0.0033891544
1.193302e-07,0.0034056698
1.194302e-07,0.0034279297
1.195302e-07,0.0034523437
1.196302e-07,0.0034695772
1.197302e-07,0.0034738856
1.198302e-07,0.0034602424
1.199302e-07,0.0034300839
1.200302e-07,0.0033891544
1.201302e-07,0.0033467888
1.202302e-07,0.00331304
1.203302e-07,0.0032965246
1.204302e-07,0.0032972426
1.205302e-07,0.0033108858
1.206302e-07,0.0033266831
1.207302e-07,0.0033360179
1.208302e-07,0.0033317096
1.209302e-07,0.00331304
1.210302e-07,0.0032850356
1.211302e-07,0.003254159
1.212302e-07,0.0032283088
1.213302e-07,0.0032089212
1.214302e-07,0.0031931239
1.215302e-07,0.0031780446
1.216302e-07,0.003159375
1.217302e-07,0.0031363971
1.218302e-07,0.003111983
1.219302e-07,0.0030918773
1.220302e-07,0.0030789522
1.221302e-07,0.0030739258
1.222302e-07,0.0030746438
1.223302e-07,0.0030739258
1.224302e-07,0.0030674632
1.225302e-07,0.0030545381
1.226302e-07,0.0030373047
1.227302e-07,0.0030207893
1.228302e-07,0.0030100184
1.229302e-07,0.00300571
1.230302e-07,0.0030064281
1.231302e-07,0.003004992
1.232302e-07,0.0029985294
1.233302e-07,0.0029834501
1.234302e-07,0.0029619083
1.235302e-07,0.0029389304
1.236302e-07,0.0029181066
1.237302e-07,0.0029030273
1.238302e-07,0.0028944106
1.239302e-07,0.0028879481
1.240302e-07,0.0028836397
1.241302e-07,0.0028793313
1.242302e-07,0.0028771772
1.243302e-07,0.0028786133
1.244302e-07,0.0028836397
1.245302e-07,0.0028886661
1.246302e-07,0.0028886661
1.247302e-07,0.0028764591
1.248302e-07,0.0028491728
1.249302e-07,0.0028096795
1.250302e-07,0.0027673139
1.251302e-07,0.0027314108
1.252302e-07,0.0027113051
1.253302e-07,0.002709869
1.254302e-07,0.002721358
1.255302e-07,0.0027371553
1.256302e-07,0.0027457721
1.257302e-07,0.0027421818
1.258302e-07,0.0027263844
1.259302e-07,0.0027055607
1.260302e-07,0.0026883272
1.261302e-07,0.0026789924
1.262302e-07,0.0026782744
1.263302e-07,0.0026804285
1.264302e-07,0.0026768382
1.265302e-07,0.0026631951
1.266302e-07,0.002638781
1.267302e-07,0.0026093405
1.268302e-07,0.0025849265
1.269302e-07,0.0025720014
1.270302e-07,0.0025727194
1.271302e-07,0.0025834903
1.272302e-07,0.0025964154
1.273302e-07,0.0026021599
1.274302e-07,0.0025971335
1.275302e-07,0.0025820542
1.276302e-07,0.0025619485
1.277302e-07,0.0025447151
1.278302e-07,0.0025353803
1.279302e-07,0.0025346622
1.280302e-07,0.0025389706
1.281302e-07,0.0025425609
1.282302e-07,0.0025411248
1.283302e-07,0.0025310719
1.284302e-07,0.0025159926
1.285302e-07,0.0024994773
1.286302e-07,0.0024865522
1.287302e-07,0.0024800896
1.288302e-07,0.0024815257
1.289302e-07,0.0024872702
1.290302e-07,0.0024937328
1.291302e-07,0.002496605
1.292302e-07,0.0024930147
1.293302e-07,0.0024822438
1.294302e-07,0.0024657284
1.295302e-07,0.0024456227
1.296302e-07,0.0024240809
1.297302e-07,0.0024046932
1.298302e-07,0.0023881778
1.299302e-07,0.0023759708
1.300302e-07,0.002366636
1.301302e-07,0.0023573012
1.302302e-07,0.0023465303
1.303302e-07,0.0023300149
1.304302e-07,0.0023091912
1.305302e-07,0.0022840591
1.306302e-07,0.0022589269
1.307302e-07,0.002235949
1.308302e-07,0.0022172794
1.309302e-07,0.0022043543
1.310302e-07,0.0021943015
1.311302e-07,0.0021842486
1.312302e-07,0.0021713235
1.313302e-07,0.0021540901
1.314302e-07,0.0021339844
1.315302e-07,0.0021117245
1.316302e-07,0.0020909007
1.317302e-07,0.0020729492
1.318302e-07,0.002058588
1.319302e-07,0.0020456629
1.320302e-07,0.0020334559
1.321302e-07,0.0020198127
1.322302e-07,0.0020047335
1.323302e-07,0.0019896542
1.324302e-07,0.001976011
1.325302e-07,0.0019645221
1.326302e-07,0.0019559053
1.327302e-07,0.0019487247
1.328302e-07,0.0019415441
1.329302e-07,0.0019329274
1.330302e-07,0.0019243107
1.331302e-07,0.0019149759
1.332302e-07,0.0019070772
1.333302e-07,0.0019013327
1.334302e-07,0.0018970244
1.335302e-07,0.0018919979
1.336302e-07,0.0018840993
1.337302e-07,0.0018718922
1.338302e-07,0.0018553768
1.339302e-07,0.0018359892
1.340302e-07,0.0018151654
1.341302e-07,0.0017957778
1.342302e-07,0.0017799805
1.343302e-07,0.0017670554
1.344302e-07,0.0017577206
1.345302e-07,0.00175054
1.346302e-07,0.0017440774
1.347302e-07,0.001739051
1.348302e-07,0.0017347426
1.349302e-07,0.0017311523
1.350302e-07,0.0017282801
1.351302e-07,0.0017261259
1.352302e-07,0.0017232537
1.353302e-07,0.0017189453
1.354302e-07,0.0017139189
1.355302e-07,0.0017074563
1.356302e-07,0.0017002757
1.357302e-07,0.0016930951
1.358302e-07,0.0016851965
1.359302e-07,0.0016765797
1.360302e-07,0.0016658088
1.361302e-07,0.0016521657
1.362302e-07,0.0016349322
1.363302e-07,0.0016162626
1.364302e-07,0.001596875
1.365302e-07,0.0015796415
1.366302e-07,0.0015659984
1.367302e-07,0.0015559455
1.368302e-07,0.0015509191
1.369302e-07,0.0015487649
1.370302e-07,0.0015473288
1.371302e-07,0.0015444566
1.372302e-07,0.0015394301
1.373302e-07,0.0015300954
1.374302e-07,0.0015171703
1.375302e-07,0.0015006549
1.376302e-07,0.0014819853
1.377302e-07,0.0014633157
1.378302e-07,0.0014468003
1.379302e-07,0.0014331572
1.380302e-07,0.0014245404
1.381302e-07,0.001419514
1.382302e-07,0.0014173598
1.383302e-07,0.0014159237
1.384302e-07,0.0014130515
1.385302e-07,0.001408025
1.386302e-07,0.0013994083
1.387302e-07,0.0013893555
1.388302e-07,0.0013785846
1.389302e-07,0.0013685317
1.390302e-07,0.0013591969
1.391302e-07,0.0013512983
1.392302e-07,0.0013441176
1.393302e-07,0.001336937
1.394302e-07,0.0013304745
1.395302e-07,0.00132473
1.396302e-07,0.0013211397
1.397302e-07,0.0013211397
1.398302e-07,0.0013254481
1.399302e-07,0.0013333467
1.400302e-07,0.0013441176
1.401302e-07,0.0013548886
1.402302e-07,0.0013627872
1.403302e-07,0.0013670956
1.404302e-07,0.0013670956
1.405302e-07,0.0013642233
1.406302e-07,0.001359915
1.407302e-07,0.0013563247
1.408302e-07,0.0013556066
1.409302e-07,0.0013577608
1.410302e-07,0.0013635053
1.411302e-07,0.0013706859
1.412302e-07,0.0013785846
1.413302e-07,0.0013857652
1.414302e-07,0.0013922277
1.415302e-07,0.0013979722
1.416302e-07,0.0014015625
1.417302e-07,0.0014037167
1.418302e-07,0.0014029986
1.419302e-07,0.0013986903
1.420302e-07,0.0013900735
1.421302e-07,0.0013771484
1.422302e-07,0.001359915
1.423302e-07,0.0013412454
1.424302e-07,0.0013211397
1.425302e-07,0.0013024701
1.426302e-07,0.0012866728
1.427302e-07,0.0012737477
1.428302e-07,0.0012636949
1.429302e-07,0.0012557962
1.430302e-07,0.0012500517
1.431302e-07,0.0012450253
1.432302e-07,0.0012407169
1.433302e-07,0.0012364085
1.434302e-07,0.0012313821
1.435302e-07,0.0012256376
1.436302e-07,0.001217739
1.437302e-07,0.0012069681
1.438302e-07,0.0011933249
1.439302e-07,0.0011775276
1.440302e-07,0.0011602941
1.441302e-07,0.0011437787
1.442302e-07,0.0011279814
1.443302e-07,0.0011143382
1.444302e-07,0.0011028493
1.445302e-07,0.0010920784
1.446302e-07,0.0010827436
1.447302e-07,0.0010748449
1.448302e-07,0.0010683824
1.449302e-07,0.001064792
1.450302e-07,0.0010626379
1.451302e-07,0.0010612017
1.452302e-07,0.0010568934
1.453302e-07,0.0010475586
1.454302e-07,0.0010317613
1.455302e-07,0.0010109375
1.456302e-07,0.00098795956
1.457302e-07,0.00096785386
1.458302e-07,0.00095492877
1.459302e-07,0.0009506204
1.460302e-07,0.00095349265
1.461302e-07,0.00095923713
1.462302e-07,0.00096139131
1.463302e-07,0.00095636489
1.464302e-07,0.00094200368
1.465302e-07,0.00092189798
1.466302e-07,0.00090035616
1.467302e-07,0.0008831227
1.468302e-07,0.00087306985
1.469302e-07,0.00086947955
1.470302e-07,0.00086732537
1.471302e-07,0.00086229894
1.472302e-07,0.00085009191
1.473302e-07,0.00082998621
1.474302e-07,0.00080485409
1.475302e-07,0.00077972197
1.476302e-07,0.00075818015
1.477302e-07,0.00074238281
1.478302e-07,0.0007316119
1.479302e-07,0.00072299517
1.480302e-07,0.00071222426
1.481302e-07,0.00070001723
1.482302e-07,0.00068709214
1.483302e-07,0.00067847541
1.484302e-07,0.00067775735
1.485302e-07,0.00068493796
1.486302e-07,0.00069714499
1.487302e-07,0.0007079159
1.488302e-07,0.00071222426
1.489302e-07,0.00070504366
1.490302e-07,0.0006878102
1.491302e-07,0.00066483226
1.492302e-07,0.00064329044
1.493302e-07,0.00062964729
1.494302e-07,0.00062677505
1.495302e-07,0.00063323759
1.496302e-07,0.00064329044
1.497302e-07,0.00064975299
1.498302e-07,0.00064831687
1.499302e-07,0.00063754596
1.500302e-07,0.0006203125
1.501302e-07,0.00060164292
1.502302e-07,0.00058656365
1.503302e-07,0.00057794692
1.504302e-07,0.00057435662
1.505302e-07,0.0005729205
1.506302e-07,0.00056861213
1.507302e-07,0.00055784122
1.508302e-07,0.00053988971
1.509302e-07,0.00051762983
1.510302e-07,0.00049608801
1.511302e-07,0.00047885455
1.512302e-07,0.00047095588
1.513302e-07,0.000472392
1.514302e-07,0.00048172679
1.515302e-07,0.00049393382
1.516302e-07,0.00050542279
1.517302e-07,0.00051116728
1.518302e-07,0.0005090131
1.519302e-07,0.00049824219
1.520302e-07,0.00048244485
1.521302e-07,0.00046377528
1.522302e-07,0.00044654182
1.523302e-07,0.00043289867
1.524302e-07,0.000425
1.525302e-07,0.0004214097
1.526302e-07,0.00042212776
1.527302e-07,0.00042356388
1.528302e-07,0.000425
1.529302e-07,0.00042571806
1.530302e-07,0.00042715418
1.531302e-07,0.00043074449
1.532302e-07,0.00043648897
1.533302e-07,0.00044582376
1.534302e-07,0.00045659467
1.535302e-07,0.00046592946
1.536302e-07,0.00047095588
1.537302e-07,0.0004688017
1.538302e-07,0.00045874885
1.539302e-07,0.00044295152
1.540302e-07,0.000425
1.541302e-07,0.00040992073
1.542302e-07,0.00039986788
1.543302e-07,0.00039843176
1.544302e-07,0.00040202206
1.545302e-07,0.00040920267
1.546302e-07,0.00041638327
1.547302e-07,0.0004214097
1.548302e-07,0.000425
1.549302e-07,0.0004285903
1.550302e-07,0.00043361673
1.551302e-07,0.00044079733
1.552302e-07,0.00044797794
1.553302e-07,0.00045156824
1.554302e-07,0.00044797794
1.555302e-07,0.00043433479
1.556302e-07,0.00041351103
1.557302e-07,0.00038981503
1.558302e-07,0.00037114545
1.559302e-07,0.00036252872
1.560302e-07,0.00036755515
1.561302e-07,0.00038335248
1.562302e-07,0.00040345818
1.563302e-07,0.00041925551
1.564302e-07,0.000425
1.565302e-07,0.00041710133
1.566302e-07,0.00039699563
1.567302e-07,0.00037114545
1.568302e-07,0.00034457721
1.569302e-07,0.00032231733
1.570302e-07,0.00030651999
1.571302e-07,0.00029574908
1.572302e-07,0.00028713235
1.573302e-07,0.00027851562
1.574302e-07,0.00026918084
1.575302e-07,0.00025984605
1.576302e-07,0.00025266544
1.577302e-07,0.00024835708
1.578302e-07,0.00024692096
1.579302e-07,0.00024476677
1.580302e-07,0.00024117647
1.581302e-07,0.0002332778
1.582302e-07,0.00022250689
1.583302e-07,0.00020886374
1.584302e-07,0.00019522059
1.585302e-07,0.00018301356
1.586302e-07,0.00017224265
1.587302e-07,0.00016147174
1.588302e-07,0.00014926471
1.589302e-07,0.00013490349
1.590302e-07,0.0001183881
1.591302e-07,0.00010330882
1.592302e-07,9.1819853e-05
1.593302e-07,8.5357307e-05
1.594302e-07,8.2485064e-05
1.595302e-07,8.1767004e-05
1.596302e-07,8.0330882e-05
1.597302e-07,7.5304458e-05
1.598302e-07,6.5969669e-05
1.599302e-07,5.5198759e-05
1.600302e-07,4.5863971e-05
1.601302e-07,4.0119485e-05
1.602302e-07,3.9401425e-05
1.603302e-07,4.2273667e-05
1.604302e-07,4.5863971e-05
1.605302e-07,4.5863971e-05
1.606302e-07,4.0837546e-05
1.607302e-07,2.8630515e-05
1.608302e-07,1.1397059e-05
1.609302e-07,-7.990579e-06
1.610302e-07,-2.7378217e-05
1.611302e-07,-4.3893612e-05
1.612302e-07,-5.7536765e-05
1.613302e-07,-6.8307675e-05
1.614302e-07,-7.6924403e-05
1.615302e-07,-8.482307e-05
1.616302e-07,-9.2003676e-05
1.617302e-07,-9.9184283e-05
1.618302e-07,-0.00010492877
1.619302e-07,-0.00011067325
1.620302e-07,-0.00011498162
1.621302e-07,-0.00011857192
1.622302e-07,-0.00012144416
1.623302e-07,-0.00012359835
1.624302e-07,-0.00012647059
1.625302e-07,-0.00013006089
1.626302e-07,-0.00013508732
1.627302e-07,-0.00014226792
1.628302e-07,-0.00014944853
1.629302e-07,-0.00015662914
1.630302e-07,-0.00016165556
1.631302e-07,-0.00016309168
1.632302e-07,-0.0001609375
1.633302e-07,-0.00015662914
1.634302e-07,-0.00015232077
1.635302e-07,-0.00015303883
1.636302e-07,-0.0001609375
1.637302e-07,-0.00017673483
1.638302e-07,-0.00019899472
1.639302e-07,-0.00022269072
1.640302e-07,-0.00024136029
1.641302e-07,-0.0002521312
1.642302e-07,-0.00025284926
1.643302e-07,-0.00024710478
1.644302e-07,-0.00024136029
1.645302e-07,-0.00024136029
1.646302e-07,-0.00025141314
1.647302e-07,-0.0002722369
1.648302e-07,-0.00029880515
1.649302e-07,-0.00032537339
1.650302e-07,-0.00034476103
1.651302e-07,-0.00035481388
1.652302e-07,-0.00035625
1.653302e-07,-0.00035553194
1.654302e-07,-0.00035840418
1.655302e-07,-0.00037061121
1.656302e-07,-0.00039071691
1.657302e-07,-0.00041441291
1.658302e-07,-0.00043523667
1.659302e-07,-0.0004474437
1.660302e-07,-0.00044816176
1.661302e-07,-0.00044241728
1.662302e-07,-0.00043739085
1.663302e-07,-0.00044169922
1.664302e-07,-0.00045965074
1.665302e-07,-0.00048980928
1.666302e-07,-0.00052499426
1.667302e-07,-0.00055587086
1.668302e-07,-0.00057454044
1.669302e-07,-0.00057813074
1.670302e-07,-0.00057023208
1.671302e-07,-0.00055874311
1.672302e-07,-0.0005515625
1.673302e-07,-0.00055443474
1.674302e-07,-0.00056735983
1.675302e-07,-0.00058387523
1.676302e-07,-0.00059751838
1.677302e-07,-0.00060182675
1.678302e-07,-0.00059608226
1.679302e-07,-0.00058459329
1.680302e-07,-0.00057454044
1.681302e-07,-0.00057310432
1.682302e-07,-0.00058531135
1.683302e-07,-0.00061044347
1.684302e-07,-0.00064347426
1.685302e-07,-0.00067650506
1.686302e-07,-0.00070379136
1.687302e-07,-0.00071958869
1.688302e-07,-0.00072389706
1.689302e-07,-0.00071958869
1.690302e-07,-0.00071097197
1.691302e-07,-0.0007030733
1.692302e-07,-0.00070091912
1.693302e-07,-0.0007066636
1.694302e-07,-0.00072102482
1.695302e-07,-0.0007432847
1.696302e-07,-0.00076985294
1.697302e-07,-0.00079642119
1.698302e-07,-0.00082011719
1.699302e-07,-0.0008380687
1.700302e-07,-0.00085027574
1.701302e-07,-0.0008581744
1.702302e-07,-0.00086535501
1.703302e-07,-0.00087397174
1.704302e-07,-0.00088474265
1.705302e-07,-0.00089694968
1.706302e-07,-0.00090772059
1.707302e-07,-0.00091490119
1.708302e-07,-0.00091920956
1.709302e-07,-0.0009220818
1.710302e-07,-0.00092710823
1.711302e-07,-0.00093716108
1.712302e-07,-0.00095367647
1.713302e-07,-0.00097306411
1.714302e-07,-0.00099173369
1.715302e-07,-0.0010046588
1.716302e-07,-0.0010111213
1.717302e-07,-0.0010125574
1.718302e-07,-0.0010139936
1.719302e-07,-0.0010204561
1.720302e-07,-0.0010340993
1.721302e-07,-0.0010520508
1.722302e-07,-0.0010678481
1.723302e-07,-0.0010743107
1.724302e-07,-0.0010685662
1.725302e-07,-0.0010513327
1.726302e-07,-0.001030509
1.727302e-07,-0.0010139936
1.728302e-07,-0.0010111213
1.729302e-07,-0.0010233284
1.730302e-07,-0.0010463063
1.731302e-07,-0.0010721565
1.732302e-07,-0.0010915441
1.733302e-07,-0.0010994428
1.734302e-07,-0.0010965705
1.735302e-07,-0.0010879538
1.736302e-07,-0.0010800551
1.737302e-07,-0.001077901
1.738302e-07,-0.0010814913
1.739302e-07,-0.0010879538
1.740302e-07,-0.0010915441
1.741302e-07,-0.0010893899
1.742302e-07,-0.0010800551
1.743302e-07,-0.0010678481
1.744302e-07,-0.0010570772
1.745302e-07,-0.0010520508
1.746302e-07,-0.0010534869
1.747302e-07,-0.0010606675
1.748302e-07,-0.0010685662
1.749302e-07,-0.0010750287
1.750302e-07,-0.001078619
1.751302e-07,-0.0010800551
1.752302e-07,-0.0010800551
1.753302e-07,-0.0010807732
1.754302e-07,-0.0010814913
1.755302e-07,-0.0010814913
1.756302e-07,-0.0010800551
1.757302e-07,-0.001078619
1.758302e-07,-0.001077901
1.759302e-07,-0.0010822093
1.760302e-07,-0.0010915441
1.761302e-07,-0.0011051873
1.762302e-07,-0.0011195485
1.763302e-07,-0.0011310375
1.764302e-07,-0.0011375
1.765302e-07,-0.0011389361
1.766302e-07,-0.0011403722
1.767302e-07,-0.0011461167
1.768302e-07,-0.0011604779
1.769302e-07,-0.0011827378
1.770302e-07,-0.0012078699
1.771302e-07,-0.0012286937
1.772302e-07,-0.0012409007
1.773302e-07,-0.0012416188
1.774302e-07,-0.0012330021
1.775302e-07,-0.0012236673
1.776302e-07,-0.0012179228
1.777302e-07,-0.001220795
1.778302e-07,-0.0012308479
1.779302e-07,-0.0012430549
1.780302e-07,-0.0012523897
1.781302e-07,-0.0012552619
1.782302e-07,-0.0012531078
1.783302e-07,-0.0012502355
1.784302e-07,-0.0012523897
1.785302e-07,-0.0012624426
1.786302e-07,-0.001278958
1.787302e-07,-0.0012969095
1.788302e-07,-0.0013098346
1.789302e-07,-0.0013134249
1.790302e-07,-0.0013076804
1.791302e-07,-0.0012961914
1.792302e-07,-0.0012868566
1.793302e-07,-0.0012847024
1.794302e-07,-0.001291883
1.795302e-07,-0.0013062443
1.796302e-07,-0.0013213235
1.797302e-07,-0.0013306583
1.798302e-07,-0.0013313764
1.799302e-07,-0.0013227597
1.800302e-07,-0.0013098346
1.801302e-07,-0.0012969095
1.802302e-07,-0.0012882927
1.803302e-07,-0.0012861386
1.804302e-07,-0.0012868566
1.805302e-07,-0.0012875747
1.806302e-07,-0.0012847024
1.807302e-07,-0.0012768038
1.808302e-07,-0.0012638787
1.809302e-07,-0.0012495175
1.810302e-07,-0.0012373104
1.811302e-07,-0.0012301298
1.812302e-07,-0.0012294118
1.813302e-07,-0.0012351563
1.814302e-07,-0.0012459272
1.815302e-07,-0.0012566981
1.816302e-07,-0.0012638787
1.817302e-07,-0.0012645967
1.818302e-07,-0.0012566981
1.819302e-07,-0.0012401827
1.820302e-07,-0.0012179228
1.821302e-07,-0.0011949449
1.822302e-07,-0.0011769933
1.823302e-07,-0.0011690947
1.824302e-07,-0.0011719669
1.825302e-07,-0.0011841739
1.826302e-07,-0.0012014074
1.827302e-07,-0.0012179228
1.828302e-07,-0.0012294118
1.829302e-07,-0.0012344382
1.830302e-07,-0.0012351563
1.831302e-07,-0.0012365924
1.832302e-07,-0.0012409007
1.833302e-07,-0.0012509536
1.834302e-07,-0.0012653148
1.835302e-07,-0.001278958
1.836302e-07,-0.0012868566
1.837302e-07,-0.0012861386
1.838302e-07,-0.0012753676
1.839302e-07,-0.0012588523
1.840302e-07,-0.0012409007
1.841302e-07,-0.0012272576
1.842302e-07,-0.0012222312
1.843302e-07,-0.0012272576
1.844302e-07,-0.0012409007
1.845302e-07,-0.0012602884
1.846302e-07,-0.0012803941
1.847302e-07,-0.0012983456
1.848302e-07,-0.0013098346
1.849302e-07,-0.0013141429
1.850302e-07,-0.0013098346
1.851302e-07,-0.0012997817
1.852302e-07,-0.0012868566
1.853302e-07,-0.0012760857
1.854302e-07,-0.0012710593
1.855302e-07,-0.0012746496
1.856302e-07,-0.0012868566
1.857302e-07,-0.0013040901
1.858302e-07,-0.0013206055
1.859302e-07,-0.0013313764
1.860302e-07,-0.0013328125
1.861302e-07,-0.0013256319
1.862302e-07,-0.0013134249
1.863302e-07,-0.001302654
1.864302e-07,-0.0012983456
1.865302e-07,-0.001303372
1.866302e-07,-0.0013162971
1.867302e-07,-0.0013313764
1.868302e-07,-0.0013443015
1.869302e-07,-0.0013493279
1.870302e-07,-0.0013457376
1.871302e-07,-0.0013349667
1.872302e-07,-0.0013213235
1.873302e-07,-0.0013098346
1.874302e-07,-0.001303372
1.875302e-07,-0.0013040901
1.876302e-07,-0.0013098346
1.877302e-07,-0.0013191693
1.878302e-07,-0.0013277861
1.879302e-07,-0.0013328125
1.880302e-07,-0.0013328125
1.881302e-07,-0.001327068
1.882302e-07,-0.0013170152
1.883302e-07,-0.0013062443
1.884302e-07,-0.0012983456
1.885302e-07,-0.0012983456
1.886302e-07,-0.0013091165
1.887302e-07,-0.0013292222
1.888302e-07,-0.0013557904
1.889302e-07,-0.0013830767
1.890302e-07,-0.0014046186
1.891302e-07,-0.0014182617
1.892302e-07,-0.0014247243
1.893302e-07,-0.0014297507
1.894302e-07,-0.0014390855
1.895302e-07,-0.0014563189
1.896302e-07,-0.0014821691
1.897302e-07,-0.0015101735
1.898302e-07,-0.0015324334
1.899302e-07,-0.0015424862
1.900302e-07,-0.001539614
1.901302e-07,-0.0015295611
1.902302e-07,-0.0015216625
1.903302e-07,-0.0015274069
1.904302e-07,-0.0015511029
1.905302e-07,-0.0015913143
1.906302e-07,-0.0016387063
1.907302e-07,-0.00168179
1.908302e-07,-0.0017119485
1.909302e-07,-0.0017263097
1.910302e-07,-0.0017299
1.911302e-07,-0.0017299
1.912302e-07,-0.0017349265
1.913302e-07,-0.0017464154
1.914302e-07,-0.0017600586
1.915302e-07,-0.0017701114
1.916302e-07,-0.0017693934
1.917302e-07,-0.0017571864
1.918302e-07,-0.0017370807
1.919302e-07,-0.0017191291
1.920302e-07,-0.0017119485
1.921302e-07,-0.0017184111
1.922302e-07,-0.0017370807
1.923302e-07,-0.0017607767
1.924302e-07,-0.0017808824
1.925302e-07,-0.0017938074
1.926302e-07,-0.0017988339
1.927302e-07,-0.0018009881
1.928302e-07,-0.0018038603
1.929302e-07,-0.0018103228
1.930302e-07,-0.0018175034
1.931302e-07,-0.0018203757
1.932302e-07,-0.0018153493
1.933302e-07,-0.0018009881
1.934302e-07,-0.0017823185
1.935302e-07,-0.001765085
1.936302e-07,-0.0017579044
1.937302e-07,-0.0017622128
1.938302e-07,-0.0017751379
1.939302e-07,-0.0017916533
1.940302e-07,-0.0018038603
1.941302e-07,-0.0018096048
1.942302e-07,-0.0018103228
1.943302e-07,-0.0018103228
1.944302e-07,-0.0018153493
1.945302e-07,-0.0018268382
1.946302e-07,-0.0018411994
1.947302e-07,-0.0018548426
1.948302e-07,-0.0018613051
1.949302e-07,-0.0018605871
1.950302e-07,-0.0018562787
1.951302e-07,-0.0018548426
1.952302e-07,-0.0018613051
1.953302e-07,-0.0018771025
1.954302e-07,-0.0018993624
1.955302e-07,-0.0019223403
1.956302e-07,-0.0019417279
1.957302e-07,-0.0019553711
1.958302e-07,-0.0019675781
1.959302e-07,-0.0019812213
1.960302e-07,-0.0019991728
1.961302e-07,-0.0020199966
1.962302e-07,-0.0020365119
1.963302e-07,-0.0020422564
1.964302e-07,-0.0020336397
1.965302e-07,-0.002013534
1.966302e-07,-0.0019905561
1.967302e-07,-0.0019754768
1.968302e-07,-0.0019761949
1.969302e-07,-0.0019912741
1.970302e-07,-0.002013534
1.971302e-07,-0.0020300494
1.972302e-07,-0.0020336397
1.973302e-07,-0.0020221507
1.974302e-07,-0.002001327
1.975302e-07,-0.0019833755
1.976302e-07,-0.0019761949
1.977302e-07,-0.0019812213
1.978302e-07,-0.0019919922
1.979302e-07,-0.0019977367
1.980302e-07,-0.0019876838
1.981302e-07,-0.0019611156
1.982302e-07,-0.0019244945
1.983302e-07,-0.0018907456
1.984302e-07,-0.0018727941
1.985302e-07,-0.0018756664
1.986302e-07,-0.001895054
1.987302e-07,-0.0019209042
1.988302e-07,-0.0019417279
1.989302e-07,-0.0019503447
1.990302e-07,-0.0019481905
1.991302e-07,-0.0019431641
1.992302e-07,-0.0019417279
1.993302e-07,-0.0019474724
1.994302e-07,-0.001954653
1.995302e-07,-0.0019553711
1.996302e-07,-0.0019417279
1.997302e-07,-0.0019115694
1.998302e-07,-0.0018735122
1.999302e-07,-0.0018404814
2.000302e-07,-0.0018268382
2.001302e-07,-0.0018376091
2.002302e-07,-0.0018699219
2.003302e-07,-0.0019094152
2.004302e-07,-0.0019417279
2.005302e-07,-0.0019560892
2.006302e-07,-0.0019517808
2.007302e-07,-0.0019352654
2.008302e-07,-0.00191875
2.009302e-07,-0.0019108513
2.010302e-07,-0.0019144416
2.011302e-07,-0.0019237764
2.012302e-07,-0.001930239
2.013302e-07,-0.0019280848
2.014302e-07,-0.0019173139
2.015302e-07,-0.0019036707
2.016302e-07,-0.0018957721
2.017302e-07,-0.0019000804
2.018302e-07,-0.0019180319
2.019302e-07,-0.0019460363
2.020302e-07,-0.0019761949
2.021302e-07,-0.0020027631
2.022302e-07,-0.0020235869
2.023302e-07,-0.0020408203
2.024302e-07,-0.0020566176
2.025302e-07,-0.0020738511
2.026302e-07,-0.0020896484
2.027302e-07,-0.0021004193
2.028302e-07,-0.0021025735
2.029302e-07,-0.0020946749
2.030302e-07,-0.0020817498
2.031302e-07,-0.0020702608
2.032302e-07,-0.0020681066
2.033302e-07,-0.0020774414
2.034302e-07,-0.002096111
2.035302e-07,-0.0021183709
2.036302e-07,-0.0021370404
2.037302e-07,-0.0021492475
2.038302e-07,-0.0021564281
2.039302e-07,-0.0021628906
2.040302e-07,-0.0021715074
2.041302e-07,-0.0021829963
2.042302e-07,-0.0021923311
2.043302e-07,-0.0021937672
2.044302e-07,-0.0021829963
2.045302e-07,-0.0021614545
2.046302e-07,-0.0021377585
2.047302e-07,-0.0021226792
2.048302e-07,-0.0021255515
2.049302e-07,-0.0021485294
2.050302e-07,-0.0021851505
2.051302e-07,-0.0022232077
2.052302e-07,-0.0022519301
2.053302e-07,-0.0022627011
2.054302e-07,-0.0022576746
2.055302e-07,-0.0022425954
2.056302e-07,-0.0022289522
2.057302e-07,-0.0022232077
2.058302e-07,-0.00222608
2.059302e-07,-0.0022339786
2.060302e-07,-0.0022404412
2.061302e-07,-0.0022425954
2.062302e-07,-0.0022411592
2.063302e-07,-0.0022425954
2.064302e-07,-0.0022519301
2.065302e-07,-0.0022727539
2.066302e-07,-0.0023014763
2.067302e-07,-0.0023323529
2.068302e-07,-0.0023553309
2.069302e-07,-0.0023668199
2.070302e-07,-0.0023668199
2.071302e-07,-0.0023603573
2.072302e-07,-0.0023553309
2.073302e-07,-0.0023546128
2.074302e-07,-0.0023574851
2.075302e-07,-0.0023596392
2.076302e-07,-0.0023553309
2.077302e-07,-0.0023431239
2.078302e-07,-0.0023266085
2.079302e-07,-0.0023122472
2.080302e-07,-0.002309375
2.081302e-07,-0.002320864
2.082302e-07,-0.0023459961
2.083302e-07,-0.0023754366
2.084302e-07,-0.0024012868
2.085302e-07,-0.002415648
2.086302e-07,-0.0024178022
2.087302e-07,-0.0024106216
2.088302e-07,-0.0024012868
2.089302e-07,-0.0023955423
2.090302e-07,-0.0023933881
2.091302e-07,-0.0023933881
2.092302e-07,-0.0023897978
2.093302e-07,-0.0023797449
2.094302e-07,-0.0023632295
2.095302e-07,-0.002345278
2.096302e-07,-0.0023323529
2.097302e-07,-0.0023294807
2.098302e-07,-0.0023373794
2.099302e-07,-0.0023517406
2.100302e-07,-0.0023668199
2.101302e-07,-0.0023761546
2.102302e-07,-0.0023768727
2.103302e-07,-0.002368974
2.104302e-07,-0.0023553309
2.105302e-07,-0.0023402516
2.106302e-07,-0.0023244543
2.107302e-07,-0.0023108111
2.108302e-07,-0.002297886
2.109302e-07,-0.0022878332
2.110302e-07,-0.0022820887
2.111302e-07,-0.0022849609
2.112302e-07,-0.002297886
2.113302e-07,-0.0023201459
2.114302e-07,-0.0023467142
2.115302e-07,-0.0023718463
2.116302e-07,-0.0023897978
2.117302e-07,-0.0023969784
2.118302e-07,-0.0023948242
2.119302e-07,-0.0023869256
2.120302e-07,-0.0023783088
2.121302e-07,-0.0023725643
2.122302e-07,-0.002368256
2.123302e-07,-0.0023639476
2.124302e-07,-0.0023553309
2.125302e-07,-0.0023416877
2.126302e-07,-0.0023237362
2.127302e-07,-0.0023079389
2.128302e-07,-0.002297886
2.129302e-07,-0.002297886
2.130302e-07,-0.0023079389
2.131302e-07,-0.0023244543
2.132302e-07,-0.0023438419
2.133302e-07,-0.0023603573
2.134302e-07,-0.0023725643
2.135302e-07,-0.0023783088
2.136302e-07,-0.0023783088
2.137302e-07,-0.0023740005
2.138302e-07,-0.0023653837
2.139302e-07,-0.0023546128
2.140302e-07,-0.0023438419
2.141302e-07,-0.0023366613
2.142302e-07,-0.0023373794
2.143302e-07,-0.0023474322
2.144302e-07,-0.0023668199
2.145302e-07,-0.0023897978
2.146302e-07,-0.0024091854
2.147302e-07,-0.0024178022
2.148302e-07,-0.0024127757
2.149302e-07,-0.0023976965
2.150302e-07,-0.0023797449
2.151302e-07,-0.0023675379
2.152302e-07,-0.0023668199
2.153302e-07,-0.0023783088
2.154302e-07,-0.0023948242
2.155302e-07,-0.0024091854
2.156302e-07,-0.0024127757
2.157302e-07,-0.002404159
2.158302e-07,-0.0023883617
2.159302e-07,-0.0023732824
2.160302e-07,-0.0023668199
2.161302e-07,-0.0023740005
2.162302e-07,-0.0023941062
2.163302e-07,-0.0024206744
2.164302e-07,-0.0024472426
2.165302e-07,-0.0024680664
2.166302e-07,-0.0024824276
2.167302e-07,-0.0024903263
2.168302e-07,-0.0024931985
2.169302e-07,-0.0024924805
2.170302e-07,-0.002486736
2.171302e-07,-0.002475247
2.172302e-07,-0.0024587316
2.173302e-07,-0.0024407801
2.174302e-07,-0.0024292911
2.175302e-07,-0.0024307273
2.176302e-07,-0.0024472426
2.177302e-07,-0.0024766831
2.178302e-07,-0.0025097139
2.179302e-07,-0.0025370002
2.180302e-07,-0.0025506434
2.181302e-07,-0.0025492073
2.182302e-07,-0.0025391544
2.183302e-07,-0.0025298196
2.184302e-07,-0.0025276654
2.185302e-07,-0.0025355641
2.186302e-07,-0.0025499253
2.187302e-07,-0.0025606962
2.188302e-07,-0.0025621324
2.189302e-07,-0.0025520795
2.190302e-07,-0.002534128
2.191302e-07,-0.0025197668
2.192302e-07,-0.0025161765
2.193302e-07,-0.0025276654
2.194302e-07,-0.0025506434
2.195302e-07,-0.0025772116
2.196302e-07,-0.0025965993
2.197302e-07,-0.0026044979
2.198302e-07,-0.0026009076
2.199302e-07,-0.0025922909
2.200302e-07,-0.0025851103
2.201302e-07,-0.0025843922
2.202302e-07,-0.0025894187
2.203302e-07,-0.0025951631
2.204302e-07,-0.0025965993
2.205302e-07,-0.0025915728
2.206302e-07,-0.0025836742
2.207302e-07,-0.0025793658
2.208302e-07,-0.0025851103
2.209302e-07,-0.0026030618
2.210302e-07,-0.0026303481
2.211302e-07,-0.0026576344
2.212302e-07,-0.0026770221
2.213302e-07,-0.0026834846
2.214302e-07,-0.0026770221
2.215302e-07,-0.002664815
2.216302e-07,-0.0026540441
2.217302e-07,-0.0026490177
2.218302e-07,-0.0026504538
2.219302e-07,-0.0026533261
2.220302e-07,-0.0026540441
2.221302e-07,-0.0026490177
2.222302e-07,-0.002640401
2.223302e-07,-0.0026325023
2.224302e-07,-0.0026310662
2.225302e-07,-0.0026382468
2.226302e-07,-0.0026518899
2.227302e-07,-0.0026662511
2.228302e-07,-0.0026770221
2.229302e-07,-0.0026806124
2.230302e-07,-0.0026784582
2.231302e-07,-0.0026755859
2.232302e-07,-0.0026770221
2.233302e-07,-0.0026827665
2.234302e-07,-0.0026906652
2.235302e-07,-0.0026942555
2.236302e-07,-0.002688511
2.237302e-07,-0.0026734318
2.238302e-07,-0.0026533261
2.239302e-07,-0.0026368107
2.240302e-07,-0.0026310662
2.241302e-07,-0.0026382468
2.242302e-07,-0.0026561983
2.243302e-07,-0.0026755859
2.244302e-07,-0.002688511
2.245302e-07,-0.0026913833
2.246302e-07,-0.0026856388
2.247302e-07,-0.0026784582
2.248302e-07,-0.0026770221
2.249302e-07,-0.0026856388
2.250302e-07,-0.0027028722
2.251302e-07,-0.0027215418
2.252302e-07,-0.0027344669
2.253302e-07,-0.0027366211
2.254302e-07,-0.0027287224
2.255302e-07,-0.0027172335
2.256302e-07,-0.002711489
2.257302e-07,-0.0027165154
2.258302e-07,-0.0027330308
2.259302e-07,-0.0027574449
2.260302e-07,-0.0027804228
2.261302e-07,-0.0027969382
2.262302e-07,-0.0028041188
2.263302e-07,-0.0028041188
2.264302e-07,-0.0028034007
2.265302e-07,-0.002806273
2.266302e-07,-0.0028141716
2.267302e-07,-0.0028263787
2.268302e-07,-0.0028378676
2.269302e-07,-0.0028457663
2.270302e-07,-0.0028486386
2.271302e-07,-0.0028486386
2.272302e-07,-0.0028493566
2.273302e-07,-0.002853665
2.274302e-07,-0.0028615636
2.275302e-07,-0.0028723346
2.276302e-07,-0.0028838235
2.277302e-07,-0.0028938764
2.278302e-07,-0.0029039292
2.279302e-07,-0.0029147001
2.280302e-07,-0.0029297794
2.281302e-07,-0.0029477309
2.282302e-07,-0.0029664005
2.283302e-07,-0.0029807617
2.284302e-07,-0.0029872243
2.285302e-07,-0.002984352
2.286302e-07,-0.0029757353
2.287302e-07,-0.0029664005
2.288302e-07,-0.0029642463
2.289302e-07,-0.002972145
2.290302e-07,-0.0029900965
2.291302e-07,-0.0030123564
2.292302e-07,-0.0030331801
2.293302e-07,-0.0030468233
2.294302e-07,-0.0030511317
2.295302e-07,-0.0030489775
2.296302e-07,-0.0030446691
2.297302e-07,-0.0030425149
2.298302e-07,-0.0030439511
2.299302e-07,-0.0030496955
2.300302e-07,-0.0030561581
2.301302e-07,-0.0030619026
2.302302e-07,-0.003066929
2.303302e-07,-0.0030712374
2.304302e-07,-0.003079136
2.305302e-07,-0.0030913431
2.306302e-07,-0.0031085765
2.307302e-07,-0.0031279642
2.308302e-07,-0.0031480699
2.309302e-07,-0.0031653033
2.310302e-07,-0.0031782284
2.311302e-07,-0.0031875632
2.312302e-07,-0.0031940257
2.313302e-07,-0.0031983341
2.314302e-07,-0.0032019244
2.315302e-07,-0.0032040786
2.316302e-07,-0.0032055147
2.317302e-07,-0.0032083869
2.318302e-07,-0.0032141314
2.319302e-07,-0.0032249023
2.320302e-07,-0.0032399816
2.321302e-07,-0.0032579331
2.322302e-07,-0.0032751666
2.323302e-07,-0.0032888097
2.324302e-07,-0.0032974265
2.325302e-07,-0.0033017348
2.326302e-07,-0.0033053251
2.327302e-07,-0.0033110696
2.328302e-07,-0.0033204044
2.329302e-07,-0.0033318934
2.330302e-07,-0.0033419462
2.331302e-07,-0.0033462546
2.332302e-07,-0.0033433824
2.333302e-07,-0.0033340476
2.334302e-07,-0.0033232767
2.335302e-07,-0.0033139419
2.336302e-07,-0.0033089154
2.337302e-07,-0.0033074793
2.338302e-07,-0.0033067613
2.339302e-07,-0.003303889
2.340302e-07,-0.0032974265
2.341302e-07,-0.0032902459
2.342302e-07,-0.0032880917
2.343302e-07,-0.0032938362
2.344302e-07,-0.0033089154
2.345302e-07,-0.003327585
2.346302e-07,-0.0033405101
2.347302e-07,-0.003339074
2.348302e-07,-0.0033204044
2.349302e-07,-0.0032873736
2.350302e-07,-0.0032500345
2.351302e-07,-0.0032191579
2.352302e-07,-0.0032055147
2.353302e-07,-0.0032098231
2.354302e-07,-0.0032270565
2.355302e-07,-0.0032478803
2.356302e-07,-0.0032629596
2.357302e-07,-0.003268704
2.358302e-07,-0.0032651137
2.359302e-07,-0.0032579331
2.360302e-07,-0.0032514706
2.361302e-07,-0.0032464442
2.362302e-07,-0.0032392636
2.363302e-07,-0.0032263385
2.364302e-07,-0.0032055147
2.365302e-07,-0.0031803826
2.366302e-07,-0.0031595588
2.367302e-07,-0.0031509421
2.368302e-07,-0.0031595588
2.369302e-07,-0.0031832548
2.370302e-07,-0.0032126953
2.371302e-07,-0.0032349552
2.372302e-07,-0.0032399816
2.373302e-07,-0.0032256204
2.374302e-07,-0.0031983341
2.375302e-07,-0.0031696117
2.376302e-07,-0.0031480699
2.377302e-07,-0.0031387351
2.378302e-07,-0.0031372989
2.379302e-07,-0.0031351448
2.380302e-07,-0.0031250919
2.381302e-07,-0.0031049862
2.382302e-07,-0.0030805722
2.383302e-07,-0.0030611845
2.384302e-07,-0.0030561581
2.385302e-07,-0.0030676471
2.386302e-07,-0.0030891889
2.387302e-07,-0.0031085765
2.388302e-07,-0.0031136029
2.389302e-07,-0.0030992417
2.390302e-07,-0.0030698012
2.391302e-07,-0.0030360524
2.392302e-07,-0.0030102022
2.393302e-07,-0.0030008674
2.394302e-07,-0.00300733
2.395302e-07,-0.0030216912
2.396302e-07,-0.0030331801
2.397302e-07,-0.0030346163
2.398302e-07,-0.0030259995
2.399302e-07,-0.0030152286
2.400302e-07,-0.0030102022
2.401302e-07,-0.0030181009
2.402302e-07,-0.0030382066
2.403302e-07,-0.0030619026
2.404302e-07,-0.003079136
2.405302e-07,-0.0030827263
2.406302e-07,-0.0030712374
2.407302e-07,-0.0030511317
2.408302e-07,-0.0030331801
2.409302e-07,-0.0030245634
2.410302e-07,-0.0030274357
2.411302e-07,-0.0030367705
2.412302e-07,-0.0030446691
2.413302e-07,-0.0030439511
2.414302e-07,-0.0030338982
2.415302e-07,-0.003019537
2.416302e-07,-0.0030102022
2.417302e-07,-0.0030145106
2.418302e-07,-0.0030353343
2.419302e-07,-0.0030676471
2.420302e-07,-0.003102114
2.421302e-07,-0.0031279642
2.422302e-07,-0.003138017
2.423302e-07,-0.0031315545
2.424302e-07,-0.0031136029
2.425302e-07,-0.0030920611
2.426302e-07,-0.0030733915
2.427302e-07,-0.0030619026
2.428302e-07,-0.0030561581
2.429302e-07,-0.0030532858
2.430302e-07,-0.0030511317
2.431302e-07,-0.0030475414
2.432302e-07,-0.0030446691
2.433302e-07,-0.0030446691
2.434302e-07,-0.0030511317
2.435302e-07,-0.0030626206
2.436302e-07,-0.003079136
2.437302e-07,-0.0030970875
2.438302e-07,-0.0031121668
2.439302e-07,-0.0031222197
2.440302e-07,-0.0031250919
2.441302e-07,-0.0031207835
2.442302e-07,-0.0031100126
2.443302e-07,-0.0030949334
2.444302e-07,-0.003079136
2.445302e-07,-0.0030662109
2.446302e-07,-0.0030590303
2.447302e-07,-0.0030597484
2.448302e-07,-0.0030676471
2.449302e-07,-0.0030805722
2.450302e-07,-0.0030949334
2.451302e-07,-0.0031064223
2.452302e-07,-0.0031136029
2.453302e-07,-0.0031179113
2.454302e-07,-0.0031200655
2.455302e-07,-0.0031229377
2.456302e-07,-0.0031250919
2.457302e-07,-0.0031250919
2.458302e-07,-0.0031200655
2.459302e-07,-0.0031078585
2.460302e-07,-0.003090625
2.461302e-07,-0.0030741096
2.462302e-07,-0.0030654929
2.463302e-07,-0.0030705193
2.464302e-07,-0.003090625
2.465302e-07,-0.0031215016
2.466302e-07,-0.0031545324
2.467302e-07,-0.0031803826
2.468302e-07,-0.0031940257
2.469302e-07,-0.0031961799
2.470302e-07,-0.0031918716
2.471302e-07,-0.0031897174
2.472302e-07,-0.0031940257
2.473302e-07,-0.0032055147
2.474302e-07,-0.0032191579
2.475302e-07,-0.0032284926
2.476302e-07,-0.0032284926
2.477302e-07,-0.003221312
2.478302e-07,-0.0032134134
2.479302e-07,-0.0032134134
2.480302e-07,-0.0032284926
2.481302e-07,-0.0032579331
2.482302e-07,-0.0032959903
2.483302e-07,-0.0033311753
2.484302e-07,-0.0033548713
2.485302e-07,-0.0033620519
2.486302e-07,-0.0033548713
2.487302e-07,-0.0033419462
2.488302e-07,-0.0033318934
2.489302e-07,-0.0033297392
2.490302e-07,-0.0033354837
2.491302e-07,-0.0033448185
2.492302e-07,-0.0033548713
2.493302e-07,-0.0033620519
2.494302e-07,-0.0033677964
2.495302e-07,-0.0033756951
2.496302e-07,-0.0033893382
2.497302e-07,-0.0034072898
2.498302e-07,-0.0034266774
2.499302e-07,-0.0034410386
2.500302e-07,-0.0034467831
2.501302e-07,-0.0034446289
2.502302e-07,-0.0034396025
2.503302e-07,-0.0034381664
2.504302e-07,-0.0034467831
2.505302e-07,-0.0034640165
2.506302e-07,-0.0034841222
2.507302e-07,-0.0034999196
2.508302e-07,-0.0035042279
2.509302e-07,-0.0034977654
2.510302e-07,-0.0034877125
2.511302e-07,-0.0034834042
2.512302e-07,-0.003492739
2.513302e-07,-0.003517153
2.514302e-07,-0.0035494658
2.515302e-07,-0.0035796243
2.516302e-07,-0.0035961397
2.517302e-07,-0.0035954216
2.518302e-07,-0.0035824966
2.519302e-07,-0.0035674173
2.520302e-07,-0.0035616728
2.521302e-07,-0.0035710076
2.522302e-07,-0.0035918313
2.523302e-07,-0.0036155273
2.524302e-07,-0.0036306066
2.525302e-07,-0.0036298886
2.526302e-07,-0.0036133732
2.527302e-07,-0.0035911133
2.528302e-07,-0.0035731618
2.529302e-07,-0.0035695715
2.530302e-07,-0.0035817785
2.531302e-07,-0.0036054745
2.532302e-07,-0.0036306066
2.533302e-07,-0.0036485581
2.534302e-07,-0.0036543026
2.535302e-07,-0.0036507123
2.536302e-07,-0.0036420956
2.537302e-07,-0.0036341969
2.538302e-07,-0.0036291705
2.539302e-07,-0.0036255802
2.540302e-07,-0.0036191176
2.541302e-07,-0.0036076287
2.542302e-07,-0.0035911133
2.543302e-07,-0.0035738798
2.544302e-07,-0.0035616728
2.545302e-07,-0.0035602367
2.546302e-07,-0.0035695715
2.547302e-07,-0.003587523
2.548302e-07,-0.0036076287
2.549302e-07,-0.0036241441
2.550302e-07,-0.0036334789
2.551302e-07,-0.003634915
2.552302e-07,-0.0036306066
2.553302e-07,-0.003622708
2.554302e-07,-0.0036133732
2.555302e-07,-0.0036040384
2.556302e-07,-0.0035961397
2.557302e-07,-0.0035911133
2.558302e-07,-0.0035903952
2.559302e-07,-0.0035961397
2.560302e-07,-0.0036076287
2.561302e-07,-0.0036219899
2.562302e-07,-0.0036327608
2.563302e-07,-0.0036363511
2.564302e-07,-0.0036306066
2.565302e-07,-0.0036176815
2.566302e-07,-0.0036033203
2.567302e-07,-0.0035947036
2.568302e-07,-0.0035961397
2.569302e-07,-0.0036069106
2.570302e-07,-0.0036212718
2.571302e-07,-0.0036313247
2.572302e-07,-0.0036306066
2.573302e-07,-0.0036183996
2.574302e-07,-0.0035990119
2.575302e-07,-0.0035817785
2.576302e-07,-0.0035731618
2.577302e-07,-0.0035774701
2.578302e-07,-0.0035903952
2.579302e-07,-0.0036069106
2.580302e-07,-0.0036191176
2.581302e-07,-0.003623426
2.582302e-07,-0.0036212718
2.583302e-07,-0.0036183996
2.584302e-07,-0.0036191176
2.585302e-07,-0.0036262983
2.586302e-07,-0.0036363511
2.587302e-07,-0.0036435317
2.588302e-07,-0.0036420956
2.589302e-07,-0.0036298886
2.590302e-07,-0.0036105009
2.591302e-07,-0.0035925494
2.592302e-07,-0.0035846507
2.593302e-07,-0.0035925494
2.594302e-07,-0.0036148093
2.595302e-07,-0.0036456859
2.596302e-07,-0.0036765625
2.597302e-07,-0.0036995404
2.598302e-07,-0.0037110294
2.599302e-07,-0.0037139017
2.600302e-07,-0.0037110294
2.601302e-07,-0.0037074391
2.602302e-07,-0.0037045669
2.603302e-07,-0.0037024127
2.604302e-07,-0.0036995404
2.605302e-07,-0.0036959501
2.606302e-07,-0.003694514
2.607302e-07,-0.0036981043
2.608302e-07,-0.0037110294
2.609302e-07,-0.0037340074
2.610302e-07,-0.0037627298
2.611302e-07,-0.0037921703
2.612302e-07,-0.0038144301
2.613302e-07,-0.0038259191
2.614302e-07,-0.0038273552
2.615302e-07,-0.0038216108
2.616302e-07,-0.0038144301
2.617302e-07,-0.0038101218
2.618302e-07,-0.0038094037
2.619302e-07,-0.0038115579
2.620302e-07,-0.0038144301
2.621302e-07,-0.0038173024
2.622302e-07,-0.0038201746
2.623302e-07,-0.0038266372
2.624302e-07,-0.0038374081
2.625302e-07,-0.0038524874
2.626302e-07,-0.0038690028
2.627302e-07,-0.0038804917
2.628302e-07,-0.003883364
2.629302e-07,-0.0038761834
2.630302e-07,-0.0038618222
2.631302e-07,-0.0038467429
2.632302e-07,-0.0038374081
2.633302e-07,-0.003835972
2.634302e-07,-0.0038409984
2.635302e-07,-0.0038474609
2.636302e-07,-0.0038488971
2.637302e-07,-0.0038417165
2.638302e-07,-0.0038259191
2.639302e-07,-0.0038072495
2.640302e-07,-0.0037914522
2.641302e-07,-0.0037842716
2.642302e-07,-0.0037878619
2.643302e-07,-0.0037993509
2.644302e-07,-0.0038144301
2.645302e-07,-0.0038273552
2.646302e-07,-0.003835972
2.647302e-07,-0.0038388442
2.648302e-07,-0.0038374081
2.649302e-07,-0.0038338178
2.650302e-07,-0.0038287914
2.651302e-07,-0.0038223288
2.652302e-07,-0.0038144301
2.653302e-07,-0.0038065315
2.654302e-07,-0.003800787
2.655302e-07,-0.0037986328
2.656302e-07,-0.0038029412
2.657302e-07,-0.003812276
2.658302e-07,-0.0038230469
2.659302e-07,-0.0038330997
2.660302e-07,-0.0038374081
2.661302e-07,-0.00383669
2.662302e-07,-0.0038316636
2.663302e-07,-0.0038273552
2.664302e-07,-0.0038259191
2.665302e-07,-0.0038273552
2.666302e-07,-0.0038302275
2.667302e-07,-0.0038309455
2.668302e-07,-0.0038259191
2.669302e-07,-0.0038151482
2.670302e-07,-0.0038029412
2.671302e-07,-0.0037936064
2.672302e-07,-0.0037914522
2.673302e-07,-0.0037993509
2.674302e-07,-0.0038144301
2.675302e-07,-0.0038323817
2.676302e-07,-0.0038488971
2.677302e-07,-0.003859668
2.678302e-07,-0.0038654125
2.679302e-07,-0.0038682847
2.680302e-07,-0.003871875
2.681302e-07,-0.0038769014
2.682302e-07,-0.003884082
2.683302e-07,-0.0038905446
2.684302e-07,-0.0038948529
2.685302e-07,-0.003895571
2.686302e-07,-0.0038941349
2.687302e-07,-0.0038934168
2.688302e-07,-0.0038948529
2.689302e-07,-0.0038991613
2.690302e-07,-0.0039056239
2.691302e-07,-0.0039120864
2.692302e-07,-0.0039178309
2.693302e-07,-0.0039235754
2.694302e-07,-0.003931474
2.695302e-07,-0.0039451172
2.696302e-07,-0.0039637868
2.697302e-07,-0.0039853286
2.698302e-07,-0.0040039982
2.699302e-07,-0.0040162052
2.700302e-07,-0.0040212316
2.701302e-07,-0.0040219497
2.702302e-07,-0.0040241039
2.703302e-07,-0.0040341567
2.704302e-07,-0.0040556985
2.705302e-07,-0.004084421
2.706302e-07,-0.0041131434
2.707302e-07,-0.004132531
2.708302e-07,-0.0041361213
2.709302e-07,-0.0041260685
2.710302e-07,-0.004108117
2.711302e-07,-0.0040937557
2.712302e-07,-0.0040901654
2.713302e-07,-0.0040995002
2.714302e-07,-0.0041160156
2.715302e-07,-0.0041310949
2.716302e-07,-0.0041361213
2.717302e-07,-0.0041275046
2.718302e-07,-0.004108835
2.719302e-07,-0.0040894474
2.720302e-07,-0.0040786765
2.721302e-07,-0.0040822668
2.722302e-07,-0.0040980641
2.723302e-07,-0.0041196059
2.724302e-07,-0.0041361213
2.725302e-07,-0.0041418658
2.726302e-07,-0.0041346852
2.727302e-07,-0.0041188879
2.728302e-07,-0.0041016544
2.729302e-07,-0.0040880113
2.730302e-07,-0.0040808307
2.731302e-07,-0.0040786765
2.732302e-07,-0.0040786765
2.733302e-07,-0.0040793945
2.734302e-07,-0.0040808307
2.735302e-07,-0.004084421
2.736302e-07,-0.0040901654
2.737302e-07,-0.004097346
2.738302e-07,-0.0041023725
2.739302e-07,-0.0041002183
2.740302e-07,-0.0040901654
2.741302e-07,-0.004072932
2.742302e-07,-0.0040556985
2.743302e-07,-0.0040442096
2.744302e-07,-0.0040442096
2.745302e-07,-0.0040542624
2.746302e-07,-0.0040686236
2.747302e-07,-0.0040786765
2.748302e-07,-0.0040786765
2.749302e-07,-0.0040671875
2.750302e-07,-0.004049954
2.751302e-07,-0.0040363109
2.752302e-07,-0.0040327206
2.753302e-07,-0.0040420554
2.754302e-07,-0.0040585708
2.755302e-07,-0.00407365
2.756302e-07,-0.0040786765
2.757302e-07,-0.0040693417
2.758302e-07,-0.004049236
2.759302e-07,-0.004026258
2.760302e-07,-0.0040097426
2.761302e-07,-0.0040047162
2.762302e-07,-0.0040111788
2.763302e-07,-0.0040233858
2.764302e-07,-0.0040327206
2.765302e-07,-0.0040348748
2.766302e-07,-0.0040291303
2.767302e-07,-0.0040190774
2.768302e-07,-0.0040097426
2.769302e-07,-0.0040039982
2.770302e-07,-0.004002562
2.771302e-07,-0.0040011259
2.772302e-07,-0.0039982537
2.773302e-07,-0.0039932273
2.774302e-07,-0.0039889189
2.775302e-07,-0.0039896369
2.776302e-07,-0.0039982537
2.777302e-07,-0.004013333
2.778302e-07,-0.0040284122
2.779302e-07,-0.004037029
2.780302e-07,-0.0040327206
2.781302e-07,-0.0040176413
2.782302e-07,-0.0039989717
2.783302e-07,-0.0039860466
2.784302e-07,-0.0039867647
2.785302e-07,-0.004002562
2.786302e-07,-0.004026258
2.787302e-07,-0.0040470818
2.788302e-07,-0.0040556985
2.789302e-07,-0.0040470818
2.790302e-07,-0.004026258
2.791302e-07,-0.004002562
2.792302e-07,-0.0039867647
2.793302e-07,-0.0039853286
2.794302e-07,-0.0039975356
2.795302e-07,-0.0040162052
2.796302e-07,-0.0040327206
2.797302e-07,-0.0040413373
2.798302e-07,-0.0040427734
2.799302e-07,-0.0040413373
2.800302e-07,-0.0040442096
2.801302e-07,-0.0040542624
2.802302e-07,-0.0040714959
2.803302e-07,-0.0040894474
2.804302e-07,-0.0041016544
2.805302e-07,-0.0041052447
2.806302e-07,-0.0041023725
2.807302e-07,-0.0040987822
2.808302e-07,-0.0041016544
2.809302e-07,-0.0041138614
2.810302e-07,-0.0041332491
2.811302e-07,-0.0041540728
2.812302e-07,-0.0041705882
2.813302e-07,-0.0041784869
2.814302e-07,-0.0041784869
2.815302e-07,-0.0041777688
2.816302e-07,-0.0041820772
2.817302e-07,-0.0041950023
2.818302e-07,-0.0042143899
2.819302e-07,-0.0042352137
2.820302e-07,-0.004251011
2.821302e-07,-0.0042581916
2.822302e-07,-0.0042581916
2.823302e-07,-0.0042538833
2.824302e-07,-0.004251011
2.825302e-07,-0.0042517291
2.826302e-07,-0.0042546013
2.827302e-07,-0.0042553194
2.828302e-07,-0.004251011
2.829302e-07,-0.0042409582
2.830302e-07,-0.0042301873
2.831302e-07,-0.0042237247
2.832302e-07,-0.0042280331
2.833302e-07,-0.0042423943
2.834302e-07,-0.0042625
2.835302e-07,-0.0042790154
2.836302e-07,-0.0042854779
2.837302e-07,-0.0042790154
2.838302e-07,-0.0042632181
2.839302e-07,-0.0042474207
2.840302e-07,-0.0042395221
2.841302e-07,-0.0042438304
2.842302e-07,-0.0042581916
2.843302e-07,-0.004274707
2.844302e-07,-0.0042854779
2.845302e-07,-0.0042854779
2.846302e-07,-0.0042754251
2.847302e-07,-0.0042610639
2.848302e-07,-0.004251011
2.849302e-07,-0.0042488568
2.850302e-07,-0.0042553194
2.851302e-07,-0.0042660903
2.852302e-07,-0.004273989
2.853302e-07,-0.0042761432
2.854302e-07,-0.0042725528
2.855302e-07,-0.0042668084
2.856302e-07,-0.0042625
2.857302e-07,-0.0042625
2.858302e-07,-0.0042646542
2.859302e-07,-0.0042660903
2.860302e-07,-0.0042625
2.861302e-07,-0.0042538833
2.862302e-07,-0.0042431124
2.863302e-07,-0.0042366498
2.864302e-07,-0.0042395221
2.865302e-07,-0.0042517291
2.866302e-07,-0.0042703987
2.867302e-07,-0.0042869141
2.868302e-07,-0.0042969669
2.869302e-07,-0.004297685
2.870302e-07,-0.0042912224
2.871302e-07,-0.0042854779
2.872302e-07,-0.0042854779
2.873302e-07,-0.0042926585
2.874302e-07,-0.0043048656
2.875302e-07,-0.0043156365
2.876302e-07,-0.0043199449
2.877302e-07,-0.0043163545
2.878302e-07,-0.0043084559
2.879302e-07,-0.0043041475
2.880302e-07,-0.0043084559
2.881302e-07,-0.0043235352
2.882302e-07,-0.004345795
2.883302e-07,-0.0043659007
2.884302e-07,-0.0043773897
2.885302e-07,-0.0043773897
2.886302e-07,-0.004368773
2.887302e-07,-0.0043587201
2.888302e-07,-0.0043544118
2.889302e-07,-0.0043594382
2.890302e-07,-0.0043702091
2.891302e-07,-0.0043824161
2.892302e-07,-0.0043888787
2.893302e-07,-0.0043874426
2.894302e-07,-0.00438098
2.895302e-07,-0.0043759536
2.896302e-07,-0.0043773897
2.897302e-07,-0.0043881606
2.898302e-07,-0.0044061121
2.899302e-07,-0.0044233456
2.900302e-07,-0.0044348346
2.901302e-07,-0.0044391429
2.902302e-07,-0.0044384249
2.903302e-07,-0.0044391429
2.904302e-07,-0.0044463235
2.905302e-07,-0.0044606847
2.906302e-07,-0.0044779182
2.907302e-07,-0.0044901252
2.908302e-07,-0.0044922794
2.909302e-07,-0.0044836627
2.910302e-07,-0.0044693015
2.911302e-07,-0.0044585306
2.912302e-07,-0.0044578125
2.913302e-07,-0.0044693015
2.914302e-07,-0.0044886891
2.915302e-07,-0.0045066406
2.916302e-07,-0.0045152574
2.917302e-07,-0.0045123851
2.918302e-07,-0.0045016142
2.919302e-07,-0.0044922794
2.920302e-07,-0.0044922794
2.921302e-07,-0.0045037684
2.922302e-07,-0.004523156
2.923302e-07,-0.0045418256
2.924302e-07,-0.0045497243
2.925302e-07,-0.0045439798
2.926302e-07,-0.0045274644
2.927302e-07,-0.0045073587
2.928302e-07,-0.0044922794
2.929302e-07,-0.0044865349
2.930302e-07,-0.0044886891
2.931302e-07,-0.0044929975
2.932302e-07,-0.0044922794
2.933302e-07,-0.0044843807
2.934302e-07,-0.0044721737
2.935302e-07,-0.0044614028
2.936302e-07,-0.0044578125
2.937302e-07,-0.0044621209
2.938302e-07,-0.0044693015
2.939302e-07,-0.0044736098
2.940302e-07,-0.0044693015
2.941302e-07,-0.0044556583
2.942302e-07,-0.0044377068
2.943302e-07,-0.0044247817
2.944302e-07,-0.0044233456
2.945302e-07,-0.0044341165
2.946302e-07,-0.0044506319
2.947302e-07,-0.0044649931
2.948302e-07,-0.0044693015
2.949302e-07,-0.0044628389
2.950302e-07,-0.00445135
2.951302e-07,-0.0044434513
2.952302e-07,-0.0044463235
2.953302e-07,-0.0044592486
2.954302e-07,-0.0044743279
2.955302e-07,-0.0044800724
2.956302e-07,-0.0044693015
2.957302e-07,-0.0044412971
2.958302e-07,-0.0044053941
2.959302e-07,-0.0043759536
2.960302e-07,-0.0043659007
2.961302e-07,-0.0043795439
2.962302e-07,-0.0044104205
2.963302e-07,-0.0044448874
2.964302e-07,-0.0044693015
2.965302e-07,-0.004475764
2.966302e-07,-0.0044657112
2.967302e-07,-0.0044484777
2.968302e-07,-0.0044348346
2.969302e-07,-0.0044319623
2.970302e-07,-0.0044377068
2.971302e-07,-0.0044448874
2.972302e-07,-0.0044463235
2.973302e-07,-0.0044377068
2.974302e-07,-0.0044226275
2.975302e-07,-0.0044111386
2.976302e-07,-0.0044118566
2.977302e-07,-0.0044298081
2.978302e-07,-0.0044599667
2.979302e-07,-0.0044915614
2.980302e-07,-0.0045152574
2.981302e-07,-0.0045238741
2.982302e-07,-0.0045210018
2.983302e-07,-0.0045145393
2.984302e-07,-0.0045152574
2.985302e-07,-0.0045289005
2.986302e-07,-0.0045525965
2.987302e-07,-0.0045784467
2.988302e-07,-0.0045956801
2.989302e-07,-0.0045985524
2.990302e-07,-0.0045877815
2.991302e-07,-0.0045727022
2.992302e-07,-0.0045612132
2.993302e-07,-0.0045612132
2.994302e-07,-0.0045727022
2.995302e-07,-0.0045906537
2.996302e-07,-0.0046071691
2.997302e-07,-0.00461794
2.998302e-07,-0.0046229665
2.999302e-07,-0.0046258387
3.000302e-07,-0.0046301471
3.001302e-07,-0.0046380457
3.002302e-07,-0.0046459444
3.003302e-07,-0.0046480986
3.004302e-07,-0.004641636
3.005302e-07,-0.0046272748
3.006302e-07,-0.0046107594
3.007302e-07,-0.0046021427
3.008302e-07,-0.0046071691
3.009302e-07,-0.0046258387
3.010302e-07,-0.0046509708
3.011302e-07,-0.0046703585
3.012302e-07,-0.0046761029
3.013302e-07,-0.004665332
3.014302e-07,-0.0046430722
3.015302e-07,-0.0046208123
3.016302e-07,-0.0046071691
3.017302e-07,-0.0046050149
3.018302e-07,-0.0046100414
3.019302e-07,-0.0046136317
3.020302e-07,-0.0046071691
3.021302e-07,-0.0045899357
3.022302e-07,-0.0045676758
3.023302e-07,-0.0045511604
3.024302e-07,-0.0045497243
3.025302e-07,-0.0045640855
3.026302e-07,-0.0045884995
3.027302e-07,-0.0046100414
3.028302e-07,-0.0046186581
3.029302e-07,-0.0046100414
3.030302e-07,-0.0045884995
3.031302e-07,-0.0045648035
3.032302e-07,-0.0045497243
3.033302e-07,-0.0045475701
3.034302e-07,-0.0045540326
3.035302e-07,-0.0045619313
3.036302e-07,-0.0045612132
3.037302e-07,-0.0045504423
3.038302e-07,-0.0045332089
3.039302e-07,-0.0045188477
3.040302e-07,-0.0045152574
3.041302e-07,-0.004522438
3.042302e-07,-0.0045332089
3.043302e-07,-0.0045375172
3.044302e-07,-0.0045267463
3.045302e-07,-0.0045008961
3.046302e-07,-0.0044678653
3.047302e-07,-0.0044427332
3.048302e-07,-0.0044348346
3.049302e-07,-0.0044470416
3.050302e-07,-0.0044700195
3.051302e-07,-0.0044894072
3.052302e-07,-0.0044922794
3.053302e-07,-0.0044736098
3.054302e-07,-0.004440579
3.055302e-07,-0.0044075483
3.056302e-07,-0.0043888787
3.057302e-07,-0.0043917509
3.058302e-07,-0.0044132927
3.059302e-07,-0.004439861
3.060302e-07,-0.0044578125
3.061302e-07,-0.0044592486
3.062302e-07,-0.0044463235
3.063302e-07,-0.0044269359
3.064302e-07,-0.0044118566
3.065302e-07,-0.0044068302
3.066302e-07,-0.0044082663
3.067302e-07,-0.0044089844
3.068302e-07,-0.0044003676
3.069302e-07,-0.0043795439
3.070302e-07,-0.0043536937
3.071302e-07,-0.004333588
3.072302e-07,-0.0043314338
3.073302e-07,-0.0043501034
3.074302e-07,-0.0043831342
3.075302e-07,-0.004416165
3.076302e-07,-0.0044348346
3.077302e-07,-0.0044312443
3.078302e-07,-0.0044104205
3.079302e-07,-0.0043838523
3.080302e-07,-0.0043659007
3.081302e-07,-0.0043659007
3.082302e-07,-0.0043831342
3.083302e-07,-0.0044061121
3.084302e-07,-0.0044233456
3.085302e-07,-0.0044262178
3.086302e-07,-0.0044147289
3.087302e-07,-0.0043989315
3.088302e-07,-0.0043888787
3.089302e-07,-0.004393187
3.090302e-07,-0.0044125747
3.091302e-07,-0.0044377068
3.092302e-07,-0.0044578125
3.093302e-07,-0.0044657112
3.094302e-07,-0.0044599667
3.095302e-07,-0.0044470416
3.096302e-07,-0.0044348346
3.097302e-07,-0.0044298081
3.098302e-07,-0.0044319623
3.099302e-07,-0.0044362707
3.100302e-07,-0.0044348346
3.101302e-07,-0.0044254998
3.102302e-07,-0.0044111386
3.103302e-07,-0.0044003676
3.104302e-07,-0.0044003676
3.105302e-07,-0.0044154469
3.106302e-07,-0.0044427332
3.107302e-07,-0.0044721737
3.108302e-07,-0.0044922794
3.109302e-07,-0.0044973058
3.110302e-07,-0.004487971
3.111302e-07,-0.0044714557
3.112302e-07,-0.0044578125
3.113302e-07,-0.0044527861
3.114302e-07,-0.0044570944
3.115302e-07,-0.0044649931
3.116302e-07,-0.0044693015
3.117302e-07,-0.0044657112
3.118302e-07,-0.0044556583
3.119302e-07,-0.0044427332
3.120302e-07,-0.0044348346
3.121302e-07,-0.0044355526
3.122302e-07,-0.0044427332
3.123302e-07,-0.004452068
3.124302e-07,-0.0044578125
3.125302e-07,-0.0044578125
3.126302e-07,-0.0044535041
3.127302e-07,-0.004452068
3.128302e-07,-0.0044578125
3.129302e-07,-0.0044721737
3.130302e-07,-0.0044908433
3.131302e-07,-0.0045073587
3.132302e-07,-0.0045152574
3.133302e-07,-0.0045138212
3.134302e-07,-0.0045080767
3.135302e-07,-0.0045066406
3.136302e-07,-0.0045152574
3.137302e-07,-0.0045367992
3.138302e-07,-0.0045648035
3.139302e-07,-0.0045913718
3.140302e-07,-0.0046071691
3.141302e-07,-0.0046100414
3.142302e-07,-0.0046035788
3.143302e-07,-0.0045956801
3.144302e-07,-0.0045956801
3.145302e-07,-0.0046050149
3.146302e-07,-0.0046193761
3.147302e-07,-0.0046301471
3.148302e-07,-0.0046301471
3.149302e-07,-0.004617222
3.150302e-07,-0.0045956801
3.151302e-07,-0.0045777286
3.152302e-07,-0.0045727022
3.153302e-07,-0.0045849092
3.154302e-07,-0.0046107594
3.155302e-07,-0.004640918
3.156302e-07,-0.004664614
3.157302e-07,-0.0046746668
3.158302e-07,-0.0046725126
3.159302e-07,-0.0046624598
3.160302e-07,-0.004653125
3.161302e-07,-0.0046488166
3.162302e-07,-0.0046480986
3.163302e-07,-0.0046473805
3.164302e-07,-0.004641636
3.165302e-07,-0.0046301471
3.166302e-07,-0.0046157858
3.167302e-07,-0.0046064511
3.168302e-07,-0.0046071691
3.169302e-07,-0.00461794
3.170302e-07,-0.0046330193
3.171302e-07,-0.0046430722
3.172302e-07,-0.004641636
3.173302e-07,-0.0046272748
3.174302e-07,-0.0046050149
3.175302e-07,-0.0045841912
3.176302e-07,-0.0045727022
3.177302e-07,-0.0045719841
3.178302e-07,-0.0045777286
3.179302e-07,-0.0045806009
3.180302e-07,-0.0045727022
3.181302e-07,-0.0045533146
3.182302e-07,-0.0045281824
3.183302e-07,-0.0045087948
3.184302e-07,-0.0045037684
3.185302e-07,-0.0045152574
3.186302e-07,-0.0045382353
3.187302e-07,-0.0045612132
3.188302e-07,-0.0045727022
3.189302e-07,-0.0045691119
3.190302e-07,-0.0045540326
3.191302e-07,-0.0045367992
3.192302e-07,-0.0045267463
3.193302e-07,-0.0045274644
3.194302e-07,-0.0045353631
3.195302e-07,-0.0045411075
3.196302e-07,-0.0045382353
3.197302e-07,-0.004523156
3.198302e-07,-0.0045023323
3.199302e-07,-0.0044850988
3.200302e-07,-0.0044807904
3.201302e-07,-0.0044929975
3.202302e-07,-0.0045152574
3.203302e-07,-0.0045382353
3.204302e-07,-0.0045497243
3.205302e-07,-0.004546134
3.206302e-07,-0.0045310547
3.207302e-07,-0.0045138212
3.208302e-07,-0.0045037684
3.209302e-07,-0.0045059226
3.210302e-07,-0.0045159754
3.211302e-07,-0.0045253102
3.212302e-07,-0.0045267463
3.213302e-07,-0.0045166935
3.214302e-07,-0.0045008961
3.215302e-07,-0.0044894072
3.216302e-07,-0.0044922794
3.217302e-07,-0.0045123851
3.218302e-07,-0.0045446978
3.219302e-07,-0.0045762925
3.220302e-07,-0.0045956801
3.221302e-07,-0.0045963982
3.222302e-07,-0.0045827551
3.223302e-07,-0.0045626494
3.224302e-07,-0.0045497243
3.225302e-07,-0.0045490062
3.226302e-07,-0.004558341
3.227302e-07,-0.00456983
3.228302e-07,-0.0045727022
3.229302e-07,-0.0045626494
3.230302e-07,-0.0045411075
3.231302e-07,-0.0045181296
3.232302e-07,-0.0045037684
3.233302e-07,-0.0045037684
3.234302e-07,-0.0045166935
3.235302e-07,-0.0045353631
3.236302e-07,-0.0045497243
3.237302e-07,-0.0045525965
3.238302e-07,-0.0045446978
3.239302e-07,-0.0045296186
3.240302e-07,-0.0045152574
3.241302e-07,-0.0045044864
3.242302e-07,-0.0044980239
3.243302e-07,-0.0044915614
3.244302e-07,-0.0044807904
3.245302e-07,-0.0044664292
3.246302e-07,-0.0044527861
3.247302e-07,-0.0044448874
3.248302e-07,-0.0044463235
3.249302e-07,-0.0044563764
3.250302e-07,-0.0044664292
3.251302e-07,-0.0044693015
3.252302e-07,-0.0044578125
3.253302e-07,-0.0044348346
3.254302e-07,-0.0044089844
3.255302e-07,-0.0043910329
3.256302e-07,-0.0043888787
3.257302e-07,-0.0044018038
3.258302e-07,-0.0044197553
3.259302e-07,-0.0044298081
3.260302e-07,-0.0044233456
3.261302e-07,-0.0044003676
3.262302e-07,-0.0043709272
3.263302e-07,-0.0043515395
3.264302e-07,-0.0043544118
3.265302e-07,-0.0043824161
3.266302e-07,-0.0044254998
3.267302e-07,-0.0044678653
3.268302e-07,-0.0044922794
3.269302e-07,-0.0044922794
3.270302e-07,-0.0044707376
3.271302e-07,-0.0044434513
3.272302e-07,-0.0044233456
3.273302e-07,-0.0044211914
3.274302e-07,-0.0044348346
3.275302e-07,-0.0044549403
3.276302e-07,-0.0044693015
3.277302e-07,-0.0044714557
3.278302e-07,-0.0044621209
3.279302e-07,-0.0044506319
3.280302e-07,-0.0044463235
3.281302e-07,-0.0044549403
3.282302e-07,-0.0044736098
3.283302e-07,-0.0044929975
3.284302e-07,-0.0045037684
3.285302e-07,-0.0045001781
3.286302e-07,-0.004487253
3.287302e-07,-0.0044728918
3.288302e-07,-0.0044693015
3.289302e-07,-0.0044807904
3.290302e-07,-0.0045030503
3.291302e-07,-0.0045260283
3.292302e-07,-0.0045382353
3.293302e-07,-0.004534645
3.294302e-07,-0.0045181296
3.295302e-07,-0.0045001781
3.296302e-07,-0.0044922794
3.297302e-07,-0.0045008961
3.298302e-07,-0.0045245921
3.299302e-07,-0.0045525965
3.300302e-07,-0.0045727022
3.301302e-07,-0.0045770106
3.302302e-07,-0.0045648035
3.303302e-07,-0.0045446978
3.304302e-07,-0.0045267463
3.305302e-07,-0.0045195657
3.306302e-07,-0.004523156
3.307302e-07,-0.0045324908
3.308302e-07,-0.0045382353
3.309302e-07,-0.0045353631
3.310302e-07,-0.0045238741
3.311302e-07,-0.0045102309
3.312302e-07,-0.0045037684
3.313302e-07,-0.0045087948
3.314302e-07,-0.0045245921
3.315302e-07,-0.0045446978
3.316302e-07,-0.0045612132
3.317302e-07,-0.0045676758
3.318302e-07,-0.0045648035
3.319302e-07,-0.0045569049
3.320302e-07,-0.0045497243
3.321302e-07,-0.0045475701
3.322302e-07,-0.0045497243
3.323302e-07,-0.0045518784
3.324302e-07,-0.0045497243
3.325302e-07,-0.0045411075
3.326302e-07,-0.0045303366
3.327302e-07,-0.0045238741
3.328302e-07,-0.0045267463
3.329302e-07,-0.0045403895
3.330302e-07,-0.0045597771
3.331302e-07,-0.0045770106
3.332302e-07,-0.0045841912
3.333302e-07,-0.0045784467
3.334302e-07,-0.0045633674
3.335302e-07,-0.0045475701
3.336302e-07,-0.0045382353
3.337302e-07,-0.0045382353
3.338302e-07,-0.0045446978
3.339302e-07,-0.0045504423
3.340302e-07,-0.0045497243
3.341302e-07,-0.0045403895
3.342302e-07,-0.0045267463
3.343302e-07,-0.0045159754
3.344302e-07,-0.0045152574
3.345302e-07,-0.0045253102
3.346302e-07,-0.0045418256
3.347302e-07,-0.0045561868
3.348302e-07,-0.0045612132
3.349302e-07,-0.0045554687
3.350302e-07,-0.0045425437
3.351302e-07,-0.0045310547
3.352302e-07,-0.0045267463
3.353302e-07,-0.0045317727
3.354302e-07,-0.0045411075
3.355302e-07,-0.0045482881
3.356302e-07,-0.0045497243
3.357302e-07,-0.004546134
3.358302e-07,-0.0045454159
3.359302e-07,-0.0045561868
3.360302e-07,-0.0045841912
3.361302e-07,-0.0046258387
3.362302e-07,-0.0046703585
3.363302e-07,-0.0047019531
3.364302e-07,-0.0047105699
3.365302e-07,-0.0046947725
3.366302e-07,-0.004665332
3.367302e-07,-0.0046387638
3.368302e-07,-0.0046301471
3.369302e-07,-0.0046459444
3.370302e-07,-0.0046811294
3.371302e-07,-0.0047227769
3.372302e-07,-0.0047565257
3.373302e-07,-0.0047751953
3.374302e-07,-0.0047787856
3.375302e-07,-0.0047766314
3.376302e-07,-0.0047795037
3.377302e-07,-0.0047924288
3.378302e-07,-0.0048132525
3.379302e-07,-0.0048347943
3.380302e-07,-0.0048484375
3.381302e-07,-0.0048513097
3.382302e-07,-0.0048477194
3.383302e-07,-0.0048441291
3.384302e-07,-0.0048484375
3.385302e-07,-0.0048620807
3.386302e-07,-0.004878596
3.387302e-07,-0.0048879308
3.388302e-07,-0.0048829044
3.389302e-07,-0.0048627987
3.390302e-07,-0.0048355124
3.391302e-07,-0.0048154067
3.392302e-07,-0.0048139706
3.393302e-07,-0.0048340763
3.394302e-07,-0.0048678251
3.395302e-07,-0.0049001379
3.396302e-07,-0.0049173713
3.397302e-07,-0.0049116268
3.398302e-07,-0.0048879308
3.399302e-07,-0.0048584903
3.400302e-07,-0.0048369485
3.401302e-07,-0.0048326402
3.402302e-07,-0.0048434111
3.403302e-07,-0.0048606445
3.404302e-07,-0.0048714154
3.405302e-07,-0.0048685432
3.406302e-07,-0.004854182
3.407302e-07,-0.0048362305
3.408302e-07,-0.0048254596
3.409302e-07,-0.0048290499
3.410302e-07,-0.0048441291
3.411302e-07,-0.0048620807
3.412302e-07,-0.0048714154
3.413302e-07,-0.004865671
3.414302e-07,-0.0048448472
3.415302e-07,-0.0048168428
3.416302e-07,-0.0047909926
3.417302e-07,-0.0047730411
3.418302e-07,-0.0047629883
3.419302e-07,-0.0047558077
3.420302e-07,-0.0047450368
3.421302e-07,-0.0047270852
3.422302e-07,-0.0047062615
3.423302e-07,-0.0046904642
3.424302e-07,-0.0046875919
3.425302e-07,-0.0046997989
3.426302e-07,-0.0047220588
3.427302e-07,-0.0047443187
3.428302e-07,-0.0047565257
3.429302e-07,-0.0047529354
3.430302e-07,-0.004735702
3.431302e-07,-0.0047148782
3.432302e-07,-0.0046990809
3.433302e-07,-0.0046947725
3.434302e-07,-0.0046997989
3.435302e-07,-0.0047076976
3.436302e-07,-0.0047105699
3.437302e-07,-0.0047048254
3.438302e-07,-0.0046940545
3.439302e-07,-0.0046854377
3.440302e-07,-0.0046875919
3.441302e-07,-0.0047033892
3.442302e-07,-0.0047292394
3.443302e-07,-0.0047579619
3.444302e-07,-0.0047795037
3.445302e-07,-0.0047895565
3.446302e-07,-0.0047902746
3.447302e-07,-0.0047888385
3.448302e-07,-0.0047909926
3.449302e-07,-0.0048010455
3.450302e-07,-0.0048154067
3.451302e-07,-0.0048297679
3.452302e-07,-0.0048369485
3.453302e-07,-0.0048369485
3.454302e-07,-0.0048347943
3.455302e-07,-0.0048369485
3.456302e-07,-0.0048484375
3.457302e-07,-0.0048692613
3.458302e-07,-0.0048915211
3.459302e-07,-0.0049058824
3.460302e-07,-0.0049058824
3.461302e-07,-0.0048908031
3.462302e-07,-0.0048692613
3.463302e-07,-0.0048520278
3.464302e-07,-0.0048484375
3.465302e-07,-0.0048599265
3.466302e-07,-0.0048793141
3.467302e-07,-0.0048936753
3.468302e-07,-0.0048943934
3.469302e-07,-0.0048793141
3.470302e-07,-0.0048563362
3.471302e-07,-0.0048383847
3.472302e-07,-0.0048369485
3.473302e-07,-0.004854182
3.474302e-07,-0.0048829044
3.475302e-07,-0.0049080365
3.476302e-07,-0.0049173713
3.477302e-07,-0.0049051643
3.478302e-07,-0.0048764419
3.479302e-07,-0.0048448472
3.480302e-07,-0.0048254596
3.481302e-07,-0.0048247415
3.482302e-07,-0.0048405388
3.483302e-07,-0.0048599265
3.484302e-07,-0.0048714154
3.485302e-07,-0.004866389
3.486302e-07,-0.0048462833
3.487302e-07,-0.0048204331
3.488302e-07,-0.0048024816
3.489302e-07,-0.0047988913
3.490302e-07,-0.0048089442
3.491302e-07,-0.0048254596
3.492302e-07,-0.0048369485
3.493302e-07,-0.0048369485
3.494302e-07,-0.0048261776
3.495302e-07,-0.0048118164
3.496302e-07,-0.0048024816
3.497302e-07,-0.0048031997
3.498302e-07,-0.0048125345
3.499302e-07,-0.0048233054
3.500302e-07,-0.0048254596
3.501302e-07,-0.0048154067
3.502302e-07,-0.004794583
3.503302e-07,-0.004771605
3.504302e-07,-0.0047565257
3.505302e-07,-0.0047550896
3.506302e-07,-0.0047665786
3.507302e-07,-0.0047852482
3.508302e-07,-0.0048024816
3.509302e-07,-0.0048132525
3.510302e-07,-0.004818279
3.511302e-07,-0.0048211512
3.512302e-07,-0.0048254596
3.513302e-07,-0.0048333582
3.514302e-07,-0.0048412569
3.515302e-07,-0.0048441291
3.516302e-07,-0.0048369485
3.517302e-07,-0.0048218693
3.518302e-07,-0.0048053539
3.519302e-07,-0.0047967371
3.520302e-07,-0.0048024816
3.521302e-07,-0.0048225873
3.522302e-07,-0.0048477194
3.523302e-07,-0.0048671071
3.524302e-07,-0.0048714154
3.525302e-07,-0.0048592084
3.526302e-07,-0.0048376666
3.527302e-07,-0.004818997
3.528302e-07,-0.0048139706
3.529302e-07,-0.0048261776
3.530302e-07,-0.0048498736
3.531302e-07,-0.0048721335
3.532302e-07,-0.0048829044
3.533302e-07,-0.0048764419
3.534302e-07,-0.0048577723
3.535302e-07,-0.0048369485
3.536302e-07,-0.0048254596
3.537302e-07,-0.0048268957
3.538302e-07,-0.0048383847
3.539302e-07,-0.0048484375
3.540302e-07,-0.0048484375
3.541302e-07,-0.0048347943
3.542302e-07,-0.0048110983
3.543302e-07,-0.0047895565
3.544302e-07,-0.0047795037
3.545302e-07,-0.0047845301
3.546302e-07,-0.0047996094
3.547302e-07,-0.0048125345
3.548302e-07,-0.0048139706
3.549302e-07,-0.0047988913
3.550302e-07,-0.0047737592
3.551302e-07,-0.0047514993
3.552302e-07,-0.0047450368
3.553302e-07,-0.0047615522
3.554302e-07,-0.0047967371
3.555302e-07,-0.0048383847
3.556302e-07,-0.0048714154
3.557302e-07,-0.0048857767
3.558302e-07,-0.0048807502
3.559302e-07,-0.0048642348
3.560302e-07,-0.0048484375
3.561302e-07,-0.004842693
3.562302e-07,-0.0048505917
3.563302e-07,-0.004866389
3.564302e-07,-0.0048829044
3.565302e-07,-0.0048936753
3.566302e-07,-0.0048979837
3.567302e-07,-0.0049001379
3.568302e-07,-0.0049058824
3.569302e-07,-0.0049188074
3.570302e-07,-0.0049389131
3.571302e-07,-0.0049590188
3.572302e-07,-0.0049748162
3.573302e-07,-0.0049827148
3.574302e-07,-0.0049855871
3.575302e-07,-0.0049884593
3.576302e-07,-0.0049977941
3.577302e-07,-0.0050150276
3.578302e-07,-0.0050365694
3.579302e-07,-0.005055957
3.580302e-07,-0.0050667279
3.581302e-07,-0.0050681641
3.582302e-07,-0.0050660099
3.583302e-07,-0.0050667279
3.584302e-07,-0.0050782169
3.585302e-07,-0.0050997587
3.586302e-07,-0.0051248909
3.587302e-07,-0.0051435604
3.588302e-07,-0.0051471507
3.589302e-07,-0.0051342256
3.590302e-07,-0.0051126838
3.591302e-07,-0.0050940142
3.592302e-07,-0.0050897059
3.593302e-07,-0.0051040671
3.594302e-07,-0.0051320715
3.595302e-07,-0.00516223
3.596302e-07,-0.0051816176
3.597302e-07,-0.0051837718
3.598302e-07,-0.0051694106
3.599302e-07,-0.005150023
3.600302e-07,-0.0051356618
3.601302e-07,-0.0051342256
3.602302e-07,-0.0051442785
3.603302e-07,-0.0051600758
3.604302e-07,-0.0051701287
3.605302e-07,-0.0051679745
3.606302e-07,-0.0051536133
3.607302e-07,-0.0051320715
3.608302e-07,-0.0051126838
3.609302e-07,-0.0051011949
3.610302e-07,-0.0050983226
3.611302e-07,-0.0050997587
3.612302e-07,-0.0051011949
3.613302e-07,-0.0050983226
3.614302e-07,-0.0050925781
3.615302e-07,-0.0050882698
3.616302e-07,-0.0050897059
3.617302e-07,-0.0050983226
3.618302e-07,-0.0051112477
3.619302e-07,-0.0051220186
3.620302e-07,-0.0051241728
3.621302e-07,-0.0051177102
3.622302e-07,-0.0051069393
3.623302e-07,-0.0050990407
3.624302e-07,-0.0051011949
3.625302e-07,-0.005114838
3.626302e-07,-0.0051342256
3.627302e-07,-0.0051514591
3.628302e-07,-0.0051586397
3.629302e-07,-0.0051536133
3.630302e-07,-0.0051414062
3.631302e-07,-0.0051327895
3.632302e-07,-0.0051356618
3.633302e-07,-0.0051543313
3.634302e-07,-0.0051844899
3.635302e-07,-0.0052168026
3.636302e-07,-0.0052390625
3.637302e-07,-0.0052469612
3.638302e-07,-0.0052419347
3.639302e-07,-0.0052318819
3.640302e-07,-0.0052275735
3.641302e-07,-0.0052340361
3.642302e-07,-0.0052512695
3.643302e-07,-0.0052706572
3.644302e-07,-0.0052850184
3.645302e-07,-0.0052878906
3.646302e-07,-0.00528071
3.647302e-07,-0.005269221
3.648302e-07,-0.0052620404
3.649302e-07,-0.0052634766
3.650302e-07,-0.0052742475
3.651302e-07,-0.0052878906
3.652302e-07,-0.0052965074
3.653302e-07,-0.0052957893
3.654302e-07,-0.0052843003
3.655302e-07,-0.0052670669
3.656302e-07,-0.0052505515
3.657302e-07,-0.0052390625
3.658302e-07,-0.005233318
3.659302e-07,-0.0052304458
3.660302e-07,-0.0052275735
3.661302e-07,-0.0052232652
3.662302e-07,-0.0052196749
3.663302e-07,-0.0052203929
3.664302e-07,-0.0052275735
3.665302e-07,-0.0052404986
3.666302e-07,-0.0052527057
3.667302e-07,-0.0052584501
3.668302e-07,-0.0052505515
3.669302e-07,-0.0052297277
3.670302e-07,-0.0052010053
3.671302e-07,-0.005174437
3.672302e-07,-0.0051586397
3.673302e-07,-0.0051564855
3.674302e-07,-0.0051658203
3.675302e-07,-0.0051808996
3.676302e-07,-0.0051931066
3.677302e-07,-0.0052002872
3.678302e-07,-0.0052031595
3.679302e-07,-0.0052074678
3.680302e-07,-0.0052160846
3.681302e-07,-0.0052297277
3.682302e-07,-0.0052440889
3.683302e-07,-0.0052527057
3.684302e-07,-0.0052505515
3.685302e-07,-0.0052383444
3.686302e-07,-0.0052225471
3.687302e-07,-0.0052132123
3.688302e-07,-0.0052160846
3.689302e-07,-0.0052326
3.690302e-07,-0.005257014
3.691302e-07,-0.0052771197
3.692302e-07,-0.0052850184
3.693302e-07,-0.0052771197
3.694302e-07,-0.0052584501
3.695302e-07,-0.0052383444
3.696302e-07,-0.0052275735
3.697302e-07,-0.0052304458
3.698302e-07,-0.005244807
3.699302e-07,-0.0052620404
3.700302e-07,-0.0052735294
3.701302e-07,-0.0052742475
3.702302e-07,-0.0052663488
3.703302e-07,-0.0052555779
3.704302e-07,-0.0052505515
3.705302e-07,-0.0052534237
3.706302e-07,-0.0052627585
3.707302e-07,-0.0052713752
3.708302e-07,-0.0052735294
3.709302e-07,-0.0052663488
3.710302e-07,-0.0052534237
3.711302e-07,-0.0052419347
3.712302e-07,-0.0052390625
3.713302e-07,-0.0052462431
3.714302e-07,-0.0052598863
3.715302e-07,-0.0052713752
3.716302e-07,-0.0052735294
3.717302e-07,-0.0052634766
3.718302e-07,-0.005245525
3.719302e-07,-0.0052268555
3.720302e-07,-0.0052160846
3.721302e-07,-0.0052153665
3.722302e-07,-0.005221829
3.723302e-07,-0.0052282916
3.724302e-07,-0.0052275735
3.725302e-07,-0.0052175207
3.726302e-07,-0.0052017233
3.727302e-07,-0.0051873621
3.728302e-07,-0.0051816176
3.729302e-07,-0.005185208
3.730302e-07,-0.0051931066
3.731302e-07,-0.005198133
3.732302e-07,-0.0051931066
3.733302e-07,-0.0051773093
3.734302e-07,-0.0051564855
3.735302e-07,-0.0051399701
3.736302e-07,-0.0051356618
3.737302e-07,-0.0051449966
3.738302e-07,-0.00516223
3.739302e-07,-0.0051773093
3.740302e-07,-0.0051816176
3.741302e-07,-0.0051730009
3.742302e-07,-0.0051579216
3.743302e-07,-0.0051457146
3.744302e-07,-0.0051471507
3.745302e-07,-0.0051636661
3.746302e-07,-0.0051902344
3.747302e-07,-0.0052153665
3.748302e-07,-0.0052275735
3.749302e-07,-0.0052225471
3.750302e-07,-0.0052060317
3.751302e-07,-0.0051880802
3.752302e-07,-0.0051816176
3.753302e-07,-0.0051916705
3.754302e-07,-0.0052153665
3.755302e-07,-0.0052426528
3.756302e-07,-0.0052620404
3.757302e-07,-0.0052656307
3.758302e-07,-0.0052555779
3.759302e-07,-0.0052397806
3.760302e-07,-0.0052275735
3.761302e-07,-0.0052261374
3.762302e-07,-0.0052347541
3.763302e-07,-0.005245525
3.764302e-07,-0.0052505515
3.765302e-07,-0.0052440889
3.766302e-07,-0.0052268555
3.767302e-07,-0.0052074678
3.768302e-07,-0.0051931066
3.769302e-07,-0.0051902344
3.770302e-07,-0.005198133
3.771302e-07,-0.005209622
3.772302e-07,-0.0052160846
3.773302e-07,-0.0052124943
3.774302e-07,-0.0051988511
3.775302e-07,-0.0051823357
3.776302e-07,-0.0051701287
3.777302e-07,-0.0051665384
3.778302e-07,-0.0051715648
3.779302e-07,-0.0051787454
3.780302e-07,-0.0051816176
3.781302e-07,-0.0051751551
3.782302e-07,-0.0051593578
3.783302e-07,-0.0051406882
3.784302e-07,-0.0051241728
3.785302e-07,-0.0051141199
3.786302e-07,-0.0051105296
3.787302e-07,-0.0051076574
3.788302e-07,-0.0051011949
3.789302e-07,-0.0050889878
3.790302e-07,-0.0050739085
3.791302e-07,-0.0050609835
3.792302e-07,-0.005055239
3.793302e-07,-0.0050588293
3.794302e-07,-0.0050681641
3.795302e-07,-0.0050760627
3.796302e-07,-0.0050782169
3.797302e-07,-0.0050724724
3.798302e-07,-0.0050624196
3.799302e-07,-0.005055239
3.800302e-07,-0.005055239
3.801302e-07,-0.0050638557
3.802302e-07,-0.0050753447
3.803302e-07,-0.0050818072
3.804302e-07,-0.0050782169
3.805302e-07,-0.0050638557
3.806302e-07,-0.0050444681
3.807302e-07,-0.005031543
3.808302e-07,-0.005032261
3.809302e-07,-0.0050494945
3.810302e-07,-0.0050774989
3.811302e-07,-0.0051062213
3.812302e-07,-0.0051241728
3.813302e-07,-0.005127045
3.814302e-07,-0.0051169922
3.815302e-07,-0.0051011949
3.816302e-07,-0.0050897059
3.817302e-07,-0.0050861156
3.818302e-07,-0.0050889878
3.819302e-07,-0.0050925781
3.820302e-07,-0.0050897059
3.821302e-07,-0.005078935
3.822302e-07,-0.0050624196
3.823302e-07,-0.0050487764
3.824302e-07,-0.00504375
3.825302e-07,-0.0050509306
3.826302e-07,-0.0050660099
3.827302e-07,-0.0050818072
3.828302e-07,-0.0050897059
3.829302e-07,-0.0050868336
3.830302e-07,-0.0050760627
3.831302e-07,-0.0050631376
3.832302e-07,-0.005055239
3.833302e-07,-0.0050545209
3.834302e-07,-0.0050588293
3.835302e-07,-0.0050602654
3.836302e-07,-0.005055239
3.837302e-07,-0.0050423139
3.838302e-07,-0.0050272346
3.839302e-07,-0.0050178998
3.840302e-07,-0.0050207721
3.841302e-07,-0.0050365694
3.842302e-07,-0.0050595473
3.843302e-07,-0.0050803711
3.844302e-07,-0.0050897059
3.845302e-07,-0.0050861156
3.846302e-07,-0.0050731905
3.847302e-07,-0.0050602654
3.848302e-07,-0.005055239
3.849302e-07,-0.0050588293
3.850302e-07,-0.005067446
3.851302e-07,-0.0050724724
3.852302e-07,-0.0050667279
3.853302e-07,-0.0050502125
3.854302e-07,-0.0050308249
3.855302e-07,-0.0050178998
3.856302e-07,-0.0050207721
3.857302e-07,-0.0050401597
3.858302e-07,-0.0050681641
3.859302e-07,-0.0050925781
3.860302e-07,-0.0051011949
3.861302e-07,-0.005091142
3.862302e-07,-0.005067446
3.863302e-07,-0.00504375
3.864302e-07,-0.005032261
3.865302e-07,-0.0050387236
3.866302e-07,-0.0050602654
3.867302e-07,-0.0050853975
3.868302e-07,-0.0051011949
3.869302e-07,-0.0051011949
3.870302e-07,-0.0050875517
3.871302e-07,-0.0050681641
3.872302e-07,-0.005055239
3.873302e-07,-0.0050545209
3.874302e-07,-0.0050660099
3.875302e-07,-0.0050803711
3.876302e-07,-0.0050897059
3.877302e-07,-0.0050868336
3.878302e-07,-0.0050724724
3.879302e-07,-0.005055239
3.880302e-07,-0.00504375
3.881302e-07,-0.00504375
3.882302e-07,-0.0050545209
3.883302e-07,-0.0050688821
3.884302e-07,-0.0050782169
3.885302e-07,-0.0050774989
3.886302e-07,-0.0050667279
3.887302e-07,-0.0050523667
3.888302e-07,-0.00504375
3.889302e-07,-0.0050451861
3.890302e-07,-0.005055239
3.891302e-07,-0.0050688821
3.892302e-07,-0.0050782169
3.893302e-07,-0.005079653
3.894302e-07,-0.0050739085
3.895302e-07,-0.005067446
3.896302e-07,-0.0050667279
3.897302e-07,-0.0050746266
3.898302e-07,-0.0050875517
3.899302e-07,-0.0050990407
3.900302e-07,-0.0051011949
3.901302e-07,-0.005091142
3.902302e-07,-0.0050739085
3.903302e-07,-0.0050588293
3.904302e-07,-0.005055239
3.905302e-07,-0.0050688821
3.906302e-07,-0.0050961684
3.907302e-07,-0.005126327
3.908302e-07,-0.0051471507
3.909302e-07,-0.0051493049
3.910302e-07,-0.0051320715
3.911302e-07,-0.0051040671
3.912302e-07,-0.0050782169
3.913302e-07,-0.005067446
3.914302e-07,-0.0050760627
3.915302e-07,-0.005102631
3.916302e-07,-0.0051356618
3.917302e-07,-0.0051651023
3.918302e-07,-0.0051808996
3.919302e-07,-0.0051816176
3.920302e-07,-0.0051701287
3.921302e-07,-0.0051521772
3.922302e-07,-0.0051342256
3.923302e-07,-0.0051205825
3.924302e-07,-0.0051126838
3.925302e-07,-0.0051105296
3.926302e-07,-0.0051141199
3.927302e-07,-0.0051227367
3.928302e-07,-0.0051356618
3.929302e-07,-0.0051521772
3.930302e-07,-0.0051694106
3.931302e-07,-0.0051837718
3.932302e-07,-0.0051931066
3.933302e-07,-0.0051966969
3.934302e-07,-0.0051959789
3.935302e-07,-0.0051938247
3.936302e-07,-0.0051931066
3.937302e-07,-0.0051945427
3.938302e-07,-0.005197415
3.939302e-07,-0.0052010053
3.940302e-07,-0.0052045956
3.941302e-07,-0.005209622
3.942302e-07,-0.0052182387
3.943302e-07,-0.0052326
3.944302e-07,-0.0052505515
3.945302e-07,-0.005269221
3.946302e-07,-0.0052814281
3.947302e-07,-0.0052835823
3.948302e-07,-0.0052735294
3.949302e-07,-0.005256296
3.950302e-07,-0.0052404986
3.951302e-07,-0.005233318
3.952302e-07,-0.0052390625
3.953302e-07,-0.0052555779
3.954302e-07,-0.0052742475
3.955302e-07,-0.0052864545
3.956302e-07,-0.0052850184
3.957302e-07,-0.0052706572
3.958302e-07,-0.0052498334
3.959302e-07,-0.0052326
3.960302e-07,-0.0052275735
3.961302e-07,-0.0052354722
3.962302e-07,-0.0052512695
3.963302e-07,-0.0052670669
3.964302e-07,-0.0052735294
3.965302e-07,-0.0052699391
3.966302e-07,-0.0052606043
3.967302e-07,-0.0052555779
3.968302e-07,-0.0052620404
3.969302e-07,-0.0052835823
3.970302e-07,-0.0053144589
3.971302e-07,-0.0053453355
3.972302e-07,-0.0053654412
3.973302e-07,-0.0053697495
3.974302e-07,-0.0053596967
3.975302e-07,-0.0053438994
3.976302e-07,-0.0053309743
3.977302e-07,-0.005327384
3.978302e-07,-0.0053338465
3.979302e-07,-0.0053446174
3.980302e-07,-0.0053539522
3.981302e-07,-0.0053568244
3.982302e-07,-0.0053525161
3.983302e-07,-0.0053460535
3.984302e-07,-0.0053424632
3.985302e-07,-0.0053453355
3.986302e-07,-0.0053546703
3.987302e-07,-0.0053668773
3.988302e-07,-0.0053769301
3.989302e-07,-0.0053833927
3.990302e-07,-0.0053855469
3.991302e-07,-0.005386983
3.992302e-07,-0.0053884191
3.993302e-07,-0.0053898552
3.994302e-07,-0.0053891372
3.995302e-07,-0.0053812385
3.996302e-07,-0.0053654412
3.997302e-07,-0.0053453355
3.998302e-07,-0.0053266659
3.999302e-07,-0.0053166131
4.000302e-07,-0.0053194853
4.001302e-07,-0.0053324104
4.002302e-07,-0.0053474897
4.003302e-07,-0.0053561064
4.004302e-07,-0.0053539522
4.005302e-07,-0.0053424632
4.006302e-07,-0.0053288201
4.007302e-07,-0.0053237937
4.008302e-07,-0.0053309743
4.009302e-07,-0.0053489258
4.010302e-07,-0.0053683134
4.011302e-07,-0.0053762121
4.012302e-07,-0.0053654412
4.013302e-07,-0.0053367188
4.014302e-07,-0.0053000977
4.015302e-07,-0.0052713752
4.016302e-07,-0.0052620404
4.017302e-07,-0.0052764017
4.018302e-07,-0.0053079963
4.019302e-07,-0.0053417452
4.020302e-07,-0.0053654412
4.021302e-07,-0.0053711857
4.022302e-07,-0.0053611328
4.023302e-07,-0.0053438994
4.024302e-07,-0.0053309743
4.025302e-07,-0.0053266659
4.026302e-07,-0.0053302562
4.027302e-07,-0.0053345646
4.028302e-07,-0.0053309743
4.029302e-07,-0.0053180492
4.030302e-07,-0.0052986615
4.031302e-07,-0.0052814281
4.032302e-07,-0.0052735294
4.033302e-07,-0.0052771197
4.034302e-07,-0.0052871726
4.035302e-07,-0.0052965074
4.036302e-07,-0.0052965074
4.037302e-07,-0.0052864545
4.038302e-07,-0.0052720933
4.039302e-07,-0.0052620404
4.040302e-07,-0.0052620404
4.041302e-07,-0.0052720933
4.042302e-07,-0.0052857364
4.043302e-07,-0.005292917
4.044302e-07,-0.0052850184
4.045302e-07,-0.0052641946
4.046302e-07,-0.0052397806
4.047302e-07,-0.0052247013
4.048302e-07,-0.0052275735
4.049302e-07,-0.0052491153
4.050302e-07,-0.0052785558
4.051302e-07,-0.0053022518
4.052302e-07,-0.0053079963
4.053302e-07,-0.005292917
4.054302e-07,-0.0052670669
4.055302e-07,-0.005244807
4.056302e-07,-0.0052390625
4.057302e-07,-0.0052541418
4.058302e-07,-0.00528071
4.059302e-07,-0.005303688
4.060302e-07,-0.0053079963
4.061302e-07,-0.0052886087
4.062302e-07,-0.0052519876
4.063302e-07,-0.0052146484
4.064302e-07,-0.0051931066
4.065302e-07,-0.0051952608
4.066302e-07,-0.0052153665
4.067302e-07,-0.0052397806
4.068302e-07,-0.0052505515
4.069302e-07,-0.0052376264
4.070302e-07,-0.0052024414
4.071302e-07,-0.0051593578
4.072302e-07,-0.0051241728
4.073302e-07,-0.0051105296
4.074302e-07,-0.0051205825
4.075302e-07,-0.0051449966
4.076302e-07,-0.0051701287
4.077302e-07,-0.005185208
4.078302e-07,-0.005185926
4.079302e-07,-0.0051780273
4.080302e-07,-0.0051701287
4.081302e-07,-0.0051701287
4.082302e-07,-0.0051794635
4.083302e-07,-0.0051931066
4.084302e-07,-0.0052045956
4.085302e-07,-0.0052074678
4.086302e-07,-0.0052024414
4.087302e-07,-0.0051952608
4.088302e-07,-0.0051931066
4.089302e-07,-0.0051995692
4.090302e-07,-0.0052139304
4.091302e-07,-0.0052297277
4.092302e-07,-0.0052390625
4.093302e-07,-0.0052390625
4.094302e-07,-0.0052326
4.095302e-07,-0.0052268555
4.096302e-07,-0.0052275735
4.097302e-07,-0.0052390625
4.098302e-07,-0.005257014
4.099302e-07,-0.0052749655
4.100302e-07,-0.0052850184
4.101302e-07,-0.0052835823
4.102302e-07,-0.0052749655
4.103302e-07,-0.0052656307
4.104302e-07,-0.0052620404
4.105302e-07,-0.0052670669
4.106302e-07,-0.0052778378
4.107302e-07,-0.0052857364
4.108302e-07,-0.0052850184
4.109302e-07,-0.0052764017
4.110302e-07,-0.0052649127
4.111302e-07,-0.0052620404
4.112302e-07,-0.0052735294
4.113302e-07,-0.0053000977
4.114302e-07,-0.0053324104
4.115302e-07,-0.0053582606
4.116302e-07,-0.0053654412
4.117302e-07,-0.0053503619
4.118302e-07,-0.0053187672
4.119302e-07,-0.0052850184
4.120302e-07,-0.0052620404
4.121302e-07,-0.0052577321
4.122302e-07,-0.0052699391
4.123302e-07,-0.0052907629
4.124302e-07,-0.0053079963
4.125302e-07,-0.0053166131
4.126302e-07,-0.0053180492
4.127302e-07,-0.0053202034
4.128302e-07,-0.0053309743
4.129302e-07,-0.0053539522
4.130302e-07,-0.0053833927
4.131302e-07,-0.005410679
4.132302e-07,-0.005422886
4.133302e-07,-0.0054157054
4.134302e-07,-0.0053927275
4.135302e-07,-0.0053640051
4.136302e-07,-0.0053424632
4.137302e-07,-0.0053352826
4.138302e-07,-0.0053438994
4.139302e-07,-0.0053611328
4.140302e-07,-0.0053769301
4.141302e-07,-0.0053855469
4.142302e-07,-0.0053848288
4.143302e-07,-0.0053805205
4.144302e-07,-0.0053769301
4.145302e-07,-0.0053783663
4.146302e-07,-0.0053826746
4.147302e-07,-0.0053833927
4.148302e-07,-0.0053769301
4.149302e-07,-0.0053611328
4.150302e-07,-0.0053410271
4.151302e-07,-0.0053245117
4.152302e-07,-0.0053194853
4.153302e-07,-0.005328102
4.154302e-07,-0.0053453355
4.155302e-07,-0.0053604148
4.156302e-07,-0.0053654412
4.157302e-07,-0.0053553883
4.158302e-07,-0.0053345646
4.159302e-07,-0.0053115866
4.160302e-07,-0.0052965074
4.161302e-07,-0.0052943532
4.162302e-07,-0.005303688
4.163302e-07,-0.0053144589
4.164302e-07,-0.0053194853
4.165302e-07,-0.0053130227
4.166302e-07,-0.0052979435
4.167302e-07,-0.0052821461
4.168302e-07,-0.0052735294
4.169302e-07,-0.0052771197
4.170302e-07,-0.0052914809
4.171302e-07,-0.0053079963
4.172302e-07,-0.0053194853
4.173302e-07,-0.0053202034
4.174302e-07,-0.0053123047
4.175302e-07,-0.0053015338
4.176302e-07,-0.0052965074
4.177302e-07,-0.0053015338
4.178302e-07,-0.0053166131
4.179302e-07,-0.0053360007
4.180302e-07,-0.0053539522
4.181302e-07,-0.0053675954
4.182302e-07,-0.0053769301
4.183302e-07,-0.005386983
4.184302e-07,-0.0053999081
4.185302e-07,-0.0054164235
4.186302e-07,-0.0054307847
4.187302e-07,-0.0054386834
4.188302e-07,-0.005434375
4.189302e-07,-0.0054207318
4.190302e-07,-0.0054063706
4.191302e-07,-0.0054006261
4.192302e-07,-0.0054113971
4.193302e-07,-0.0054386834
4.194302e-07,-0.0054753045
4.195302e-07,-0.0055076172
4.196302e-07,-0.0055262868
4.197302e-07,-0.0055270048
4.198302e-07,-0.0055140797
4.199302e-07,-0.0054990005
4.200302e-07,-0.0054918199
4.201302e-07,-0.0054982824
4.202302e-07,-0.0055162339
4.203302e-07,-0.0055356216
4.204302e-07,-0.0055492647
4.205302e-07,-0.0055514189
4.206302e-07,-0.0055456744
4.207302e-07,-0.0055384938
4.208302e-07,-0.0055377757
4.209302e-07,-0.0055456744
4.210302e-07,-0.0055593176
4.211302e-07,-0.0055708065
4.212302e-07,-0.0055722426
4.213302e-07,-0.0055621898
4.214302e-07,-0.0055456744
4.215302e-07,-0.0055305951
4.216302e-07,-0.0055262868
4.217302e-07,-0.0055334674
4.218302e-07,-0.0055478286
4.219302e-07,-0.0055600356
4.220302e-07,-0.0055607537
4.221302e-07,-0.0055485466
4.222302e-07,-0.0055284409
4.223302e-07,-0.0055104894
4.224302e-07,-0.0055033088
4.225302e-07,-0.0055097714
4.226302e-07,-0.0055241326
4.227302e-07,-0.0055370577
4.228302e-07,-0.0055377757
4.229302e-07,-0.0055241326
4.230302e-07,-0.0055011546
4.231302e-07,-0.0054788948
4.232302e-07,-0.0054688419
4.233302e-07,-0.0054745864
4.234302e-07,-0.0054911018
4.235302e-07,-0.0055083352
4.236302e-07,-0.0055147978
4.237302e-07,-0.0055061811
4.238302e-07,-0.0054846392
4.239302e-07,-0.0054609432
4.240302e-07,-0.005445864
4.241302e-07,-0.0054444278
4.242302e-07,-0.0054551988
4.243302e-07,-0.005470278
4.244302e-07,-0.0054803309
4.245302e-07,-0.0054803309
4.246302e-07,-0.0054724322
4.247302e-07,-0.0054623794
4.248302e-07,-0.0054573529
4.249302e-07,-0.0054602252
4.250302e-07,-0.0054681239
4.251302e-07,-0.0054731503
4.252302e-07,-0.0054688419
4.253302e-07,-0.0054544807
4.254302e-07,-0.005434375
4.255302e-07,-0.0054178596
4.256302e-07,-0.0054113971
4.257302e-07,-0.0054171415
4.258302e-07,-0.0054286305
4.259302e-07,-0.0054372472
4.260302e-07,-0.005434375
4.261302e-07,-0.0054200138
4.262302e-07,-0.0054006261
4.263302e-07,-0.0053877011
4.264302e-07,-0.0053884191
4.265302e-07,-0.0054042165
4.266302e-07,-0.0054271944
4.267302e-07,-0.0054444278
4.268302e-07,-0.005445864
4.269302e-07,-0.0054300666
4.270302e-07,-0.0054042165
4.271302e-07,-0.0053819566
4.272302e-07,-0.0053769301
4.273302e-07,-0.0053920094
4.274302e-07,-0.005422168
4.275302e-07,-0.0054523265
4.276302e-07,-0.0054688419
4.277302e-07,-0.0054645335
4.278302e-07,-0.0054422737
4.279302e-07,-0.0054128332
4.280302e-07,-0.0053884191
4.281302e-07,-0.0053762121
4.282302e-07,-0.005375494
4.283302e-07,-0.0053783663
4.284302e-07,-0.0053769301
4.285302e-07,-0.0053668773
4.286302e-07,-0.0053525161
4.287302e-07,-0.0053417452
4.288302e-07,-0.0053424632
4.289302e-07,-0.0053568244
4.290302e-07,-0.0053790843
4.291302e-07,-0.0053963178
4.292302e-07,-0.0053999081
4.293302e-07,-0.0053855469
4.294302e-07,-0.0053589786
4.295302e-07,-0.0053331284
4.296302e-07,-0.0053194853
4.297302e-07,-0.0053237937
4.298302e-07,-0.0053424632
4.299302e-07,-0.0053640051
4.300302e-07,-0.0053769301
4.301302e-07,-0.005375494
4.302302e-07,-0.005363287
4.303302e-07,-0.0053489258
4.304302e-07,-0.0053424632
4.305302e-07,-0.0053482077
4.306302e-07,-0.0053618509
4.307302e-07,-0.005374776
4.308302e-07,-0.0053769301
4.309302e-07,-0.0053647231
4.310302e-07,-0.0053446174
4.311302e-07,-0.0053259478
4.312302e-07,-0.0053194853
4.313302e-07,-0.0053288201
4.314302e-07,-0.0053482077
4.315302e-07,-0.0053647231
4.316302e-07,-0.0053654412
4.317302e-07,-0.0053460535
4.318302e-07,-0.0053108686
4.319302e-07,-0.0052742475
4.320302e-07,-0.0052505515
4.321302e-07,-0.0052483973
4.322302e-07,-0.0052663488
4.323302e-07,-0.0052943532
4.324302e-07,-0.0053194853
4.325302e-07,-0.0053324104
4.326302e-07,-0.0053324104
4.327302e-07,-0.0053252298
4.328302e-07,-0.0053194853
4.329302e-07,-0.0053216395
4.330302e-07,-0.0053302562
4.331302e-07,-0.005339591
4.332302e-07,-0.0053424632
4.333302e-07,-0.0053345646
4.334302e-07,-0.0053187672
4.335302e-07,-0.0053029699
4.336302e-07,-0.0052965074
4.337302e-07,-0.005304406
4.338302e-07,-0.0053237937
4.339302e-07,-0.0053467716
4.340302e-07,-0.0053654412
4.341302e-07,-0.005374776
4.342302e-07,-0.005375494
4.343302e-07,-0.0053740579
4.344302e-07,-0.0053769301
4.345302e-07,-0.0053877011
4.346302e-07,-0.0054027803
4.347302e-07,-0.0054164235
4.348302e-07,-0.005422886
4.349302e-07,-0.0054200138
4.350302e-07,-0.0054128332
4.351302e-07,-0.0054078068
4.352302e-07,-0.0054113971
4.353302e-07,-0.005422886
4.354302e-07,-0.0054358111
4.355302e-07,-0.0054415556
4.356302e-07,-0.005434375
4.357302e-07,-0.0054149874
4.358302e-07,-0.0053920094
4.359302e-07,-0.0053762121
4.360302e-07,-0.0053769301
4.361302e-07,-0.0053934455
4.362302e-07,-0.0054185777
4.363302e-07,-0.0054386834
4.364302e-07,-0.005445864
4.365302e-07,-0.0054379653
4.366302e-07,-0.005422886
4.367302e-07,-0.0054142693
4.368302e-07,-0.005422886
4.369302e-07,-0.0054494543
4.370302e-07,-0.0054853573
4.371302e-07,-0.0055155159
4.372302e-07,-0.0055262868
4.373302e-07,-0.0055126436
4.374302e-07,-0.0054810489
4.375302e-07,-0.005446582
4.376302e-07,-0.005422886
4.377302e-07,-0.0054178596
4.378302e-07,-0.0054293486
4.379302e-07,-0.005445864
4.380302e-07,-0.0054573529
4.381302e-07,-0.005458071
4.382302e-07,-0.0054516085
4.383302e-07,-0.0054480182
4.384302e-07,-0.0054573529
4.385302e-07,-0.005481767
4.386302e-07,-0.0055162339
4.387302e-07,-0.0055463925
4.388302e-07,-0.0055607537
4.389302e-07,-0.005552855
4.390302e-07,-0.0055270048
4.391302e-07,-0.0054946921
4.392302e-07,-0.0054688419
4.393302e-07,-0.005458071
4.394302e-07,-0.0054609432
4.395302e-07,-0.0054717142
4.396302e-07,-0.0054803309
4.397302e-07,-0.0054839212
4.398302e-07,-0.0054846392
4.399302e-07,-0.0054889476
4.400302e-07,-0.0055033088
4.401302e-07,-0.0055262868
4.402302e-07,-0.0055492647
4.403302e-07,-0.0055600356
4.404302e-07,-0.0055492647
4.405302e-07,-0.00551767
4.406302e-07,-0.0054745864
4.407302e-07,-0.0054379653
4.408302e-07,-0.005422886
4.409302e-07,-0.0054336569
4.410302e-07,-0.0054630974
4.411302e-07,-0.0054961282
4.412302e-07,-0.0055147978
4.413302e-07,-0.0055104894
4.414302e-07,-0.0054867934
4.415302e-07,-0.0054559168
4.416302e-07,-0.005434375
4.417302e-07,-0.0054322208
4.418302e-07,-0.0054501723
4.419302e-07,-0.0054781767
4.420302e-07,-0.0055033088
4.421302e-07,-0.0055155159
4.422302e-07,-0.0055126436
4.423302e-07,-0.0055018727
4.424302e-07,-0.0054918199
4.425302e-07,-0.0054889476
4.426302e-07,-0.005493974
4.427302e-07,-0.0055011546
4.428302e-07,-0.0055033088
4.429302e-07,-0.0054975643
4.430302e-07,-0.0054867934
4.431302e-07,-0.0054781767
4.432302e-07,-0.0054803309
4.433302e-07,-0.0054946921
4.434302e-07,-0.00551767
4.435302e-07,-0.0055384938
4.436302e-07,-0.0055492647
4.437302e-07,-0.0055456744
4.438302e-07,-0.0055327493
4.439302e-07,-0.0055198242
4.440302e-07,-0.0055147978
4.441302e-07,-0.0055219784
4.442302e-07,-0.0055356216
4.443302e-07,-0.0055478286
4.444302e-07,-0.0055492647
4.445302e-07,-0.0055384938
4.446302e-07,-0.0055212603
4.447302e-07,-0.0055104894
4.448302e-07,-0.0055147978
4.449302e-07,-0.0055377757
4.450302e-07,-0.0055715246
4.451302e-07,-0.0056024012
4.452302e-07,-0.0056181985
4.453302e-07,-0.0056131721
4.454302e-07,-0.0055930664
4.455302e-07,-0.0055708065
4.456302e-07,-0.0055607537
4.457302e-07,-0.0055708065
4.458302e-07,-0.0055980928
4.459302e-07,-0.0056296875
4.460302e-07,-0.0056526654
4.461302e-07,-0.0056569738
4.462302e-07,-0.0056433307
4.463302e-07,-0.0056217888
4.464302e-07,-0.0056067096
4.465302e-07,-0.0056074276
4.466302e-07,-0.0056246611
4.467302e-07,-0.0056519474
4.468302e-07,-0.0056756434
4.469302e-07,-0.0056864143
4.470302e-07,-0.0056806698
4.471302e-07,-0.0056627183
4.472302e-07,-0.0056411765
4.473302e-07,-0.0056246611
4.474302e-07,-0.0056167624
4.475302e-07,-0.0056167624
4.476302e-07,-0.0056181985
4.477302e-07,-0.0056174805
4.478302e-07,-0.0056138902
4.479302e-07,-0.0056088637
4.480302e-07,-0.0056067096
4.481302e-07,-0.0056088637
4.482302e-07,-0.0056138902
4.483302e-07,-0.0056181985
4.484302e-07,-0.0056181985
4.485302e-07,-0.0056138902
4.486302e-07,-0.0056074276
4.487302e-07,-0.0056045554
4.488302e-07,-0.0056067096
4.489302e-07,-0.0056138902
4.490302e-07,-0.0056203527
4.491302e-07,-0.0056189166
4.492302e-07,-0.0056067096
4.493302e-07,-0.0055858858
4.494302e-07,-0.0055636259
4.495302e-07,-0.0055492647
4.496302e-07,-0.0055492647
4.497302e-07,-0.0055621898
4.498302e-07,-0.0055794233
4.499302e-07,-0.0055894761
4.500302e-07,-0.0055837316
4.501302e-07,-0.0055614717
4.502302e-07,-0.0055313132
4.503302e-07,-0.0055047449
4.504302e-07,-0.0054918199
4.505302e-07,-0.0054954102
4.506302e-07,-0.0055097714
4.507302e-07,-0.0055234145
4.508302e-07,-0.0055262868
4.509302e-07,-0.0055155159
4.510302e-07,-0.0054968463
4.511302e-07,-0.0054810489
4.512302e-07,-0.0054803309
4.513302e-07,-0.0054961282
4.514302e-07,-0.0055234145
4.515302e-07,-0.0055492647
4.516302e-07,-0.0055607537
4.517302e-07,-0.005552855
4.518302e-07,-0.005529159
4.519302e-07,-0.0055011546
4.520302e-07,-0.0054803309
4.521302e-07,-0.0054731503
4.522302e-07,-0.0054767406
4.523302e-07,-0.0054832031
4.524302e-07,-0.0054803309
4.525302e-07,-0.0054630974
4.526302e-07,-0.0054336569
4.527302e-07,-0.0054013442
4.528302e-07,-0.0053769301
4.529302e-07,-0.0053668773
4.530302e-07,-0.0053704676
4.531302e-07,-0.0053805205
4.532302e-07,-0.0053884191
4.533302e-07,-0.0053884191
4.534302e-07,-0.0053812385
4.535302e-07,-0.0053711857
4.536302e-07,-0.0053654412
4.537302e-07,-0.0053654412
4.538302e-07,-0.0053675954
4.539302e-07,-0.0053661592
4.540302e-07,-0.0053539522
4.541302e-07,-0.0053309743
4.542302e-07,-0.0053029699
4.543302e-07,-0.00528071
4.544302e-07,-0.0052735294
4.545302e-07,-0.0052843003
4.546302e-07,-0.0053079963
4.547302e-07,-0.0053352826
4.548302e-07,-0.0053539522
4.549302e-07,-0.0053589786
4.550302e-07,-0.0053525161
4.551302e-07,-0.0053403091
4.552302e-07,-0.0053309743
4.553302e-07,-0.005328102
4.554302e-07,-0.0053295381
4.555302e-07,-0.005328102
4.556302e-07,-0.0053194853
4.557302e-07,-0.0053022518
4.558302e-07,-0.0052828642
4.559302e-07,-0.0052706572
4.560302e-07,-0.0052735294
4.561302e-07,-0.005292199
4.562302e-07,-0.0053202034
4.563302e-07,-0.0053438994
4.564302e-07,-0.0053539522
4.565302e-07,-0.0053453355
4.566302e-07,-0.0053230756
4.567302e-07,-0.0052993796
4.568302e-07,-0.0052850184
4.569302e-07,-0.0052857364
4.570302e-07,-0.0052986615
4.571302e-07,-0.0053130227
4.572302e-07,-0.0053194853
4.573302e-07,-0.0053108686
4.574302e-07,-0.0052907629
4.575302e-07,-0.0052670669
4.576302e-07,-0.0052505515
4.577302e-07,-0.0052469612
4.578302e-07,-0.0052541418
4.579302e-07,-0.0052663488
4.580302e-07,-0.0052735294
4.581302e-07,-0.0052720933
4.582302e-07,-0.0052627585
4.583302e-07,-0.0052534237
4.584302e-07,-0.0052505515
4.585302e-07,-0.0052577321
4.586302e-07,-0.0052713752
4.587302e-07,-0.0052828642
4.588302e-07,-0.0052850184
4.589302e-07,-0.0052742475
4.590302e-07,-0.0052555779
4.591302e-07,-0.0052369083
4.592302e-07,-0.0052275735
4.593302e-07,-0.0052318819
4.594302e-07,-0.005244807
4.595302e-07,-0.0052584501
4.596302e-07,-0.0052620404
4.597302e-07,-0.0052519876
4.598302e-07,-0.0052311638
4.599302e-07,-0.0052081859
4.600302e-07,-0.0051931066
4.601302e-07,-0.0051909524
4.602302e-07,-0.0051988511
4.603302e-07,-0.0052103401
4.604302e-07,-0.0052160846
4.605302e-07,-0.0052117762
4.606302e-07,-0.0051995692
4.607302e-07,-0.0051866441
4.608302e-07,-0.0051816176
4.609302e-07,-0.0051873621
4.610302e-07,-0.0052010053
4.611302e-07,-0.0052139304
4.612302e-07,-0.0052160846
4.613302e-07,-0.0052038775
4.614302e-07,-0.0051808996
4.615302e-07,-0.0051550494
4.616302e-07,-0.0051356618
4.617302e-07,-0.0051284812
4.618302e-07,-0.0051313534
4.619302e-07,-0.0051370979
4.620302e-07,-0.0051356618
4.621302e-07,-0.0051234547
4.622302e-07,-0.0051019129
4.623302e-07,-0.005079653
4.624302e-07,-0.0050667279
4.625302e-07,-0.0050681641
4.626302e-07,-0.0050818072
4.627302e-07,-0.0051004768
4.628302e-07,-0.0051126838
4.629302e-07,-0.0051112477
4.630302e-07,-0.0050968865
