LECROYHDO6104B,11090,Waveform
Segments,1,SegmentSize,5002
Segment,TrigTime,TimeSinceSegment1
#1,04-May-2026 18:23:57,0                 
Time,Ampl
-3.700898e-08,-0.0029225988
-3.690898e-08,-0.0029312155
-3.680898e-08,-0.0029527574
-3.670898e-08,-0.0029829159
-3.660898e-08,-0.0030137925
-3.650898e-08,-0.0030367705
-3.640898e-08,-0.0030446691
-3.630898e-08,-0.0030374885
-3.620898e-08,-0.0030202551
-3.610898e-08,-0.0030008674
-3.600898e-08,-0.0029872243
-3.590898e-08,-0.0029829159
-3.580898e-08,-0.0029872243
-3.570898e-08,-0.0029944049
-3.560898e-08,-0.0029987132
-3.550898e-08,-0.0029972771
-3.540898e-08,-0.0029915326
-3.530898e-08,-0.0029865062
-3.520898e-08,-0.0029872243
-3.510898e-08,-0.0029972771
-3.500898e-08,-0.0030137925
-3.490898e-08,-0.003031744
-3.480898e-08,-0.0030446691
-3.470898e-08,-0.0030475414
-3.460898e-08,-0.0030417969
-3.450898e-08,-0.003031026
-3.440898e-08,-0.0030216912
-3.430898e-08,-0.003019537
-3.420898e-08,-0.0030267176
-3.410898e-08,-0.0030403608
-3.400898e-08,-0.0030561581
-3.390898e-08,-0.0030698012
-3.380898e-08,-0.0030798541
-3.370898e-08,-0.0030855986
-3.360898e-08,-0.003090625
-3.350898e-08,-0.0030956514
-3.340898e-08,-0.0031006778
-3.330898e-08,-0.0031035501
-3.320898e-08,-0.003102114
-3.310898e-08,-0.0030963695
-3.300898e-08,-0.0030877528
-3.290898e-08,-0.0030805722
-3.280898e-08,-0.003079136
-3.270898e-08,-0.0030848805
-3.260898e-08,-0.0030970875
-3.250898e-08,-0.0031121668
-3.240898e-08,-0.0031250919
-3.230898e-08,-0.0031322725
-3.220898e-08,-0.0031337086
-3.210898e-08,-0.0031301183
-3.200898e-08,-0.0031250919
-3.190898e-08,-0.0031222197
-3.180898e-08,-0.0031236558
-3.170898e-08,-0.0031286822
-3.160898e-08,-0.0031365809
-3.150898e-08,-0.0031451976
-3.140898e-08,-0.0031545324
-3.130898e-08,-0.0031631491
-3.120898e-08,-0.0031710478
-3.110898e-08,-0.0031767923
-3.100898e-08,-0.0031789465
-3.090898e-08,-0.0031767923
-3.080898e-08,-0.0031710478
-3.070898e-08,-0.0031645852
-3.060898e-08,-0.0031609949
-3.050898e-08,-0.0031631491
-3.040898e-08,-0.0031710478
-3.030898e-08,-0.0031811006
-3.020898e-08,-0.0031889993
-3.010898e-08,-0.0031897174
-3.000898e-08,-0.0031825368
-2.990898e-08,-0.0031703297
-2.980898e-08,-0.0031609949
-2.970898e-08,-0.0031595588
-2.960898e-08,-0.0031710478
-2.950898e-08,-0.0031933077
-2.940898e-08,-0.0032191579
-2.930898e-08,-0.0032414177
-2.920898e-08,-0.0032514706
-2.910898e-08,-0.0032493164
-2.900898e-08,-0.0032378274
-2.890898e-08,-0.0032249023
-2.880898e-08,-0.0032170037
-2.870898e-08,-0.0032177217
-2.860898e-08,-0.0032270565
-2.850898e-08,-0.0032392636
-2.840898e-08,-0.0032514706
-2.830898e-08,-0.0032615234
-2.820898e-08,-0.0032708582
-2.810898e-08,-0.0032823472
-2.800898e-08,-0.0032974265
-2.790898e-08,-0.003315378
-2.780898e-08,-0.0033318934
-2.770898e-08,-0.0033419462
-2.760898e-08,-0.0033433824
-2.750898e-08,-0.0033376379
-2.740898e-08,-0.0033297392
-2.730898e-08,-0.0033261489
-2.720898e-08,-0.0033318934
-2.710898e-08,-0.0033455365
-2.700898e-08,-0.0033634881
-2.690898e-08,-0.0033792854
-2.680898e-08,-0.0033893382
-2.670898e-08,-0.0033950827
-2.660898e-08,-0.0034015453
-2.650898e-08,-0.0034144704
-2.640898e-08,-0.0034352941
-2.630898e-08,-0.0034604262
-2.620898e-08,-0.0034798139
-2.610898e-08,-0.0034848403
-2.600898e-08,-0.003469761
-2.590898e-08,-0.0034381664
-2.580898e-08,-0.0034029814
-2.570898e-08,-0.0033792854
-2.560898e-08,-0.0033778493
-2.550898e-08,-0.0034015453
-2.540898e-08,-0.0034410386
-2.530898e-08,-0.00348125
-2.520898e-08,-0.0035042279
-2.510898e-08,-0.0035027918
-2.500898e-08,-0.0034783778
-2.490898e-08,-0.0034431928
-2.480898e-08,-0.0034123162
-2.470898e-08,-0.0033958008
-2.460898e-08,-0.0033972369
-2.450898e-08,-0.0034094439
-2.440898e-08,-0.0034238051
-2.430898e-08,-0.0034309858
-2.420898e-08,-0.0034273955
-2.410898e-08,-0.0034187787
-2.400898e-08,-0.0034123162
-2.390898e-08,-0.0034137523
-2.380898e-08,-0.0034238051
-2.370898e-08,-0.0034374483
-2.360898e-08,-0.0034467831
-2.350898e-08,-0.0034446289
-2.340898e-08,-0.0034288316
-2.330898e-08,-0.0034044175
-2.320898e-08,-0.0033778493
-2.310898e-08,-0.0033577436
-2.300898e-08,-0.0033484088
-2.290898e-08,-0.0033491268
-2.280898e-08,-0.0033548713
-2.270898e-08,-0.0033620519
-2.260898e-08,-0.0033670784
-2.250898e-08,-0.0033713867
-2.240898e-08,-0.0033778493
-2.230898e-08,-0.0033886202
-2.220898e-08,-0.0034036994
-2.210898e-08,-0.0034209329
-2.200898e-08,-0.0034352941
-2.190898e-08,-0.0034439108
-2.180898e-08,-0.003445347
-2.170898e-08,-0.0034417567
-2.160898e-08,-0.0034352941
-2.150898e-08,-0.0034295496
-2.140898e-08,-0.0034252413
-2.130898e-08,-0.0034238051
-2.120898e-08,-0.0034238051
-2.110898e-08,-0.0034259593
-2.100898e-08,-0.0034317038
-2.090898e-08,-0.0034424747
-2.080898e-08,-0.0034582721
-2.070898e-08,-0.0034769416
-2.060898e-08,-0.0034941751
-2.050898e-08,-0.0035042279
-2.040898e-08,-0.0035042279
-2.030898e-08,-0.0034956112
-2.020898e-08,-0.0034834042
-2.010898e-08,-0.0034769416
-2.000898e-08,-0.00348125
-1.990898e-08,-0.0034992015
-1.980898e-08,-0.0035279239
-1.970898e-08,-0.0035595186
-1.960898e-08,-0.0035846507
-1.950898e-08,-0.0035982939
-1.940898e-08,-0.0036004481
-1.930898e-08,-0.0035939855
-1.920898e-08,-0.0035846507
-1.910898e-08,-0.0035774701
-1.900898e-08,-0.0035731618
-1.890898e-08,-0.0035688534
-1.880898e-08,-0.0035616728
-1.870898e-08,-0.0035487477
-1.860898e-08,-0.0035322323
-1.850898e-08,-0.0035149989
-1.840898e-08,-0.0035042279
-1.830898e-08,-0.0035027918
-1.820898e-08,-0.0035114085
-1.810898e-08,-0.0035257698
-1.800898e-08,-0.0035386949
-1.790898e-08,-0.0035451574
-1.780898e-08,-0.0035422852
-1.770898e-08,-0.0035315142
-1.760898e-08,-0.0035157169
-1.750898e-08,-0.0035006376
-1.740898e-08,-0.0034891487
-1.730898e-08,-0.0034826861
-1.720898e-08,-0.00348125
-1.710898e-08,-0.0034826861
-1.700898e-08,-0.0034855584
-1.690898e-08,-0.0034891487
-1.680898e-08,-0.003492739
-1.670898e-08,-0.0034948932
-1.660898e-08,-0.0034948932
-1.650898e-08,-0.0034905848
-1.640898e-08,-0.00348125
-1.630898e-08,-0.0034683249
-1.620898e-08,-0.0034539637
-1.610898e-08,-0.0034417567
-1.600898e-08,-0.0034352941
-1.590898e-08,-0.0034352941
-1.580898e-08,-0.0034410386
-1.570898e-08,-0.0034496553
-1.560898e-08,-0.0034582721
-1.550898e-08,-0.0034640165
-1.540898e-08,-0.0034676068
-1.530898e-08,-0.003469043
-1.520898e-08,-0.003469761
-1.510898e-08,-0.003469043
-1.500898e-08,-0.0034661707
-1.490898e-08,-0.0034589901
-1.480898e-08,-0.0034467831
-1.470898e-08,-0.0034309858
-1.460898e-08,-0.0034151884
-1.450898e-08,-0.0034036994
-1.440898e-08,-0.0034008272
-1.430898e-08,-0.0034072898
-1.420898e-08,-0.0034194968
-1.410898e-08,-0.0034345761
-1.400898e-08,-0.0034467831
-1.390898e-08,-0.0034532456
-1.380898e-08,-0.0034539637
-1.370898e-08,-0.0034503734
-1.360898e-08,-0.0034467831
-1.350898e-08,-0.0034431928
-1.340898e-08,-0.0034403205
-1.330898e-08,-0.0034345761
-1.320898e-08,-0.0034238051
-1.310898e-08,-0.0034080078
-1.300898e-08,-0.0033900563
-1.290898e-08,-0.003374259
-1.280898e-08,-0.0033663603
-1.270898e-08,-0.0033692325
-1.260898e-08,-0.0033828757
-1.250898e-08,-0.0034036994
-1.240898e-08,-0.0034238051
-1.230898e-08,-0.0034381664
-1.220898e-08,-0.0034424747
-1.210898e-08,-0.0034367302
-1.200898e-08,-0.0034238051
-1.190898e-08,-0.0034080078
-1.180898e-08,-0.0033943647
-1.170898e-08,-0.0033835938
-1.160898e-08,-0.0033778493
-1.150898e-08,-0.0033756951
-1.140898e-08,-0.0033771312
-1.130898e-08,-0.0033821576
-1.120898e-08,-0.0033893382
-1.110898e-08,-0.0034001091
-1.100898e-08,-0.0034123162
-1.090898e-08,-0.0034245232
-1.080898e-08,-0.0034352941
-1.070898e-08,-0.0034417567
-1.060898e-08,-0.0034431928
-1.050898e-08,-0.0034403205
-1.040898e-08,-0.0034352941
-1.030898e-08,-0.0034295496
-1.020898e-08,-0.0034252413
-1.010898e-08,-0.0034238051
-1.000898e-08,-0.0034238051
-9.908977e-09,-0.0034259593
-9.808977e-09,-0.0034309858
-9.708977e-09,-0.0034374483
-9.608977e-09,-0.0034467831
-9.508977e-09,-0.0034582721
-9.408977e-09,-0.0034711972
-9.308977e-09,-0.0034834042
-9.208977e-09,-0.003492739
-9.108977e-09,-0.0034963293
-9.008977e-09,-0.0034948932
-8.908977e-09,-0.0034891487
-8.808977e-09,-0.00348125
-8.708977e-09,-0.0034747875
-8.608977e-09,-0.0034719152
-8.508977e-09,-0.0034740694
-8.408977e-09,-0.00348125
-8.308977e-09,-0.0034913028
-8.208977e-09,-0.0035035099
-8.108977e-09,-0.0035157169
-8.008977e-09,-0.0035272059
-7.908977e-09,-0.0035379768
-7.808977e-09,-0.0035473116
-7.708977e-09,-0.0035552102
-7.608977e-09,-0.0035616728
-7.508977e-09,-0.0035652631
-7.408977e-09,-0.0035666992
-7.308977e-09,-0.003564545
-7.208977e-09,-0.0035616728
-7.108977e-09,-0.0035588006
-7.008977e-09,-0.0035573644
-6.908977e-09,-0.0035580825
-6.808977e-09,-0.0035616728
-6.708977e-09,-0.0035681353
-6.608977e-09,-0.003576034
-6.508977e-09,-0.0035853688
-6.408977e-09,-0.0035961397
-6.308977e-09,-0.0036090648
-6.208977e-09,-0.003622708
-6.108977e-09,-0.0036385053
-6.008977e-09,-0.0036535846
-5.908977e-09,-0.0036672277
-5.808977e-09,-0.0036772806
-5.708977e-09,-0.0036837431
-5.608977e-09,-0.0036880515
-5.508977e-09,-0.0036909237
-5.408977e-09,-0.0036952321
-5.308977e-09,-0.0037016946
-5.208977e-09,-0.0037110294
-5.108977e-09,-0.0037203642
-5.008977e-09,-0.0037268267
-4.908977e-09,-0.0037282629
-4.808977e-09,-0.0037225184
-4.708977e-09,-0.0037088752
-4.608977e-09,-0.0036902057
-4.508977e-09,-0.0036672277
-4.408977e-09,-0.0036420956
-4.308977e-09,-0.0036148093
-4.208977e-09,-0.0035832146
-4.108977e-09,-0.0035437213
-4.008977e-09,-0.003492739
-3.908977e-09,-0.0034281135
-3.808977e-09,-0.0033484088
-3.708977e-09,-0.0032543428
-3.608977e-09,-0.0031480699
-3.508977e-09,-0.003031026
-3.408977e-09,-0.0029046473
-3.308977e-09,-0.0027674977
-3.208977e-09,-0.0026195772
-3.108977e-09,-0.0024587316
-3.008977e-09,-0.002285679
-2.908977e-09,-0.0021011374
-2.808977e-09,-0.001907261
-2.708977e-09,-0.001706204
-2.608977e-09,-0.0014979665
-2.508977e-09,-0.0012825483
-2.408977e-09,-0.0010570772
-2.308977e-09,-0.00082011719
-2.208977e-09,-0.0005716682
-2.108977e-09,-0.0003124483
-2.008977e-09,-4.6047794e-05
-1.908977e-09,0.00022250689
-1.808977e-09,0.00049034352
-1.708977e-09,0.00075602597
-1.608977e-09,0.0010224265
-1.508977e-09,0.0012916992
-1.408977e-09,0.0015659984
-1.308977e-09,0.001845324
-1.208977e-09,0.0021253676
-1.108977e-09,0.0023989488
-1.008977e-09,0.0026610409
-9.089771e-10,0.0029058996
-8.089771e-10,0.0031363971
-7.089771e-10,0.0033554056
-6.089771e-10,0.0035701057
-5.089771e-10,0.0037840878
-4.089771e-10,0.0039980699
-3.089771e-10,0.0042077436
-2.089771e-10,0.0044066464
-1.089771e-10,0.0045904699
-8.977052e-12,0.0047563419
9.102295e-11,0.0049078527
1.910229e-10,0.0050493107
2.910229e-10,0.0051857422
3.910229e-10,0.0053193015
4.910229e-10,0.0054463982
5.910229e-10,0.0055612879
6.910229e-10,0.0056610983
7.910229e-10,0.0057443934
8.910229e-10,0.0058154814
9.910229e-10,0.005882261
1.091023e-09,0.0059504768
1.191023e-09,0.0060201287
1.291023e-09,0.0060876264
1.391023e-09,0.0061443532
1.491023e-09,0.0061838465
1.591023e-09,0.0062039522
1.691023e-09,0.0062104148
1.791023e-09,0.0062140051
1.891023e-09,0.006225494
1.991023e-09,0.0062499081
2.091023e-09,0.006284375
2.191023e-09,0.006320278
2.291023e-09,0.0063454102
2.391023e-09,0.0063533088
2.491023e-09,0.0063461282
2.591023e-09,0.006331767
2.691023e-09,0.0063209961
2.791023e-09,0.0063188419
2.891023e-09,0.0063238683
2.991023e-09,0.0063274586
3.091023e-09,0.00631956
3.191023e-09,0.006295864
3.291023e-09,0.006260679
3.391023e-09,0.0062262121
3.491023e-09,0.0062082606
3.591023e-09,0.0062154412
3.691023e-09,0.0062463178
3.791023e-09,0.0062886834
3.891023e-09,0.0063253045
3.991023e-09,0.0063418199
4.091023e-09,0.0063346392
4.191023e-09,0.0063102252
4.291023e-09,0.0062822208
4.391023e-09,0.0062613971
4.491023e-09,0.0062527803
4.591023e-09,0.0062520623
4.691023e-09,0.00624919
4.791023e-09,0.0062384191
4.891023e-09,0.0062197495
4.991023e-09,0.0062025161
5.091023e-09,0.0061989258
5.191023e-09,0.0062154412
5.291023e-09,0.0062506261
5.391023e-09,0.0062915556
5.491023e-09,0.0063224322
5.591023e-09,0.0063303309
5.691023e-09,0.0063145335
5.791023e-09,0.0062850931
5.891023e-09,0.0062592429
5.991023e-09,0.0062499081
6.091023e-09,0.0062613971
6.191023e-09,0.0062858111
6.291023e-09,0.0063087891
6.391023e-09,0.0063188419
6.491023e-09,0.0063152516
6.591023e-09,0.0063066349
6.691023e-09,0.006308071
6.791023e-09,0.0063303309
6.891023e-09,0.0063712603
6.991023e-09,0.0064179343
7.091023e-09,0.0064509651
7.191023e-09,0.0064567096
7.291023e-09,0.0064330136
7.391023e-09,0.0063942383
7.491023e-09,0.0063612075
7.591023e-09,0.0063533088
7.691023e-09,0.0063748506
7.791023e-09,0.006414344
7.891023e-09,0.0064524012
7.991023e-09,0.0064681985
8.091023e-09,0.0064552734
8.191023e-09,0.0064222426
8.291023e-09,0.0063899299
8.391023e-09,0.0063762868
8.491023e-09,0.006391366
8.591023e-09,0.0064279871
8.691023e-09,0.0064681985
8.791023e-09,0.0064911765
8.891023e-09,0.0064883042
8.991023e-09,0.0064638902
9.091023e-09,0.0064358858
9.191023e-09,0.0064222426
9.291023e-09,0.0064337316
9.391023e-09,0.0064638902
9.491023e-09,0.006497639
9.591023e-09,0.0065141544
9.691023e-09,0.0065033835
9.791023e-09,0.0064674805
9.891023e-09,0.0064222426
9.991023e-09,0.0063877757
1.009102e-08,0.0063755687
1.019102e-08,0.0063856216
1.029102e-08,0.0064071634
1.039102e-08,0.0064222426
1.049102e-08,0.0064208065
1.059102e-08,0.006402855
1.069102e-08,0.0063762868
1.079102e-08,0.0063533088
1.089102e-08,0.0063411018
1.099102e-08,0.0063382295
1.109102e-08,0.0063346392
1.119102e-08,0.0063188419
1.129102e-08,0.0062879653
1.139102e-08,0.0062477539
1.149102e-08,0.0062111328
1.159102e-08,0.0061924632
1.169102e-08,0.0061960535
1.179102e-08,0.0062161592
1.189102e-08,0.0062391372
1.199102e-08,0.0062499081
1.209102e-08,0.0062412914
1.219102e-08,0.0062183134
1.229102e-08,0.0061938994
1.239102e-08,0.0061809743
1.249102e-08,0.0061845646
1.259102e-08,0.0061996438
1.269102e-08,0.0062104148
1.279102e-08,0.0062039522
1.289102e-08,0.0061737937
1.299102e-08,0.0061271197
1.309102e-08,0.0060811638
1.319102e-08,0.0060545956
1.329102e-08,0.0060567498
1.339102e-08,0.006083318
1.349102e-08,0.0061199391
1.359102e-08,0.0061465074
1.369102e-08,0.0061508157
1.379102e-08,0.0061314281
1.389102e-08,0.0060983973
1.399102e-08,0.0060660846
1.409102e-08,0.0060452608
1.419102e-08,0.0060387983
1.429102e-08,0.0060373621
1.439102e-08,0.0060316176
1.449102e-08,0.0060143842
1.459102e-08,0.0059863798
1.469102e-08,0.0059576574
1.479102e-08,0.0059397059
1.489102e-08,0.0059382698
1.499102e-08,0.005952631
1.509102e-08,0.0059727367
1.519102e-08,0.0059856618
1.529102e-08,0.0059835076
1.539102e-08,0.005964838
1.549102e-08,0.0059353975
1.559102e-08,0.005905239
1.569102e-08,0.0058793888
1.579102e-08,0.005857847
1.589102e-08,0.0058370232
1.599102e-08,0.0058133272
1.609102e-08,0.005787477
1.619102e-08,0.0057652171
1.629102e-08,0.0057566004
1.639102e-08,0.0057673713
1.649102e-08,0.0057968118
1.659102e-08,0.005834151
1.669102e-08,0.0058628734
1.679102e-08,0.0058707721
1.689102e-08,0.0058521025
1.699102e-08,0.0058133272
1.709102e-08,0.0057688074
1.719102e-08,0.0057329044
1.729102e-08,0.0057135168
1.739102e-08,0.0057092084
1.749102e-08,0.0057113626
1.759102e-08,0.0057099265
1.769102e-08,0.0057013097
1.779102e-08,0.0056883847
1.789102e-08,0.005680486
1.799102e-08,0.0056869485
1.809102e-08,0.0057092084
1.819102e-08,0.005740085
1.829102e-08,0.0057673713
1.839102e-08,0.0057788603
1.849102e-08,0.0057695255
1.859102e-08,0.0057443934
1.869102e-08,0.005716389
1.879102e-08,0.0056984375
1.889102e-08,0.0056962833
1.899102e-08,0.0057084903
1.909102e-08,0.0057235696
1.919102e-08,0.0057329044
1.929102e-08,0.0057300322
1.939102e-08,0.0057192613
1.949102e-08,0.0057092084
1.959102e-08,0.0057099265
1.969102e-08,0.0057242877
1.979102e-08,0.0057479837
1.989102e-08,0.0057695255
1.999102e-08,0.0057788603
2.009102e-08,0.0057731158
2.019102e-08,0.0057580365
2.029102e-08,0.0057443934
2.039102e-08,0.0057443934
2.049102e-08,0.0057623449
2.059102e-08,0.0057917854
2.069102e-08,0.0058212259
2.079102e-08,0.0058363051
2.089102e-08,0.0058319968
2.099102e-08,0.005810455
2.109102e-08,0.0057853228
2.119102e-08,0.0057673713
2.129102e-08,0.0057644991
2.139102e-08,0.0057745519
2.149102e-08,0.005786759
2.159102e-08,0.0057903493
2.169102e-08,0.0057795784
2.179102e-08,0.0057573185
2.189102e-08,0.0057343405
2.199102e-08,0.0057214154
2.209102e-08,0.0057257238
2.219102e-08,0.0057422392
2.229102e-08,0.0057609088
2.239102e-08,0.0057673713
2.249102e-08,0.0057530101
2.259102e-08,0.0057199793
2.269102e-08,0.0056776137
2.279102e-08,0.0056409926
2.289102e-08,0.0056201689
2.299102e-08,0.0056180147
2.309102e-08,0.0056287856
2.319102e-08,0.0056409926
2.329102e-08,0.0056460191
2.339102e-08,0.0056409926
2.349102e-08,0.0056295037
2.359102e-08,0.0056180147
2.369102e-08,0.0056115522
2.379102e-08,0.005609398
2.389102e-08,0.0056065257
2.399102e-08,0.0055950368
2.409102e-08,0.0055706227
2.419102e-08,0.0055354377
2.429102e-08,0.0054973805
2.439102e-08,0.0054686581
2.449102e-08,0.0054564511
2.459102e-08,0.0054629136
2.469102e-08,0.0054815832
2.479102e-08,0.005503125
2.489102e-08,0.0055189223
2.499102e-08,0.0055246668
2.509102e-08,0.0055217946
2.519102e-08,0.005514614
2.529102e-08,0.0055067153
2.539102e-08,0.0055002528
2.549102e-08,0.0054923541
2.559102e-08,0.0054801471
2.569102e-08,0.0054614775
2.579102e-08,0.0054392176
2.589102e-08,0.005420548
2.599102e-08,0.0054112132
2.609102e-08,0.0054169577
2.619102e-08,0.0054363454
2.629102e-08,0.0054643497
2.639102e-08,0.005491636
2.649102e-08,0.0055103056
2.659102e-08,0.0055160501
2.669102e-08,0.0055088695
2.679102e-08,0.005491636
2.689102e-08,0.0054686581
2.699102e-08,0.0054428079
2.709102e-08,0.0054155216
2.719102e-08,0.0053882353
2.729102e-08,0.0053631032
2.739102e-08,0.0053451517
2.749102e-08,0.005337253
2.759102e-08,0.0053422794
2.769102e-08,0.0053580767
2.779102e-08,0.0053789005
2.789102e-08,0.0053946978
2.799102e-08,0.0053997243
2.809102e-08,0.0053903895
2.819102e-08,0.0053688477
2.829102e-08,0.0053429975
2.839102e-08,0.0053193015
2.849102e-08,0.005302068
2.859102e-08,0.0052920152
2.869102e-08,0.0052841165
2.879102e-08,0.0052733456
2.889102e-08,0.0052582663
2.899102e-08,0.0052417509
2.909102e-08,0.0052295439
2.919102e-08,0.0052273897
2.929102e-08,0.0052381606
2.939102e-08,0.0052589844
2.949102e-08,0.0052819623
2.959102e-08,0.0052963235
2.969102e-08,0.0052941693
2.979102e-08,0.0052726275
2.989102e-08,0.0052367245
2.999102e-08,0.0051929228
3.009102e-08,0.0051519933
3.019102e-08,0.0051218348
3.029102e-08,0.0051046013
3.039102e-08,0.005101011
3.049102e-08,0.0051067555
3.059102e-08,0.0051175264
3.069102e-08,0.0051282973
3.079102e-08,0.0051354779
3.089102e-08,0.0051354779
3.099102e-08,0.0051268612
3.109102e-08,0.0051067555
3.119102e-08,0.0050780331
3.129102e-08,0.0050450023
3.139102e-08,0.0050148437
3.149102e-08,0.00499402
3.159102e-08,0.0049861213
3.169102e-08,0.0049904297
3.179102e-08,0.0050019187
3.189102e-08,0.0050105354
3.199102e-08,0.0050090993
3.209102e-08,0.0049933019
3.219102e-08,0.0049638614
3.229102e-08,0.0049279584
3.239102e-08,0.0048942096
3.249102e-08,0.0048690774
3.259102e-08,0.0048547162
3.269102e-08,0.0048489717
3.279102e-08,0.0048482537
3.289102e-08,0.0048460995
3.299102e-08,0.0048396369
3.309102e-08,0.004828148
3.319102e-08,0.0048137868
3.329102e-08,0.0048001436
3.339102e-08,0.0047879366
3.349102e-08,0.0047778837
3.359102e-08,0.0047678309
3.369102e-08,0.0047563419
3.379102e-08,0.0047434168
3.389102e-08,0.0047276195
3.399102e-08,0.004710386
3.409102e-08,0.0046931526
3.419102e-08,0.0046759191
3.429102e-08,0.0046586857
3.439102e-08,0.0046414522
3.449102e-08,0.0046249368
3.459102e-08,0.0046091395
3.469102e-08,0.0045962144
3.479102e-08,0.0045840074
3.489102e-08,0.0045725184
3.499102e-08,0.0045581572
3.509102e-08,0.0045394876
3.519102e-08,0.0045150735
3.529102e-08,0.0044870692
3.539102e-08,0.0044583467
3.549102e-08,0.0044317785
3.559102e-08,0.0044116728
3.569102e-08,0.0043965935
3.579102e-08,0.0043858226
3.589102e-08,0.0043757698
3.599102e-08,0.0043657169
3.609102e-08,0.0043563821
3.619102e-08,0.0043499196
3.629102e-08,0.0043492015
3.639102e-08,0.0043542279
3.649102e-08,0.0043621266
3.659102e-08,0.004367153
3.669102e-08,0.0043621266
3.679102e-08,0.004342739
3.689102e-08,0.0043111443
3.699102e-08,0.0042730871
3.709102e-08,0.0042386202
3.719102e-08,0.0042163603
3.729102e-08,0.0042106158
3.739102e-08,0.0042192325
3.749102e-08,0.0042350299
3.759102e-08,0.0042508272
3.769102e-08,0.0042587259
3.779102e-08,0.0042580078
3.789102e-08,0.0042493911
3.799102e-08,0.0042393382
3.809102e-08,0.0042321576
3.819102e-08,0.0042292854
3.829102e-08,0.0042292854
3.839102e-08,0.0042278493
3.849102e-08,0.0042213867
3.859102e-08,0.0042077436
3.869102e-08,0.004189792
3.879102e-08,0.0041704044
3.889102e-08,0.0041553251
3.899102e-08,0.0041488626
3.909102e-08,0.0041502987
3.919102e-08,0.0041589154
3.929102e-08,0.0041696864
3.939102e-08,0.0041783031
3.949102e-08,0.0041797392
3.959102e-08,0.0041704044
3.969102e-08,0.0041502987
3.979102e-08,0.0041194221
3.989102e-08,0.004082083
3.999102e-08,0.0040440257
4.009102e-08,0.004011713
4.019102e-08,0.0039901712
4.029102e-08,0.0039829906
4.039102e-08,0.0039865809
4.049102e-08,0.0039966337
4.059102e-08,0.0040052505
4.069102e-08,0.0040066866
4.079102e-08,0.0039980699
4.089102e-08,0.0039808364
4.099102e-08,0.0039607307
4.109102e-08,0.0039427792
4.119102e-08,0.003929136
4.129102e-08,0.0039198012
4.139102e-08,0.0039090303
4.149102e-08,0.0038939511
4.159102e-08,0.0038716912
4.169102e-08,0.0038444049
4.179102e-08,0.0038185547
4.189102e-08,0.0037998851
4.199102e-08,0.0037912684
4.209102e-08,0.0037912684
4.219102e-08,0.0037941406
4.229102e-08,0.0037912684
4.239102e-08,0.0037797794
4.249102e-08,0.0037596737
4.259102e-08,0.0037366958
4.269102e-08,0.0037187443
4.279102e-08,0.0037108456
4.289102e-08,0.0037137178
4.299102e-08,0.0037216165
4.309102e-08,0.0037266429
4.319102e-08,0.0037223346
4.329102e-08,0.0037072553
4.339102e-08,0.0036849954
4.349102e-08,0.0036648897
4.359102e-08,0.0036534007
4.369102e-08,0.0036519646
4.379102e-08,0.003656273
4.389102e-08,0.0036591452
4.399102e-08,0.0036534007
4.409102e-08,0.0036368853
4.419102e-08,0.0036124713
4.429102e-08,0.0035887753
4.439102e-08,0.0035729779
4.449102e-08,0.0035686696
4.459102e-08,0.003573696
4.469102e-08,0.0035815947
4.479102e-08,0.0035844669
4.489102e-08,0.0035780044
4.499102e-08,0.0035636432
4.509102e-08,0.0035442555
4.519102e-08,0.0035270221
4.529102e-08,0.0035133789
4.539102e-08,0.0035040441
4.549102e-08,0.0034939913
4.559102e-08,0.0034810662
4.569102e-08,0.0034645508
4.579102e-08,0.0034487534
4.589102e-08,0.0034372645
4.599102e-08,0.0034351103
4.609102e-08,0.0034415728
4.619102e-08,0.0034516257
4.629102e-08,0.0034588063
4.639102e-08,0.0034580882
4.649102e-08,0.0034480354
4.659102e-08,0.0034329561
4.669102e-08,0.003419313
4.679102e-08,0.0034121324
4.689102e-08,0.0034114143
4.699102e-08,0.0034121324
4.709102e-08,0.0034099782
4.719102e-08,0.0034006434
4.729102e-08,0.0033855641
4.739102e-08,0.003371921
4.749102e-08,0.0033676126
4.759102e-08,0.0033776654
4.769102e-08,0.0033999253
4.779102e-08,0.0034243394
4.789102e-08,0.0034394187
4.799102e-08,0.0034351103
4.809102e-08,0.0034106962
4.819102e-08,0.0033733571
4.829102e-08,0.0033352999
4.839102e-08,0.0033087316
4.849102e-08,0.0032986788
4.859102e-08,0.0033037052
4.869102e-08,0.003313758
4.879102e-08,0.0033202206
4.889102e-08,0.0033195025
4.899102e-08,0.00331304
4.909102e-08,0.0033072955
4.919102e-08,0.0033087316
4.929102e-08,0.0033159122
4.939102e-08,0.0033230928
4.949102e-08,0.0033195025
4.959102e-08,0.0032972426
4.969102e-08,0.0032555951
4.979102e-08,0.0032046128
4.989102e-08,0.0031600931
4.999102e-08,0.0031363971
5.009102e-08,0.0031414235
5.019102e-08,0.0031694278
5.029102e-08,0.0032082031
5.039102e-08,0.0032397978
5.049102e-08,0.0032505687
5.059102e-08,0.0032376436
5.069102e-08,0.0032074851
5.079102e-08,0.003170864
5.089102e-08,0.0031399874
5.099102e-08,0.0031198817
5.109102e-08,0.0031098288
5.119102e-08,0.0031019301
5.129102e-08,0.0030918773
5.139102e-08,0.00307608
5.149102e-08,0.0030588465
5.159102e-08,0.0030444853
5.169102e-08,0.0030380227
5.179102e-08,0.0030387408
5.189102e-08,0.0030430492
5.199102e-08,0.0030444853
5.209102e-08,0.0030387408
5.219102e-08,0.0030243796
5.229102e-08,0.00300571
5.239102e-08,0.0029870404
5.249102e-08,0.0029719612
5.259102e-08,0.0029611903
5.269102e-08,0.0029518555
5.279102e-08,0.0029410846
5.289102e-08,0.0029274414
5.299102e-08,0.0029137983
5.309102e-08,0.0029051815
5.319102e-08,0.0029066176
5.329102e-08,0.0029188247
5.339102e-08,0.0029374943
5.349102e-08,0.0029547277
5.359102e-08,0.0029640625
5.369102e-08,0.0029597541
5.379102e-08,0.0029446749
5.389102e-08,0.0029238511
5.399102e-08,0.0029066176
5.409102e-08,0.0028980009
5.419102e-08,0.0028980009
5.429102e-08,0.0029030273
5.439102e-08,0.0029066176
5.449102e-08,0.0029044635
5.459102e-08,0.0028951287
5.469102e-08,0.0028822036
5.479102e-08,0.0028721507
5.489102e-08,0.0028685604
5.499102e-08,0.0028714327
5.509102e-08,0.0028786133
5.519102e-08,0.0028836397
5.529102e-08,0.0028822036
5.539102e-08,0.0028728688
5.549102e-08,0.0028570715
5.559102e-08,0.0028376838
5.569102e-08,0.0028190142
5.579102e-08,0.0028032169
5.589102e-08,0.0027910099
5.599102e-08,0.002780239
5.609102e-08,0.0027716222
5.619102e-08,0.0027651597
5.629102e-08,0.0027608513
5.639102e-08,0.002757261
5.649102e-08,0.0027515165
5.659102e-08,0.0027400276
5.669102e-08,0.0027184858
5.679102e-08,0.0026883272
5.689102e-08,0.0026538603
5.699102e-08,0.0026229837
5.709102e-08,0.0026064683
5.719102e-08,0.0026079044
5.729102e-08,0.002626574
5.739102e-08,0.0026538603
5.749102e-08,0.0026782744
5.759102e-08,0.0026883272
5.769102e-08,0.0026789924
5.779102e-08,0.0026524242
5.789102e-08,0.0026179573
5.799102e-08,0.0025849265
5.809102e-08,0.0025612305
5.819102e-08,0.0025490234
5.829102e-08,0.002543997
5.839102e-08,0.0025389706
5.849102e-08,0.0025296358
5.859102e-08,0.0025159926
5.869102e-08,0.0025016314
5.879102e-08,0.0024930147
5.889102e-08,0.0024937328
5.899102e-08,0.0025045037
5.909102e-08,0.0025181468
5.919102e-08,0.0025274816
5.929102e-08,0.0025246094
5.939102e-08,0.0025052217
5.949102e-08,0.0024736271
5.959102e-08,0.0024355699
5.969102e-08,0.0023996668
5.979102e-08,0.0023730986
5.989102e-08,0.0023587374
5.999102e-08,0.0023551471
6.009102e-08,0.0023587374
6.019102e-08,0.0023644818
6.029102e-08,0.0023680722
6.039102e-08,0.002366636
6.049102e-08,0.0023587374
6.059102e-08,0.0023443761
6.069102e-08,0.0023235524
6.079102e-08,0.0022977022
6.089102e-08,0.0022704159
6.099102e-08,0.0022438477
6.109102e-08,0.0022215878
6.119102e-08,0.0022057904
6.129102e-08,0.0021957376
6.139102e-08,0.0021899931
6.149102e-08,0.0021864028
6.159102e-08,0.0021828125
6.169102e-08,0.0021799403
6.179102e-08,0.0021792222
6.189102e-08,0.0021799403
6.199102e-08,0.0021828125
6.209102e-08,0.0021835306
6.219102e-08,0.0021777861
6.229102e-08,0.0021627068
6.239102e-08,0.0021368566
6.249102e-08,0.0021045439
6.259102e-08,0.0020715131
6.269102e-08,0.002046381
6.279102e-08,0.0020334559
6.289102e-08,0.0020334559
6.299102e-08,0.0020413545
6.309102e-08,0.0020514074
6.319102e-08,0.0020564338
6.329102e-08,0.0020542796
6.339102e-08,0.0020456629
6.349102e-08,0.0020341739
6.359102e-08,0.0020219669
6.369102e-08,0.0020104779
6.379102e-08,0.0019982709
6.389102e-08,0.0019831916
6.399102e-08,0.0019645221
6.409102e-08,0.0019444164
6.419102e-08,0.001928619
6.429102e-08,0.0019228745
6.439102e-08,0.0019300551
6.449102e-08,0.0019494428
6.459102e-08,0.0019745749
6.469102e-08,0.0019975528
6.479102e-08,0.0020104779
6.489102e-08,0.0020104779
6.499102e-08,0.001998989
6.509102e-08,0.0019817555
6.519102e-08,0.0019645221
6.529102e-08,0.0019494428
6.539102e-08,0.0019365177
6.549102e-08,0.0019228745
6.559102e-08,0.0019070772
6.569102e-08,0.0018898438
6.579102e-08,0.0018769187
6.589102e-08,0.0018733284
6.599102e-08,0.0018840993
6.609102e-08,0.0019063591
6.619102e-08,0.0019322093
6.629102e-08,0.0019508789
6.639102e-08,0.0019530331
6.649102e-08,0.0019343635
6.659102e-08,0.0018998966
6.669102e-08,0.0018604033
6.679102e-08,0.0018266544
6.689102e-08,0.0018087029
6.699102e-08,0.0018079848
6.709102e-08,0.0018209099
6.719102e-08,0.0018381434
6.729102e-08,0.0018517865
6.739102e-08,0.001857531
6.749102e-08,0.0018560949
6.759102e-08,0.0018496324
6.769102e-08,0.0018417337
6.779102e-08,0.001833117
6.789102e-08,0.001821628
6.799102e-08,0.0018036765
6.809102e-08,0.0017778263
6.819102e-08,0.0017455136
6.829102e-08,0.0017132008
6.839102e-08,0.0016887868
6.849102e-08,0.0016772978
6.859102e-08,0.00168017
6.869102e-08,0.0016938132
6.879102e-08,0.0017117647
6.889102e-08,0.0017261259
6.899102e-08,0.0017333065
6.909102e-08,0.0017311523
6.919102e-08,0.0017232537
6.929102e-08,0.0017132008
6.939102e-08,0.001703866
6.949102e-08,0.0016966854
6.959102e-08,0.0016887868
6.969102e-08,0.001679452
6.979102e-08,0.0016672449
6.989102e-08,0.0016543199
6.999102e-08,0.0016428309
7.009102e-08,0.0016363683
7.019102e-08,0.0016363683
7.029102e-08,0.0016428309
7.039102e-08,0.0016543199
7.049102e-08,0.0016665269
7.059102e-08,0.0016765797
7.069102e-08,0.0016808881
7.079102e-08,0.0016772978
7.089102e-08,0.0016658088
7.099102e-08,0.0016464212
7.109102e-08,0.0016220071
7.119102e-08,0.001596875
7.129102e-08,0.0015760512
7.139102e-08,0.0015631261
7.149102e-08,0.0015624081
7.159102e-08,0.0015738971
7.169102e-08,0.0015932847
7.179102e-08,0.0016133904
7.189102e-08,0.0016277516
7.199102e-08,0.0016313419
7.209102e-08,0.0016212891
7.219102e-08,0.0016011834
7.229102e-08,0.0015753332
7.239102e-08,0.0015509191
7.249102e-08,0.0015322495
7.259102e-08,0.0015207606
7.269102e-08,0.0015164522
7.279102e-08,0.0015164522
7.289102e-08,0.0015186064
7.299102e-08,0.0015200425
7.309102e-08,0.0015193244
7.319102e-08,0.0015164522
7.329102e-08,0.0015092716
7.339102e-08,0.0014970646
7.349102e-08,0.0014798311
7.359102e-08,0.0014590074
7.369102e-08,0.0014381836
7.379102e-08,0.0014216682
7.389102e-08,0.0014130515
7.399102e-08,0.0014130515
7.409102e-08,0.001419514
7.419102e-08,0.0014266946
7.429102e-08,0.0014295669
7.439102e-08,0.0014245404
7.449102e-08,0.0014116153
7.459102e-08,0.0013943819
7.469102e-08,0.0013785846
7.479102e-08,0.0013670956
7.489102e-08,0.0013613511
7.499102e-08,0.0013570427
7.509102e-08,0.0013491441
7.519102e-08,0.0013326287
7.529102e-08,0.0013067785
7.539102e-08,0.0012737477
7.549102e-08,0.001242153
7.559102e-08,0.001217739
7.569102e-08,0.00120625
7.579102e-08,0.0012091222
7.589102e-08,0.0012220473
7.599102e-08,0.0012407169
7.609102e-08,0.0012593865
7.619102e-08,0.0012737477
7.629102e-08,0.0012830825
7.639102e-08,0.0012866728
7.649102e-08,0.0012845186
7.659102e-08,0.0012759019
7.669102e-08,0.0012608226
7.679102e-08,0.0012407169
7.689102e-08,0.001218457
7.699102e-08,0.0012005055
7.709102e-08,0.0011911707
7.719102e-08,0.001194761
7.729102e-08,0.0012105584
7.739102e-08,0.0012328182
7.749102e-08,0.0012529239
7.759102e-08,0.0012636949
7.769102e-08,0.0012601045
7.779102e-08,0.001241435
7.789102e-08,0.0012134306
7.799102e-08,0.0011832721
7.809102e-08,0.0011567038
7.819102e-08,0.0011387523
7.829102e-08,0.0011286994
7.839102e-08,0.0011258272
7.849102e-08,0.0011272633
7.859102e-08,0.0011315717
7.869102e-08,0.0011387523
7.879102e-08,0.0011488051
7.889102e-08,0.0011602941
7.899102e-08,0.001170347
7.909102e-08,0.0011753734
7.919102e-08,0.0011717831
7.929102e-08,0.0011581399
7.939102e-08,0.0011373162
7.949102e-08,0.0011129021
7.959102e-08,0.0010913603
7.969102e-08,0.0010769991
7.979102e-08,0.0010712546
7.989102e-08,0.0010734088
7.999102e-08,0.0010798713
8.009102e-08,0.0010870519
8.019102e-08,0.0010920784
8.029102e-08,0.0010935145
8.039102e-08,0.0010913603
8.049102e-08,0.0010856158
8.059102e-08,0.001076281
8.069102e-08,0.0010626379
8.079102e-08,0.0010454044
8.089102e-08,0.0010260168
8.099102e-08,0.0010059111
8.109102e-08,0.00098867762
8.119102e-08,0.00097647059
8.129102e-08,0.00096928998
8.139102e-08,0.0009671358
8.149102e-08,0.00096641774
8.159102e-08,0.00096498162
8.169102e-08,0.00096210937
8.179102e-08,0.00095851907
8.189102e-08,0.00095564683
8.199102e-08,0.00095349265
8.209102e-08,0.00095205653
8.219102e-08,0.00094918428
8.229102e-08,0.00094272174
8.239102e-08,0.00093051471
8.249102e-08,0.00091328125
8.259102e-08,0.00089532973
8.269102e-08,0.00088025046
8.279102e-08,0.00087306985
8.289102e-08,0.00087522403
8.299102e-08,0.00088455882
8.309102e-08,0.00089676585
8.319102e-08,0.00090753676
8.329102e-08,0.00091256319
8.339102e-08,0.00090969095
8.349102e-08,0.0008996381
8.359102e-08,0.00088455882
8.369102e-08,0.00086660731
8.379102e-08,0.00084650161
8.389102e-08,0.00082567785
8.399102e-08,0.00080413603
8.409102e-08,0.00078331227
8.419102e-08,0.00076536075
8.429102e-08,0.00075315372
8.439102e-08,0.00074669118
8.449102e-08,0.00074597312
8.459102e-08,0.0007481273
8.469102e-08,0.00074956342
8.479102e-08,0.00074669118
8.489102e-08,0.00073879251
8.499102e-08,0.00072658548
8.509102e-08,0.00071294233
8.519102e-08,0.00070073529
8.529102e-08,0.00069211857
8.539102e-08,0.00068565602
8.549102e-08,0.00068134766
8.559102e-08,0.00067775735
8.569102e-08,0.00067416705
8.579102e-08,0.00067273093
8.589102e-08,0.00067344899
8.599102e-08,0.00067775735
8.609102e-08,0.00068278378
8.619102e-08,0.00068350184
8.629102e-08,0.00067488511
8.639102e-08,0.00065477941
8.649102e-08,0.00062318474
8.659102e-08,0.00058584559
8.669102e-08,0.00055209674
8.679102e-08,0.00052840074
8.689102e-08,0.00052122013
8.699102e-08,0.00052983686
8.709102e-08,0.00055066062
8.719102e-08,0.00057435662
8.729102e-08,0.00059518038
8.739102e-08,0.00060810547
8.749102e-08,0.00061169577
8.759102e-08,0.00060882353
8.769102e-08,0.00060164292
8.779102e-08,0.00059159007
8.789102e-08,0.00057938304
8.799102e-08,0.00056286765
8.809102e-08,0.00054276195
8.819102e-08,0.00051978401
8.829102e-08,0.00049824219
8.839102e-08,0.00048244485
8.849102e-08,0.00047598231
8.859102e-08,0.00047957261
8.869102e-08,0.00049106158
8.879102e-08,0.00050542279
8.889102e-08,0.00051547564
8.899102e-08,0.0005161937
8.909102e-08,0.00050470473
8.919102e-08,0.00048244485
8.929102e-08,0.00045228631
8.939102e-08,0.00041925551
8.949102e-08,0.00038622472
8.959102e-08,0.00035606618
8.969102e-08,0.00032949793
8.979102e-08,0.00030651999
8.989102e-08,0.00028856847
8.999102e-08,0.00027564338
9.009102e-08,0.00026846278
9.019102e-08,0.00026559053
9.029102e-08,0.00026559053
9.039102e-08,0.00026415441
9.049102e-08,0.00025697381
9.059102e-08,0.00023974035
9.069102e-08,0.00021101792
9.079102e-08,0.00017224265
9.089102e-08,0.00012844095
9.099102e-08,8.4639246e-05
9.109102e-08,4.8018153e-05
9.119102e-08,2.2886029e-05
9.129102e-08,1.0678998e-05
9.139102e-08,9.2428768e-06
9.149102e-08,1.4987362e-05
9.159102e-08,2.2886029e-05
9.169102e-08,2.7194393e-05
9.179102e-08,2.5758272e-05
9.189102e-08,1.5705423e-05
9.199102e-08,-9.1911765e-08
9.209102e-08,-2.019761e-05
9.219102e-08,-4.0303309e-05
9.229102e-08,-5.7536765e-05
9.239102e-08,-6.9025735e-05
9.249102e-08,-7.405216e-05
9.259102e-08,-7.2616039e-05
9.269102e-08,-6.6153493e-05
9.279102e-08,-5.7536765e-05
9.289102e-08,-4.8920037e-05
9.299102e-08,-4.3893612e-05
9.309102e-08,-4.2457491e-05
9.319102e-08,-4.6047794e-05
9.329102e-08,-5.3228401e-05
9.339102e-08,-6.328125e-05
9.349102e-08,-7.3334099e-05
9.359102e-08,-8.0514706e-05
9.369102e-08,-8.4105009e-05
9.379102e-08,-8.3386949e-05
9.389102e-08,-7.7642463e-05
9.399102e-08,-6.9025735e-05
9.409102e-08,-5.8254825e-05
9.419102e-08,-4.7483915e-05
9.429102e-08,-3.9585248e-05
9.439102e-08,-3.4558824e-05
9.449102e-08,-3.4558824e-05
9.459102e-08,-3.8867187e-05
9.469102e-08,-4.7483915e-05
9.479102e-08,-5.7536765e-05
9.489102e-08,-6.8307675e-05
9.499102e-08,-7.7642463e-05
9.509102e-08,-8.5541131e-05
9.519102e-08,-9.2003676e-05
9.529102e-08,-9.7748162e-05
9.539102e-08,-0.00010349265
9.549102e-08,-0.00010923713
9.559102e-08,-0.00011498162
9.569102e-08,-0.00011928998
9.579102e-08,-0.00012216222
9.589102e-08,-0.00012359835
9.599102e-08,-0.00012647059
9.609102e-08,-0.00013293313
9.619102e-08,-0.00014514017
9.629102e-08,-0.00016309168
9.639102e-08,-0.00018391544
9.649102e-08,-0.00020402114
9.659102e-08,-0.00021766429
9.669102e-08,-0.00022269072
9.679102e-08,-0.00021838235
9.689102e-08,-0.00020904756
9.699102e-08,-0.0002011489
9.709102e-08,-0.00019899472
9.719102e-08,-0.00020689338
9.729102e-08,-0.00022412684
9.739102e-08,-0.00024638672
9.749102e-08,-0.0002686466
9.759102e-08,-0.00028731618
9.769102e-08,-0.00030024127
9.779102e-08,-0.000308858
9.789102e-08,-0.00031532054
9.799102e-08,-0.00032178309
9.809102e-08,-0.00032824563
9.819102e-08,-0.00033327206
9.829102e-08,-0.00033183594
9.839102e-08,-0.00032178309
9.849102e-08,-0.00030454963
9.859102e-08,-0.00028300781
9.869102e-08,-0.00026362017
9.879102e-08,-0.00025284926
9.889102e-08,-0.00025428539
9.899102e-08,-0.00026649242
9.909102e-08,-0.00028731618
9.919102e-08,-0.00031029412
9.929102e-08,-0.00032968176
9.939102e-08,-0.00034188879
9.949102e-08,-0.00034691521
9.959102e-08,-0.00034476103
9.969102e-08,-0.00033758042
9.979102e-08,-0.00032680951
9.989102e-08,-0.00031388442
9.999102e-08,-0.00029880515
1.00091e-07,-0.00028372587
1.00191e-07,-0.00027151884
1.00291e-07,-0.00026433824
1.00391e-07,-0.00026433824
1.00491e-07,-0.00027295496
1.00591e-07,-0.00028731618
1.00691e-07,-0.00030526769
1.00791e-07,-0.00032178309
1.00891e-07,-0.00033399012
1.00991e-07,-0.00034117073
1.01091e-07,-0.00034404297
1.01191e-07,-0.00034476103
1.01291e-07,-0.00034476103
1.01391e-07,-0.00034476103
1.01491e-07,-0.00034476103
1.01591e-07,-0.00034476103
1.01691e-07,-0.00034547909
1.01791e-07,-0.00034835133
1.01891e-07,-0.00035553194
1.01991e-07,-0.00036773897
1.02091e-07,-0.00038497243
1.02191e-07,-0.00040507812
1.02291e-07,-0.0004237477
1.02391e-07,-0.00043667279
1.02491e-07,-0.00044241728
1.02591e-07,-0.00044169922
1.02691e-07,-0.00043810892
1.02791e-07,-0.00043667279
1.02891e-07,-0.0004402631
1.02991e-07,-0.00045031595
1.03091e-07,-0.00046611328
1.03191e-07,-0.00048262868
1.03291e-07,-0.00049770795
1.03391e-07,-0.00050919692
1.03491e-07,-0.00051853171
1.03591e-07,-0.00052858456
1.03691e-07,-0.00054294577
1.03791e-07,-0.00056233341
1.03891e-07,-0.00058602941
1.03991e-07,-0.00060900735
1.04091e-07,-0.00062624081
1.04191e-07,-0.00063413948
1.04291e-07,-0.00063126723
1.04391e-07,-0.00062049632
1.04491e-07,-0.00060757123
1.04591e-07,-0.00059823644
1.04691e-07,-0.00059823644
1.04791e-07,-0.00060900735
1.04891e-07,-0.00062983111
1.04991e-07,-0.00065711742
1.05091e-07,-0.00068583984
1.05191e-07,-0.00071240809
1.05291e-07,-0.00073394991
1.05391e-07,-0.0007504653
1.05491e-07,-0.00076195427
1.05591e-07,-0.00076985294
1.05691e-07,-0.00077559743
1.05791e-07,-0.00077990579
1.05891e-07,-0.00078493222
1.05991e-07,-0.00079283088
1.06091e-07,-0.00080575597
1.06191e-07,-0.00082586167
1.06291e-07,-0.00085314798
1.06391e-07,-0.00088474265
1.06491e-07,-0.00091705538
1.06591e-07,-0.00094434168
1.06691e-07,-0.00096157514
1.06791e-07,-0.00096516544
1.06891e-07,-0.00095654871
1.06991e-07,-0.00093931526
1.07091e-07,-0.00092064568
1.07191e-07,-0.00090772059
1.07291e-07,-0.00090484835
1.07391e-07,-0.00091346507
1.07491e-07,-0.00093141659
1.07591e-07,-0.00095367647
1.07691e-07,-0.00097450023
1.07791e-07,-0.00099029756
1.07891e-07,-0.00099819623
1.07991e-07,-0.00099963235
1.08091e-07,-0.00099604205
1.08191e-07,-0.0009895795
1.08291e-07,-0.00098311696
1.08391e-07,-0.00097665441
1.08491e-07,-0.00097090993
1.08591e-07,-0.00096660156
1.08691e-07,-0.00096444738
1.08791e-07,-0.00096516544
1.08891e-07,-0.00097019187
1.08991e-07,-0.00097952665
1.09091e-07,-0.00099029756
1.09191e-07,-0.00099963235
1.09291e-07,-0.0010046588
1.09391e-07,-0.0010039407
1.09491e-07,-0.00099747817
1.09591e-07,-0.00098814338
1.09691e-07,-0.00097952665
1.09791e-07,-0.00097450023
1.09891e-07,-0.00097450023
1.09991e-07,-0.00097665441
1.10091e-07,-0.00097737247
1.10191e-07,-0.00097378217
1.10291e-07,-0.00096516544
1.10391e-07,-0.00095367647
1.10491e-07,-0.0009457778
1.10591e-07,-0.00094793199
1.10691e-07,-0.0009622932
1.10791e-07,-0.00098814338
1.10891e-07,-0.0010183019
1.10991e-07,-0.001042716
1.11091e-07,-0.0010534869
1.11191e-07,-0.0010455882
1.11291e-07,-0.0010218922
1.11391e-07,-0.00099101563
1.11491e-07,-0.00096516544
1.11591e-07,-0.00095367647
1.11691e-07,-0.00096157514
1.11791e-07,-0.00098670726
1.11891e-07,-0.0010218922
1.11991e-07,-0.0010570772
1.12091e-07,-0.0010836455
1.12191e-07,-0.0010987247
1.12291e-07,-0.0011037511
1.12391e-07,-0.0011030331
1.12491e-07,-0.001102315
1.12591e-07,-0.0011044692
1.12691e-07,-0.0011094956
1.12791e-07,-0.0011145221
1.12891e-07,-0.0011166762
1.12991e-07,-0.0011159582
1.13091e-07,-0.001113804
1.13191e-07,-0.0011145221
1.13291e-07,-0.0011231388
1.13391e-07,-0.0011410903
1.13491e-07,-0.0011669405
1.13591e-07,-0.0011949449
1.13691e-07,-0.0012172047
1.13791e-07,-0.0012279756
1.13891e-07,-0.0012236673
1.13991e-07,-0.0012064338
1.14091e-07,-0.0011834559
1.14191e-07,-0.001161196
1.14291e-07,-0.001148989
1.14391e-07,-0.001148989
1.14491e-07,-0.0011619141
1.14591e-07,-0.0011834559
1.14691e-07,-0.0012078699
1.14791e-07,-0.0012294118
1.14891e-07,-0.001244491
1.14991e-07,-0.0012531078
1.15091e-07,-0.0012545439
1.15191e-07,-0.0012523897
1.15291e-07,-0.0012495175
1.15391e-07,-0.0012480813
1.15491e-07,-0.0012487994
1.15591e-07,-0.0012523897
1.15691e-07,-0.0012588523
1.15791e-07,-0.001268187
1.15891e-07,-0.0012811121
1.15991e-07,-0.0012983456
1.16091e-07,-0.0013191693
1.16191e-07,-0.0013428653
1.16291e-07,-0.0013679975
1.16391e-07,-0.0013902574
1.16491e-07,-0.0014074908
1.16591e-07,-0.0014175437
1.16691e-07,-0.0014182617
1.16791e-07,-0.0014132353
1.16891e-07,-0.0014046186
1.16991e-07,-0.001397438
1.17091e-07,-0.0013952838
1.17191e-07,-0.0014017463
1.17291e-07,-0.0014175437
1.17391e-07,-0.0014398035
1.17491e-07,-0.0014670898
1.17591e-07,-0.0014936581
1.17691e-07,-0.0015173541
1.17791e-07,-0.0015353056
1.17891e-07,-0.0015460765
1.17991e-07,-0.0015511029
1.18091e-07,-0.0015503849
1.18191e-07,-0.0015453585
1.18291e-07,-0.0015374598
1.18391e-07,-0.001528125
1.18491e-07,-0.0015195083
1.18591e-07,-0.0015137638
1.18691e-07,-0.0015123277
1.18791e-07,-0.001516636
1.18891e-07,-0.0015266889
1.18991e-07,-0.001539614
1.19091e-07,-0.0015532571
1.19191e-07,-0.0015625919
1.19291e-07,-0.0015654642
1.19391e-07,-0.0015590016
1.19491e-07,-0.0015460765
1.19591e-07,-0.001528125
1.19691e-07,-0.0015108915
1.19791e-07,-0.0014979665
1.19891e-07,-0.001492222
1.19991e-07,-0.0014936581
1.20091e-07,-0.0015008387
1.20191e-07,-0.0015094554
1.20291e-07,-0.0015151999
1.20391e-07,-0.001516636
1.20491e-07,-0.0015123277
1.20591e-07,-0.0015037109
1.20691e-07,-0.00149294
1.20791e-07,-0.0014821691
1.20891e-07,-0.0014735524
1.20991e-07,-0.0014678079
1.21091e-07,-0.0014627815
1.21191e-07,-0.0014591912
1.21291e-07,-0.0014556009
1.21391e-07,-0.0014534467
1.21491e-07,-0.0014541648
1.21591e-07,-0.0014591912
1.21691e-07,-0.0014699621
1.21791e-07,-0.0014850414
1.21891e-07,-0.0015022748
1.21991e-07,-0.001516636
1.22091e-07,-0.0015252528
1.22191e-07,-0.0015259708
1.22291e-07,-0.0015180722
1.22391e-07,-0.0015051471
1.22491e-07,-0.0014915039
1.22591e-07,-0.0014814511
1.22691e-07,-0.0014778608
1.22791e-07,-0.0014821691
1.22891e-07,-0.001492222
1.22991e-07,-0.0015051471
1.23091e-07,-0.0015180722
1.23191e-07,-0.001528125
1.23291e-07,-0.0015360237
1.23391e-07,-0.0015424862
1.23491e-07,-0.0015511029
1.23591e-07,-0.0015625919
1.23691e-07,-0.0015769531
1.23791e-07,-0.0015920324
1.23891e-07,-0.0016035214
1.23991e-07,-0.0016085478
1.24091e-07,-0.0016049575
1.24191e-07,-0.0015949046
1.24291e-07,-0.0015826976
1.24391e-07,-0.0015740809
1.24491e-07,-0.0015740809
1.24591e-07,-0.0015855699
1.24691e-07,-0.0016071117
1.24791e-07,-0.0016315257
1.24891e-07,-0.0016530676
1.24991e-07,-0.0016645565
1.25091e-07,-0.0016645565
1.25191e-07,-0.0016545037
1.25291e-07,-0.0016394244
1.25391e-07,-0.0016264993
1.25491e-07,-0.0016193187
1.25591e-07,-0.0016200368
1.25691e-07,-0.0016257812
1.25791e-07,-0.0016315257
1.25891e-07,-0.001634398
1.25991e-07,-0.0016315257
1.26091e-07,-0.0016264993
1.26191e-07,-0.0016243451
1.26291e-07,-0.0016286535
1.26391e-07,-0.0016430147
1.26491e-07,-0.0016645565
1.26591e-07,-0.0016875345
1.26691e-07,-0.0017047679
1.26791e-07,-0.0017119485
1.26891e-07,-0.0017076402
1.26991e-07,-0.0016961512
1.27091e-07,-0.0016839442
1.27191e-07,-0.0016774816
1.27291e-07,-0.0016803539
1.27391e-07,-0.0016925609
1.27491e-07,-0.0017083582
1.27591e-07,-0.0017234375
1.27691e-07,-0.0017320542
1.27791e-07,-0.0017334903
1.27891e-07,-0.0017299
1.27991e-07,-0.0017234375
1.28091e-07,-0.0017191291
1.28191e-07,-0.0017184111
1.28291e-07,-0.0017205653
1.28391e-07,-0.0017234375
1.28491e-07,-0.0017255917
1.28591e-07,-0.0017270278
1.28691e-07,-0.001729182
1.28791e-07,-0.0017349265
1.28891e-07,-0.0017456974
1.28991e-07,-0.0017614947
1.29091e-07,-0.0017787282
1.29191e-07,-0.0017923713
1.29291e-07,-0.0017973977
1.29391e-07,-0.0017923713
1.29491e-07,-0.001777292
1.29591e-07,-0.0017579044
1.29691e-07,-0.0017392348
1.29791e-07,-0.0017277459
1.29891e-07,-0.0017263097
1.29991e-07,-0.0017349265
1.30091e-07,-0.0017507238
1.30191e-07,-0.0017693934
1.30291e-07,-0.001788063
1.30391e-07,-0.0018038603
1.30491e-07,-0.0018160673
1.30591e-07,-0.001823966
1.30691e-07,-0.0018275563
1.30791e-07,-0.0018268382
1.30891e-07,-0.0018210938
1.30991e-07,-0.0018103228
1.31091e-07,-0.0017952436
1.31191e-07,-0.0017808824
1.31291e-07,-0.0017708295
1.31391e-07,-0.0017693934
1.31491e-07,-0.0017801643
1.31591e-07,-0.0018038603
1.31691e-07,-0.0018368911
1.31791e-07,-0.0018735122
1.31891e-07,-0.001906543
1.31991e-07,-0.001930239
1.32091e-07,-0.0019395738
1.32191e-07,-0.0019345473
1.32291e-07,-0.0019180319
1.32391e-07,-0.0018957721
1.32491e-07,-0.0018735122
1.32591e-07,-0.0018569968
1.32691e-07,-0.0018483801
1.32791e-07,-0.0018498162
1.32891e-07,-0.001859151
1.32991e-07,-0.0018749483
1.33091e-07,-0.001895054
1.33191e-07,-0.00191875
1.33291e-07,-0.0019438821
1.33391e-07,-0.0019682962
1.33491e-07,-0.0019884019
1.33591e-07,-0.0019991728
1.33691e-07,-0.0019977367
1.33791e-07,-0.0019812213
1.33891e-07,-0.0019532169
1.33991e-07,-0.00191875
1.34091e-07,-0.0018871553
1.34191e-07,-0.0018677677
1.34291e-07,-0.0018663316
1.34391e-07,-0.0018842831
1.34491e-07,-0.0019173139
1.34591e-07,-0.0019568072
1.34691e-07,-0.0019941464
1.34791e-07,-0.0020221507
1.34891e-07,-0.0020386661
1.34991e-07,-0.0020436926
1.35091e-07,-0.0020408203
1.35191e-07,-0.0020336397
1.35291e-07,-0.002025023
1.35391e-07,-0.0020156882
1.35491e-07,-0.0020070715
1.35591e-07,-0.0019991728
1.35691e-07,-0.0019948644
1.35791e-07,-0.0019970186
1.35891e-07,-0.0020063534
1.35991e-07,-0.0020221507
1.36091e-07,-0.0020401023
1.36191e-07,-0.0020544635
1.36291e-07,-0.002060926
1.36391e-07,-0.0020566176
1.36491e-07,-0.0020444106
1.36591e-07,-0.0020293313
1.36691e-07,-0.0020171243
1.36791e-07,-0.0020106618
1.36891e-07,-0.0020106618
1.36991e-07,-0.0020128159
1.37091e-07,-0.0020142521
1.37191e-07,-0.0020106618
1.37291e-07,-0.0020041992
1.37391e-07,-0.0019984547
1.37491e-07,-0.0019998909
1.37591e-07,-0.0020106618
1.37691e-07,-0.0020300494
1.37791e-07,-0.0020530273
1.37891e-07,-0.0020709789
1.37991e-07,-0.0020795956
1.38091e-07,-0.0020767233
1.38191e-07,-0.0020652344
1.38291e-07,-0.0020530273
1.38391e-07,-0.0020451287
1.38491e-07,-0.0020451287
1.38591e-07,-0.0020523093
1.38691e-07,-0.002060926
1.38791e-07,-0.0020681066
1.38891e-07,-0.0020716969
1.38991e-07,-0.002073133
1.39091e-07,-0.0020788775
1.39191e-07,-0.0020910846
1.39291e-07,-0.0021119083
1.39391e-07,-0.0021363224
1.39491e-07,-0.0021585823
1.39591e-07,-0.0021715074
1.39691e-07,-0.0021715074
1.39791e-07,-0.0021614545
1.39891e-07,-0.0021470933
1.39991e-07,-0.0021370404
1.40091e-07,-0.0021363224
1.40191e-07,-0.0021463752
1.40291e-07,-0.0021643267
1.40391e-07,-0.0021829963
1.40491e-07,-0.0021973575
1.40591e-07,-0.0022052562
1.40691e-07,-0.0022074104
1.40791e-07,-0.0022059743
1.40891e-07,-0.0022052562
1.40991e-07,-0.0022074104
1.41091e-07,-0.0022117188
1.41191e-07,-0.0022174632
1.41291e-07,-0.0022239258
1.41391e-07,-0.0022318244
1.41491e-07,-0.0022404412
1.41591e-07,-0.0022519301
1.41691e-07,-0.0022641372
1.41791e-07,-0.002273472
1.41891e-07,-0.0022784984
1.41991e-07,-0.0022749081
1.42091e-07,-0.0022648552
1.42191e-07,-0.0022526482
1.42291e-07,-0.0022425954
1.42391e-07,-0.0022404412
1.42491e-07,-0.0022461857
1.42591e-07,-0.0022569566
1.42691e-07,-0.0022684455
1.42791e-07,-0.0022749081
1.42891e-07,-0.0022756261
1.42991e-07,-0.0022720358
1.43091e-07,-0.0022705997
1.43191e-07,-0.0022749081
1.43291e-07,-0.0022863971
1.43391e-07,-0.0023000402
1.43491e-07,-0.0023108111
1.43591e-07,-0.002309375
1.43691e-07,-0.0022942957
1.43791e-07,-0.0022691636
1.43891e-07,-0.0022433134
1.43991e-07,-0.0022289522
1.44091e-07,-0.0022354148
1.44191e-07,-0.0022655733
1.44291e-07,-0.0023129653
1.44391e-07,-0.0023668199
1.44491e-07,-0.0024134938
1.44591e-07,-0.0024436523
1.44691e-07,-0.0024537052
1.44791e-07,-0.0024472426
1.44891e-07,-0.0024321634
1.44991e-07,-0.0024185202
1.45091e-07,-0.0024113396
1.45191e-07,-0.0024127757
1.45291e-07,-0.0024213925
1.45391e-07,-0.0024343176
1.45491e-07,-0.0024465246
1.45591e-07,-0.0024587316
1.45691e-07,-0.0024716567
1.45791e-07,-0.0024881721
1.45891e-07,-0.002510432
1.45991e-07,-0.0025391544
1.46091e-07,-0.0025714671
1.46191e-07,-0.0026023437
1.46291e-07,-0.0026274759
1.46391e-07,-0.0026425551
1.46491e-07,-0.0026461455
1.46591e-07,-0.002640401
1.46691e-07,-0.0026296301
1.46791e-07,-0.0026195772
1.46891e-07,-0.002616705
1.46991e-07,-0.0026238856
1.47091e-07,-0.002641119
1.47191e-07,-0.0026655331
1.47291e-07,-0.0026921013
1.47391e-07,-0.0027157973
1.47491e-07,-0.0027337489
1.47591e-07,-0.0027459559
1.47691e-07,-0.0027545726
1.47791e-07,-0.0027624713
1.47891e-07,-0.002771088
1.47991e-07,-0.0027804228
1.48091e-07,-0.0027876034
1.48191e-07,-0.0027890395
1.48291e-07,-0.0027861673
1.48391e-07,-0.0027804228
1.48491e-07,-0.0027775506
1.48591e-07,-0.002782577
1.48691e-07,-0.0027998104
1.48791e-07,-0.0028263787
1.48891e-07,-0.0028572553
1.48991e-07,-0.0028831055
1.49091e-07,-0.0028967486
1.49191e-07,-0.0028953125
1.49291e-07,-0.0028823874
1.49391e-07,-0.002865872
1.49491e-07,-0.0028529469
1.49591e-07,-0.0028493566
1.49691e-07,-0.002853665
1.49791e-07,-0.0028608456
1.49891e-07,-0.0028644359
1.49991e-07,-0.0028608456
1.50091e-07,-0.0028507927
1.50191e-07,-0.0028393038
1.50291e-07,-0.0028335593
1.50391e-07,-0.0028378676
1.50491e-07,-0.0028515108
1.50591e-07,-0.0028687443
1.50691e-07,-0.0028816693
1.50791e-07,-0.0028838235
1.50891e-07,-0.0028752068
1.50991e-07,-0.0028615636
1.51091e-07,-0.0028507927
1.51191e-07,-0.0028493566
1.51291e-07,-0.0028601275
1.51391e-07,-0.002878079
1.51491e-07,-0.0028960306
1.51591e-07,-0.0029068015
1.51691e-07,-0.0029060834
1.51791e-07,-0.0028967486
1.51891e-07,-0.0028838235
1.51991e-07,-0.0028723346
1.52091e-07,-0.002865154
1.52191e-07,-0.0028594095
1.52291e-07,-0.0028515108
1.52391e-07,-0.0028378676
1.52491e-07,-0.0028177619
1.52591e-07,-0.0027976563
1.52691e-07,-0.002782577
1.52791e-07,-0.0027804228
1.52891e-07,-0.0027911937
1.52991e-07,-0.0028098633
1.53091e-07,-0.0028278148
1.53191e-07,-0.0028378676
1.53291e-07,-0.0028357135
1.53391e-07,-0.0028235064
1.53491e-07,-0.002806273
1.53591e-07,-0.0027919118
1.53691e-07,-0.002782577
1.53791e-07,-0.0027782686
1.53891e-07,-0.0027746783
1.53991e-07,-0.0027689338
1.54091e-07,-0.0027610352
1.54191e-07,-0.0027545726
1.54291e-07,-0.0027560087
1.54391e-07,-0.0027689338
1.54491e-07,-0.0027919118
1.54591e-07,-0.0028170439
1.54691e-07,-0.0028357135
1.54791e-07,-0.0028378676
1.54891e-07,-0.0028227884
1.54991e-07,-0.0027955021
1.55091e-07,-0.0027660616
1.55191e-07,-0.0027459559
1.55291e-07,-0.0027394933
1.55391e-07,-0.0027459559
1.55491e-07,-0.002758881
1.55591e-07,-0.0027689338
1.55691e-07,-0.0027718061
1.55791e-07,-0.0027682158
1.55891e-07,-0.0027617532
1.55991e-07,-0.0027574449
1.56091e-07,-0.0027574449
1.56191e-07,-0.002759599
1.56291e-07,-0.0027574449
1.56391e-07,-0.0027459559
1.56491e-07,-0.0027251321
1.56591e-07,-0.0026992819
1.56691e-07,-0.002676304
1.56791e-07,-0.0026655331
1.56891e-07,-0.0026691234
1.56991e-07,-0.0026856388
1.57091e-07,-0.0027057445
1.57191e-07,-0.0027229779
1.57291e-07,-0.0027323127
1.57391e-07,-0.0027344669
1.57491e-07,-0.0027337489
1.57591e-07,-0.0027344669
1.57691e-07,-0.0027380572
1.57791e-07,-0.0027409295
1.57891e-07,-0.0027373392
1.57991e-07,-0.0027229779
1.58091e-07,-0.0027
1.58191e-07,-0.0026755859
1.58291e-07,-0.0026612247
1.58391e-07,-0.0026655331
1.58491e-07,-0.0026913833
1.58591e-07,-0.0027323127
1.58691e-07,-0.0027739602
1.58791e-07,-0.0028034007
1.58891e-07,-0.0028105813
1.58991e-07,-0.0027962201
1.59091e-07,-0.0027667796
1.59191e-07,-0.0027344669
1.59291e-07,-0.0027100528
1.59391e-07,-0.0026971278
1.59491e-07,-0.0026956916
1.59591e-07,-0.0027
1.59691e-07,-0.0027057445
1.59791e-07,-0.002712207
1.59891e-07,-0.0027208238
1.59991e-07,-0.0027344669
1.60091e-07,-0.0027538545
1.60191e-07,-0.0027768325
1.60291e-07,-0.0027955021
1.60391e-07,-0.0028034007
1.60491e-07,-0.0027976563
1.60591e-07,-0.0027797047
1.60691e-07,-0.0027560087
1.60791e-07,-0.0027344669
1.60891e-07,-0.0027222599
1.60991e-07,-0.0027201057
1.61091e-07,-0.0027258502
1.61191e-07,-0.0027344669
1.61291e-07,-0.0027430836
1.61391e-07,-0.0027502642
1.61491e-07,-0.0027581629
1.61591e-07,-0.0027689338
1.61691e-07,-0.002783295
1.61791e-07,-0.0027969382
1.61891e-07,-0.0028055549
1.61991e-07,-0.0028034007
1.62091e-07,-0.0027904756
1.62191e-07,-0.002771088
1.62291e-07,-0.0027538545
1.62391e-07,-0.0027459559
1.62491e-07,-0.0027531365
1.62591e-07,-0.0027753964
1.62691e-07,-0.002806273
1.62791e-07,-0.0028378676
1.62891e-07,-0.0028644359
1.62991e-07,-0.0028838235
1.63091e-07,-0.0028967486
1.63191e-07,-0.0029068015
1.63291e-07,-0.0029168543
1.63391e-07,-0.0029269072
1.63491e-07,-0.002936242
1.63591e-07,-0.0029412684
1.63691e-07,-0.0029419864
1.63791e-07,-0.0029419864
1.63891e-07,-0.0029434226
1.63991e-07,-0.0029527574
1.64091e-07,-0.0029699908
1.64191e-07,-0.0029944049
1.64291e-07,-0.0030209731
1.64391e-07,-0.0030446691
1.64491e-07,-0.0030626206
1.64591e-07,-0.0030748277
1.64691e-07,-0.0030834444
1.64791e-07,-0.003090625
1.64891e-07,-0.0030978056
1.64991e-07,-0.0031035501
1.65091e-07,-0.0031049862
1.65191e-07,-0.003102114
1.65291e-07,-0.0030963695
1.65391e-07,-0.0030927792
1.65491e-07,-0.0030970875
1.65591e-07,-0.0031136029
1.65691e-07,-0.0031416073
1.65791e-07,-0.0031746381
1.65891e-07,-0.0032062328
1.65991e-07,-0.0032284926
1.66091e-07,-0.0032385455
1.66191e-07,-0.0032385455
1.66291e-07,-0.0032335191
1.66391e-07,-0.0032284926
1.66491e-07,-0.0032277746
1.66591e-07,-0.0032299288
1.66691e-07,-0.0032349552
1.66791e-07,-0.0032399816
1.66891e-07,-0.0032464442
1.66991e-07,-0.0032586512
1.67091e-07,-0.0032787569
1.67191e-07,-0.0033089154
1.67291e-07,-0.0033448185
1.67391e-07,-0.0033800034
1.67491e-07,-0.0034036994
1.67591e-07,-0.0034123162
1.67691e-07,-0.0034051356
1.67791e-07,-0.0033893382
1.67891e-07,-0.0033735409
1.67991e-07,-0.0033663603
1.68091e-07,-0.0033706687
1.68191e-07,-0.0033843118
1.68291e-07,-0.0034001091
1.68391e-07,-0.0034123162
1.68491e-07,-0.0034202148
1.68591e-07,-0.0034273955
1.68691e-07,-0.0034381664
1.68791e-07,-0.0034582721
1.68891e-07,-0.0034848403
1.68991e-07,-0.0035114085
1.69091e-07,-0.0035279239
1.69191e-07,-0.0035272059
1.69291e-07,-0.0035099724
1.69391e-07,-0.0034841222
1.69491e-07,-0.0034625804
1.69591e-07,-0.0034582721
1.69691e-07,-0.0034762236
1.69791e-07,-0.0035121266
1.69891e-07,-0.0035566464
1.69991e-07,-0.0035961397
1.70091e-07,-0.0036212718
1.70191e-07,-0.0036298886
1.70291e-07,-0.0036262983
1.70391e-07,-0.0036191176
1.70491e-07,-0.0036133732
1.70591e-07,-0.003611937
1.70691e-07,-0.003611219
1.70791e-07,-0.0036076287
1.70891e-07,-0.0035990119
1.70991e-07,-0.003587523
1.71091e-07,-0.0035803424
1.71191e-07,-0.0035846507
1.71291e-07,-0.0036033203
1.71391e-07,-0.0036341969
1.71491e-07,-0.0036693819
1.71591e-07,-0.0036995404
1.71691e-07,-0.003717492
1.71791e-07,-0.0037210823
1.71891e-07,-0.0037131836
1.71991e-07,-0.0036995404
1.72091e-07,-0.0036851792
1.72191e-07,-0.0036715361
1.72291e-07,-0.0036578929
1.72391e-07,-0.0036420956
1.72491e-07,-0.003623426
1.72591e-07,-0.0036040384
1.72691e-07,-0.0035896772
1.72791e-07,-0.0035846507
1.72891e-07,-0.0035903952
1.72991e-07,-0.0036033203
1.73091e-07,-0.0036155273
1.73191e-07,-0.0036191176
1.73291e-07,-0.0036090648
1.73391e-07,-0.0035860869
1.73491e-07,-0.0035559283
1.73591e-07,-0.0035272059
1.73691e-07,-0.0035071002
1.73791e-07,-0.0034977654
1.73891e-07,-0.0034984835
1.73991e-07,-0.0035042279
1.74091e-07,-0.0035099724
1.74191e-07,-0.0035135627
1.74291e-07,-0.0035149989
1.74391e-07,-0.0035157169
1.74491e-07,-0.003516435
1.74591e-07,-0.003517153
1.74691e-07,-0.0035135627
1.74791e-07,-0.0035042279
1.74891e-07,-0.0034877125
1.74991e-07,-0.0034676068
1.75091e-07,-0.0034475011
1.75191e-07,-0.0034352941
1.75291e-07,-0.0034331399
1.75391e-07,-0.0034410386
1.75491e-07,-0.0034553998
1.75591e-07,-0.003469761
1.75691e-07,-0.0034798139
1.75791e-07,-0.0034834042
1.75891e-07,-0.0034826861
1.75991e-07,-0.00348125
1.76091e-07,-0.0034819681
1.76191e-07,-0.0034869945
1.76291e-07,-0.0034948932
1.76391e-07,-0.0035042279
1.76491e-07,-0.0035135627
1.76591e-07,-0.0035214614
1.76691e-07,-0.0035293601
1.76791e-07,-0.0035386949
1.76891e-07,-0.0035480296
1.76991e-07,-0.0035566464
1.77091e-07,-0.0035616728
1.77191e-07,-0.0035616728
1.77291e-07,-0.0035559283
1.77391e-07,-0.0035480296
1.77491e-07,-0.003540849
1.77591e-07,-0.0035386949
1.77691e-07,-0.0035415671
1.77791e-07,-0.0035487477
1.77891e-07,-0.0035566464
1.77991e-07,-0.0035616728
1.78091e-07,-0.0035631089
1.78191e-07,-0.0035609547
1.78291e-07,-0.0035602367
1.78391e-07,-0.0035616728
1.78491e-07,-0.0035674173
1.78591e-07,-0.0035753159
1.78691e-07,-0.0035817785
1.78791e-07,-0.0035846507
1.78891e-07,-0.0035824966
1.78991e-07,-0.003576034
1.79091e-07,-0.0035681353
1.79191e-07,-0.0035616728
1.79291e-07,-0.0035580825
1.79391e-07,-0.0035559283
1.79491e-07,-0.0035537741
1.79591e-07,-0.0035501838
1.79691e-07,-0.0035465935
1.79791e-07,-0.0035465935
1.79891e-07,-0.0035509019
1.79991e-07,-0.0035616728
1.80091e-07,-0.0035753159
1.80191e-07,-0.0035853688
1.80291e-07,-0.0035860869
1.80391e-07,-0.0035731618
1.80491e-07,-0.0035473116
1.80591e-07,-0.0035149989
1.80691e-07,-0.0034862764
1.80791e-07,-0.003469761
1.80891e-07,-0.003469761
1.80991e-07,-0.0034855584
1.81091e-07,-0.0035114085
1.81191e-07,-0.0035386949
1.81291e-07,-0.0035609547
1.81391e-07,-0.0035738798
1.81491e-07,-0.0035774701
1.81591e-07,-0.0035731618
1.81691e-07,-0.0035631089
1.81791e-07,-0.0035487477
1.81891e-07,-0.003528642
1.81991e-07,-0.0035042279
1.82091e-07,-0.0034783778
1.82191e-07,-0.0034568359
1.82291e-07,-0.0034446289
1.82391e-07,-0.0034467831
1.82491e-07,-0.0034640165
1.82591e-07,-0.003493457
1.82691e-07,-0.003528642
1.82791e-07,-0.0035616728
1.82891e-07,-0.003588241
1.82991e-07,-0.0036061926
1.83091e-07,-0.0036162454
1.83191e-07,-0.0036191176
1.83291e-07,-0.0036162454
1.83391e-07,-0.0036076287
1.83491e-07,-0.0035925494
1.83591e-07,-0.0035731618
1.83691e-07,-0.0035530561
1.83791e-07,-0.0035386949
1.83891e-07,-0.0035365407
1.83991e-07,-0.0035501838
1.84091e-07,-0.0035781882
1.84191e-07,-0.0036126551
1.84291e-07,-0.0036442498
1.84391e-07,-0.0036650735
1.84491e-07,-0.0036715361
1.84591e-07,-0.0036657916
1.84691e-07,-0.0036571749
1.84791e-07,-0.0036535846
1.84891e-07,-0.003659329
1.84991e-07,-0.0036736903
1.85091e-07,-0.0036894876
1.85191e-07,-0.0036995404
1.85291e-07,-0.0036981043
1.85391e-07,-0.0036851792
1.85491e-07,-0.0036672277
1.85591e-07,-0.0036535846
1.85691e-07,-0.0036521484
1.85791e-07,-0.0036657916
1.85891e-07,-0.0036923598
1.85991e-07,-0.0037225184
1.86091e-07,-0.0037483686
1.86191e-07,-0.0037627298
1.86291e-07,-0.0037641659
1.86391e-07,-0.0037569853
1.86491e-07,-0.0037469324
1.86591e-07,-0.003741906
1.86691e-07,-0.0037447783
1.86791e-07,-0.0037569853
1.86891e-07,-0.0037756549
1.86991e-07,-0.0037957606
1.87091e-07,-0.0038137121
1.87191e-07,-0.0038259191
1.87291e-07,-0.0038309455
1.87391e-07,-0.0038302275
1.87491e-07,-0.0038237649
1.87591e-07,-0.0038144301
1.87691e-07,-0.0038058134
1.87791e-07,-0.0037993509
1.87891e-07,-0.0037986328
1.87991e-07,-0.0038029412
1.88091e-07,-0.0038115579
1.88191e-07,-0.0038237649
1.88291e-07,-0.00383669
1.88391e-07,-0.0038488971
1.88491e-07,-0.003860386
1.88591e-07,-0.0038704389
1.88691e-07,-0.0038783375
1.88791e-07,-0.003883364
1.88891e-07,-0.0038826459
1.88991e-07,-0.0038747472
1.89091e-07,-0.0038582318
1.89191e-07,-0.0038374081
1.89291e-07,-0.0038173024
1.89391e-07,-0.0038036592
1.89491e-07,-0.0038029412
1.89591e-07,-0.0038144301
1.89691e-07,-0.0038352539
1.89791e-07,-0.0038560777
1.89891e-07,-0.0038704389
1.89991e-07,-0.003871875
1.90091e-07,-0.003860386
1.90191e-07,-0.0038402803
1.90291e-07,-0.0038187385
1.90391e-07,-0.0038029412
1.90491e-07,-0.0037950425
1.90591e-07,-0.0037928883
1.90691e-07,-0.0037928883
1.90791e-07,-0.0037914522
1.90891e-07,-0.0037857077
1.90991e-07,-0.0037778091
1.91091e-07,-0.0037713465
1.91191e-07,-0.0037684743
1.91291e-07,-0.0037706284
1.91391e-07,-0.0037742188
1.91491e-07,-0.0037749368
1.91591e-07,-0.0037684743
1.91691e-07,-0.0037541131
1.91791e-07,-0.0037354435
1.91891e-07,-0.0037153378
1.91991e-07,-0.0036995404
1.92091e-07,-0.0036902057
1.92191e-07,-0.0036873334
1.92291e-07,-0.0036873334
1.92391e-07,-0.0036880515
1.92491e-07,-0.0036887695
1.92591e-07,-0.0036923598
1.92691e-07,-0.0036988224
1.92791e-07,-0.0037110294
1.92891e-07,-0.0037253906
1.92991e-07,-0.0037361615
1.93091e-07,-0.0037361615
1.93191e-07,-0.0037225184
1.93291e-07,-0.0036952321
1.93391e-07,-0.0036607652
1.93491e-07,-0.0036284524
1.93591e-07,-0.0036076287
1.93691e-07,-0.0036033203
1.93791e-07,-0.0036148093
1.93891e-07,-0.0036377872
1.93991e-07,-0.0036650735
1.94091e-07,-0.0036909237
1.94191e-07,-0.0037131836
1.94291e-07,-0.0037311351
1.94391e-07,-0.0037454963
1.94491e-07,-0.0037548311
1.94591e-07,-0.0037577034
1.94691e-07,-0.0037505227
1.94791e-07,-0.0037340074
1.94891e-07,-0.0037117475
1.94991e-07,-0.0036909237
1.95091e-07,-0.0036808709
1.95191e-07,-0.0036880515
1.95291e-07,-0.0037124655
1.95391e-07,-0.0037483686
1.95491e-07,-0.0037857077
1.95591e-07,-0.0038144301
1.95691e-07,-0.0038280733
1.95791e-07,-0.0038273552
1.95891e-07,-0.0038158663
1.95991e-07,-0.0038029412
1.96091e-07,-0.0037936064
1.96191e-07,-0.003789298
1.96291e-07,-0.0037900161
1.96391e-07,-0.0037914522
1.96491e-07,-0.0037921703
1.96591e-07,-0.0037921703
1.96691e-07,-0.0037943244
1.96791e-07,-0.0038029412
1.96891e-07,-0.0038173024
1.96991e-07,-0.003835972
1.97091e-07,-0.0038517693
1.97191e-07,-0.003860386
1.97291e-07,-0.0038582318
1.97391e-07,-0.0038467429
1.97491e-07,-0.0038302275
1.97591e-07,-0.0038144301
1.97691e-07,-0.0038029412
1.97791e-07,-0.0037964786
1.97891e-07,-0.0037936064
1.97991e-07,-0.0037914522
1.98091e-07,-0.003789298
1.98191e-07,-0.00378858
1.98291e-07,-0.0037921703
1.98391e-07,-0.0038029412
1.98491e-07,-0.0038187385
1.98591e-07,-0.0038345358
1.98691e-07,-0.0038431526
1.98791e-07,-0.0038374081
1.98891e-07,-0.0038151482
1.98991e-07,-0.0037806813
1.99091e-07,-0.0037426241
1.99191e-07,-0.0037110294
1.99291e-07,-0.003694514
1.99391e-07,-0.0036959501
1.99491e-07,-0.0037117475
1.99591e-07,-0.0037340074
1.99691e-07,-0.0037555492
1.99791e-07,-0.0037706284
1.99891e-07,-0.0037785271
1.99991e-07,-0.0037799632
2.00091e-07,-0.0037785271
2.00191e-07,-0.0037756549
2.00291e-07,-0.0037720646
2.00391e-07,-0.0037684743
2.00491e-07,-0.0037641659
2.00591e-07,-0.0037591395
2.00691e-07,-0.0037562672
2.00791e-07,-0.0037569853
2.00891e-07,-0.0037620117
2.00991e-07,-0.0037699104
2.01091e-07,-0.0037806813
2.01191e-07,-0.0037914522
2.01291e-07,-0.0038015051
2.01391e-07,-0.0038108398
2.01491e-07,-0.0038194566
2.01591e-07,-0.0038259191
2.01691e-07,-0.0038287914
2.01791e-07,-0.0038266372
2.01891e-07,-0.0038173024
2.01991e-07,-0.0038029412
2.02091e-07,-0.00378858
2.02191e-07,-0.0037799632
2.02291e-07,-0.0037842716
2.02391e-07,-0.0038029412
2.02491e-07,-0.0038323817
2.02591e-07,-0.0038654125
2.02691e-07,-0.0038926988
2.02791e-07,-0.0039063419
2.02891e-07,-0.0039041877
2.02991e-07,-0.0038898265
2.03091e-07,-0.0038690028
2.03191e-07,-0.0038488971
2.03291e-07,-0.0038338178
2.03391e-07,-0.0038237649
2.03491e-07,-0.0038180205
2.03591e-07,-0.0038144301
2.03691e-07,-0.003812994
2.03791e-07,-0.0038151482
2.03891e-07,-0.0038237649
2.03991e-07,-0.0038374081
2.04091e-07,-0.0038532054
2.04191e-07,-0.0038661305
2.04291e-07,-0.0038690028
2.04391e-07,-0.003860386
2.04491e-07,-0.0038431526
2.04591e-07,-0.0038237649
2.04691e-07,-0.003812276
2.04791e-07,-0.0038144301
2.04891e-07,-0.0038295094
2.04991e-07,-0.0038517693
2.05091e-07,-0.0038725931
2.05191e-07,-0.003883364
2.05291e-07,-0.003883364
2.05391e-07,-0.0038761834
2.05491e-07,-0.0038697208
2.05591e-07,-0.003871875
2.05691e-07,-0.003884082
2.05791e-07,-0.0039034697
2.05891e-07,-0.0039207031
2.05991e-07,-0.0039293199
2.06091e-07,-0.0039271657
2.06191e-07,-0.0039185489
2.06291e-07,-0.0039120864
2.06391e-07,-0.0039178309
2.06491e-07,-0.0039386546
2.06591e-07,-0.0039716854
2.06691e-07,-0.0040068704
2.06791e-07,-0.0040327206
2.06891e-07,-0.0040406193
2.06991e-07,-0.0040312845
2.07091e-07,-0.0040097426
2.07191e-07,-0.0039867647
2.07291e-07,-0.0039716854
2.07391e-07,-0.0039688132
2.07491e-07,-0.0039759938
2.07591e-07,-0.0039867647
2.07691e-07,-0.0039953814
2.07791e-07,-0.0039982537
2.07891e-07,-0.0039982537
2.07991e-07,-0.0039982537
2.08091e-07,-0.0040032801
2.08191e-07,-0.004013333
2.08291e-07,-0.0040248219
2.08391e-07,-0.0040327206
2.08491e-07,-0.0040305664
2.08591e-07,-0.0040162052
2.08691e-07,-0.0039917911
2.08791e-07,-0.0039637868
2.08891e-07,-0.0039386546
2.08991e-07,-0.0039221392
2.09091e-07,-0.0039156767
2.09191e-07,-0.0039178309
2.09291e-07,-0.0039257295
2.09391e-07,-0.0039357824
2.09491e-07,-0.0039451172
2.09591e-07,-0.0039522978
2.09691e-07,-0.0039558881
2.09791e-07,-0.00395517
2.09891e-07,-0.0039501436
2.09991e-07,-0.0039408088
2.10091e-07,-0.0039286018
2.10191e-07,-0.0039149586
2.10291e-07,-0.0039034697
2.10391e-07,-0.0038948529
2.10491e-07,-0.0038905446
2.10591e-07,-0.0038876723
2.10691e-07,-0.0038862362
2.10791e-07,-0.003883364
2.10891e-07,-0.0038812098
2.10991e-07,-0.0038804917
2.11091e-07,-0.0038855182
2.11191e-07,-0.0038948529
2.11291e-07,-0.003907778
2.11391e-07,-0.0039207031
2.11491e-07,-0.0039286018
2.11591e-07,-0.0039293199
2.11691e-07,-0.0039242934
2.11791e-07,-0.0039171128
2.11891e-07,-0.0039135225
2.11991e-07,-0.0039178309
2.12091e-07,-0.0039300379
2.12191e-07,-0.0039487075
2.12291e-07,-0.0039688132
2.12391e-07,-0.0039867647
2.12491e-07,-0.004001844
2.12591e-07,-0.0040154871
2.12691e-07,-0.0040291303
2.12791e-07,-0.0040442096
2.12891e-07,-0.0040585708
2.12991e-07,-0.0040671875
2.13091e-07,-0.0040664694
2.13191e-07,-0.0040556985
2.13291e-07,-0.004037747
2.13391e-07,-0.0040205136
2.13491e-07,-0.004013333
2.13591e-07,-0.0040212316
2.13691e-07,-0.0040456457
2.13791e-07,-0.0040808307
2.13891e-07,-0.0041174517
2.13991e-07,-0.0041476103
2.14091e-07,-0.0041655618
2.14191e-07,-0.0041705882
2.14291e-07,-0.0041669979
2.14391e-07,-0.0041590993
2.14491e-07,-0.0041490464
2.14591e-07,-0.0041382755
2.14691e-07,-0.0041260685
2.14791e-07,-0.0041131434
2.14891e-07,-0.0041030905
2.14991e-07,-0.0041016544
2.15091e-07,-0.0041124253
2.15191e-07,-0.0041361213
2.15291e-07,-0.0041669979
2.15391e-07,-0.0041964384
2.15491e-07,-0.004215108
2.15591e-07,-0.0042165441
2.15691e-07,-0.004203619
2.15791e-07,-0.0041856675
2.15891e-07,-0.0041713063
2.15991e-07,-0.0041705882
2.16091e-07,-0.0041827953
2.16191e-07,-0.004202901
2.16291e-07,-0.0042208525
2.16391e-07,-0.0042280331
2.16491e-07,-0.0042237247
2.16591e-07,-0.0042143899
2.16691e-07,-0.0042093635
2.16791e-07,-0.0042165441
2.16891e-07,-0.0042380859
2.16991e-07,-0.0042675264
2.17091e-07,-0.0042940947
2.17191e-07,-0.0043084559
2.17291e-07,-0.0043070198
2.17391e-07,-0.0042955308
2.17491e-07,-0.0042847599
2.17591e-07,-0.0042854779
2.17691e-07,-0.0043041475
2.17791e-07,-0.0043386144
2.17891e-07,-0.0043781078
2.17991e-07,-0.0044118566
2.18091e-07,-0.0044312443
2.18191e-07,-0.0044355526
2.18291e-07,-0.0044298081
2.18391e-07,-0.0044233456
2.18491e-07,-0.0044219095
2.18591e-07,-0.004427654
2.18691e-07,-0.0044377068
2.18791e-07,-0.0044463235
2.18891e-07,-0.0044506319
2.18991e-07,-0.0044506319
2.19091e-07,-0.00445135
2.19191e-07,-0.0044578125
2.19291e-07,-0.0044714557
2.19391e-07,-0.0044908433
2.19491e-07,-0.004510949
2.19591e-07,-0.0045267463
2.19691e-07,-0.0045360811
2.19791e-07,-0.0045411075
2.19891e-07,-0.0045446978
2.19991e-07,-0.0045497243
2.20091e-07,-0.0045561868
2.20191e-07,-0.0045612132
2.20291e-07,-0.0045590591
2.20391e-07,-0.0045497243
2.20491e-07,-0.0045360811
2.20591e-07,-0.0045260283
2.20691e-07,-0.0045289005
2.20791e-07,-0.0045497243
2.20891e-07,-0.0045849092
2.20991e-07,-0.0046251206
2.21091e-07,-0.0046545611
2.21191e-07,-0.004664614
2.21291e-07,-0.0046516889
2.21391e-07,-0.0046215303
2.21491e-07,-0.0045877815
2.21591e-07,-0.0045612132
2.21691e-07,-0.0045490062
2.21791e-07,-0.0045490062
2.21891e-07,-0.0045554687
2.21991e-07,-0.0045612132
2.22091e-07,-0.0045633674
2.22191e-07,-0.0045640855
2.22291e-07,-0.00456983
2.22391e-07,-0.0045841912
2.22491e-07,-0.004605733
2.22591e-07,-0.0046265568
2.22691e-07,-0.0046373277
2.22791e-07,-0.0046301471
2.22891e-07,-0.0046071691
2.22991e-07,-0.0045777286
2.23091e-07,-0.0045547507
2.23191e-07,-0.0045497243
2.23291e-07,-0.0045648035
2.23391e-07,-0.004593526
2.23491e-07,-0.0046229665
2.23591e-07,-0.004641636
2.23691e-07,-0.0046452263
2.23791e-07,-0.0046394818
2.23891e-07,-0.0046344554
2.23991e-07,-0.004641636
2.24091e-07,-0.0046631778
2.24191e-07,-0.0046940545
2.24291e-07,-0.0047213408
2.24391e-07,-0.0047335478
2.24491e-07,-0.0047263672
2.24591e-07,-0.0047041073
2.24691e-07,-0.0046789752
2.24791e-07,-0.004664614
2.24891e-07,-0.0046682043
2.24991e-07,-0.0046868739
2.25091e-07,-0.004712724
2.25191e-07,-0.0047335478
2.25291e-07,-0.0047421645
2.25391e-07,-0.0047392923
2.25491e-07,-0.0047299575
2.25591e-07,-0.0047220588
2.25691e-07,-0.0047191866
2.25791e-07,-0.0047206227
2.25891e-07,-0.0047191866
2.25991e-07,-0.0047105699
2.26091e-07,-0.0046940545
2.26191e-07,-0.0046761029
2.26291e-07,-0.0046638959
2.26391e-07,-0.004664614
2.26491e-07,-0.0046775391
2.26591e-07,-0.0046969267
2.26691e-07,-0.0047105699
2.26791e-07,-0.0047105699
2.26891e-07,-0.0046969267
2.26991e-07,-0.0046753849
2.27091e-07,-0.0046581514
2.27191e-07,-0.004653125
2.27291e-07,-0.0046617417
2.27391e-07,-0.0046775391
2.27491e-07,-0.004689028
2.27591e-07,-0.0046875919
2.27691e-07,-0.0046725126
2.27791e-07,-0.0046524069
2.27891e-07,-0.0046394818
2.27991e-07,-0.004641636
2.28091e-07,-0.0046588695
2.28191e-07,-0.0046804113
2.28291e-07,-0.0046897461
2.28391e-07,-0.0046761029
2.28491e-07,-0.0046387638
2.28591e-07,-0.0045884995
2.28691e-07,-0.0045454159
2.28791e-07,-0.0045267463
2.28891e-07,-0.0045382353
2.28991e-07,-0.0045712661
2.29091e-07,-0.0046086052
2.29191e-07,-0.0046301471
2.29291e-07,-0.0046265568
2.29391e-07,-0.0045999885
2.29491e-07,-0.0045648035
2.29591e-07,-0.0045382353
2.29691e-07,-0.0045296186
2.29791e-07,-0.0045375172
2.29891e-07,-0.0045490062
2.29991e-07,-0.0045497243
2.30091e-07,-0.0045303366
2.30191e-07,-0.0044929975
2.30291e-07,-0.00445135
2.30391e-07,-0.0044233456
2.30491e-07,-0.0044204733
2.30591e-07,-0.0044434513
2.30691e-07,-0.0044807904
2.30791e-07,-0.0045152574
2.30891e-07,-0.0045310547
2.30991e-07,-0.0045217199
2.31091e-07,-0.0044937155
2.31191e-07,-0.0044578125
2.31291e-07,-0.004427654
2.31391e-07,-0.0044104205
2.31491e-07,-0.0044032399
2.31591e-07,-0.0044003676
2.31691e-07,-0.0043939051
2.31791e-07,-0.0043802619
2.31891e-07,-0.0043644646
2.31991e-07,-0.0043544118
2.32091e-07,-0.0043558479
2.32191e-07,-0.0043702091
2.32291e-07,-0.004392469
2.32391e-07,-0.0044118566
2.32491e-07,-0.0044190372
2.32591e-07,-0.0044097024
2.32691e-07,-0.0043860064
2.32791e-07,-0.0043544118
2.32891e-07,-0.0043249713
2.32991e-07,-0.0043041475
2.33091e-07,-0.0042955308
2.33191e-07,-0.0042969669
2.33291e-07,-0.0043063017
2.33391e-07,-0.0043199449
2.33491e-07,-0.0043364602
2.33591e-07,-0.0043544118
2.33691e-07,-0.0043716452
2.33791e-07,-0.0043852884
2.33891e-07,-0.0043917509
2.33991e-07,-0.0043888787
2.34091e-07,-0.0043781078
2.34191e-07,-0.0043630285
2.34291e-07,-0.0043501034
2.34391e-07,-0.0043429228
2.34491e-07,-0.0043436409
2.34591e-07,-0.0043501034
2.34691e-07,-0.0043587201
2.34791e-07,-0.0043659007
2.34891e-07,-0.0043723633
2.34991e-07,-0.0043802619
2.35091e-07,-0.004393187
2.35191e-07,-0.0044118566
2.35291e-07,-0.0044341165
2.35391e-07,-0.0044527861
2.35491e-07,-0.0044621209
2.35591e-07,-0.0044578125
2.35691e-07,-0.0044427332
2.35791e-07,-0.0044247817
2.35891e-07,-0.0044125747
2.35991e-07,-0.0044118566
2.36091e-07,-0.0044233456
2.36191e-07,-0.0044420152
2.36291e-07,-0.0044585306
2.36391e-07,-0.0044693015
2.36491e-07,-0.0044728918
2.36591e-07,-0.0044743279
2.36691e-07,-0.0044800724
2.36791e-07,-0.0044922794
2.36891e-07,-0.0045087948
2.36991e-07,-0.0045202838
2.37091e-07,-0.0045202838
2.37191e-07,-0.0045037684
2.37291e-07,-0.004475764
2.37391e-07,-0.0044470416
2.37491e-07,-0.0044305262
2.37591e-07,-0.0044348346
2.37691e-07,-0.0044570944
2.37791e-07,-0.004487253
2.37891e-07,-0.0045102309
2.37991e-07,-0.0045152574
2.38091e-07,-0.0045008961
2.38191e-07,-0.004475046
2.38291e-07,-0.0044535041
2.38391e-07,-0.0044463235
2.38491e-07,-0.0044570944
2.38591e-07,-0.0044786363
2.38691e-07,-0.0044980239
2.38791e-07,-0.0045037684
2.38891e-07,-0.0044922794
2.38991e-07,-0.0044700195
2.39091e-07,-0.0044506319
2.39191e-07,-0.0044463235
2.39291e-07,-0.0044621209
2.39391e-07,-0.0044915614
2.39491e-07,-0.0045210018
2.39591e-07,-0.0045382353
2.39691e-07,-0.0045353631
2.39791e-07,-0.0045152574
2.39891e-07,-0.0044894072
2.39991e-07,-0.0044693015
2.40091e-07,-0.0044606847
2.40191e-07,-0.0044621209
2.40291e-07,-0.004463557
2.40391e-07,-0.0044578125
2.40491e-07,-0.004440579
2.40591e-07,-0.004416165
2.40691e-07,-0.0043953412
2.40791e-07,-0.0043888787
2.40891e-07,-0.0043996496
2.40991e-07,-0.0044211914
2.41091e-07,-0.0044412971
2.41191e-07,-0.0044463235
2.41291e-07,-0.0044312443
2.41391e-07,-0.0043982135
2.41491e-07,-0.0043608743
2.41591e-07,-0.0043314338
2.41691e-07,-0.0043185087
2.41791e-07,-0.004322099
2.41891e-07,-0.004333588
2.41991e-07,-0.0043429228
2.42091e-07,-0.0043436409
2.42191e-07,-0.0043357422
2.42291e-07,-0.0043256893
2.42391e-07,-0.0043199449
2.42491e-07,-0.0043206629
2.42591e-07,-0.0043242532
2.42691e-07,-0.0043228171
2.42791e-07,-0.0043084559
2.42891e-07,-0.0042818876
2.42991e-07,-0.004251011
2.43091e-07,-0.0042287511
2.43191e-07,-0.0042280331
2.43291e-07,-0.0042531652
2.43391e-07,-0.004298403
2.43491e-07,-0.0043486673
2.43591e-07,-0.0043888787
2.43691e-07,-0.0044082663
2.43791e-07,-0.0044068302
2.43891e-07,-0.004392469
2.43991e-07,-0.0043773897
2.44091e-07,-0.0043709272
2.44191e-07,-0.0043759536
2.44291e-07,-0.0043881606
2.44391e-07,-0.0044003676
2.44491e-07,-0.0044097024
2.44591e-07,-0.0044183192
2.44691e-07,-0.0044326804
2.44791e-07,-0.0044578125
2.44891e-07,-0.0044965878
2.44991e-07,-0.0045432617
2.45091e-07,-0.0045877815
2.45191e-07,-0.0046186581
2.45291e-07,-0.0046308651
2.45391e-07,-0.0046258387
2.45491e-07,-0.0046107594
2.45591e-07,-0.0045956801
2.45691e-07,-0.0045856273
2.45791e-07,-0.0045827551
2.45891e-07,-0.0045834731
2.45991e-07,-0.0045841912
2.46091e-07,-0.0045849092
2.46191e-07,-0.0045899357
2.46291e-07,-0.0046042969
2.46391e-07,-0.0046301471
2.46491e-07,-0.004664614
2.46591e-07,-0.0046976448
2.46691e-07,-0.0047191866
2.46791e-07,-0.0047220588
2.46891e-07,-0.0047062615
2.46991e-07,-0.0046818474
2.47091e-07,-0.0046603056
2.47191e-07,-0.004653125
2.47291e-07,-0.0046610237
2.47391e-07,-0.0046782571
2.47491e-07,-0.0046940545
2.47591e-07,-0.0046990809
2.47691e-07,-0.0046933364
2.47791e-07,-0.0046840016
2.47891e-07,-0.0046832835
2.47991e-07,-0.0046990809
2.48091e-07,-0.0047313936
2.48191e-07,-0.0047687328
2.48291e-07,-0.0047967371
2.48391e-07,-0.0048024816
2.48491e-07,-0.0047845301
2.48591e-07,-0.0047536535
2.48691e-07,-0.0047278033
2.48791e-07,-0.0047220588
2.48891e-07,-0.0047436006
2.48991e-07,-0.0047845301
2.49091e-07,-0.0048297679
2.49191e-07,-0.0048599265
2.49291e-07,-0.004866389
2.49391e-07,-0.0048520278
2.49491e-07,-0.0048290499
2.49591e-07,-0.0048139706
2.49691e-07,-0.004818279
2.49791e-07,-0.004841975
2.49891e-07,-0.0048757238
2.49991e-07,-0.0049058824
2.50091e-07,-0.0049231158
2.50191e-07,-0.00492527
2.50291e-07,-0.0049202436
2.50391e-07,-0.0049173713
2.50491e-07,-0.0049245519
2.50591e-07,-0.0049425034
2.50691e-07,-0.0049661994
2.50791e-07,-0.0049863051
2.50891e-07,-0.0049977941
2.50991e-07,-0.0050021025
2.51091e-07,-0.0050035386
2.51191e-07,-0.0050092831
2.51291e-07,-0.0050214901
2.51391e-07,-0.0050380055
2.51491e-07,-0.0050509306
2.51591e-07,-0.005055239
2.51691e-07,-0.0050502125
2.51791e-07,-0.0050401597
2.51891e-07,-0.0050358513
2.51991e-07,-0.00504375
2.52091e-07,-0.0050645738
2.52191e-07,-0.005091142
2.52291e-07,-0.0051105296
2.52391e-07,-0.0051126838
2.52491e-07,-0.0050947323
2.52591e-07,-0.0050631376
2.52691e-07,-0.0050301068
2.52791e-07,-0.0050092831
2.52891e-07,-0.0050064108
2.52991e-07,-0.0050178998
2.53091e-07,-0.0050344152
2.53191e-07,-0.00504375
2.53291e-07,-0.0050401597
2.53391e-07,-0.0050257985
2.53491e-07,-0.005008565
2.53591e-07,-0.0049977941
2.53691e-07,-0.004996358
2.53791e-07,-0.0050021025
2.53891e-07,-0.0050049747
2.53991e-07,-0.0049977941
2.54091e-07,-0.0049784065
2.54191e-07,-0.0049539924
2.54291e-07,-0.0049338867
2.54391e-07,-0.0049288603
2.54491e-07,-0.0049417854
2.54591e-07,-0.0049661994
2.54691e-07,-0.0049884593
2.54791e-07,-0.0049977941
2.54891e-07,-0.0049870232
2.54991e-07,-0.004961173
2.55091e-07,-0.0049295784
2.55191e-07,-0.0049058824
2.55291e-07,-0.0048958295
2.55391e-07,-0.0048979837
2.55491e-07,-0.0049044462
2.55591e-07,-0.0049058824
2.55691e-07,-0.0048972656
2.55791e-07,-0.0048829044
2.55891e-07,-0.0048714154
2.55991e-07,-0.0048714154
2.56091e-07,-0.0048872128
2.56191e-07,-0.0049144991
2.56291e-07,-0.0049439396
2.56391e-07,-0.0049633272
2.56491e-07,-0.0049683536
2.56591e-07,-0.004960455
2.56691e-07,-0.0049482479
2.56791e-07,-0.0049403493
2.56891e-07,-0.0049417854
2.56991e-07,-0.0049496841
2.57091e-07,-0.0049590188
2.57191e-07,-0.0049633272
2.57291e-07,-0.0049618911
2.57391e-07,-0.004960455
2.57491e-07,-0.0049661994
2.57591e-07,-0.0049863051
2.57691e-07,-0.0050193359
2.57791e-07,-0.005055239
2.57891e-07,-0.0050825253
2.57991e-07,-0.0050897059
2.58091e-07,-0.0050753447
2.58191e-07,-0.0050459042
2.58291e-07,-0.0050164637
2.58391e-07,-0.0049977941
2.58491e-07,-0.0049956399
2.58591e-07,-0.0050056928
2.58691e-07,-0.0050171818
2.58791e-07,-0.0050207721
2.58891e-07,-0.0050150276
2.58991e-07,-0.0050056928
2.59091e-07,-0.0050042567
2.59191e-07,-0.0050207721
2.59291e-07,-0.005055239
2.59391e-07,-0.0050983226
2.59491e-07,-0.0051342256
2.59591e-07,-0.0051471507
2.59691e-07,-0.0051320715
2.59791e-07,-0.0050954504
2.59891e-07,-0.0050530848
2.59991e-07,-0.0050207721
2.60091e-07,-0.0050100011
2.60191e-07,-0.0050186179
2.60291e-07,-0.0050380055
2.60391e-07,-0.005055239
2.60491e-07,-0.0050609835
2.60591e-07,-0.0050566751
2.60691e-07,-0.0050473403
2.60791e-07,-0.00504375
2.60891e-07,-0.0050487764
2.60991e-07,-0.0050609835
2.61091e-07,-0.0050696002
2.61191e-07,-0.0050667279
2.61291e-07,-0.0050494945
2.61391e-07,-0.0050222082
2.61491e-07,-0.0049977941
2.61591e-07,-0.0049863051
2.61691e-07,-0.0049942038
2.61791e-07,-0.0050178998
2.61891e-07,-0.0050459042
2.61991e-07,-0.0050667279
2.62091e-07,-0.0050724724
2.62191e-07,-0.0050645738
2.62291e-07,-0.0050480584
2.62391e-07,-0.005032261
2.62491e-07,-0.0050214901
2.62591e-07,-0.0050135915
2.62691e-07,-0.0050035386
2.62791e-07,-0.0049863051
2.62891e-07,-0.0049618911
2.62991e-07,-0.0049381951
2.63091e-07,-0.0049245519
2.63191e-07,-0.0049288603
2.63291e-07,-0.0049511202
2.63391e-07,-0.0049827148
2.63491e-07,-0.0050092831
2.63591e-07,-0.0050207721
2.63691e-07,-0.0050128734
2.63791e-07,-0.0049927677
2.63891e-07,-0.004972662
2.63991e-07,-0.0049633272
2.64091e-07,-0.0049690717
2.64191e-07,-0.004984151
2.64291e-07,-0.0049970761
2.64391e-07,-0.0049977941
2.64491e-07,-0.0049834329
2.64591e-07,-0.004960455
2.64691e-07,-0.0049425034
2.64791e-07,-0.0049403493
2.64891e-07,-0.0049575827
2.64991e-07,-0.0049863051
2.65091e-07,-0.0050121553
2.65191e-07,-0.0050207721
2.65291e-07,-0.0050056928
2.65391e-07,-0.0049740981
2.65491e-07,-0.0049389131
2.65591e-07,-0.0049173713
2.65691e-07,-0.0049180894
2.65791e-07,-0.0049396312
2.65891e-07,-0.0049705078
2.65991e-07,-0.0049977941
2.66091e-07,-0.0050114373
2.66191e-07,-0.0050114373
2.66291e-07,-0.0050035386
2.66391e-07,-0.0049977941
2.66491e-07,-0.0049985122
2.66591e-07,-0.0050042567
2.66691e-07,-0.0050064108
2.66791e-07,-0.0049977941
2.66891e-07,-0.0049776884
2.66991e-07,-0.0049532744
2.67091e-07,-0.004936759
2.67191e-07,-0.0049403493
2.67291e-07,-0.0049676356
2.67391e-07,-0.0050114373
2.67491e-07,-0.0050573932
2.67591e-07,-0.0050897059
2.67691e-07,-0.0050983226
2.67791e-07,-0.0050846795
2.67891e-07,-0.0050581112
2.67991e-07,-0.005032261
2.68091e-07,-0.0050178998
2.68191e-07,-0.0050164637
2.68291e-07,-0.0050243624
2.68391e-07,-0.005032261
2.68491e-07,-0.0050365694
2.68591e-07,-0.0050380055
2.68691e-07,-0.0050415958
2.68791e-07,-0.005055239
2.68891e-07,-0.005079653
2.68991e-07,-0.0051098116
2.69091e-07,-0.0051356618
2.69191e-07,-0.0051471507
2.69291e-07,-0.0051399701
2.69391e-07,-0.0051177102
2.69491e-07,-0.0050897059
2.69591e-07,-0.0050667279
2.69691e-07,-0.005055239
2.69791e-07,-0.0050545209
2.69891e-07,-0.0050602654
2.69991e-07,-0.0050667279
2.70091e-07,-0.0050717544
2.70191e-07,-0.0050782169
2.70291e-07,-0.0050904239
2.70391e-07,-0.0051126838
2.70491e-07,-0.0051406882
2.70591e-07,-0.0051643842
2.70691e-07,-0.0051730009
2.70791e-07,-0.0051586397
2.70891e-07,-0.0051227367
2.70991e-07,-0.0050774989
2.71091e-07,-0.0050394416
2.71191e-07,-0.0050207721
2.71291e-07,-0.0050265165
2.71391e-07,-0.0050494945
2.71491e-07,-0.0050753447
2.71591e-07,-0.0050897059
2.71691e-07,-0.0050868336
2.71791e-07,-0.0050710363
2.71891e-07,-0.0050523667
2.71991e-07,-0.00504375
2.72091e-07,-0.0050487764
2.72191e-07,-0.0050624196
2.72291e-07,-0.0050724724
2.72391e-07,-0.0050667279
2.72491e-07,-0.0050401597
2.72591e-07,-0.0049992302
2.72691e-07,-0.0049568647
2.72791e-07,-0.0049288603
2.72891e-07,-0.0049238339
2.72991e-07,-0.0049403493
2.73091e-07,-0.0049690717
2.73191e-07,-0.0049977941
2.73291e-07,-0.0050171818
2.73391e-07,-0.0050265165
2.73491e-07,-0.0050293888
2.73591e-07,-0.005032261
2.73691e-07,-0.0050387236
2.73791e-07,-0.0050451861
2.73891e-07,-0.0050451861
2.73991e-07,-0.005032261
2.74091e-07,-0.0050071289
2.74191e-07,-0.0049776884
2.74291e-07,-0.0049561466
2.74391e-07,-0.0049518382
2.74491e-07,-0.0049669175
2.74591e-07,-0.0049949219
2.74691e-07,-0.0050207721
2.74791e-07,-0.005032261
2.74891e-07,-0.0050229262
2.74991e-07,-0.0049970761
2.75091e-07,-0.0049654814
2.75191e-07,-0.0049403493
2.75291e-07,-0.0049288603
2.75391e-07,-0.0049288603
2.75491e-07,-0.0049317325
2.75591e-07,-0.0049288603
2.75691e-07,-0.0049159352
2.75791e-07,-0.0048958295
2.75891e-07,-0.004878596
2.75991e-07,-0.0048714154
2.76091e-07,-0.004877878
2.76191e-07,-0.0048922392
2.76291e-07,-0.0049051643
2.76391e-07,-0.0049058824
2.76491e-07,-0.0048915211
2.76591e-07,-0.0048671071
2.76691e-07,-0.004841975
2.76791e-07,-0.0048254596
2.76891e-07,-0.0048218693
2.76991e-07,-0.0048261776
2.77091e-07,-0.004830486
2.77191e-07,-0.0048254596
2.77291e-07,-0.0048110983
2.77391e-07,-0.0047938649
2.77491e-07,-0.0047845301
2.77591e-07,-0.0047909926
2.77691e-07,-0.0048139706
2.77791e-07,-0.0048448472
2.77891e-07,-0.0048678251
2.77991e-07,-0.0048714154
2.78091e-07,-0.0048520278
2.78191e-07,-0.004818279
2.78291e-07,-0.0047852482
2.78391e-07,-0.0047680147
2.78491e-07,-0.0047730411
2.78591e-07,-0.0047967371
2.78691e-07,-0.0048261776
2.78791e-07,-0.0048484375
2.78891e-07,-0.0048556181
2.78991e-07,-0.0048484375
2.79091e-07,-0.0048347943
2.79191e-07,-0.0048254596
2.79291e-07,-0.0048233054
2.79391e-07,-0.0048254596
2.79491e-07,-0.0048247415
2.79591e-07,-0.0048139706
2.79691e-07,-0.0047931468
2.79791e-07,-0.0047708869
2.79891e-07,-0.004759398
2.79991e-07,-0.0047680147
2.80091e-07,-0.0047967371
2.80191e-07,-0.0048355124
2.80291e-07,-0.0048685432
2.80391e-07,-0.0048829044
2.80491e-07,-0.0048735696
2.80591e-07,-0.0048491556
2.80691e-07,-0.0048240234
2.80791e-07,-0.0048139706
2.80891e-07,-0.0048240234
2.80991e-07,-0.0048484375
2.81091e-07,-0.0048728516
2.81191e-07,-0.0048829044
2.81291e-07,-0.0048721335
2.81391e-07,-0.0048455653
2.81491e-07,-0.0048175609
2.81591e-07,-0.0048024816
2.81691e-07,-0.004807508
2.81791e-07,-0.0048283318
2.81891e-07,-0.0048513097
2.81991e-07,-0.0048599265
2.82091e-07,-0.0048455653
2.82191e-07,-0.0048103803
2.82291e-07,-0.0047680147
2.82391e-07,-0.0047335478
2.82491e-07,-0.0047184685
2.82591e-07,-0.0047234949
2.82691e-07,-0.0047407284
2.82791e-07,-0.0047565257
2.82891e-07,-0.0047622702
2.82991e-07,-0.0047558077
2.83091e-07,-0.0047428826
2.83191e-07,-0.0047335478
2.83291e-07,-0.0047335478
2.83391e-07,-0.0047414465
2.83491e-07,-0.0047522174
2.83591e-07,-0.0047565257
2.83691e-07,-0.0047500632
2.83791e-07,-0.0047349839
2.83891e-07,-0.0047191866
2.83991e-07,-0.0047105699
2.84091e-07,-0.0047141602
2.84191e-07,-0.0047278033
2.84291e-07,-0.0047443187
2.84391e-07,-0.0047565257
2.84491e-07,-0.0047629883
2.84591e-07,-0.0047672966
2.84691e-07,-0.0047780676
2.84791e-07,-0.0048024816
2.84891e-07,-0.0048398208
2.84991e-07,-0.0048821864
2.85091e-07,-0.0049159352
2.85191e-07,-0.0049288603
2.85291e-07,-0.0049180894
2.85391e-07,-0.0048915211
2.85491e-07,-0.0048627987
2.85591e-07,-0.0048484375
2.85691e-07,-0.0048563362
2.85791e-07,-0.0048857767
2.85891e-07,-0.0049259881
2.85991e-07,-0.0049633272
2.86091e-07,-0.0049884593
2.86191e-07,-0.0049985122
2.86291e-07,-0.0049992302
2.86391e-07,-0.0049977941
2.86491e-07,-0.0049977941
2.86591e-07,-0.0049992302
2.86691e-07,-0.0049970761
2.86791e-07,-0.0049863051
2.86891e-07,-0.0049676356
2.86991e-07,-0.0049475299
2.87091e-07,-0.0049360409
2.87191e-07,-0.0049403493
2.87291e-07,-0.0049626091
2.87391e-07,-0.0049949219
2.87491e-07,-0.0050257985
2.87591e-07,-0.00504375
2.87691e-07,-0.0050444681
2.87791e-07,-0.005032261
2.87891e-07,-0.0050171818
2.87991e-07,-0.0050092831
2.88091e-07,-0.0050128734
2.88191e-07,-0.0050250804
2.88291e-07,-0.0050380055
2.88391e-07,-0.00504375
2.88491e-07,-0.0050408778
2.88591e-07,-0.0050336972
2.88691e-07,-0.005032261
2.88791e-07,-0.00504375
2.88891e-07,-0.005067446
2.88991e-07,-0.0050947323
2.89091e-07,-0.0051134019
2.89191e-07,-0.0051126838
2.89291e-07,-0.0050904239
2.89391e-07,-0.005055957
2.89491e-07,-0.0050243624
2.89591e-07,-0.0050092831
2.89691e-07,-0.0050178998
2.89791e-07,-0.0050466222
2.89891e-07,-0.0050825253
2.89991e-07,-0.0051126838
2.90091e-07,-0.0051284812
2.90191e-07,-0.0051299173
2.90291e-07,-0.0051256089
2.90391e-07,-0.0051241728
2.90491e-07,-0.0051291992
2.90591e-07,-0.0051378159
2.90691e-07,-0.0051421243
2.90791e-07,-0.0051356618
2.90891e-07,-0.0051169922
2.90991e-07,-0.0050940142
2.91091e-07,-0.0050774989
2.91191e-07,-0.0050782169
2.91291e-07,-0.0050990407
2.91391e-07,-0.0051342256
2.91491e-07,-0.0051694106
2.91591e-07,-0.0051931066
2.91691e-07,-0.0051995692
2.91791e-07,-0.0051931066
2.91891e-07,-0.0051837718
2.91991e-07,-0.0051816176
2.92091e-07,-0.0051923886
2.92191e-07,-0.0052117762
2.92291e-07,-0.0052304458
2.92391e-07,-0.0052390625
2.92491e-07,-0.0052361903
2.92591e-07,-0.0052275735
2.92691e-07,-0.0052247013
2.92791e-07,-0.0052390625
2.92891e-07,-0.0052720933
2.92991e-07,-0.005315895
2.93091e-07,-0.0053553883
2.93191e-07,-0.0053769301
2.93291e-07,-0.0053740579
2.93391e-07,-0.0053503619
2.93491e-07,-0.0053202034
2.93591e-07,-0.0052965074
2.93691e-07,-0.0052878906
2.93791e-07,-0.0052914809
2.93891e-07,-0.0052979435
2.93991e-07,-0.0052965074
2.94091e-07,-0.00528071
2.94191e-07,-0.0052548598
2.94291e-07,-0.0052290097
2.94391e-07,-0.0052160846
2.94491e-07,-0.005221829
2.94591e-07,-0.0052412167
2.94691e-07,-0.0052634766
2.94791e-07,-0.0052735294
2.94891e-07,-0.0052620404
2.94991e-07,-0.0052297277
2.95091e-07,-0.0051873621
2.95191e-07,-0.0051471507
2.95291e-07,-0.0051213006
2.95391e-07,-0.0051119658
2.95491e-07,-0.0051155561
2.95591e-07,-0.0051241728
2.95691e-07,-0.0051306353
2.95791e-07,-0.0051342256
2.95891e-07,-0.0051378159
2.95991e-07,-0.0051471507
2.96091e-07,-0.0051636661
2.96191e-07,-0.0051837718
2.96291e-07,-0.0051995692
2.96391e-07,-0.0052045956
2.96491e-07,-0.0051966969
2.96591e-07,-0.0051794635
2.96691e-07,-0.0051636661
2.96791e-07,-0.0051586397
2.96891e-07,-0.0051686926
2.96991e-07,-0.0051909524
2.97091e-07,-0.0052168026
2.97191e-07,-0.0052390625
2.97291e-07,-0.0052512695
2.97391e-07,-0.0052555779
2.97491e-07,-0.005257014
2.97591e-07,-0.0052620404
2.97691e-07,-0.0052728114
2.97791e-07,-0.0052857364
2.97891e-07,-0.0052957893
2.97991e-07,-0.0052965074
2.98091e-07,-0.0052893267
2.98191e-07,-0.0052792739
2.98291e-07,-0.0052756836
2.98391e-07,-0.0052850184
2.98491e-07,-0.0053065602
2.98591e-07,-0.0053331284
2.98691e-07,-0.0053553883
2.98791e-07,-0.0053654412
2.98891e-07,-0.0053618509
2.98991e-07,-0.0053525161
2.99091e-07,-0.0053474897
2.99191e-07,-0.0053539522
2.99291e-07,-0.0053726218
2.99391e-07,-0.0053955997
2.99491e-07,-0.0054113971
2.99591e-07,-0.0054113971
2.99691e-07,-0.0053963178
2.99791e-07,-0.005374776
2.99891e-07,-0.0053611328
2.99991e-07,-0.0053654412
3.00091e-07,-0.0053884191
3.00191e-07,-0.0054200138
3.00291e-07,-0.0054437098
3.00391e-07,-0.005445864
3.00491e-07,-0.005422168
3.00591e-07,-0.0053798024
3.00691e-07,-0.0053367188
3.00791e-07,-0.0053079963
3.00891e-07,-0.0053029699
3.00991e-07,-0.0053173311
3.01091e-07,-0.0053388729
3.01191e-07,-0.0053539522
3.01291e-07,-0.0053532341
3.01391e-07,-0.005339591
3.01491e-07,-0.0053202034
3.01591e-07,-0.0053079963
3.01691e-07,-0.0053079963
3.01791e-07,-0.0053166131
3.01891e-07,-0.0053237937
3.01991e-07,-0.0053194853
3.02091e-07,-0.0052979435
3.02191e-07,-0.0052634766
3.02291e-07,-0.0052282916
3.02391e-07,-0.0052045956
3.02491e-07,-0.0051995692
3.02591e-07,-0.0052103401
3.02691e-07,-0.0052275735
3.02791e-07,-0.0052390625
3.02891e-07,-0.0052369083
3.02991e-07,-0.0052232652
3.03091e-07,-0.0052053136
3.03191e-07,-0.0051931066
3.03291e-07,-0.0051931066
3.03391e-07,-0.0052024414
3.03491e-07,-0.0052132123
3.03591e-07,-0.0052160846
3.03691e-07,-0.0052074678
3.03791e-07,-0.0051902344
3.03891e-07,-0.005174437
3.03991e-07,-0.0051701287
3.04091e-07,-0.0051830538
3.04191e-07,-0.005209622
3.04291e-07,-0.0052397806
3.04391e-07,-0.0052620404
3.04491e-07,-0.005269221
3.04591e-07,-0.0052627585
3.04691e-07,-0.0052498334
3.04791e-07,-0.0052390625
3.04891e-07,-0.0052361903
3.04991e-07,-0.0052404986
3.05091e-07,-0.0052433709
3.05191e-07,-0.0052390625
3.05291e-07,-0.0052247013
3.05391e-07,-0.0052053136
3.05491e-07,-0.0051916705
3.05591e-07,-0.0051931066
3.05691e-07,-0.0052132123
3.05791e-07,-0.005245525
3.05891e-07,-0.0052778378
3.05991e-07,-0.0052965074
3.06091e-07,-0.005292199
3.06191e-07,-0.0052670669
3.06291e-07,-0.0052297277
3.06391e-07,-0.0051931066
3.06491e-07,-0.0051686926
3.06591e-07,-0.0051593578
3.06691e-07,-0.00516223
3.06791e-07,-0.0051701287
3.06891e-07,-0.0051765912
3.06991e-07,-0.0051801815
3.07091e-07,-0.0051844899
3.07191e-07,-0.0051931066
3.07291e-07,-0.0052067498
3.07391e-07,-0.005221829
3.07491e-07,-0.0052311638
3.07591e-07,-0.0052275735
3.07691e-07,-0.005208904
3.07791e-07,-0.0051787454
3.07891e-07,-0.0051471507
3.07991e-07,-0.0051241728
3.08091e-07,-0.0051155561
3.08191e-07,-0.0051213006
3.08291e-07,-0.0051342256
3.08391e-07,-0.0051471507
3.08491e-07,-0.0051557675
3.08591e-07,-0.0051593578
3.08691e-07,-0.0051629481
3.08791e-07,-0.0051701287
3.08891e-07,-0.0051823357
3.08991e-07,-0.0051952608
3.09091e-07,-0.0052010053
3.09191e-07,-0.0051931066
3.09291e-07,-0.0051708467
3.09391e-07,-0.0051399701
3.09491e-07,-0.0051090935
3.09591e-07,-0.0050897059
3.09691e-07,-0.0050868336
3.09791e-07,-0.0050983226
3.09891e-07,-0.0051177102
3.09991e-07,-0.0051356618
3.10091e-07,-0.0051471507
3.10191e-07,-0.005150741
3.10291e-07,-0.0051493049
3.10391e-07,-0.0051471507
3.10491e-07,-0.0051464327
3.10591e-07,-0.0051442785
3.10691e-07,-0.0051378159
3.10791e-07,-0.0051241728
3.10891e-07,-0.0051055032
3.10991e-07,-0.0050875517
3.11091e-07,-0.0050767808
3.11191e-07,-0.0050782169
3.11291e-07,-0.0050897059
3.11391e-07,-0.0051047852
3.11491e-07,-0.0051141199
3.11591e-07,-0.0051126838
3.11691e-07,-0.0051004768
3.11791e-07,-0.0050846795
3.11891e-07,-0.0050753447
3.11991e-07,-0.0050782169
3.12091e-07,-0.0050925781
3.12191e-07,-0.0051090935
3.12291e-07,-0.0051184283
3.12391e-07,-0.0051126838
3.12491e-07,-0.0050925781
3.12591e-07,-0.0050660099
3.12691e-07,-0.0050466222
3.12791e-07,-0.00504375
3.12891e-07,-0.0050573932
3.12991e-07,-0.005079653
3.13091e-07,-0.0050976045
3.13191e-07,-0.0051011949
3.13291e-07,-0.0050889878
3.13391e-07,-0.0050688821
3.13491e-07,-0.0050538028
3.13591e-07,-0.005055239
3.13691e-07,-0.0050760627
3.13791e-07,-0.0051090935
3.13891e-07,-0.0051406882
3.13991e-07,-0.0051586397
3.14091e-07,-0.0051586397
3.14191e-07,-0.0051471507
3.14291e-07,-0.0051356618
3.14391e-07,-0.0051356618
3.14491e-07,-0.0051514591
3.14591e-07,-0.0051780273
3.14691e-07,-0.0052031595
3.14791e-07,-0.0052160846
3.14891e-07,-0.0052132123
3.14991e-07,-0.0052017233
3.15091e-07,-0.0051945427
3.15191e-07,-0.0052045956
3.15291e-07,-0.0052354722
3.15391e-07,-0.00528071
3.15491e-07,-0.0053252298
3.15591e-07,-0.0053539522
3.15691e-07,-0.0053582606
3.15791e-07,-0.0053424632
3.15891e-07,-0.0053166131
3.15991e-07,-0.0052965074
3.16091e-07,-0.0052900448
3.16191e-07,-0.0052979435
3.16291e-07,-0.0053108686
3.16391e-07,-0.0053194853
3.16491e-07,-0.0053173311
3.16591e-07,-0.0053065602
3.16691e-07,-0.0052965074
3.16791e-07,-0.0052965074
3.16891e-07,-0.0053108686
3.16991e-07,-0.0053367188
3.17091e-07,-0.0053618509
3.17191e-07,-0.0053769301
3.17291e-07,-0.005374776
3.17391e-07,-0.0053582606
3.17491e-07,-0.0053360007
3.17591e-07,-0.0053194853
3.17691e-07,-0.0053144589
3.17791e-07,-0.0053194853
3.17891e-07,-0.005328102
3.17991e-07,-0.0053309743
3.18091e-07,-0.0053245117
3.18191e-07,-0.0053115866
3.18291e-07,-0.0052993796
3.18391e-07,-0.0052965074
3.18491e-07,-0.0053051241
3.18591e-07,-0.0053216395
3.18691e-07,-0.0053367188
3.18791e-07,-0.0053424632
3.18891e-07,-0.0053360007
3.18991e-07,-0.0053209214
3.19091e-07,-0.0053051241
3.19191e-07,-0.0052965074
3.19291e-07,-0.0052965074
3.19391e-07,-0.0053008157
3.19491e-07,-0.0053022518
3.19591e-07,-0.0052965074
3.19691e-07,-0.0052843003
3.19791e-07,-0.0052749655
3.19891e-07,-0.0052771197
3.19991e-07,-0.0052965074
3.20091e-07,-0.0053288201
3.20191e-07,-0.0053589786
3.20291e-07,-0.0053711857
3.20391e-07,-0.0053539522
3.20491e-07,-0.0053087144
3.20591e-07,-0.0052498334
3.20691e-07,-0.0052010053
3.20791e-07,-0.0051816176
3.20891e-07,-0.005198133
3.20991e-07,-0.0052426528
3.21091e-07,-0.0052943532
3.21191e-07,-0.0053309743
3.21291e-07,-0.0053403091
3.21391e-07,-0.0053237937
3.21491e-07,-0.0052950712
3.21591e-07,-0.0052735294
3.21691e-07,-0.0052713752
3.21791e-07,-0.0052907629
3.21891e-07,-0.0053194853
3.21991e-07,-0.0053424632
3.22091e-07,-0.0053467716
3.22191e-07,-0.0053295381
3.22291e-07,-0.0053008157
3.22391e-07,-0.0052735294
3.22491e-07,-0.0052613224
3.22591e-07,-0.005269221
3.22691e-07,-0.005292199
3.22791e-07,-0.0053194853
3.22891e-07,-0.0053403091
3.22991e-07,-0.0053489258
3.23091e-07,-0.0053482077
3.23191e-07,-0.0053424632
3.23291e-07,-0.0053388729
3.23391e-07,-0.0053388729
3.23491e-07,-0.0053417452
3.23591e-07,-0.0053424632
3.23691e-07,-0.0053388729
3.23791e-07,-0.0053324104
3.23891e-07,-0.005328102
3.23991e-07,-0.0053309743
3.24091e-07,-0.0053424632
3.24191e-07,-0.0053582606
3.24291e-07,-0.0053726218
3.24391e-07,-0.0053769301
3.24491e-07,-0.0053697495
3.24591e-07,-0.0053546703
3.24691e-07,-0.0053388729
3.24791e-07,-0.0053309743
3.24891e-07,-0.0053338465
3.24991e-07,-0.0053438994
3.25091e-07,-0.0053539522
3.25191e-07,-0.0053539522
3.25291e-07,-0.0053417452
3.25391e-07,-0.0053202034
3.25491e-07,-0.0052979435
3.25591e-07,-0.0052850184
3.25691e-07,-0.0052857364
3.25791e-07,-0.0052972254
3.25891e-07,-0.0053115866
3.25991e-07,-0.0053194853
3.26091e-07,-0.0053144589
3.26191e-07,-0.0052979435
3.26291e-07,-0.0052778378
3.26391e-07,-0.0052620404
3.26491e-07,-0.0052577321
3.26591e-07,-0.0052663488
3.26691e-07,-0.0052814281
3.26791e-07,-0.0052965074
3.26891e-07,-0.0053058421
3.26991e-07,-0.0053094324
3.27091e-07,-0.0053087144
3.27191e-07,-0.0053079963
3.27291e-07,-0.0053101505
3.27391e-07,-0.0053130227
3.27491e-07,-0.0053137408
3.27591e-07,-0.0053079963
3.27691e-07,-0.0052972254
3.27791e-07,-0.0052850184
3.27891e-07,-0.0052792739
3.27991e-07,-0.0052850184
3.28091e-07,-0.005303688
3.28191e-07,-0.0053309743
3.28291e-07,-0.0053575425
3.28391e-07,-0.0053769301
3.28491e-07,-0.0053848288
3.28591e-07,-0.0053841108
3.28691e-07,-0.0053798024
3.28791e-07,-0.0053769301
3.28891e-07,-0.0053776482
3.28991e-07,-0.0053783663
3.29091e-07,-0.005375494
3.29191e-07,-0.0053654412
3.29291e-07,-0.0053496438
3.29391e-07,-0.0053360007
3.29491e-07,-0.0053316923
3.29591e-07,-0.0053424632
3.29691e-07,-0.0053668773
3.29791e-07,-0.0053955997
3.29891e-07,-0.0054178596
3.29991e-07,-0.005422886
3.30091e-07,-0.0054092429
3.30191e-07,-0.0053819566
3.30291e-07,-0.0053525161
3.30391e-07,-0.0053309743
3.30491e-07,-0.0053216395
3.30591e-07,-0.0053209214
3.30691e-07,-0.0053230756
3.30791e-07,-0.0053194853
3.30891e-07,-0.0053101505
3.30991e-07,-0.0052993796
3.31091e-07,-0.0052965074
3.31191e-07,-0.0053079963
3.31291e-07,-0.0053345646
3.31391e-07,-0.0053668773
3.31491e-07,-0.0053927275
3.31591e-07,-0.0053999081
3.31691e-07,-0.0053833927
3.31791e-07,-0.0053489258
3.31891e-07,-0.0053072783
3.31991e-07,-0.0052735294
3.32091e-07,-0.0052548598
3.32191e-07,-0.0052519876
3.32291e-07,-0.005257014
3.32391e-07,-0.0052620404
3.32491e-07,-0.0052598863
3.32591e-07,-0.0052505515
3.32691e-07,-0.0052376264
3.32791e-07,-0.0052275735
3.32891e-07,-0.005221829
3.32991e-07,-0.0052175207
3.33091e-07,-0.005208904
3.33191e-07,-0.0051931066
3.33291e-07,-0.0051694106
3.33391e-07,-0.0051428424
3.33491e-07,-0.0051220186
3.33591e-07,-0.0051126838
3.33691e-07,-0.0051155561
3.33791e-07,-0.0051234547
3.33891e-07,-0.0051291992
3.33991e-07,-0.0051241728
3.34091e-07,-0.0051090935
3.34191e-07,-0.005091142
3.34291e-07,-0.005078935
3.34391e-07,-0.0050782169
3.34491e-07,-0.0050889878
3.34591e-07,-0.0051011949
3.34691e-07,-0.0051040671
3.34791e-07,-0.0050897059
3.34891e-07,-0.0050588293
3.34991e-07,-0.0050222082
3.35091e-07,-0.0049942038
3.35191e-07,-0.0049863051
3.35291e-07,-0.0050013844
3.35391e-07,-0.0050293888
3.35491e-07,-0.005055957
3.35591e-07,-0.0050667279
3.35691e-07,-0.0050566751
3.35791e-07,-0.005031543
3.35891e-07,-0.0050035386
3.35991e-07,-0.0049863051
3.36091e-07,-0.004984869
3.36191e-07,-0.0049956399
3.36291e-07,-0.005007847
3.36391e-07,-0.0050092831
3.36491e-07,-0.004996358
3.36591e-07,-0.0049740981
3.36691e-07,-0.0049518382
3.36791e-07,-0.0049403493
3.36891e-07,-0.0049425034
3.36991e-07,-0.0049525563
3.37091e-07,-0.0049590188
3.37191e-07,-0.0049518382
3.37291e-07,-0.0049288603
3.37391e-07,-0.0048965476
3.37491e-07,-0.0048699793
3.37591e-07,-0.0048599265
3.37691e-07,-0.0048721335
3.37791e-07,-0.0049001379
3.37891e-07,-0.0049310145
3.37991e-07,-0.0049518382
3.38091e-07,-0.0049561466
3.38191e-07,-0.0049468118
3.38291e-07,-0.0049346048
3.38391e-07,-0.0049288603
3.38491e-07,-0.0049324506
3.38591e-07,-0.0049410673
3.38691e-07,-0.0049425034
3.38791e-07,-0.0049288603
3.38891e-07,-0.0048994198
3.38991e-07,-0.0048642348
3.39091e-07,-0.0048383847
3.39191e-07,-0.0048369485
3.39291e-07,-0.0048635168
3.39391e-07,-0.0049087546
3.39491e-07,-0.0049561466
3.39591e-07,-0.0049863051
3.39691e-07,-0.0049898955
3.39791e-07,-0.0049705078
3.39891e-07,-0.0049403493
3.39991e-07,-0.0049173713
3.40091e-07,-0.0049116268
3.40191e-07,-0.0049238339
3.40291e-07,-0.0049446576
3.40391e-07,-0.0049633272
3.40491e-07,-0.0049712259
3.40591e-07,-0.0049683536
3.40691e-07,-0.0049626091
3.40791e-07,-0.0049633272
3.40891e-07,-0.0049755342
3.40991e-07,-0.0049977941
3.41091e-07,-0.0050193359
3.41191e-07,-0.005032261
3.41291e-07,-0.0050308249
3.41391e-07,-0.0050186179
3.41491e-07,-0.0050049747
3.41591e-07,-0.0049977941
3.41691e-07,-0.0050021025
3.41791e-07,-0.0050150276
3.41891e-07,-0.0050272346
3.41991e-07,-0.005032261
3.42091e-07,-0.0050286707
3.42191e-07,-0.0050222082
3.42291e-07,-0.0050243624
3.42391e-07,-0.00504375
3.42491e-07,-0.0050803711
3.42591e-07,-0.0051256089
3.42691e-07,-0.0051636661
3.42791e-07,-0.0051816176
3.42891e-07,-0.005174437
3.42991e-07,-0.0051485869
3.43091e-07,-0.0051191464
3.43191e-07,-0.0051011949
3.43291e-07,-0.005103349
3.43391e-07,-0.0051227367
3.43491e-07,-0.0051485869
3.43591e-07,-0.0051701287
3.43691e-07,-0.0051794635
3.43791e-07,-0.0051787454
3.43891e-07,-0.0051765912
3.43991e-07,-0.0051816176
3.44091e-07,-0.005197415
3.44191e-07,-0.0052182387
3.44291e-07,-0.0052354722
3.44391e-07,-0.0052390625
3.44491e-07,-0.0052268555
3.44591e-07,-0.0052053136
3.44691e-07,-0.0051866441
3.44791e-07,-0.0051816176
3.44891e-07,-0.0051945427
3.44991e-07,-0.0052182387
3.45091e-07,-0.0052404986
3.45191e-07,-0.0052505515
3.45291e-07,-0.0052433709
3.45391e-07,-0.0052254193
3.45491e-07,-0.005208904
3.45591e-07,-0.0052045956
3.45691e-07,-0.0052168026
3.45791e-07,-0.0052390625
3.45891e-07,-0.0052584501
3.45991e-07,-0.0052620404
3.46091e-07,-0.005245525
3.46191e-07,-0.0052153665
3.46291e-07,-0.005185926
3.46391e-07,-0.0051701287
3.46491e-07,-0.0051758732
3.46591e-07,-0.0051995692
3.46691e-07,-0.0052290097
3.46791e-07,-0.0052505515
3.46891e-07,-0.005257014
3.46991e-07,-0.0052491153
3.47091e-07,-0.0052361903
3.47191e-07,-0.0052275735
3.47291e-07,-0.0052290097
3.47391e-07,-0.0052383444
3.47491e-07,-0.0052476792
3.47591e-07,-0.0052505515
3.47691e-07,-0.005245525
3.47791e-07,-0.0052397806
3.47891e-07,-0.0052426528
3.47991e-07,-0.0052620404
3.48091e-07,-0.0052972254
3.48191e-07,-0.0053374368
3.48291e-07,-0.0053683134
3.48391e-07,-0.0053769301
3.48491e-07,-0.0053618509
3.48591e-07,-0.0053324104
3.48691e-07,-0.0053051241
3.48791e-07,-0.0052965074
3.48891e-07,-0.0053123047
3.48991e-07,-0.0053460535
3.49091e-07,-0.0053841108
3.49191e-07,-0.0054113971
3.49291e-07,-0.0054200138
3.49391e-07,-0.0054135512
3.49491e-07,-0.0054027803
3.49591e-07,-0.0053999081
3.49691e-07,-0.0054099609
3.49791e-07,-0.0054279125
3.49891e-07,-0.0054437098
3.49991e-07,-0.005445864
3.50091e-07,-0.0054329389
3.50191e-07,-0.0054113971
3.50291e-07,-0.0053963178
3.50391e-07,-0.0053999081
3.50491e-07,-0.0054257583
3.50591e-07,-0.0054659697
3.50691e-07,-0.0055047449
3.50791e-07,-0.0055262868
3.50891e-07,-0.0055241326
3.50991e-07,-0.0055047449
3.51091e-07,-0.0054810489
3.51191e-07,-0.0054688419
3.51291e-07,-0.0054753045
3.51391e-07,-0.0054954102
3.51491e-07,-0.00551767
3.51591e-07,-0.0055262868
3.51691e-07,-0.0055162339
3.51791e-07,-0.0054918199
3.51891e-07,-0.0054674058
3.51991e-07,-0.0054573529
3.52091e-07,-0.005470278
3.52191e-07,-0.0055011546
3.52291e-07,-0.0055363396
3.52391e-07,-0.0055607537
3.52491e-07,-0.0055636259
3.52591e-07,-0.0055463925
3.52691e-07,-0.0055219784
3.52791e-07,-0.0055033088
3.52891e-07,-0.0055018727
3.52991e-07,-0.005516952
3.53091e-07,-0.005540648
3.53191e-07,-0.0055607537
3.53291e-07,-0.0055686523
3.53391e-07,-0.0055657801
3.53491e-07,-0.0055593176
3.53591e-07,-0.0055607537
3.53691e-07,-0.005576551
3.53791e-07,-0.0056038373
3.53891e-07,-0.0056332778
3.53991e-07,-0.0056526654
3.54091e-07,-0.0056548196
3.54191e-07,-0.0056397403
3.54291e-07,-0.0056160443
3.54391e-07,-0.0055952206
3.54491e-07,-0.0055851677
3.54591e-07,-0.0055873219
3.54691e-07,-0.0055973748
3.54791e-07,-0.0056067096
3.54891e-07,-0.005611736
3.54991e-07,-0.0056138902
3.55091e-07,-0.0056181985
3.55191e-07,-0.0056296875
3.55291e-07,-0.0056490751
3.55391e-07,-0.005671335
3.55491e-07,-0.0056864143
3.55591e-07,-0.0056871324
3.55691e-07,-0.0056720531
3.55791e-07,-0.0056483571
3.55891e-07,-0.0056260972
3.55991e-07,-0.0056181985
3.56091e-07,-0.0056282514
3.56191e-07,-0.0056512293
3.56291e-07,-0.0056785156
3.56391e-07,-0.0056986213
3.56491e-07,-0.00570652
3.56591e-07,-0.0057058019
3.56691e-07,-0.0057043658
3.56791e-07,-0.0057101103
3.56891e-07,-0.0057251896
3.56991e-07,-0.0057452953
3.57091e-07,-0.0057582204
3.57191e-07,-0.0057560662
3.57291e-07,-0.0057352424
3.57391e-07,-0.0057022116
3.57491e-07,-0.005670617
3.57591e-07,-0.0056526654
3.57691e-07,-0.0056548196
3.57791e-07,-0.0056742073
3.57891e-07,-0.0057000574
3.57991e-07,-0.0057215993
3.58091e-07,-0.0057309341
3.58191e-07,-0.0057273438
3.58291e-07,-0.005718009
3.58391e-07,-0.0057101103
3.58491e-07,-0.0057072381
3.58591e-07,-0.0057058019
3.58691e-07,-0.0057014936
3.58791e-07,-0.0056871324
3.58891e-07,-0.0056634364
3.58991e-07,-0.0056375862
3.59091e-07,-0.0056196347
3.59191e-07,-0.0056181985
3.59291e-07,-0.0056347139
3.59391e-07,-0.0056620002
3.59491e-07,-0.0056871324
3.59591e-07,-0.0056986213
3.59691e-07,-0.0056935949
3.59791e-07,-0.0056763614
3.59891e-07,-0.005659128
3.59991e-07,-0.0056526654
3.60091e-07,-0.005659846
3.60191e-07,-0.0056763614
3.60291e-07,-0.0056892865
3.60391e-07,-0.0056871324
3.60491e-07,-0.0056663086
3.60591e-07,-0.0056332778
3.60691e-07,-0.0056009651
3.60791e-07,-0.0055837316
3.60891e-07,-0.00558804
3.60991e-07,-0.0056110179
3.61091e-07,-0.0056411765
3.61191e-07,-0.0056641544
3.61291e-07,-0.0056720531
3.61391e-07,-0.0056648725
3.61491e-07,-0.0056512293
3.61591e-07,-0.0056411765
3.61691e-07,-0.0056418945
3.61791e-07,-0.0056533835
3.61891e-07,-0.0056677447
3.61991e-07,-0.0056756434
3.62091e-07,-0.005670617
3.62191e-07,-0.0056548196
3.62291e-07,-0.0056339959
3.62391e-07,-0.0056181985
3.62491e-07,-0.005612454
3.62591e-07,-0.0056146082
3.62691e-07,-0.0056196347
3.62791e-07,-0.0056181985
3.62891e-07,-0.0056074276
3.62991e-07,-0.005588758
3.63091e-07,-0.0055708065
3.63191e-07,-0.0055607537
3.63291e-07,-0.0055621898
3.63391e-07,-0.0055715246
3.63491e-07,-0.0055815774
3.63591e-07,-0.0055837316
3.63691e-07,-0.0055751149
3.63791e-07,-0.0055571634
3.63891e-07,-0.0055384938
3.63991e-07,-0.0055262868
3.64091e-07,-0.0055241326
3.64191e-07,-0.0055298771
3.64291e-07,-0.0055363396
3.64391e-07,-0.0055377757
3.64491e-07,-0.0055327493
3.64591e-07,-0.0055241326
3.64691e-07,-0.0055205423
3.64791e-07,-0.0055262868
3.64891e-07,-0.0055420841
3.64991e-07,-0.0055607537
3.65091e-07,-0.0055729607
3.65191e-07,-0.0055722426
3.65291e-07,-0.0055571634
3.65391e-07,-0.0055356216
3.65491e-07,-0.0055183881
3.65591e-07,-0.0055147978
3.65691e-07,-0.0055270048
3.65791e-07,-0.0055478286
3.65891e-07,-0.0055657801
3.65991e-07,-0.0055722426
3.66091e-07,-0.0055636259
3.66191e-07,-0.0055456744
3.66291e-07,-0.0055305951
3.66391e-07,-0.0055262868
3.66491e-07,-0.0055370577
3.66591e-07,-0.0055557273
3.66691e-07,-0.0055708065
3.66791e-07,-0.0055722426
3.66891e-07,-0.0055557273
3.66991e-07,-0.0055277229
3.67091e-07,-0.0054982824
3.67191e-07,-0.0054803309
3.67291e-07,-0.0054781767
3.67391e-07,-0.0054875115
3.67491e-07,-0.0054997185
3.67591e-07,-0.0055033088
3.67691e-07,-0.0054954102
3.67791e-07,-0.0054810489
3.67891e-07,-0.0054688419
3.67991e-07,-0.0054688419
3.68091e-07,-0.0054832031
3.68191e-07,-0.0055047449
3.68291e-07,-0.0055226965
3.68391e-07,-0.0055262868
3.68491e-07,-0.0055119256
3.68591e-07,-0.0054846392
3.68691e-07,-0.0054587891
3.68791e-07,-0.005445864
3.68891e-07,-0.0054508904
3.68991e-07,-0.005470278
3.69091e-07,-0.0054918199
3.69191e-07,-0.0055033088
3.69291e-07,-0.0055004366
3.69391e-07,-0.0054860754
3.69491e-07,-0.0054717142
3.69591e-07,-0.0054688419
3.69691e-07,-0.005481767
3.69791e-07,-0.0055061811
3.69891e-07,-0.005529159
3.69991e-07,-0.0055377757
3.70091e-07,-0.0055248506
3.70191e-07,-0.0054946921
3.70291e-07,-0.0054595071
3.70391e-07,-0.005434375
3.70491e-07,-0.0054300666
3.70591e-07,-0.0054473001
3.70691e-07,-0.0054760225
3.70791e-07,-0.0055033088
3.70891e-07,-0.0055183881
3.70991e-07,-0.0055183881
3.71091e-07,-0.0055068991
3.71191e-07,-0.0054918199
3.71291e-07,-0.0054810489
3.71391e-07,-0.0054760225
3.71491e-07,-0.0054738683
3.71591e-07,-0.0054688419
3.71691e-07,-0.0054587891
3.71791e-07,-0.005446582
3.71891e-07,-0.0054358111
3.71991e-07,-0.005434375
3.72091e-07,-0.0054429917
3.72191e-07,-0.0054587891
3.72291e-07,-0.0054738683
3.72391e-07,-0.0054803309
3.72491e-07,-0.0054745864
3.72591e-07,-0.0054602252
3.72691e-07,-0.0054444278
3.72791e-07,-0.005434375
3.72891e-07,-0.0054329389
3.72991e-07,-0.0054372472
3.73091e-07,-0.0054394014
3.73191e-07,-0.005434375
3.73291e-07,-0.0054192957
3.73391e-07,-0.0053999081
3.73491e-07,-0.0053833927
3.73591e-07,-0.0053769301
3.73691e-07,-0.0053826746
3.73791e-07,-0.0053963178
3.73891e-07,-0.0054078068
3.73991e-07,-0.0054113971
3.74091e-07,-0.0054042165
3.74191e-07,-0.0053920094
3.74291e-07,-0.0053841108
3.74391e-07,-0.0053884191
3.74491e-07,-0.0054056526
3.74591e-07,-0.0054300666
3.74691e-07,-0.0054501723
3.74791e-07,-0.0054573529
3.74891e-07,-0.0054487362
3.74991e-07,-0.0054307847
3.75091e-07,-0.0054149874
3.75191e-07,-0.0054113971
3.75291e-07,-0.0054250402
3.75391e-07,-0.0054501723
3.75491e-07,-0.0054760225
3.75591e-07,-0.0054918199
3.75691e-07,-0.0054925379
3.75791e-07,-0.005481767
3.75891e-07,-0.005470278
3.75991e-07,-0.0054688419
3.76091e-07,-0.0054832031
3.76191e-07,-0.0055097714
3.76291e-07,-0.0055392119
3.76391e-07,-0.0055607537
3.76491e-07,-0.0055672162
3.76591e-07,-0.0055600356
3.76691e-07,-0.0055471105
3.76791e-07,-0.0055377757
3.76891e-07,-0.0055377757
3.76991e-07,-0.0055449563
3.77091e-07,-0.0055550092
3.77191e-07,-0.0055607537
3.77291e-07,-0.0055600356
3.77391e-07,-0.0055557273
3.77491e-07,-0.0055578814
3.77591e-07,-0.0055722426
3.77691e-07,-0.0056016831
3.77791e-07,-0.0056404584
3.77891e-07,-0.0056763614
3.77991e-07,-0.0056986213
3.78091e-07,-0.0057014936
3.78191e-07,-0.0056864143
3.78291e-07,-0.0056634364
3.78391e-07,-0.0056411765
3.78491e-07,-0.0056282514
3.78591e-07,-0.005623943
3.78691e-07,-0.0056260972
3.78791e-07,-0.0056296875
3.78891e-07,-0.0056325597
3.78991e-07,-0.0056383042
3.79091e-07,-0.0056512293
3.79191e-07,-0.0056756434
3.79291e-07,-0.0057079561
3.79391e-07,-0.0057395508
3.79491e-07,-0.0057589384
3.79591e-07,-0.0057560662
3.79691e-07,-0.0057309341
3.79791e-07,-0.0056921588
3.79891e-07,-0.0056541016
3.79991e-07,-0.0056296875
3.80091e-07,-0.0056260972
3.80191e-07,-0.0056390223
3.80291e-07,-0.005659846
3.80391e-07,-0.0056756434
3.80491e-07,-0.0056813879
3.80591e-07,-0.0056777976
3.80691e-07,-0.0056734892
3.80791e-07,-0.0056756434
3.80891e-07,-0.0056878504
3.80991e-07,-0.0057058019
3.81091e-07,-0.0057201631
3.81191e-07,-0.0057215993
3.81291e-07,-0.0057058019
3.81391e-07,-0.0056756434
3.81491e-07,-0.0056433307
3.81591e-07,-0.0056181985
3.81691e-07,-0.0056074276
3.81791e-07,-0.0056102999
3.81891e-07,-0.0056203527
3.81991e-07,-0.0056296875
3.82091e-07,-0.0056339959
3.82191e-07,-0.0056347139
3.82291e-07,-0.005635432
3.82391e-07,-0.0056411765
3.82491e-07,-0.0056505113
3.82591e-07,-0.0056584099
3.82691e-07,-0.0056569738
3.82791e-07,-0.0056411765
3.82891e-07,-0.0056138902
3.82991e-07,-0.0055837316
3.83091e-07,-0.0055629079
3.83191e-07,-0.0055607537
3.83291e-07,-0.0055779871
3.83391e-07,-0.0056059915
3.83491e-07,-0.0056311236
3.83591e-07,-0.0056411765
3.83691e-07,-0.0056332778
3.83791e-07,-0.0056131721
3.83891e-07,-0.0055923483
3.83991e-07,-0.0055837316
3.84091e-07,-0.0055916303
3.84191e-07,-0.0056102999
3.84291e-07,-0.0056304056
3.84391e-07,-0.0056411765
3.84491e-07,-0.0056375862
3.84591e-07,-0.005623943
3.84691e-07,-0.0056102999
3.84791e-07,-0.0056067096
3.84891e-07,-0.0056160443
3.84991e-07,-0.0056339959
3.85091e-07,-0.0056490751
3.85191e-07,-0.0056526654
3.85291e-07,-0.0056411765
3.85391e-07,-0.0056203527
3.85491e-07,-0.0056016831
3.85591e-07,-0.0055952206
3.85691e-07,-0.0056031193
3.85791e-07,-0.0056196347
3.85891e-07,-0.0056318417
3.85991e-07,-0.0056296875
3.86091e-07,-0.0056095818
3.86191e-07,-0.0055772691
3.86291e-07,-0.0055449563
3.86391e-07,-0.0055262868
3.86491e-07,-0.0055248506
3.86591e-07,-0.0055341854
3.86691e-07,-0.0055428022
3.86791e-07,-0.0055377757
3.86891e-07,-0.0055133617
3.86991e-07,-0.0054753045
3.87091e-07,-0.0054365292
3.87191e-07,-0.0054113971
3.87291e-07,-0.0054070887
3.87391e-07,-0.0054214499
3.87491e-07,-0.0054429917
3.87591e-07,-0.0054573529
3.87691e-07,-0.0054551988
3.87791e-07,-0.0054358111
3.87891e-07,-0.0054063706
3.87991e-07,-0.0053769301
3.88091e-07,-0.0053546703
3.88191e-07,-0.0053388729
3.88291e-07,-0.0053252298
3.88391e-07,-0.0053079963
3.88491e-07,-0.0052843003
3.88591e-07,-0.0052598863
3.88691e-07,-0.0052419347
3.88791e-07,-0.0052390625
3.88891e-07,-0.0052527057
3.88991e-07,-0.0052764017
3.89091e-07,-0.0052979435
3.89191e-07,-0.0053079963
3.89291e-07,-0.0053022518
3.89391e-07,-0.0052850184
3.89491e-07,-0.005268503
3.89591e-07,-0.0052620404
3.89691e-07,-0.0052706572
3.89791e-07,-0.0052900448
3.89891e-07,-0.0053101505
3.89991e-07,-0.0053194853
3.90091e-07,-0.0053144589
3.90191e-07,-0.0052993796
3.90291e-07,-0.0052857364
3.90391e-07,-0.0052850184
3.90491e-07,-0.0053015338
3.90591e-07,-0.0053316923
3.90691e-07,-0.0053640051
3.90791e-07,-0.0053884191
3.90891e-07,-0.0053977539
3.90991e-07,-0.0053948817
3.91091e-07,-0.0053884191
3.91191e-07,-0.0053884191
3.91291e-07,-0.0054006261
3.91391e-07,-0.0054214499
3.91491e-07,-0.0054429917
3.91591e-07,-0.0054573529
3.91691e-07,-0.0054609432
3.91791e-07,-0.0054573529
3.91891e-07,-0.0054573529
3.91991e-07,-0.0054688419
3.92091e-07,-0.005493974
3.92191e-07,-0.0055255687
3.92291e-07,-0.0055521369
3.92391e-07,-0.0055607537
3.92491e-07,-0.0055471105
3.92591e-07,-0.0055162339
3.92691e-07,-0.005481767
3.92791e-07,-0.0054573529
3.92891e-07,-0.0054508904
3.92991e-07,-0.0054616613
3.93091e-07,-0.0054796128
3.93191e-07,-0.0054918199
3.93291e-07,-0.0054903837
3.93391e-07,-0.0054745864
3.93491e-07,-0.0054530446
3.93591e-07,-0.005434375
3.93691e-07,-0.0054264763
3.93791e-07,-0.0054300666
3.93891e-07,-0.0054394014
3.93991e-07,-0.005445864
3.94091e-07,-0.0054451459
3.94191e-07,-0.0054394014
3.94291e-07,-0.0054329389
3.94391e-07,-0.005434375
3.94491e-07,-0.005445864
3.94591e-07,-0.0054645335
3.94691e-07,-0.0054824851
3.94791e-07,-0.0054918199
3.94891e-07,-0.0054889476
3.94991e-07,-0.0054774586
3.95091e-07,-0.0054638155
3.95191e-07,-0.0054573529
3.95291e-07,-0.0054616613
3.95391e-07,-0.0054753045
3.95491e-07,-0.0054911018
3.95591e-07,-0.0055033088
3.95691e-07,-0.0055097714
3.95791e-07,-0.0055126436
3.95891e-07,-0.0055205423
3.95991e-07,-0.0055377757
3.96091e-07,-0.005564344
3.96191e-07,-0.0055930664
3.96291e-07,-0.0056138902
3.96391e-07,-0.0056181985
3.96491e-07,-0.0056052734
3.96591e-07,-0.0055815774
3.96691e-07,-0.0055593176
3.96791e-07,-0.0055492647
3.96891e-07,-0.0055557273
3.96991e-07,-0.0055736788
3.97091e-07,-0.0055945025
3.97191e-07,-0.0056067096
3.97291e-07,-0.0056059915
3.97391e-07,-0.0055959386
3.97491e-07,-0.0055858858
3.97591e-07,-0.0055837316
3.97691e-07,-0.0055930664
3.97791e-07,-0.0056102999
3.97891e-07,-0.0056253791
3.97991e-07,-0.0056296875
3.98091e-07,-0.0056196347
3.98191e-07,-0.005599529
3.98291e-07,-0.0055801413
3.98391e-07,-0.0055722426
3.98491e-07,-0.0055794233
3.98591e-07,-0.0055988109
3.98691e-07,-0.0056189166
3.98791e-07,-0.0056296875
3.98891e-07,-0.0056253791
3.98991e-07,-0.0056081457
3.99091e-07,-0.0055866039
3.99191e-07,-0.0055722426
3.99291e-07,-0.0055693704
3.99391e-07,-0.0055772691
3.99491e-07,-0.005588758
3.99591e-07,-0.0055952206
3.99691e-07,-0.0055923483
3.99791e-07,-0.0055830136
3.99891e-07,-0.0055736788
3.99991e-07,-0.0055722426
4.00091e-07,-0.0055815774
4.00191e-07,-0.0055973748
4.00291e-07,-0.005612454
4.00391e-07,-0.0056181985
4.00491e-07,-0.005612454
4.00591e-07,-0.0055988109
4.00691e-07,-0.0055866039
4.00791e-07,-0.0055837316
4.00891e-07,-0.0055930664
4.00991e-07,-0.0056095818
4.01091e-07,-0.0056246611
4.01191e-07,-0.0056296875
4.01291e-07,-0.0056217888
4.01391e-07,-0.0056074276
4.01491e-07,-0.0055952206
4.01591e-07,-0.0055952206
4.01691e-07,-0.0056110179
4.01791e-07,-0.0056375862
4.01891e-07,-0.0056627183
4.01991e-07,-0.0056756434
4.02091e-07,-0.0056698989
4.02191e-07,-0.0056483571
4.02291e-07,-0.0056196347
4.02391e-07,-0.0055952206
4.02491e-07,-0.0055808594
4.02591e-07,-0.005576551
4.02691e-07,-0.005575833
4.02791e-07,-0.0055722426
4.02891e-07,-0.0055621898
4.02991e-07,-0.0055485466
4.03091e-07,-0.0055377757
4.03191e-07,-0.0055377757
4.03291e-07,-0.0055492647
4.03391e-07,-0.0055686523
4.03491e-07,-0.0055866039
4.03591e-07,-0.0055952206
4.03691e-07,-0.0055901942
4.03791e-07,-0.005575833
4.03891e-07,-0.0055600356
4.03991e-07,-0.0055492647
4.04091e-07,-0.0055471105
4.04191e-07,-0.0055507008
4.04291e-07,-0.0055535731
4.04391e-07,-0.0055492647
4.04491e-07,-0.0055392119
4.04591e-07,-0.0055298771
4.04691e-07,-0.0055313132
4.04791e-07,-0.0055492647
4.04891e-07,-0.0055830136
4.04991e-07,-0.0056225069
4.05091e-07,-0.0056533835
4.05191e-07,-0.0056641544
4.05291e-07,-0.0056519474
4.05391e-07,-0.0056246611
4.05491e-07,-0.0055966567
4.05591e-07,-0.0055837316
4.05691e-07,-0.0055923483
4.05791e-07,-0.0056181985
4.05891e-07,-0.0056505113
4.05991e-07,-0.0056756434
4.06091e-07,-0.0056849782
4.06191e-07,-0.0056799517
4.06291e-07,-0.0056691808
4.06391e-07,-0.0056641544
4.06491e-07,-0.005670617
4.06591e-07,-0.0056885685
4.06691e-07,-0.0057086742
4.06791e-07,-0.0057215993
4.06891e-07,-0.0057215993
4.06991e-07,-0.0057101103
4.07091e-07,-0.005695031
4.07191e-07,-0.0056871324
4.07291e-07,-0.0056928768
4.07391e-07,-0.0057108284
4.07491e-07,-0.0057352424
4.07591e-07,-0.0057560662
4.07691e-07,-0.0057675551
4.07791e-07,-0.0057682732
4.07891e-07,-0.0057625287
4.07991e-07,-0.0057560662
4.08091e-07,-0.0057517578
4.08191e-07,-0.0057488856
4.08291e-07,-0.0057431411
4.08391e-07,-0.0057330882
4.08491e-07,-0.005718727
4.08591e-07,-0.0057058019
4.08691e-07,-0.0057014936
4.08791e-07,-0.0057101103
4.08891e-07,-0.0057287799
4.08991e-07,-0.0057496036
4.09091e-07,-0.0057618107
4.09191e-07,-0.0057560662
4.09291e-07,-0.0057345244
4.09391e-07,-0.0057050839
4.09491e-07,-0.0056821059
4.09591e-07,-0.0056756434
4.09691e-07,-0.0056885685
4.09791e-07,-0.0057137006
4.09891e-07,-0.0057366785
4.09991e-07,-0.0057445772
4.10091e-07,-0.0057323702
4.10191e-07,-0.0057050839
4.10291e-07,-0.0056742073
4.10391e-07,-0.0056526654
4.10491e-07,-0.0056462029
4.10591e-07,-0.0056526654
4.10691e-07,-0.0056620002
4.10791e-07,-0.0056641544
4.10891e-07,-0.0056533835
4.10991e-07,-0.0056332778
4.11091e-07,-0.0056146082
4.11191e-07,-0.0056067096
4.11291e-07,-0.0056153263
4.11391e-07,-0.0056347139
4.11491e-07,-0.0056555377
4.11591e-07,-0.0056641544
4.11691e-07,-0.0056548196
4.11791e-07,-0.0056311236
4.11891e-07,-0.0056031193
4.11991e-07,-0.0055837316
4.12091e-07,-0.0055815774
4.12191e-07,-0.0055966567
4.12291e-07,-0.0056203527
4.12391e-07,-0.0056411765
4.12491e-07,-0.0056505113
4.12591e-07,-0.005647639
4.12691e-07,-0.0056375862
4.12791e-07,-0.0056296875
4.12891e-07,-0.0056304056
4.12991e-07,-0.0056397403
4.13091e-07,-0.0056541016
4.13191e-07,-0.0056641544
4.13291e-07,-0.0056663086
4.13391e-07,-0.0056612822
4.13491e-07,-0.0056541016
4.13591e-07,-0.0056526654
4.13691e-07,-0.0056605641
4.13791e-07,-0.0056763614
4.13891e-07,-0.005695031
4.13991e-07,-0.0057101103
4.14091e-07,-0.0057165728
4.14191e-07,-0.0057158548
4.14291e-07,-0.0057115464
4.14391e-07,-0.0057101103
4.14491e-07,-0.0057129825
4.14591e-07,-0.0057194451
4.14691e-07,-0.0057230354
4.14791e-07,-0.0057215993
4.14891e-07,-0.0057129825
4.14991e-07,-0.0057007755
4.15091e-07,-0.0056907227
4.15191e-07,-0.0056871324
4.15291e-07,-0.0056907227
4.15391e-07,-0.0056964671
4.15491e-07,-0.0057007755
4.15591e-07,-0.0056986213
4.15691e-07,-0.0056935949
4.15791e-07,-0.0056914407
4.15891e-07,-0.0057000574
4.15991e-07,-0.0057215993
4.16091e-07,-0.0057517578
4.16191e-07,-0.0057797622
4.16291e-07,-0.0057912511
4.16391e-07,-0.0057790441
4.16491e-07,-0.0057445772
4.16591e-07,-0.0057000574
4.16691e-07,-0.0056612822
4.16791e-07,-0.0056411765
4.16891e-07,-0.0056433307
4.16991e-07,-0.0056612822
4.17091e-07,-0.0056799517
4.17191e-07,-0.0056871324
4.17291e-07,-0.0056770795
4.17391e-07,-0.0056541016
4.17491e-07,-0.0056304056
4.17591e-07,-0.0056181985
4.17691e-07,-0.005623225
4.17791e-07,-0.0056418945
4.17891e-07,-0.0056634364
4.17991e-07,-0.0056756434
4.18091e-07,-0.0056720531
4.18191e-07,-0.0056548196
4.18291e-07,-0.0056296875
4.18391e-07,-0.0056067096
4.18491e-07,-0.0055894761
4.18591e-07,-0.005575833
4.18691e-07,-0.0055600356
4.18791e-07,-0.0055377757
4.18891e-07,-0.0055097714
4.18991e-07,-0.0054846392
4.19091e-07,-0.0054724322
4.19191e-07,-0.0054803309
4.19291e-07,-0.0055076172
4.19391e-07,-0.0055442383
4.19491e-07,-0.0055743968
4.19591e-07,-0.0055837316
4.19691e-07,-0.0055686523
4.19791e-07,-0.0055370577
4.19891e-07,-0.0055025908
4.19991e-07,-0.0054803309
4.20091e-07,-0.0054781767
4.20191e-07,-0.005493256
4.20291e-07,-0.0055133617
4.20391e-07,-0.0055262868
4.20491e-07,-0.0055241326
4.20591e-07,-0.0055090533
4.20691e-07,-0.0054911018
4.20791e-07,-0.0054803309
4.20891e-07,-0.0054832031
4.20991e-07,-0.0054968463
4.21091e-07,-0.0055112075
4.21191e-07,-0.0055147978
4.21291e-07,-0.0055025908
4.21391e-07,-0.0054788948
4.21491e-07,-0.0054516085
4.21591e-07,-0.005434375
4.21691e-07,-0.0054322208
4.21791e-07,-0.0054437098
4.21891e-07,-0.0054595071
4.21991e-07,-0.0054688419
4.22091e-07,-0.0054659697
4.22191e-07,-0.0054530446
4.22291e-07,-0.0054386834
4.22391e-07,-0.005434375
4.22491e-07,-0.0054444278
4.22591e-07,-0.0054666877
4.22691e-07,-0.0054896657
4.22791e-07,-0.0055033088
4.22891e-07,-0.0055004366
4.22991e-07,-0.0054824851
4.23091e-07,-0.0054602252
4.23191e-07,-0.005445864
4.23291e-07,-0.0054473001
4.23391e-07,-0.0054645335
4.23491e-07,-0.0054911018
4.23591e-07,-0.0055147978
4.23691e-07,-0.0055284409
4.23791e-07,-0.0055313132
4.23891e-07,-0.0055277229
4.23991e-07,-0.0055262868
4.24091e-07,-0.0055334674
4.24191e-07,-0.0055499828
4.24291e-07,-0.0055693704
4.24391e-07,-0.0055837316
4.24491e-07,-0.0055873219
4.24591e-07,-0.0055801413
4.24691e-07,-0.0055686523
4.24791e-07,-0.0055607537
4.24891e-07,-0.0055629079
4.24991e-07,-0.005576551
4.25091e-07,-0.0055973748
4.25191e-07,-0.0056181985
4.25291e-07,-0.0056347139
4.25391e-07,-0.0056454848
4.25491e-07,-0.0056541016
4.25591e-07,-0.0056641544
4.25691e-07,-0.0056785156
4.25791e-07,-0.0056964671
4.25891e-07,-0.0057122645
4.25991e-07,-0.0057215993
4.26091e-07,-0.0057230354
4.26191e-07,-0.0057194451
4.26291e-07,-0.0057172909
4.26391e-07,-0.0057215993
4.26491e-07,-0.0057345244
4.26591e-07,-0.0057531939
4.26691e-07,-0.0057704274
4.26791e-07,-0.0057790441
4.26891e-07,-0.0057761719
4.26991e-07,-0.0057639648
4.27091e-07,-0.0057510398
4.27191e-07,-0.0057445772
4.27291e-07,-0.0057481675
4.27391e-07,-0.0057603745
4.27491e-07,-0.0057732996
4.27591e-07,-0.0057790441
4.27691e-07,-0.0057725816
4.27791e-07,-0.0057546301
4.27891e-07,-0.0057309341
4.27991e-07,-0.0057101103
4.28091e-07,-0.0056971852
4.28191e-07,-0.005694313
4.28291e-07,-0.0056964671
4.28391e-07,-0.0056986213
4.28491e-07,-0.0056964671
4.28591e-07,-0.0056885685
4.28691e-07,-0.0056763614
4.28791e-07,-0.0056641544
4.28891e-07,-0.0056533835
4.28991e-07,-0.0056433307
4.29091e-07,-0.0056325597
4.29191e-07,-0.0056181985
4.29291e-07,-0.0056016831
4.29391e-07,-0.0055851677
4.29491e-07,-0.0055743968
4.29591e-07,-0.0055722426
4.29691e-07,-0.0055779871
4.29791e-07,-0.0055873219
4.29891e-07,-0.0055945025
4.29991e-07,-0.0055952206
4.30091e-07,-0.0055901942
4.30191e-07,-0.0055822955
4.30291e-07,-0.0055787052
4.30391e-07,-0.0055837316
4.30491e-07,-0.0055959386
4.30591e-07,-0.0056102999
4.30691e-07,-0.0056196347
4.30791e-07,-0.0056181985
4.30891e-07,-0.0056052734
4.30991e-07,-0.0055866039
4.31091e-07,-0.0055700885
4.31191e-07,-0.0055607537
4.31291e-07,-0.0055614717
4.31391e-07,-0.0055672162
4.31491e-07,-0.0055729607
4.31591e-07,-0.0055722426
4.31691e-07,-0.0055657801
4.31791e-07,-0.0055578814
4.31891e-07,-0.0055550092
4.31991e-07,-0.0055607537
4.32091e-07,-0.0055743968
4.32191e-07,-0.00558804
4.32291e-07,-0.0055930664
4.32391e-07,-0.0055837316
4.32491e-07,-0.0055621898
4.32591e-07,-0.0055363396
4.32691e-07,-0.00551767
4.32791e-07,-0.0055147978
4.32891e-07,-0.005529159
4.32991e-07,-0.005552855
4.33091e-07,-0.0055743968
4.33191e-07,-0.0055837316
4.33291e-07,-0.0055779871
4.33391e-07,-0.0055621898
4.33491e-07,-0.0055456744
4.33591e-07,-0.0055377757
4.33691e-07,-0.0055420841
4.33791e-07,-0.0055550092
4.33891e-07,-0.0055679343
4.33991e-07,-0.0055722426
4.34091e-07,-0.0055672162
4.34191e-07,-0.0055571634
4.34291e-07,-0.005552855
4.34391e-07,-0.0055607537
4.34491e-07,-0.0055830136
4.34591e-07,-0.0056110179
4.34691e-07,-0.0056339959
4.34791e-07,-0.0056411765
4.34891e-07,-0.0056296875
4.34991e-07,-0.0056067096
4.35091e-07,-0.0055830136
4.35191e-07,-0.0055722426
4.35291e-07,-0.0055787052
4.35391e-07,-0.0055980928
4.35491e-07,-0.0056189166
4.35591e-07,-0.0056296875
4.35691e-07,-0.0056246611
4.35791e-07,-0.0056059915
4.35891e-07,-0.0055851677
4.35991e-07,-0.0055722426
4.36091e-07,-0.0055743968
4.36191e-07,-0.005588758
4.36291e-07,-0.0056067096
4.36391e-07,-0.0056181985
4.36491e-07,-0.0056167624
4.36591e-07,-0.0056031193
4.36691e-07,-0.0055858858
4.36791e-07,-0.0055722426
4.36891e-07,-0.0055679343
4.36991e-07,-0.0055715246
4.37091e-07,-0.005575833
4.37191e-07,-0.0055722426
4.37291e-07,-0.0055578814
4.37391e-07,-0.0055363396
4.37491e-07,-0.0055147978
4.37591e-07,-0.0055033088
4.37691e-07,-0.005505463
4.37791e-07,-0.0055191062
4.37891e-07,-0.0055370577
4.37991e-07,-0.0055492647
4.38091e-07,-0.005552855
4.38191e-07,-0.0055492647
4.38291e-07,-0.0055456744
4.38391e-07,-0.0055492647
4.38491e-07,-0.0055621898
4.38591e-07,-0.0055794233
4.38691e-07,-0.0055930664
4.38791e-07,-0.0055952206
4.38891e-07,-0.0055822955
4.38991e-07,-0.0055578814
4.39091e-07,-0.0055327493
4.39191e-07,-0.0055147978
4.39291e-07,-0.0055097714
4.39391e-07,-0.0055147978
4.39491e-07,-0.0055234145
4.39591e-07,-0.0055262868
4.39691e-07,-0.0055205423
4.39791e-07,-0.0055083352
4.39891e-07,-0.0054968463
4.39991e-07,-0.0054918199
4.40091e-07,-0.0054961282
4.40191e-07,-0.0055040269
4.40291e-07,-0.0055090533
4.40391e-07,-0.0055033088
4.40491e-07,-0.0054853573
4.40591e-07,-0.0054616613
4.40691e-07,-0.0054422737
4.40791e-07,-0.005434375
4.40891e-07,-0.0054415556
4.40991e-07,-0.005458071
4.41091e-07,-0.0054738683
4.41191e-07,-0.0054803309
4.41291e-07,-0.0054745864
4.41391e-07,-0.0054623794
4.41491e-07,-0.0054537626
4.41591e-07,-0.0054573529
4.41691e-07,-0.0054760225
4.41791e-07,-0.0055033088
4.41891e-07,-0.0055277229
4.41991e-07,-0.0055377757
4.42091e-07,-0.0055284409
4.42191e-07,-0.0055061811
4.42291e-07,-0.005481767
4.42391e-07,-0.0054688419
4.42491e-07,-0.0054745864
4.42591e-07,-0.0054968463
4.42691e-07,-0.0055262868
4.42791e-07,-0.0055492647
4.42891e-07,-0.0055578814
4.42991e-07,-0.0055521369
4.43091e-07,-0.0055384938
4.43191e-07,-0.0055262868
4.43291e-07,-0.0055219784
4.43391e-07,-0.0055277229
4.43491e-07,-0.0055384938
4.43591e-07,-0.0055492647
4.43691e-07,-0.0055557273
4.43791e-07,-0.0055607537
4.43891e-07,-0.0055679343
4.43991e-07,-0.0055837316
4.44091e-07,-0.0056081457
4.44191e-07,-0.0056368681
4.44291e-07,-0.0056620002
4.44391e-07,-0.0056756434
4.44491e-07,-0.0056763614
4.44591e-07,-0.0056684628
4.44691e-07,-0.0056612822
4.44791e-07,-0.0056641544
4.44891e-07,-0.0056792337
4.44991e-07,-0.0057036477
4.45091e-07,-0.0057280618
4.45191e-07,-0.0057445772
4.45291e-07,-0.0057503217
4.45391e-07,-0.0057488856
4.45491e-07,-0.0057481675
4.45591e-07,-0.0057560662
4.45691e-07,-0.0057740177
4.45791e-07,-0.0057977137
4.45891e-07,-0.0058178194
4.45991e-07,-0.005825
4.46091e-07,-0.0058178194
4.46191e-07,-0.0058005859
4.46291e-07,-0.0057847886
4.46391e-07,-0.0057790441
4.46491e-07,-0.0057869428
4.46591e-07,-0.0058048943
4.46691e-07,-0.0058206916
4.46791e-07,-0.005825
4.46891e-07,-0.005812793
4.46991e-07,-0.0057883789
4.47091e-07,-0.0057618107
4.47191e-07,-0.0057445772
4.47291e-07,-0.0057431411
4.47391e-07,-0.0057553481
4.47491e-07,-0.0057747358
4.47591e-07,-0.0057905331
4.47691e-07,-0.0057969956
4.47791e-07,-0.0057934053
4.47891e-07,-0.0057847886
4.47991e-07,-0.0057790441
4.48091e-07,-0.0057790441
4.48191e-07,-0.0057819164
4.48291e-07,-0.0057840705
4.48391e-07,-0.0057790441
4.48491e-07,-0.005766119
4.48591e-07,-0.0057488856
4.48691e-07,-0.0057359605
4.48791e-07,-0.0057330882
4.48891e-07,-0.005741705
4.48991e-07,-0.0057560662
4.49091e-07,-0.0057668371
4.49191e-07,-0.0057675551
4.49291e-07,-0.0057553481
4.49391e-07,-0.0057373966
4.49491e-07,-0.0057230354
4.49591e-07,-0.0057215993
4.49691e-07,-0.0057352424
4.49791e-07,-0.0057589384
4.49891e-07,-0.0057804802
4.49991e-07,-0.0057905331
4.50091e-07,-0.0057847886
4.50191e-07,-0.0057682732
4.50291e-07,-0.0057510398
4.50391e-07,-0.0057445772
4.50491e-07,-0.005753912
4.50591e-07,-0.0057747358
4.50691e-07,-0.0057984318
4.50791e-07,-0.005813511
4.50891e-07,-0.0058142291
4.50991e-07,-0.0058020221
4.51091e-07,-0.0057869428
4.51191e-07,-0.0057790441
4.51291e-07,-0.0057847886
4.51391e-07,-0.0058034582
4.51491e-07,-0.0058271542
4.51591e-07,-0.0058479779
4.51691e-07,-0.0058587489
4.51791e-07,-0.0058587489
4.51891e-07,-0.0058530044
4.51991e-07,-0.0058479779
4.52091e-07,-0.0058465418
4.52191e-07,-0.0058465418
4.52291e-07,-0.0058451057
4.52391e-07,-0.005836489
4.52491e-07,-0.0058214097
4.52591e-07,-0.0058056124
4.52691e-07,-0.0057969956
4.52791e-07,-0.0058020221
4.52891e-07,-0.0058221278
4.52991e-07,-0.0058494141
4.53091e-07,-0.0058731101
4.53191e-07,-0.0058824449
4.53291e-07,-0.0058731101
4.53391e-07,-0.0058494141
4.53491e-07,-0.0058221278
4.53591e-07,-0.0058020221
4.53691e-07,-0.0057948415
4.53791e-07,-0.0057998679
4.53891e-07,-0.0058092027
4.53991e-07,-0.005813511
4.54091e-07,-0.0058092027
4.54191e-07,-0.0057969956
4.54291e-07,-0.0057840705
4.54391e-07,-0.0057790441
4.54491e-07,-0.0057840705
4.54591e-07,-0.0057948415
4.54691e-07,-0.0058041762
4.54791e-07,-0.0058020221
4.54891e-07,-0.0057855067
4.54991e-07,-0.0057575023
4.55091e-07,-0.0057287799
4.55191e-07,-0.0057101103
4.55291e-07,-0.0057072381
4.55391e-07,-0.0057194451
4.55491e-07,-0.0057395508
4.55591e-07,-0.0057560662
4.55691e-07,-0.0057632468
4.55791e-07,-0.0057596565
4.55891e-07,-0.0057510398
4.55991e-07,-0.0057445772
4.56091e-07,-0.0057460133
4.56191e-07,-0.0057553481
4.56291e-07,-0.0057682732
4.56391e-07,-0.0057790441
4.56491e-07,-0.0057826344
4.56591e-07,-0.0057797622
4.56691e-07,-0.0057725816
4.56791e-07,-0.0057675551
4.56891e-07,-0.005766119
4.56991e-07,-0.0057675551
4.57091e-07,-0.0057689913
4.57191e-07,-0.0057675551
4.57291e-07,-0.0057639648
4.57391e-07,-0.0057618107
4.57491e-07,-0.005765401
4.57591e-07,-0.0057790441
4.57691e-07,-0.0057998679
4.57791e-07,-0.0058206916
4.57891e-07,-0.0058350528
4.57991e-07,-0.005836489
4.58091e-07,-0.0058264361
4.58191e-07,-0.0058120749
4.58291e-07,-0.0058020221
4.58391e-07,-0.0058020221
4.58491e-07,-0.005812793
4.58591e-07,-0.0058278722
4.58691e-07,-0.0058379251
4.58791e-07,-0.005836489
4.58891e-07,-0.005825
4.58991e-07,-0.0058106388
4.59091e-07,-0.0058041762
4.59191e-07,-0.005813511
4.59291e-07,-0.0058386432
4.59391e-07,-0.0058702378
4.59491e-07,-0.005896088
4.59591e-07,-0.0059054228
4.59691e-07,-0.0058953699
4.59791e-07,-0.005872392
4.59891e-07,-0.0058494141
4.59991e-07,-0.005836489
4.60091e-07,-0.0058393612
4.60191e-07,-0.0058522863
4.60291e-07,-0.0058659295
4.60391e-07,-0.0058709559
4.60491e-07,-0.0058637753
4.60591e-07,-0.005848696
4.60691e-07,-0.005836489
4.60791e-07,-0.005836489
4.60891e-07,-0.0058508502
4.60991e-07,-0.0058731101
4.61091e-07,-0.0058910616
4.61191e-07,-0.0058939338
4.61291e-07,-0.0058774184
4.61391e-07,-0.0058479779
4.61491e-07,-0.0058185375
4.61591e-07,-0.0058020221
4.61691e-07,-0.0058056124
4.61791e-07,-0.0058257181
4.61891e-07,-0.0058515682
4.61991e-07,-0.0058709559
4.62091e-07,-0.0058752642
4.62191e-07,-0.0058644933
4.62291e-07,-0.0058479779
4.62391e-07,-0.005836489
4.62491e-07,-0.0058357709
4.62591e-07,-0.0058465418
4.62691e-07,-0.0058616211
4.62791e-07,-0.0058709559
4.62891e-07,-0.0058702378
4.62991e-07,-0.0058594669
4.63091e-07,-0.0058451057
