LECROYHDO6104B,11090,Waveform
Segments,1,SegmentSize,5002
Segment,TrigTime,TimeSinceSegment1
#1,04-May-2026 18:27:49,0                 
Time,Ampl
-3.708913e-08,-0.004996358
-3.698913e-08,-0.0049669175
-3.688913e-08,-0.0049353228
-3.678913e-08,-0.0049173713
-3.668913e-08,-0.0049209616
-3.658913e-08,-0.0049432215
-3.648913e-08,-0.0049733801
-3.638913e-08,-0.0049977941
-3.628913e-08,-0.005008565
-3.618913e-08,-0.0050071289
-3.608913e-08,-0.0049999483
-3.598913e-08,-0.0049977941
-3.588913e-08,-0.0050064108
-3.578913e-08,-0.0050229262
-3.568913e-08,-0.0050387236
-3.558913e-08,-0.00504375
-3.548913e-08,-0.0050344152
-3.538913e-08,-0.0050135915
-3.528913e-08,-0.0049942038
-3.518913e-08,-0.0049863051
-3.508913e-08,-0.0049970761
-3.498913e-08,-0.0050229262
-3.488913e-08,-0.0050545209
-3.478913e-08,-0.0050782169
-3.468913e-08,-0.0050875517
-3.458913e-08,-0.0050846795
-3.448913e-08,-0.0050774989
-3.438913e-08,-0.0050782169
-3.428913e-08,-0.0050940142
-3.418913e-08,-0.0051234547
-3.408913e-08,-0.0051564855
-3.398913e-08,-0.0051816176
-3.388913e-08,-0.0051902344
-3.378913e-08,-0.0051816176
-3.368913e-08,-0.0051629481
-3.358913e-08,-0.0051471507
-3.348913e-08,-0.0051421243
-3.338913e-08,-0.005150023
-3.328913e-08,-0.0051665384
-3.318913e-08,-0.0051816176
-3.308913e-08,-0.0051887983
-3.298913e-08,-0.005185208
-3.288913e-08,-0.0051765912
-3.278913e-08,-0.0051701287
-3.268913e-08,-0.0051715648
-3.258913e-08,-0.0051816176
-3.248913e-08,-0.0051952608
-3.238913e-08,-0.0052045956
-3.228913e-08,-0.0052038775
-3.218913e-08,-0.0051902344
-3.208913e-08,-0.0051694106
-3.198913e-08,-0.0051471507
-3.188913e-08,-0.0051299173
-3.178913e-08,-0.0051205825
-3.168913e-08,-0.0051162741
-3.158913e-08,-0.0051126838
-3.148913e-08,-0.0051069393
-3.138913e-08,-0.0050976045
-3.128913e-08,-0.0050868336
-3.118913e-08,-0.0050782169
-3.108913e-08,-0.0050731905
-3.098913e-08,-0.0050703182
-3.088913e-08,-0.0050652918
-3.078913e-08,-0.005055239
-3.068913e-08,-0.0050387236
-3.058913e-08,-0.0050178998
-3.048913e-08,-0.0049985122
-3.038913e-08,-0.0049863051
-3.028913e-08,-0.0049827148
-3.018913e-08,-0.004984869
-3.008913e-08,-0.0049884593
-2.998913e-08,-0.0049863051
-2.988913e-08,-0.0049769704
-2.978913e-08,-0.0049626091
-2.968913e-08,-0.0049482479
-2.958913e-08,-0.0049403493
-2.948913e-08,-0.0049410673
-2.938913e-08,-0.0049482479
-2.928913e-08,-0.0049575827
-2.918913e-08,-0.0049633272
-2.908913e-08,-0.0049626091
-2.898913e-08,-0.0049575827
-2.888913e-08,-0.0049525563
-2.878913e-08,-0.0049518382
-2.868913e-08,-0.0049583008
-2.858913e-08,-0.0049712259
-2.848913e-08,-0.0049855871
-2.838913e-08,-0.0049977941
-2.828913e-08,-0.0050056928
-2.818913e-08,-0.0050100011
-2.808913e-08,-0.0050135915
-2.798913e-08,-0.0050207721
-2.788913e-08,-0.0050308249
-2.778913e-08,-0.0050415958
-2.768913e-08,-0.0050502125
-2.758913e-08,-0.005055239
-2.748913e-08,-0.0050573932
-2.738913e-08,-0.0050617015
-2.728913e-08,-0.0050717544
-2.718913e-08,-0.0050897059
-2.708913e-08,-0.0051119658
-2.698913e-08,-0.0051320715
-2.688913e-08,-0.0051449966
-2.678913e-08,-0.0051471507
-2.668913e-08,-0.0051428424
-2.658913e-08,-0.0051406882
-2.648913e-08,-0.0051485869
-2.638913e-08,-0.0051701287
-2.628913e-08,-0.0052010053
-2.618913e-08,-0.0052318819
-2.608913e-08,-0.0052505515
-2.598913e-08,-0.0052505515
-2.588913e-08,-0.0052347541
-2.578913e-08,-0.0052132123
-2.568913e-08,-0.0051995692
-2.558913e-08,-0.0052045956
-2.548913e-08,-0.0052275735
-2.538913e-08,-0.0052598863
-2.528913e-08,-0.0052871726
-2.518913e-08,-0.0052965074
-2.508913e-08,-0.0052850184
-2.498913e-08,-0.0052598863
-2.488913e-08,-0.0052361903
-2.478913e-08,-0.0052275735
-2.468913e-08,-0.0052412167
-2.458913e-08,-0.0052720933
-2.448913e-08,-0.0053072783
-2.438913e-08,-0.0053309743
-2.428913e-08,-0.0053345646
-2.418913e-08,-0.0053187672
-2.408913e-08,-0.0052936351
-2.398913e-08,-0.0052735294
-2.388913e-08,-0.0052677849
-2.378913e-08,-0.0052771197
-2.368913e-08,-0.0052950712
-2.358913e-08,-0.0053079963
-2.348913e-08,-0.0053065602
-2.338913e-08,-0.0052871726
-2.328913e-08,-0.005257014
-2.318913e-08,-0.0052275735
-2.308913e-08,-0.0052103401
-2.298913e-08,-0.0052103401
-2.288913e-08,-0.0052268555
-2.278913e-08,-0.0052505515
-2.268913e-08,-0.0052728114
-2.258913e-08,-0.0052878906
-2.248913e-08,-0.0052943532
-2.238913e-08,-0.0052965074
-2.228913e-08,-0.0052986615
-2.218913e-08,-0.005303688
-2.208913e-08,-0.0053115866
-2.198913e-08,-0.0053194853
-2.188913e-08,-0.0053237937
-2.178913e-08,-0.0053237937
-2.168913e-08,-0.0053216395
-2.158913e-08,-0.0053194853
-2.148913e-08,-0.0053202034
-2.138913e-08,-0.0053230756
-2.128913e-08,-0.0053245117
-2.118913e-08,-0.0053194853
-2.108913e-08,-0.0053051241
-2.098913e-08,-0.0052821461
-2.088913e-08,-0.0052541418
-2.078913e-08,-0.0052275735
-2.068913e-08,-0.0052060317
-2.058913e-08,-0.0051916705
-2.048913e-08,-0.0051816176
-2.038913e-08,-0.0051701287
-2.028913e-08,-0.0051521772
-2.018913e-08,-0.0051248909
-2.008913e-08,-0.0050882698
-1.998913e-08,-0.00504375
-1.988913e-08,-0.0049927677
-1.978913e-08,-0.004936759
-1.968913e-08,-0.0048742877
-1.958913e-08,-0.0048024816
-1.948913e-08,-0.0047213408
-1.938913e-08,-0.0046330193
-1.928913e-08,-0.0045396714
-1.918913e-08,-0.0044463235
-1.908913e-08,-0.0043551298
-1.898913e-08,-0.0042639361
-1.888913e-08,-0.0041698702
-1.878913e-08,-0.0040671875
-1.868913e-08,-0.0039508617
-1.858913e-08,-0.0038194566
-1.848913e-08,-0.0036765625
-1.838913e-08,-0.0035272059
-1.828913e-08,-0.0033778493
-1.818913e-08,-0.0032335191
-1.808913e-08,-0.0030956514
-1.798913e-08,-0.0029642463
-1.788913e-08,-0.0028364315
-1.778913e-08,-0.0027093348
-1.768913e-08,-0.0025836742
-1.758913e-08,-0.0024587316
-1.748913e-08,-0.0023352252
-1.738913e-08,-0.0022124368
-1.728913e-08,-0.0020896484
-1.718913e-08,-0.0019647059
-1.708913e-08,-0.0018368911
-1.698913e-08,-0.001706204
-1.688913e-08,-0.001575517
-1.678913e-08,-0.0014477022
-1.668913e-08,-0.0013277861
-1.658913e-08,-0.0012186409
-1.648913e-08,-0.0011209846
-1.638913e-08,-0.0010340993
-1.628913e-08,-0.00095439453
-1.618913e-08,-0.00087971622
-1.608913e-08,-0.0008071921
-1.598913e-08,-0.00073538603
-1.588913e-08,-0.00066429802
-1.578913e-08,-0.00059608226
-1.568913e-08,-0.00053073874
-1.558913e-08,-0.00047113971
-1.548913e-08,-0.00041872128
-1.538913e-08,-0.00037420152
-1.528913e-08,-0.00033829848
-1.518913e-08,-0.00031029412
-1.508913e-08,-0.00028803424
-1.498913e-08,-0.00026936466
-1.488913e-08,-0.00025069508
-1.478913e-08,-0.00022987132
-1.468913e-08,-0.00020689338
-1.458913e-08,-0.00018391544
-1.448913e-08,-0.00016380974
-1.438913e-08,-0.00014944853
-1.428913e-08,-0.00014370404
-1.418913e-08,-0.00014585823
-1.408913e-08,-0.00015375689
-1.398913e-08,-0.0001609375
-1.388913e-08,-0.00016380974
-1.378913e-08,-0.00015806526
-1.368913e-08,-0.0001444221
-1.358913e-08,-0.00012647059
-1.348913e-08,-0.00010851907
-1.338913e-08,-9.7030101e-05
-1.328913e-08,-9.559398e-05
-1.318913e-08,-0.00010349265
-1.308913e-08,-0.00011785386
-1.298913e-08,-0.00013436926
-1.288913e-08,-0.00014585823
-1.278913e-08,-0.00014944853
-1.268913e-08,-0.00014514017
-1.258913e-08,-0.00013652344
-1.248913e-08,-0.00012862477
-1.238913e-08,-0.00012647059
-1.228913e-08,-0.00013221507
-1.218913e-08,-0.0001444221
-1.208913e-08,-0.00016021944
-1.198913e-08,-0.00017242647
-1.188913e-08,-0.0001774529
-1.178913e-08,-0.00017314453
-1.168913e-08,-0.00016237362
-1.158913e-08,-0.00014944853
-1.148913e-08,-0.0001408318
-1.138913e-08,-0.00013867762
-1.128913e-08,-0.00014298598
-1.118913e-08,-0.00014944853
-1.108913e-08,-0.00015160271
-1.098913e-08,-0.00014370404
-1.088913e-08,-0.00012647059
-1.078913e-08,-0.00010349265
-1.068913e-08,-8.1950827e-05
-1.058913e-08,-6.9025735e-05
-1.048913e-08,-6.9025735e-05
-1.038913e-08,-8.0514706e-05
-1.028913e-08,-9.559398e-05
-1.018913e-08,-0.00010492877
-1.008913e-08,-0.0001006204
-9.98913e-09,-8.0514706e-05
-9.88913e-09,-4.9638097e-05
-9.78913e-09,-1.8043428e-05
-9.68913e-09,4.2164522e-06
-9.58913e-09,1.1397059e-05
-9.48913e-09,2.0622702e-06
-9.38913e-09,-1.6607307e-05
-9.28913e-09,-3.5276884e-05
-9.18913e-09,-4.6047794e-05
-9.08913e-09,-4.4611673e-05
-8.98913e-09,-3.3840763e-05
-8.88913e-09,-2.019761e-05
-8.78913e-09,-1.1580882e-05
-8.68913e-09,-1.3017004e-05
-8.58913e-09,-2.5224035e-05
-8.48913e-09,-4.173943e-05
-8.38913e-09,-5.7536765e-05
-8.28913e-09,-6.6871553e-05
-8.18913e-09,-6.7589614e-05
-8.08913e-09,-6.328125e-05
-7.98913e-09,-5.7536765e-05
-7.88913e-09,-5.5382583e-05
-7.78913e-09,-5.7536765e-05
-7.68913e-09,-6.3999311e-05
-7.58913e-09,-6.9025735e-05
-7.48913e-09,-7.0461857e-05
-7.38913e-09,-6.5435432e-05
-7.28913e-09,-5.6818704e-05
-7.18913e-09,-4.6047794e-05
-7.08913e-09,-3.7431066e-05
-6.98913e-09,-3.3122702e-05
-6.88913e-09,-3.2404642e-05
-6.78913e-09,-3.4558824e-05
-6.68913e-09,-3.6713006e-05
-6.58913e-09,-3.7431066e-05
-6.48913e-09,-3.5994945e-05
-6.38913e-09,-3.4558824e-05
-6.28913e-09,-3.3122702e-05
-6.18913e-09,-3.3122702e-05
-6.08913e-09,-3.3840763e-05
-5.98913e-09,-3.4558824e-05
-5.88913e-09,-3.5276884e-05
-5.78913e-09,-3.6713006e-05
-5.68913e-09,-3.9585248e-05
-5.58913e-09,-4.6047794e-05
-5.48913e-09,-5.6100643e-05
-5.38913e-09,-6.9025735e-05
-5.28913e-09,-8.1950827e-05
-5.18913e-09,-9.2003676e-05
-5.08913e-09,-9.8466222e-05
-4.98913e-09,-0.00010133847
-4.88913e-09,-0.00010205653
-4.78913e-09,-0.00010349265
-4.68913e-09,-0.00010780101
-4.58913e-09,-0.00011569968
-4.48913e-09,-0.00012647059
-4.38913e-09,-0.00013795956
-4.28913e-09,-0.00014801241
-4.18913e-09,-0.00015519301
-4.08913e-09,-0.00015950138
-3.98913e-09,-0.0001609375
-3.88913e-09,-0.00016021944
-3.78913e-09,-0.0001573472
-3.68913e-09,-0.00015375689
-3.58913e-09,-0.00014944853
-3.48913e-09,-0.00014514017
-3.38913e-09,-0.0001408318
-3.28913e-09,-0.00013867762
-3.18913e-09,-0.00013795956
-3.08913e-09,-0.0001372415
-2.98913e-09,-0.00013580538
-2.88913e-09,-0.00013221507
-2.78913e-09,-0.00012647059
-2.68913e-09,-0.00011928998
-2.58913e-09,-0.00011426356
-2.48913e-09,-0.00011282744
-2.38913e-09,-0.00011498162
-2.28913e-09,-0.00012000804
-2.18913e-09,-0.00012359835
-2.08913e-09,-0.00012288028
-1.98913e-09,-0.00011498162
-1.88913e-09,-0.0001006204
-1.78913e-09,-8.2668888e-05
-1.68913e-09,-6.7589614e-05
-1.58913e-09,-5.7536765e-05
-1.48913e-09,-5.5382583e-05
-1.38913e-09,-5.9690947e-05
-1.28913e-09,-6.5435432e-05
-1.18913e-09,-6.9025735e-05
-1.08913e-09,-6.6871553e-05
-9.891297e-10,-5.8972886e-05
-8.891297e-10,-4.6765855e-05
-7.891297e-10,-3.4558824e-05
-6.891297e-10,-2.5224035e-05
-5.891297e-10,-2.019761e-05
-4.891297e-10,-2.019761e-05
-3.891297e-10,-2.3069853e-05
-2.891297e-10,-2.7378217e-05
-1.891297e-10,-2.9532399e-05
-8.912972e-11,-2.8814338e-05
1.087028e-11,-2.3069853e-05
1.108703e-10,-1.2298943e-05
2.108703e-10,2.0622702e-06
3.108703e-10,1.9295726e-05
4.108703e-10,3.4375e-05
5.108703e-10,4.4427849e-05
6.108703e-10,4.7300092e-05
7.108703e-10,4.2991728e-05
8.108703e-10,3.4375e-05
9.108703e-10,2.7912454e-05
1.01087e-09,3.0066636e-05
1.11087e-09,4.4427849e-05
1.21087e-09,6.8841912e-05
1.31087e-09,9.7564338e-05
1.41087e-09,0.00012054228
1.51087e-09,0.00013131319
1.61087e-09,0.00012628676
1.71087e-09,0.00010833525
1.81087e-09,8.6075368e-05
1.91087e-09,7.0996094e-05
2.01087e-09,6.8841912e-05
2.11087e-09,8.1767004e-05
2.21087e-09,0.00010330882
2.31087e-09,0.0001255687
2.41087e-09,0.00013777574
2.51087e-09,0.00013633961
2.61087e-09,0.00012413258
2.71087e-09,0.00010618107
2.81087e-09,9.1819853e-05
2.91087e-09,8.6075368e-05
3.01087e-09,8.9665671e-05
3.11087e-09,9.7564338e-05
3.21087e-09,0.00010330882
3.31087e-09,0.00010330882
3.41087e-09,9.6846278e-05
3.51087e-09,8.7511489e-05
3.61087e-09,8.0330882e-05
3.71087e-09,7.9612822e-05
3.81087e-09,8.4639246e-05
3.91087e-09,9.1101792e-05
4.01087e-09,9.1819853e-05
4.11087e-09,8.2485064e-05
4.21087e-09,6.1661305e-05
4.31087e-09,3.5811121e-05
4.41087e-09,1.1397059e-05
4.51087e-09,-3.6822151e-06
4.61087e-09,-6.5544577e-06
4.71087e-09,1.3442096e-06
4.81087e-09,1.1397059e-05
4.91087e-09,1.6423483e-05
5.01087e-09,1.2115119e-05
5.11087e-09,-2.9641544e-06
5.21087e-09,-2.3069853e-05
5.31087e-09,-4.0303309e-05
5.41087e-09,-4.8201976e-05
5.51087e-09,-4.4611673e-05
5.61087e-09,-3.4558824e-05
5.71087e-09,-2.4505974e-05
5.81087e-09,-2.3069853e-05
5.91087e-09,-3.3840763e-05
6.01087e-09,-5.7536765e-05
6.11087e-09,-8.6977252e-05
6.21087e-09,-0.00011282744
6.31087e-09,-0.00012718865
6.41087e-09,-0.00012647059
6.51087e-09,-0.00011282744
6.61087e-09,-9.3439798e-05
6.71087e-09,-7.6206342e-05
6.81087e-09,-6.9025735e-05
6.91087e-09,-7.4770221e-05
7.01087e-09,-9.0567555e-05
7.11087e-09,-0.00010995519
7.21087e-09,-0.00012647059
7.31087e-09,-0.00013508732
7.41087e-09,-0.00013436926
7.51087e-09,-0.00013006089
7.61087e-09,-0.00012647059
7.71087e-09,-0.00013077895
7.81087e-09,-0.00014585823
7.91087e-09,-0.00016955423
8.01087e-09,-0.00019540441
8.11087e-09,-0.00021694623
8.21087e-09,-0.00022771714
8.31087e-09,-0.00022699908
8.41087e-09,-0.00021838235
8.51087e-09,-0.0002083295
8.61087e-09,-0.0002047392
8.71087e-09,-0.00021191981
8.81087e-09,-0.00022987132
8.91087e-09,-0.00025356733
9.01087e-09,-0.00027654527
9.11087e-09,-0.0002923426
9.21087e-09,-0.00029880515
9.31087e-09,-0.00029880515
9.41087e-09,-0.00029880515
9.51087e-09,-0.00030526769
9.61087e-09,-0.00032178309
9.71087e-09,-0.00034763327
9.81087e-09,-0.0003763557
9.91087e-09,-0.00040076976
1.001087e-08,-0.00041369485
1.011087e-08,-0.00041297679
1.021087e-08,-0.00040220588
1.031087e-08,-0.00038784467
1.041087e-08,-0.00037922794
1.051087e-08,-0.00038210018
1.061087e-08,-0.00039933364
1.071087e-08,-0.00042733801
1.081087e-08,-0.00045965074
1.091087e-08,-0.00048837316
1.101087e-08,-0.00050847886
1.111087e-08,-0.00051781365
1.121087e-08,-0.00051709559
1.131087e-08,-0.00051063304
1.141087e-08,-0.00050201631
1.151087e-08,-0.00049555377
1.161087e-08,-0.00049411765
1.171087e-08,-0.00049770795
1.181087e-08,-0.00050560662
1.191087e-08,-0.00051709559
1.201087e-08,-0.00052858456
1.211087e-08,-0.00053863741
1.221087e-08,-0.00054438189
1.231087e-08,-0.00054509995
1.241087e-08,-0.00054007353
1.251087e-08,-0.00053073874
1.261087e-08,-0.00051996783
1.271087e-08,-0.00051063304
1.281087e-08,-0.00050560662
1.291087e-08,-0.00050560662
1.301087e-08,-0.00050919692
1.311087e-08,-0.00051350528
1.321087e-08,-0.00051709559
1.331087e-08,-0.00051709559
1.341087e-08,-0.00051422335
1.351087e-08,-0.00050991498
1.361087e-08,-0.00050560662
1.371087e-08,-0.00050345244
1.381087e-08,-0.0005041705
1.391087e-08,-0.00050560662
1.401087e-08,-0.00050560662
1.411087e-08,-0.00050345244
1.421087e-08,-0.00049770795
1.431087e-08,-0.00048980928
1.441087e-08,-0.00048262868
1.451087e-08,-0.00047688419
1.461087e-08,-0.00047401195
1.471087e-08,-0.00047257583
1.481087e-08,-0.00047113971
1.491087e-08,-0.00046683134
1.501087e-08,-0.00045893267
1.511087e-08,-0.00044816176
1.521087e-08,-0.00043667279
1.531087e-08,-0.00042661994
1.541087e-08,-0.00042087546
1.551087e-08,-0.00042087546
1.561087e-08,-0.00042518382
1.571087e-08,-0.00043164637
1.581087e-08,-0.00043739085
1.591087e-08,-0.00043954504
1.601087e-08,-0.00043667279
1.611087e-08,-0.00042805607
1.621087e-08,-0.00041584903
1.631087e-08,-0.00040220588
1.641087e-08,-0.00039071691
1.651087e-08,-0.00038425437
1.661087e-08,-0.00038497243
1.671087e-08,-0.00039143497
1.681087e-08,-0.00040220588
1.691087e-08,-0.00041441291
1.701087e-08,-0.00042518382
1.711087e-08,-0.00043308249
1.721087e-08,-0.00043667279
1.731087e-08,-0.00043810892
1.741087e-08,-0.00043954504
1.751087e-08,-0.00044241728
1.761087e-08,-0.00044816176
1.771087e-08,-0.00045677849
1.781087e-08,-0.0004675494
1.791087e-08,-0.00048047449
1.801087e-08,-0.00049411765
1.811087e-08,-0.00050919692
1.821087e-08,-0.00052643038
1.831087e-08,-0.00054509995
1.841087e-08,-0.00056305147
1.851087e-08,-0.00057884881
1.861087e-08,-0.0005917739
1.871087e-08,-0.00060110869
1.881087e-08,-0.00060900735
1.891087e-08,-0.00061977826
1.901087e-08,-0.00063701172
1.911087e-08,-0.00066070772
1.921087e-08,-0.00068943015
1.931087e-08,-0.00071743451
1.941087e-08,-0.00073825827
1.951087e-08,-0.00074831112
1.961087e-08,-0.000746875
1.971087e-08,-0.00073897633
1.981087e-08,-0.00073251379
1.991087e-08,-0.00073394991
2.001087e-08,-0.000746875
2.011087e-08,-0.00076841682
2.021087e-08,-0.00079354894
2.031087e-08,-0.00081509076
2.041087e-08,-0.00082729779
2.051087e-08,-0.0008308881
2.061087e-08,-0.0008308881
2.071087e-08,-0.00083232422
2.081087e-08,-0.00083878676
2.091087e-08,-0.0008509938
2.101087e-08,-0.00086248277
2.111087e-08,-0.00086822725
2.121087e-08,-0.00086176471
2.131087e-08,-0.00084309513
2.141087e-08,-0.00081796301
2.151087e-08,-0.00079498506
2.161087e-08,-0.00078134191
2.171087e-08,-0.00078205997
2.181087e-08,-0.00079498506
2.191087e-08,-0.00081221852
2.201087e-08,-0.00082729779
2.211087e-08,-0.00083304228
2.221087e-08,-0.00082873392
2.231087e-08,-0.00081724494
2.241087e-08,-0.00080431985
2.251087e-08,-0.000794267
2.261087e-08,-0.00078924058
2.271087e-08,-0.00078565028
2.281087e-08,-0.00078134191
2.291087e-08,-0.00077200712
2.301087e-08,-0.00075764591
2.311087e-08,-0.00074041245
2.321087e-08,-0.00072389706
2.331087e-08,-0.00071097197
2.341087e-08,-0.0007030733
2.351087e-08,-0.00070020106
2.361087e-08,-0.00070091912
2.371087e-08,-0.00070379136
2.381087e-08,-0.00070809972
2.391087e-08,-0.00071456227
2.401087e-08,-0.00072389706
2.411087e-08,-0.00073394991
2.421087e-08,-0.00074256664
2.431087e-08,-0.00074759306
2.441087e-08,-0.000746875
2.451087e-08,-0.00074256664
2.461087e-08,-0.00073825827
2.471087e-08,-0.00073897633
2.481087e-08,-0.000746875
2.491087e-08,-0.00076195427
2.501087e-08,-0.00078134191
2.511087e-08,-0.00080001149
2.521087e-08,-0.00081580882
2.531087e-08,-0.00082801585
2.541087e-08,-0.00083950483
2.551087e-08,-0.00085386604
2.561087e-08,-0.00087325368
2.571087e-08,-0.00089623162
2.581087e-08,-0.0009184915
2.591087e-08,-0.00093500689
2.601087e-08,-0.0009421875
2.611087e-08,-0.00094146944
2.621087e-08,-0.00093644301
2.631087e-08,-0.00093572495
2.641087e-08,-0.0009421875
2.651087e-08,-0.00095726677
2.661087e-08,-0.00097521829
2.671087e-08,-0.00099173369
2.681087e-08,-0.00099963235
2.691087e-08,-0.00099963235
2.701087e-08,-0.00099532399
2.711087e-08,-0.00099316981
2.721087e-08,-0.00099963235
2.731087e-08,-0.0010154297
2.741087e-08,-0.0010362534
2.751087e-08,-0.0010563591
2.761087e-08,-0.0010685662
2.771087e-08,-0.0010721565
2.781087e-08,-0.0010707204
2.791087e-08,-0.0010714384
2.801087e-08,-0.0010800551
2.811087e-08,-0.0010987247
2.821087e-08,-0.0011238568
2.831087e-08,-0.0011475528
2.841087e-08,-0.0011604779
2.851087e-08,-0.0011604779
2.861087e-08,-0.001148989
2.871087e-08,-0.0011346278
2.881087e-08,-0.001126011
2.891087e-08,-0.0011281652
2.901087e-08,-0.0011403722
2.911087e-08,-0.0011576057
2.921087e-08,-0.0011719669
2.931087e-08,-0.0011798656
2.941087e-08,-0.0011805836
2.951087e-08,-0.0011791475
2.961087e-08,-0.0011834559
2.971087e-08,-0.001197099
2.981087e-08,-0.001220077
2.991087e-08,-0.0012452091
3.001087e-08,-0.0012638787
3.011087e-08,-0.0012696232
3.021087e-08,-0.0012602884
3.031087e-08,-0.0012401827
3.041087e-08,-0.0012179228
3.051087e-08,-0.0012021255
3.061087e-08,-0.0011999713
3.071087e-08,-0.0012100241
3.081087e-08,-0.0012294118
3.091087e-08,-0.0012509536
3.101087e-08,-0.001267469
3.111087e-08,-0.0012760857
3.121087e-08,-0.0012753676
3.131087e-08,-0.0012667509
3.141087e-08,-0.0012538258
3.151087e-08,-0.0012409007
3.161087e-08,-0.0012294118
3.171087e-08,-0.0012229492
3.181087e-08,-0.0012229492
3.191087e-08,-0.0012294118
3.201087e-08,-0.0012409007
3.211087e-08,-0.0012538258
3.221087e-08,-0.0012631606
3.231087e-08,-0.001267469
3.241087e-08,-0.0012638787
3.251087e-08,-0.0012552619
3.261087e-08,-0.0012466452
3.271087e-08,-0.0012409007
3.281087e-08,-0.0012409007
3.291087e-08,-0.0012452091
3.301087e-08,-0.0012502355
3.311087e-08,-0.0012495175
3.321087e-08,-0.0012409007
3.331087e-08,-0.0012251034
3.341087e-08,-0.001208588
3.351087e-08,-0.001196381
3.361087e-08,-0.0011949449
3.371087e-08,-0.0012042796
3.381087e-08,-0.001220795
3.391087e-08,-0.0012351563
3.401087e-08,-0.0012409007
3.411087e-08,-0.0012344382
3.421087e-08,-0.0012179228
3.431087e-08,-0.0011985352
3.441087e-08,-0.0011834559
3.451087e-08,-0.0011784295
3.461087e-08,-0.0011841739
3.471087e-08,-0.001196381
3.481087e-08,-0.0012064338
3.491087e-08,-0.0012100241
3.501087e-08,-0.0012042796
3.511087e-08,-0.0011935087
3.521087e-08,-0.0011834559
3.531087e-08,-0.0011798656
3.541087e-08,-0.0011856101
3.551087e-08,-0.0011999713
3.561087e-08,-0.0012179228
3.571087e-08,-0.0012344382
3.581087e-08,-0.0012459272
3.591087e-08,-0.0012516716
3.601087e-08,-0.0012523897
3.611087e-08,-0.0012523897
3.621087e-08,-0.0012538258
3.631087e-08,-0.0012581342
3.641087e-08,-0.0012638787
3.651087e-08,-0.0012703412
3.661087e-08,-0.0012753676
3.671087e-08,-0.0012811121
3.681087e-08,-0.0012868566
3.691087e-08,-0.0012947553
3.701087e-08,-0.0013040901
3.711087e-08,-0.0013141429
3.721087e-08,-0.0013213235
3.731087e-08,-0.0013241958
3.741087e-08,-0.0013220416
3.751087e-08,-0.0013162971
3.761087e-08,-0.0013098346
3.771087e-08,-0.0013076804
3.781087e-08,-0.0013119887
3.791087e-08,-0.0013249138
3.801087e-08,-0.0013443015
3.811087e-08,-0.0013679975
3.821087e-08,-0.0013909754
3.831087e-08,-0.0014110811
3.841087e-08,-0.0014247243
3.851087e-08,-0.0014319049
3.861087e-08,-0.0014326229
3.871087e-08,-0.0014290326
3.881087e-08,-0.0014247243
3.891087e-08,-0.001421852
3.901087e-08,-0.001421852
3.911087e-08,-0.0014275965
3.921087e-08,-0.0014362132
3.931087e-08,-0.0014469841
3.941087e-08,-0.0014577551
3.951087e-08,-0.0014656537
3.961087e-08,-0.0014706801
3.971087e-08,-0.0014735524
3.981087e-08,-0.0014749885
3.991087e-08,-0.0014778608
4.001087e-08,-0.0014821691
4.011087e-08,-0.0014871955
4.021087e-08,-0.0014915039
4.031087e-08,-0.0014936581
4.041087e-08,-0.0014936581
4.051087e-08,-0.00149294
4.061087e-08,-0.00149294
4.071087e-08,-0.0014965303
4.081087e-08,-0.0015051471
4.091087e-08,-0.0015173541
4.101087e-08,-0.0015317153
4.111087e-08,-0.0015467946
4.121087e-08,-0.0015625919
4.131087e-08,-0.0015798254
4.141087e-08,-0.0015999311
4.151087e-08,-0.0016250632
4.161087e-08,-0.0016545037
4.171087e-08,-0.0016839442
4.181087e-08,-0.0017097943
4.191087e-08,-0.0017277459
4.201087e-08,-0.0017349265
4.211087e-08,-0.0017342084
4.221087e-08,-0.0017306181
4.231087e-08,-0.0017299
4.241087e-08,-0.0017349265
4.251087e-08,-0.0017478516
4.261087e-08,-0.0017658031
4.271087e-08,-0.0017851907
4.281087e-08,-0.0018038603
4.291087e-08,-0.0018196576
4.301087e-08,-0.0018340188
4.311087e-08,-0.0018483801
4.321087e-08,-0.0018613051
4.331087e-08,-0.001871358
4.341087e-08,-0.0018742302
4.351087e-08,-0.0018670496
4.361087e-08,-0.0018498162
4.371087e-08,-0.0018261202
4.381087e-08,-0.0018038603
4.391087e-08,-0.0017916533
4.401087e-08,-0.0017923713
4.411087e-08,-0.0018060145
4.421087e-08,-0.0018268382
4.431087e-08,-0.0018440717
4.441087e-08,-0.0018498162
4.451087e-08,-0.0018404814
4.461087e-08,-0.0018175034
4.471087e-08,-0.001788063
4.481087e-08,-0.0017579044
4.491087e-08,-0.0017334903
4.501087e-08,-0.001716975
4.511087e-08,-0.0017069221
4.521087e-08,-0.0017004596
4.531087e-08,-0.0016961512
4.541087e-08,-0.0016947151
4.551087e-08,-0.0016961512
4.561087e-08,-0.0017004596
4.571087e-08,-0.001705486
4.581087e-08,-0.0017076402
4.591087e-08,-0.0017026137
4.601087e-08,-0.0016889706
4.611087e-08,-0.001670301
4.621087e-08,-0.0016516314
4.631087e-08,-0.0016415786
4.641087e-08,-0.0016430147
4.651087e-08,-0.0016545037
4.661087e-08,-0.001669583
4.671087e-08,-0.0016796358
4.681087e-08,-0.0016774816
4.691087e-08,-0.0016616843
4.701087e-08,-0.0016387063
4.711087e-08,-0.0016178826
4.721087e-08,-0.0016085478
4.731087e-08,-0.0016150103
4.741087e-08,-0.0016358341
4.751087e-08,-0.0016638385
4.761087e-08,-0.0016889706
4.771087e-08,-0.001706204
4.781087e-08,-0.0017148208
4.791087e-08,-0.0017184111
4.801087e-08,-0.0017234375
4.811087e-08,-0.0017327723
4.821087e-08,-0.0017449793
4.831087e-08,-0.0017557502
4.841087e-08,-0.0017579044
4.851087e-08,-0.0017485696
4.861087e-08,-0.001729182
4.871087e-08,-0.001706204
4.881087e-08,-0.0016889706
4.891087e-08,-0.0016832261
4.901087e-08,-0.0016904067
4.911087e-08,-0.001706204
4.921087e-08,-0.0017234375
4.931087e-08,-0.0017349265
4.941087e-08,-0.0017370807
4.951087e-08,-0.0017320542
4.961087e-08,-0.0017234375
4.971087e-08,-0.0017162569
4.981087e-08,-0.0017112305
4.991087e-08,-0.0017076402
5.001087e-08,-0.0017004596
5.011087e-08,-0.0016868164
5.021087e-08,-0.0016659926
5.031087e-08,-0.0016415786
5.041087e-08,-0.0016200368
5.051087e-08,-0.0016085478
5.061087e-08,-0.0016092659
5.071087e-08,-0.001622909
5.081087e-08,-0.0016430147
5.091087e-08,-0.0016624023
5.101087e-08,-0.0016753274
5.111087e-08,-0.0016760455
5.121087e-08,-0.0016659926
5.131087e-08,-0.0016473231
5.141087e-08,-0.0016264993
5.151087e-08,-0.0016078297
5.161087e-08,-0.0015970588
5.171087e-08,-0.0015970588
5.181087e-08,-0.0016078297
5.191087e-08,-0.0016279354
5.201087e-08,-0.0016545037
5.211087e-08,-0.00168179
5.221087e-08,-0.001706204
5.231087e-08,-0.0017241556
5.241087e-08,-0.0017349265
5.251087e-08,-0.001741389
5.261087e-08,-0.0017471335
5.271087e-08,-0.0017557502
5.281087e-08,-0.0017693934
5.291087e-08,-0.0017866268
5.301087e-08,-0.0018038603
5.311087e-08,-0.0018175034
5.321087e-08,-0.0018268382
5.331087e-08,-0.0018318647
5.341087e-08,-0.001835455
5.351087e-08,-0.0018404814
5.361087e-08,-0.0018498162
5.371087e-08,-0.0018620232
5.381087e-08,-0.0018756664
5.391087e-08,-0.0018871553
5.401087e-08,-0.0018957721
5.411087e-08,-0.0019029527
5.421087e-08,-0.0019122875
5.431087e-08,-0.0019252125
5.441087e-08,-0.0019417279
5.451087e-08,-0.0019589614
5.461087e-08,-0.0019711684
5.471087e-08,-0.0019733226
5.481087e-08,-0.0019647059
5.491087e-08,-0.0019496266
5.501087e-08,-0.0019345473
5.511087e-08,-0.0019266487
5.521087e-08,-0.001930239
5.531087e-08,-0.0019431641
5.541087e-08,-0.0019596795
5.551087e-08,-0.0019726045
5.561087e-08,-0.0019761949
5.571087e-08,-0.0019726045
5.581087e-08,-0.0019668601
5.591087e-08,-0.0019668601
5.601087e-08,-0.0019761949
5.611087e-08,-0.0019927102
5.621087e-08,-0.0020099437
5.631087e-08,-0.0020178424
5.641087e-08,-0.0020106618
5.651087e-08,-0.0019891199
5.661087e-08,-0.0019611156
5.671087e-08,-0.0019381376
5.681087e-08,-0.001930239
5.691087e-08,-0.0019402918
5.701087e-08,-0.0019639878
5.711087e-08,-0.0019905561
5.721087e-08,-0.0020106618
5.731087e-08,-0.0020178424
5.741087e-08,-0.0020128159
5.751087e-08,-0.0020041992
5.761087e-08,-0.0019991728
5.771087e-08,-0.0020027631
5.781087e-08,-0.0020142521
5.791087e-08,-0.0020271772
5.801087e-08,-0.0020336397
5.811087e-08,-0.0020307675
5.821087e-08,-0.0020185604
5.831087e-08,-0.0020056353
5.841087e-08,-0.0019991728
5.851087e-08,-0.0020049173
5.861087e-08,-0.0020235869
5.871087e-08,-0.0020508732
5.881087e-08,-0.0020795956
5.891087e-08,-0.0021040097
5.901087e-08,-0.0021219612
5.911087e-08,-0.0021363224
5.921087e-08,-0.0021485294
5.931087e-08,-0.0021614545
5.941087e-08,-0.0021736615
5.951087e-08,-0.0021815602
5.961087e-08,-0.0021829963
5.971087e-08,-0.0021779699
5.981087e-08,-0.0021700712
5.991087e-08,-0.0021657629
6.001087e-08,-0.0021715074
6.011087e-08,-0.0021887408
6.021087e-08,-0.002214591
6.031087e-08,-0.0022418773
6.041087e-08,-0.0022634191
6.051087e-08,-0.0022756261
6.061087e-08,-0.0022784984
6.071087e-08,-0.0022763442
6.081087e-08,-0.0022749081
6.091087e-08,-0.0022763442
6.101087e-08,-0.0022792165
6.111087e-08,-0.0022799345
6.121087e-08,-0.0022749081
6.131087e-08,-0.0022634191
6.141087e-08,-0.0022490579
6.151087e-08,-0.0022390051
6.161087e-08,-0.0022404412
6.171087e-08,-0.0022555205
6.181087e-08,-0.0022806526
6.191087e-08,-0.002309375
6.201087e-08,-0.0023323529
6.211087e-08,-0.00234456
6.221087e-08,-0.0023459961
6.231087e-08,-0.0023402516
6.241087e-08,-0.0023323529
6.251087e-08,-0.0023280446
6.261087e-08,-0.0023273265
6.271087e-08,-0.0023301988
6.281087e-08,-0.0023323529
6.291087e-08,-0.0023337891
6.301087e-08,-0.0023345071
6.311087e-08,-0.0023366613
6.321087e-08,-0.0023438419
6.331087e-08,-0.0023546128
6.341087e-08,-0.0023668199
6.351087e-08,-0.0023754366
6.361087e-08,-0.0023783088
6.371087e-08,-0.0023754366
6.381087e-08,-0.0023696921
6.391087e-08,-0.0023661018
6.401087e-08,-0.0023668199
6.411087e-08,-0.0023704102
6.421087e-08,-0.0023732824
6.431087e-08,-0.002368974
6.441087e-08,-0.0023553309
6.451087e-08,-0.0023359432
6.461087e-08,-0.0023179917
6.471087e-08,-0.0023108111
6.481087e-08,-0.002320864
6.491087e-08,-0.0023467142
6.501087e-08,-0.0023811811
6.511087e-08,-0.0024142119
6.521087e-08,-0.0024357537
6.531087e-08,-0.0024429343
6.541087e-08,-0.0024379079
6.551087e-08,-0.0024292911
6.561087e-08,-0.0024242647
6.571087e-08,-0.0024257008
6.581087e-08,-0.0024314453
6.591087e-08,-0.0024364717
6.601087e-08,-0.0024357537
6.611087e-08,-0.0024285731
6.621087e-08,-0.0024192383
6.631087e-08,-0.002416366
6.641087e-08,-0.0024242647
6.651087e-08,-0.0024443704
6.661087e-08,-0.0024702206
6.671087e-08,-0.0024931985
6.681087e-08,-0.0025046875
6.691087e-08,-0.0025025333
6.701087e-08,-0.0024910443
6.711087e-08,-0.0024781193
6.721087e-08,-0.0024702206
6.731087e-08,-0.0024702206
6.741087e-08,-0.002475247
6.751087e-08,-0.0024774012
6.761087e-08,-0.0024702206
6.771087e-08,-0.0024544233
6.781087e-08,-0.0024350356
6.791087e-08,-0.0024221105
6.801087e-08,-0.0024242647
6.811087e-08,-0.0024436523
6.821087e-08,-0.002474529
6.831087e-08,-0.0025061236
6.841087e-08,-0.0025276654
6.851087e-08,-0.002534128
6.861087e-08,-0.0025269474
6.871087e-08,-0.0025140223
6.881087e-08,-0.0025046875
6.891087e-08,-0.0025032514
6.901087e-08,-0.0025089959
6.911087e-08,-0.0025154584
6.921087e-08,-0.0025161765
6.931087e-08,-0.0025089959
6.941087e-08,-0.002498225
6.951087e-08,-0.0024903263
6.961087e-08,-0.0024931985
6.971087e-08,-0.0025082778
6.981087e-08,-0.0025312557
6.991087e-08,-0.0025520795
7.001087e-08,-0.0025621324
7.011087e-08,-0.0025571059
7.021087e-08,-0.0025413086
7.031087e-08,-0.0025247932
7.041087e-08,-0.0025161765
7.051087e-08,-0.002521921
7.061087e-08,-0.0025391544
7.071087e-08,-0.0025599782
7.081087e-08,-0.0025736213
7.091087e-08,-0.0025743394
7.101087e-08,-0.0025628504
7.111087e-08,-0.0025477711
7.121087e-08,-0.0025391544
7.131087e-08,-0.0025434628
7.141087e-08,-0.0025614143
7.151087e-08,-0.0025858284
7.161087e-08,-0.0026080882
7.171087e-08,-0.0026202953
7.181087e-08,-0.0026195772
7.191087e-08,-0.0026095244
7.201087e-08,-0.0025965993
7.211087e-08,-0.0025872645
7.221087e-08,-0.0025836742
7.231087e-08,-0.0025836742
7.241087e-08,-0.0025851103
7.251087e-08,-0.0025843922
7.261087e-08,-0.0025822381
7.271087e-08,-0.00258152
7.281087e-08,-0.0025851103
7.291087e-08,-0.002593727
7.301087e-08,-0.0026059341
7.311087e-08,-0.0026159869
7.321087e-08,-0.0026195772
7.331087e-08,-0.002616705
7.341087e-08,-0.0026102424
7.351087e-08,-0.002605216
7.361087e-08,-0.0026080882
7.371087e-08,-0.0026188591
7.381087e-08,-0.0026346565
7.391087e-08,-0.0026490177
7.401087e-08,-0.0026540441
7.411087e-08,-0.0026490177
7.421087e-08,-0.0026368107
7.431087e-08,-0.0026246036
7.441087e-08,-0.0026195772
7.451087e-08,-0.0026260398
7.461087e-08,-0.0026418371
7.471087e-08,-0.0026605067
7.481087e-08,-0.0026770221
7.491087e-08,-0.0026870749
7.501087e-08,-0.0026906652
7.511087e-08,-0.0026935375
7.521087e-08,-0.0027
7.531087e-08,-0.002711489
7.541087e-08,-0.0027265682
7.551087e-08,-0.0027394933
7.561087e-08,-0.0027459559
7.571087e-08,-0.0027445198
7.581087e-08,-0.0027394933
7.591087e-08,-0.0027380572
7.601087e-08,-0.0027459559
7.611087e-08,-0.0027653435
7.621087e-08,-0.0027926298
7.631087e-08,-0.0028199161
7.641087e-08,-0.0028378676
7.651087e-08,-0.0028436121
7.661087e-08,-0.0028385857
7.671087e-08,-0.002829969
7.681087e-08,-0.0028263787
7.691087e-08,-0.0028321232
7.701087e-08,-0.0028479205
7.711087e-08,-0.0028673081
7.721087e-08,-0.0028838235
7.731087e-08,-0.0028917222
7.741087e-08,-0.002889568
7.751087e-08,-0.0028816693
7.761087e-08,-0.0028723346
7.771087e-08,-0.0028665901
7.781087e-08,-0.0028665901
7.791087e-08,-0.0028687443
7.801087e-08,-0.0028723346
7.811087e-08,-0.0028744887
7.821087e-08,-0.0028759249
7.831087e-08,-0.002878079
7.841087e-08,-0.0028838235
7.851087e-08,-0.0028917222
7.861087e-08,-0.0028989028
7.871087e-08,-0.002901057
7.881087e-08,-0.0028953125
7.891087e-08,-0.0028816693
7.901087e-08,-0.0028637178
7.911087e-08,-0.0028479205
7.921087e-08,-0.0028378676
7.931087e-08,-0.0028349954
7.941087e-08,-0.0028371496
7.951087e-08,-0.0028385857
7.961087e-08,-0.0028378676
7.971087e-08,-0.0028342773
7.981087e-08,-0.0028321232
7.991087e-08,-0.0028364315
8.001087e-08,-0.0028493566
8.011087e-08,-0.0028680262
8.021087e-08,-0.0028845416
8.031087e-08,-0.0028917222
8.041087e-08,-0.0028838235
8.051087e-08,-0.0028622817
8.061087e-08,-0.0028342773
8.071087e-08,-0.0028120175
8.081087e-08,-0.0028034007
8.091087e-08,-0.0028105813
8.101087e-08,-0.0028292509
8.111087e-08,-0.0028493566
8.121087e-08,-0.0028608456
8.131087e-08,-0.0028601275
8.141087e-08,-0.0028486386
8.151087e-08,-0.0028349954
8.161087e-08,-0.0028263787
8.171087e-08,-0.0028256606
8.181087e-08,-0.002829969
8.191087e-08,-0.0028321232
8.201087e-08,-0.0028263787
8.211087e-08,-0.0028105813
8.221087e-08,-0.0027890395
8.231087e-08,-0.0027725241
8.241087e-08,-0.0027689338
8.251087e-08,-0.002782577
8.261087e-08,-0.0028077091
8.271087e-08,-0.0028342773
8.281087e-08,-0.0028493566
8.291087e-08,-0.0028457663
8.301087e-08,-0.0028242245
8.311087e-08,-0.002794784
8.321087e-08,-0.0027689338
8.331087e-08,-0.0027581629
8.341087e-08,-0.0027660616
8.351087e-08,-0.0027876034
8.361087e-08,-0.0028148897
8.371087e-08,-0.0028371496
8.381087e-08,-0.0028472024
8.391087e-08,-0.0028464844
8.401087e-08,-0.0028378676
8.411087e-08,-0.0028278148
8.421087e-08,-0.0028220703
8.431087e-08,-0.0028213523
8.441087e-08,-0.0028263787
8.451087e-08,-0.0028342773
8.461087e-08,-0.0028436121
8.471087e-08,-0.0028529469
8.481087e-08,-0.0028608456
8.491087e-08,-0.0028665901
8.501087e-08,-0.0028673081
8.511087e-08,-0.0028615636
8.521087e-08,-0.0028493566
8.531087e-08,-0.0028335593
8.541087e-08,-0.0028199161
8.551087e-08,-0.0028127355
8.561087e-08,-0.0028148897
8.571087e-08,-0.0028256606
8.581087e-08,-0.0028400218
8.591087e-08,-0.002853665
8.601087e-08,-0.0028608456
8.611087e-08,-0.0028629998
8.621087e-08,-0.0028629998
8.631087e-08,-0.002865154
8.641087e-08,-0.0028723346
8.651087e-08,-0.0028816693
8.661087e-08,-0.0028881319
8.671087e-08,-0.0028859777
8.681087e-08,-0.0028723346
8.691087e-08,-0.0028500747
8.701087e-08,-0.0028278148
8.711087e-08,-0.0028141716
8.721087e-08,-0.0028148897
8.731087e-08,-0.002829969
8.741087e-08,-0.0028522289
8.751087e-08,-0.0028730526
8.761087e-08,-0.0028838235
8.771087e-08,-0.0028845416
8.781087e-08,-0.0028795152
8.791087e-08,-0.002877361
8.801087e-08,-0.0028838235
8.811087e-08,-0.0028996209
8.821087e-08,-0.0029197266
8.831087e-08,-0.0029355239
8.841087e-08,-0.0029412684
8.851087e-08,-0.0029376781
8.861087e-08,-0.0029319336
8.871087e-08,-0.0029348058
8.881087e-08,-0.0029527574
8.891087e-08,-0.0029857881
8.901087e-08,-0.0030259995
8.911087e-08,-0.0030611845
8.921087e-08,-0.003079136
8.931087e-08,-0.003078418
8.941087e-08,-0.0030640568
8.951087e-08,-0.0030489775
8.961087e-08,-0.0030446691
8.971087e-08,-0.0030568761
8.981087e-08,-0.0030812902
8.991087e-08,-0.0031078585
9.001087e-08,-0.0031250919
9.011087e-08,-0.0031272461
9.021087e-08,-0.0031171932
9.031087e-08,-0.0031049862
9.041087e-08,-0.003102114
9.051087e-08,-0.0031150391
9.061087e-08,-0.0031430434
9.071087e-08,-0.0031767923
9.081087e-08,-0.0032055147
9.091087e-08,-0.003221312
9.101087e-08,-0.0032220301
9.111087e-08,-0.0032141314
9.121087e-08,-0.0032055147
9.131087e-08,-0.0032033605
9.141087e-08,-0.0032076689
9.151087e-08,-0.0032141314
9.161087e-08,-0.0032170037
9.171087e-08,-0.0032119773
9.181087e-08,-0.0031997702
9.191087e-08,-0.0031875632
9.201087e-08,-0.0031825368
9.211087e-08,-0.0031889993
9.221087e-08,-0.0032055147
9.231087e-08,-0.0032256204
9.241087e-08,-0.0032399816
9.251087e-08,-0.0032435719
9.261087e-08,-0.0032349552
9.271087e-08,-0.0032191579
9.281087e-08,-0.0032055147
9.291087e-08,-0.0031997702
9.301087e-08,-0.0032033605
9.311087e-08,-0.0032148495
9.321087e-08,-0.0032284926
9.331087e-08,-0.0032392636
9.341087e-08,-0.0032457261
9.351087e-08,-0.0032485983
9.361087e-08,-0.0032514706
9.371087e-08,-0.0032572151
9.381087e-08,-0.0032658318
9.391087e-08,-0.0032758847
9.401087e-08,-0.0032859375
9.411087e-08,-0.0032952723
9.421087e-08,-0.0033053251
9.431087e-08,-0.0033175322
9.441087e-08,-0.0033318934
9.451087e-08,-0.0033469727
9.461087e-08,-0.0033570255
9.471087e-08,-0.0033606158
9.481087e-08,-0.0033548713
9.491087e-08,-0.0033455365
9.501087e-08,-0.003339792
9.511087e-08,-0.0033455365
9.521087e-08,-0.0033663603
9.531087e-08,-0.003398673
9.541087e-08,-0.0034331399
9.551087e-08,-0.0034589901
9.561087e-08,-0.003469761
9.571087e-08,-0.0034647346
9.581087e-08,-0.0034503734
9.591087e-08,-0.0034381664
9.601087e-08,-0.0034352941
9.611087e-08,-0.0034431928
9.621087e-08,-0.0034553998
9.631087e-08,-0.0034625804
9.641087e-08,-0.0034582721
9.651087e-08,-0.0034424747
9.661087e-08,-0.0034245232
9.671087e-08,-0.0034144704
9.681087e-08,-0.0034238051
9.691087e-08,-0.0034532456
9.701087e-08,-0.0034956112
9.711087e-08,-0.0035365407
9.721087e-08,-0.0035616728
9.731087e-08,-0.003564545
9.741087e-08,-0.0035487477
9.751087e-08,-0.0035243336
9.761087e-08,-0.0035042279
9.771087e-08,-0.0034970473
9.781087e-08,-0.0035035099
9.791087e-08,-0.003517153
9.801087e-08,-0.0035272059
9.811087e-08,-0.0035279239
9.821087e-08,-0.0035185892
9.831087e-08,-0.0035042279
9.841087e-08,-0.003492739
9.851087e-08,-0.0034884306
9.861087e-08,-0.0034913028
9.871087e-08,-0.0034948932
9.881087e-08,-0.003492739
9.891087e-08,-0.00348125
9.901087e-08,-0.0034618624
9.911087e-08,-0.0034403205
9.921087e-08,-0.0034238051
9.931087e-08,-0.0034166245
9.941087e-08,-0.0034166245
9.951087e-08,-0.0034173426
9.961087e-08,-0.0034123162
9.971087e-08,-0.003397955
9.981087e-08,-0.003374977
9.991087e-08,-0.003351281
1.000109e-07,-0.0033318934
1.001109e-07,-0.0033218405
1.002109e-07,-0.0033204044
1.003109e-07,-0.0033211225
1.004109e-07,-0.0033204044
1.005109e-07,-0.0033146599
1.006109e-07,-0.0033053251
1.007109e-07,-0.0032981445
1.008109e-07,-0.0032974265
1.009109e-07,-0.003303889
1.010109e-07,-0.0033125057
1.011109e-07,-0.0033168141
1.012109e-07,-0.0033089154
1.013109e-07,-0.0032880917
1.014109e-07,-0.0032593693
1.015109e-07,-0.003232801
1.016109e-07,-0.0032170037
1.017109e-07,-0.0032170037
1.018109e-07,-0.0032306468
1.019109e-07,-0.0032493164
1.020109e-07,-0.0032629596
1.021109e-07,-0.0032665499
1.022109e-07,-0.0032593693
1.023109e-07,-0.0032485983
1.024109e-07,-0.0032399816
1.025109e-07,-0.0032392636
1.026109e-07,-0.0032464442
1.027109e-07,-0.003256497
1.028109e-07,-0.0032629596
1.029109e-07,-0.0032622415
1.030109e-07,-0.0032550609
1.031109e-07,-0.0032457261
1.032109e-07,-0.0032399816
1.033109e-07,-0.0032421358
1.034109e-07,-0.0032514706
1.035109e-07,-0.0032636776
1.036109e-07,-0.0032744485
1.037109e-07,-0.0032816291
1.038109e-07,-0.0032859375
1.039109e-07,-0.0032902459
1.040109e-07,-0.0032974265
1.041109e-07,-0.0033074793
1.042109e-07,-0.003315378
1.043109e-07,-0.0033175322
1.044109e-07,-0.0033089154
1.045109e-07,-0.003291682
1.046109e-07,-0.0032708582
1.047109e-07,-0.0032550609
1.048109e-07,-0.0032514706
1.049109e-07,-0.0032608054
1.050109e-07,-0.0032787569
1.051109e-07,-0.0032974265
1.052109e-07,-0.0033089154
1.053109e-07,-0.0033117877
1.054109e-07,-0.0033081974
1.055109e-07,-0.0033053251
1.056109e-07,-0.0033089154
1.057109e-07,-0.0033204044
1.058109e-07,-0.0033362017
1.059109e-07,-0.0033498449
1.060109e-07,-0.0033548713
1.061109e-07,-0.003351281
1.062109e-07,-0.0033426643
1.063109e-07,-0.0033383559
1.064109e-07,-0.0033433824
1.065109e-07,-0.0033598977
1.066109e-07,-0.0033821576
1.067109e-07,-0.0034022633
1.068109e-07,-0.0034123162
1.069109e-07,-0.003410162
1.070109e-07,-0.0033993911
1.071109e-07,-0.0033900563
1.072109e-07,-0.0033893382
1.073109e-07,-0.0033993911
1.074109e-07,-0.0034166245
1.075109e-07,-0.0034309858
1.076109e-07,-0.0034352941
1.077109e-07,-0.0034259593
1.078109e-07,-0.0034087259
1.079109e-07,-0.0033936466
1.080109e-07,-0.0033893382
1.081109e-07,-0.0034008272
1.082109e-07,-0.0034252413
1.083109e-07,-0.0034518095
1.084109e-07,-0.003469761
1.085109e-07,-0.0034726333
1.086109e-07,-0.0034625804
1.087109e-07,-0.003446065
1.088109e-07,-0.0034352941
1.089109e-07,-0.0034360122
1.090109e-07,-0.0034489373
1.091109e-07,-0.0034668888
1.092109e-07,-0.00348125
1.093109e-07,-0.0034855584
1.094109e-07,-0.0034783778
1.095109e-07,-0.0034668888
1.096109e-07,-0.0034582721
1.097109e-07,-0.0034611443
1.098109e-07,-0.0034783778
1.099109e-07,-0.0035063821
1.100109e-07,-0.0035386949
1.101109e-07,-0.0035681353
1.102109e-07,-0.0035911133
1.103109e-07,-0.0036069106
1.104109e-07,-0.0036191176
1.105109e-07,-0.0036284524
1.106109e-07,-0.003634915
1.107109e-07,-0.0036363511
1.108109e-07,-0.0036306066
1.109109e-07,-0.0036183996
1.110109e-07,-0.0036040384
1.111109e-07,-0.0035947036
1.112109e-07,-0.0035961397
1.113109e-07,-0.003611219
1.114109e-07,-0.0036385053
1.115109e-07,-0.0036701
1.116109e-07,-0.0036995404
1.117109e-07,-0.0037203642
1.118109e-07,-0.0037325712
1.119109e-07,-0.0037390338
1.120109e-07,-0.0037454963
1.121109e-07,-0.0037548311
1.122109e-07,-0.0037663201
1.123109e-07,-0.0037763729
1.124109e-07,-0.0037799632
1.125109e-07,-0.0037742188
1.126109e-07,-0.0037591395
1.127109e-07,-0.0037397518
1.128109e-07,-0.0037225184
1.129109e-07,-0.0037110294
1.130109e-07,-0.0037074391
1.131109e-07,-0.0037088752
1.132109e-07,-0.0037110294
1.133109e-07,-0.0037103114
1.134109e-07,-0.003706003
1.135109e-07,-0.0036973863
1.136109e-07,-0.0036880515
1.137109e-07,-0.0036787167
1.138109e-07,-0.0036679458
1.139109e-07,-0.0036564568
1.140109e-07,-0.0036420956
1.141109e-07,-0.0036262983
1.142109e-07,-0.0036126551
1.143109e-07,-0.0036054745
1.144109e-07,-0.0036076287
1.145109e-07,-0.0036191176
1.146109e-07,-0.0036370692
1.147109e-07,-0.0036535846
1.148109e-07,-0.0036650735
1.149109e-07,-0.0036679458
1.150109e-07,-0.0036636374
1.151109e-07,-0.0036578929
1.152109e-07,-0.0036535846
1.153109e-07,-0.0036543026
1.154109e-07,-0.003658611
1.155109e-07,-0.0036636374
1.156109e-07,-0.0036650735
1.157109e-07,-0.0036629193
1.158109e-07,-0.003659329
1.159109e-07,-0.003658611
1.160109e-07,-0.0036650735
1.161109e-07,-0.0036808709
1.162109e-07,-0.0037024127
1.163109e-07,-0.0037261087
1.164109e-07,-0.0037454963
1.165109e-07,-0.0037584214
1.166109e-07,-0.003765602
1.167109e-07,-0.0037713465
1.168109e-07,-0.0037799632
1.169109e-07,-0.0037943244
1.170109e-07,-0.003812994
1.171109e-07,-0.0038330997
1.172109e-07,-0.0038488971
1.173109e-07,-0.0038582318
1.174109e-07,-0.0038618222
1.175109e-07,-0.0038611041
1.176109e-07,-0.003860386
1.177109e-07,-0.0038618222
1.178109e-07,-0.0038661305
1.179109e-07,-0.0038697208
1.180109e-07,-0.003871875
1.181109e-07,-0.0038711569
1.182109e-07,-0.0038697208
1.183109e-07,-0.0038690028
1.184109e-07,-0.003871875
1.185109e-07,-0.0038776195
1.186109e-07,-0.003884082
1.187109e-07,-0.0038869543
1.188109e-07,-0.003883364
1.189109e-07,-0.0038733111
1.190109e-07,-0.0038611041
1.191109e-07,-0.0038517693
1.192109e-07,-0.0038488971
1.193109e-07,-0.0038539235
1.194109e-07,-0.0038632583
1.195109e-07,-0.0038711569
1.196109e-07,-0.003871875
1.197109e-07,-0.0038639763
1.198109e-07,-0.0038503332
1.199109e-07,-0.0038352539
1.200109e-07,-0.0038259191
1.201109e-07,-0.003824483
1.202109e-07,-0.0038295094
1.203109e-07,-0.0038352539
1.204109e-07,-0.0038374081
1.205109e-07,-0.0038323817
1.206109e-07,-0.0038216108
1.207109e-07,-0.0038094037
1.208109e-07,-0.0038029412
1.209109e-07,-0.0038058134
1.210109e-07,-0.0038173024
1.211109e-07,-0.0038338178
1.212109e-07,-0.0038488971
1.213109e-07,-0.0038582318
1.214109e-07,-0.0038618222
1.215109e-07,-0.003860386
1.216109e-07,-0.003860386
1.217109e-07,-0.0038646944
1.218109e-07,-0.0038740292
1.219109e-07,-0.0038855182
1.220109e-07,-0.0038948529
1.221109e-07,-0.0038970071
1.222109e-07,-0.0038898265
1.223109e-07,-0.0038761834
1.224109e-07,-0.003860386
1.225109e-07,-0.003848179
1.226109e-07,-0.0038431526
1.227109e-07,-0.003848179
1.228109e-07,-0.003860386
1.229109e-07,-0.0038769014
1.230109e-07,-0.0038926988
1.231109e-07,-0.0039034697
1.232109e-07,-0.0039063419
1.233109e-07,-0.0039013155
1.234109e-07,-0.0038891085
1.235109e-07,-0.0038740292
1.236109e-07,-0.003860386
1.237109e-07,-0.0038546415
1.238109e-07,-0.0038589499
1.239109e-07,-0.0038740292
1.240109e-07,-0.0038948529
1.241109e-07,-0.0039142406
1.242109e-07,-0.0039235754
1.243109e-07,-0.0039171128
1.244109e-07,-0.0038948529
1.245109e-07,-0.0038632583
1.246109e-07,-0.0038338178
1.247109e-07,-0.0038151482
1.248109e-07,-0.0038144301
1.249109e-07,-0.0038302275
1.250109e-07,-0.0038539235
1.251109e-07,-0.0038747472
1.252109e-07,-0.003883364
1.253109e-07,-0.0038769014
1.254109e-07,-0.0038582318
1.255109e-07,-0.0038381261
1.256109e-07,-0.0038259191
1.257109e-07,-0.0038280733
1.258109e-07,-0.0038453068
1.259109e-07,-0.0038704389
1.260109e-07,-0.0038948529
1.261109e-07,-0.0039113683
1.262109e-07,-0.0039171128
1.263109e-07,-0.0039135225
1.264109e-07,-0.0039063419
1.265109e-07,-0.0039005974
1.266109e-07,-0.0038991613
1.267109e-07,-0.0039020335
1.268109e-07,-0.0039063419
1.269109e-07,-0.0039099322
1.270109e-07,-0.0039113683
1.271109e-07,-0.0039135225
1.272109e-07,-0.0039178309
1.273109e-07,-0.0039264476
1.274109e-07,-0.0039372185
1.275109e-07,-0.0039472714
1.276109e-07,-0.0039522978
1.277109e-07,-0.0039487075
1.278109e-07,-0.0039365005
1.279109e-07,-0.0039199851
1.280109e-07,-0.0039063419
1.281109e-07,-0.0039005974
1.282109e-07,-0.0039063419
1.283109e-07,-0.0039214212
1.284109e-07,-0.0039408088
1.285109e-07,-0.0039573242
1.286109e-07,-0.0039659409
1.287109e-07,-0.0039637868
1.288109e-07,-0.0039522978
1.289109e-07,-0.0039350643
1.290109e-07,-0.0039171128
1.291109e-07,-0.0039034697
1.292109e-07,-0.0038948529
1.293109e-07,-0.0038926988
1.294109e-07,-0.0038948529
1.295109e-07,-0.0038998794
1.296109e-07,-0.0039063419
1.297109e-07,-0.0039113683
1.298109e-07,-0.0039135225
1.299109e-07,-0.0039120864
1.300109e-07,-0.0039063419
1.301109e-07,-0.0038970071
1.302109e-07,-0.0038848001
1.303109e-07,-0.003871875
1.304109e-07,-0.003860386
1.305109e-07,-0.0038517693
1.306109e-07,-0.0038467429
1.307109e-07,-0.0038453068
1.308109e-07,-0.0038488971
1.309109e-07,-0.0038560777
1.310109e-07,-0.0038654125
1.311109e-07,-0.0038754653
1.312109e-07,-0.003883364
1.313109e-07,-0.0038869543
1.314109e-07,-0.003884082
1.315109e-07,-0.0038747472
1.316109e-07,-0.003860386
1.317109e-07,-0.0038445887
1.318109e-07,-0.0038323817
1.319109e-07,-0.0038259191
1.320109e-07,-0.0038259191
1.321109e-07,-0.0038302275
1.322109e-07,-0.0038352539
1.323109e-07,-0.0038381261
1.324109e-07,-0.0038374081
1.325109e-07,-0.0038338178
1.326109e-07,-0.0038309455
1.327109e-07,-0.0038316636
1.328109e-07,-0.0038374081
1.329109e-07,-0.0038460248
1.330109e-07,-0.0038546415
1.331109e-07,-0.003859668
1.332109e-07,-0.003860386
1.333109e-07,-0.0038582318
1.334109e-07,-0.0038575138
1.335109e-07,-0.0038618222
1.336109e-07,-0.003871875
1.337109e-07,-0.0038862362
1.338109e-07,-0.0038991613
1.339109e-07,-0.00390706
1.340109e-07,-0.0039063419
1.341109e-07,-0.0038998794
1.342109e-07,-0.0038919807
1.343109e-07,-0.0038891085
1.344109e-07,-0.0038948529
1.345109e-07,-0.0039092142
1.346109e-07,-0.0039271657
1.347109e-07,-0.003942963
1.348109e-07,-0.0039522978
1.349109e-07,-0.00395517
1.350109e-07,-0.003954452
1.351109e-07,-0.0039558881
1.352109e-07,-0.0039637868
1.353109e-07,-0.0039774299
1.354109e-07,-0.0039932273
1.355109e-07,-0.0040054343
1.356109e-07,-0.0040097426
1.357109e-07,-0.0040061523
1.358109e-07,-0.0039989717
1.359109e-07,-0.0039946634
1.360109e-07,-0.0039982537
1.361109e-07,-0.0040104607
1.362109e-07,-0.004026258
1.363109e-07,-0.0040399012
1.364109e-07,-0.0040442096
1.365109e-07,-0.004037747
1.366109e-07,-0.0040233858
1.367109e-07,-0.0040083065
1.368109e-07,-0.0039982537
1.369109e-07,-0.0039968176
1.370109e-07,-0.004001844
1.371109e-07,-0.0040083065
1.372109e-07,-0.0040097426
1.373109e-07,-0.0040032801
1.374109e-07,-0.0039896369
1.375109e-07,-0.0039745577
1.376109e-07,-0.0039637868
1.377109e-07,-0.0039601965
1.378109e-07,-0.0039630687
1.379109e-07,-0.0039695312
1.380109e-07,-0.0039752757
1.381109e-07,-0.003978148
1.382109e-07,-0.0039810202
1.383109e-07,-0.0039867647
1.384109e-07,-0.0039982537
1.385109e-07,-0.0040162052
1.386109e-07,-0.0040355928
1.387109e-07,-0.0040506721
1.388109e-07,-0.0040556985
1.389109e-07,-0.004049954
1.390109e-07,-0.0040391831
1.391109e-07,-0.0040305664
1.392109e-07,-0.0040327206
1.393109e-07,-0.004049954
1.394109e-07,-0.0040786765
1.395109e-07,-0.0041109892
1.396109e-07,-0.0041361213
1.397109e-07,-0.0041476103
1.398109e-07,-0.00414402
1.399109e-07,-0.0041296588
1.400109e-07,-0.0041131434
1.401109e-07,-0.0041023725
1.402109e-07,-0.0041002183
1.403109e-07,-0.0041052447
1.404109e-07,-0.0041131434
1.405109e-07,-0.0041181698
1.406109e-07,-0.0041174517
1.407109e-07,-0.0041109892
1.408109e-07,-0.0041016544
1.409109e-07,-0.0040916016
1.410109e-07,-0.0040829848
1.411109e-07,-0.0040750862
1.412109e-07,-0.0040671875
1.413109e-07,-0.0040578527
1.414109e-07,-0.0040477999
1.415109e-07,-0.0040391831
1.416109e-07,-0.0040327206
1.417109e-07,-0.0040291303
1.418109e-07,-0.004026258
1.419109e-07,-0.0040212316
1.420109e-07,-0.0040097426
1.421109e-07,-0.0039925092
1.422109e-07,-0.0039716854
1.423109e-07,-0.0039522978
1.424109e-07,-0.0039408088
1.425109e-07,-0.0039393727
1.426109e-07,-0.0039479894
1.427109e-07,-0.0039616326
1.428109e-07,-0.0039752757
1.429109e-07,-0.0039846105
1.430109e-07,-0.0039867647
1.431109e-07,-0.0039831744
1.432109e-07,-0.0039752757
1.433109e-07,-0.0039659409
1.434109e-07,-0.0039566062
1.435109e-07,-0.0039479894
1.436109e-07,-0.0039408088
1.437109e-07,-0.0039357824
1.438109e-07,-0.0039350643
1.439109e-07,-0.0039400908
1.440109e-07,-0.0039522978
1.441109e-07,-0.0039688132
1.442109e-07,-0.0039867647
1.443109e-07,-0.004001844
1.444109e-07,-0.0040097426
1.445109e-07,-0.0040118968
1.446109e-07,-0.0040097426
1.447109e-07,-0.0040083065
1.448109e-07,-0.0040097426
1.449109e-07,-0.0040154871
1.450109e-07,-0.0040248219
1.451109e-07,-0.0040348748
1.452109e-07,-0.0040442096
1.453109e-07,-0.0040542624
1.454109e-07,-0.0040657514
1.455109e-07,-0.0040822668
1.456109e-07,-0.0041016544
1.457109e-07,-0.004121042
1.458109e-07,-0.0041361213
1.459109e-07,-0.0041411477
1.460109e-07,-0.0041361213
1.461109e-07,-0.0041260685
1.462109e-07,-0.0041181698
1.463109e-07,-0.004120324
1.464109e-07,-0.0041361213
1.465109e-07,-0.0041619715
1.466109e-07,-0.0041899759
1.467109e-07,-0.0042107996
1.468109e-07,-0.0042165441
1.469109e-07,-0.0042086455
1.470109e-07,-0.0041942842
1.471109e-07,-0.0041827953
1.472109e-07,-0.0041820772
1.473109e-07,-0.0041942842
1.474109e-07,-0.0042143899
1.475109e-07,-0.0042316234
1.476109e-07,-0.0042395221
1.477109e-07,-0.0042337776
1.478109e-07,-0.0042186983
1.479109e-07,-0.0042021829
1.480109e-07,-0.0041935662
1.481109e-07,-0.0041971565
1.482109e-07,-0.0042100816
1.483109e-07,-0.004226597
1.484109e-07,-0.0042395221
1.485109e-07,-0.0042438304
1.486109e-07,-0.0042402401
1.487109e-07,-0.0042330595
1.488109e-07,-0.0042280331
1.489109e-07,-0.004226597
1.490109e-07,-0.004226597
1.491109e-07,-0.0042244428
1.492109e-07,-0.0042165441
1.493109e-07,-0.004202901
1.494109e-07,-0.0041878217
1.495109e-07,-0.004179205
1.496109e-07,-0.0041820772
1.497109e-07,-0.0041964384
1.498109e-07,-0.0042158261
1.499109e-07,-0.0042330595
1.500109e-07,-0.0042395221
1.501109e-07,-0.0042337776
1.502109e-07,-0.0042208525
1.503109e-07,-0.0042086455
1.504109e-07,-0.0042050551
1.505109e-07,-0.0042136719
1.506109e-07,-0.0042294692
1.507109e-07,-0.0042452665
1.508109e-07,-0.004251011
1.509109e-07,-0.0042438304
1.510109e-07,-0.004226597
1.511109e-07,-0.0042064913
1.512109e-07,-0.0041935662
1.513109e-07,-0.0041928481
1.514109e-07,-0.0042021829
1.515109e-07,-0.0042165441
1.516109e-07,-0.0042280331
1.517109e-07,-0.0042316234
1.518109e-07,-0.004227315
1.519109e-07,-0.0042201344
1.520109e-07,-0.0042165441
1.521109e-07,-0.0042186983
1.522109e-07,-0.0042244428
1.523109e-07,-0.0042294692
1.524109e-07,-0.0042280331
1.525109e-07,-0.0042179802
1.526109e-07,-0.0042043371
1.527109e-07,-0.0041935662
1.528109e-07,-0.0041935662
1.529109e-07,-0.0042072093
1.530109e-07,-0.0042316234
1.531109e-07,-0.0042567555
1.532109e-07,-0.004273989
1.533109e-07,-0.0042768612
1.534109e-07,-0.0042660903
1.535109e-07,-0.0042467027
1.536109e-07,-0.0042280331
1.537109e-07,-0.004215108
1.538109e-07,-0.0042093635
1.539109e-07,-0.0042079274
1.540109e-07,-0.0042050551
1.541109e-07,-0.0041985926
1.542109e-07,-0.0041892578
1.543109e-07,-0.0041827953
1.544109e-07,-0.0041820772
1.545109e-07,-0.0041899759
1.546109e-07,-0.004203619
1.547109e-07,-0.004215108
1.548109e-07,-0.0042165441
1.549109e-07,-0.004203619
1.550109e-07,-0.0041784869
1.551109e-07,-0.0041490464
1.552109e-07,-0.0041246324
1.553109e-07,-0.0041131434
1.554109e-07,-0.0041160156
1.555109e-07,-0.0041303768
1.556109e-07,-0.0041476103
1.557109e-07,-0.0041612534
1.558109e-07,-0.0041662799
1.559109e-07,-0.0041648437
1.560109e-07,-0.0041590993
1.561109e-07,-0.0041547909
1.562109e-07,-0.0041533548
1.563109e-07,-0.004155509
1.564109e-07,-0.0041590993
1.565109e-07,-0.0041612534
1.566109e-07,-0.0041612534
1.567109e-07,-0.0041598173
1.568109e-07,-0.0041590993
1.569109e-07,-0.0041590993
1.570109e-07,-0.0041598173
1.571109e-07,-0.0041598173
1.572109e-07,-0.0041590993
1.573109e-07,-0.0041576631
1.574109e-07,-0.0041576631
1.575109e-07,-0.0041619715
1.576109e-07,-0.0041705882
1.577109e-07,-0.0041820772
1.578109e-07,-0.0041928481
1.579109e-07,-0.0041971565
1.580109e-07,-0.0041935662
1.581109e-07,-0.0041827953
1.582109e-07,-0.0041691521
1.583109e-07,-0.0041598173
1.584109e-07,-0.0041590993
1.585109e-07,-0.0041669979
1.586109e-07,-0.0041784869
1.587109e-07,-0.0041892578
1.588109e-07,-0.0041935662
1.589109e-07,-0.0041899759
1.590109e-07,-0.0041820772
1.591109e-07,-0.0041741785
1.592109e-07,-0.0041705882
1.593109e-07,-0.0041713063
1.594109e-07,-0.0041727424
1.595109e-07,-0.0041698702
1.596109e-07,-0.0041590993
1.597109e-07,-0.0041418658
1.598109e-07,-0.0041224782
1.599109e-07,-0.0041073989
1.600109e-07,-0.0041016544
1.601109e-07,-0.0041052447
1.602109e-07,-0.0041124253
1.603109e-07,-0.0041174517
1.604109e-07,-0.0041131434
1.605109e-07,-0.0040995002
1.606109e-07,-0.0040808307
1.607109e-07,-0.0040643153
1.608109e-07,-0.0040556985
1.609109e-07,-0.0040571347
1.610109e-07,-0.0040650333
1.611109e-07,-0.0040743681
1.612109e-07,-0.0040786765
1.613109e-07,-0.0040779584
1.614109e-07,-0.0040743681
1.615109e-07,-0.00407365
1.616109e-07,-0.0040786765
1.617109e-07,-0.0040880113
1.618109e-07,-0.004096628
1.619109e-07,-0.0040987822
1.620109e-07,-0.0040901654
1.621109e-07,-0.0040743681
1.622109e-07,-0.0040600069
1.623109e-07,-0.0040556985
1.624109e-07,-0.0040671875
1.625109e-07,-0.0040916016
1.626109e-07,-0.004121042
1.627109e-07,-0.0041418658
1.628109e-07,-0.0041476103
1.629109e-07,-0.0041361213
1.630109e-07,-0.0041160156
1.631109e-07,-0.004097346
1.632109e-07,-0.0040901654
1.633109e-07,-0.004096628
1.634109e-07,-0.0041109892
1.635109e-07,-0.0041231962
1.636109e-07,-0.0041246324
1.637109e-07,-0.0041138614
1.638109e-07,-0.0040980641
1.639109e-07,-0.0040872932
1.640109e-07,-0.0040901654
1.641109e-07,-0.004108835
1.642109e-07,-0.0041361213
1.643109e-07,-0.0041605354
1.644109e-07,-0.0041705882
1.645109e-07,-0.0041634076
1.646109e-07,-0.0041447381
1.647109e-07,-0.0041239143
1.648109e-07,-0.0041131434
1.649109e-07,-0.0041160156
1.650109e-07,-0.0041282227
1.651109e-07,-0.0041418658
1.652109e-07,-0.0041476103
1.653109e-07,-0.0041433019
1.654109e-07,-0.0041332491
1.655109e-07,-0.0041282227
1.656109e-07,-0.0041361213
1.657109e-07,-0.0041598173
1.658109e-07,-0.0041928481
1.659109e-07,-0.0042230067
1.660109e-07,-0.0042395221
1.661109e-07,-0.004238804
1.662109e-07,-0.0042251608
1.663109e-07,-0.0042107996
1.664109e-07,-0.0042050551
1.665109e-07,-0.0042136719
1.666109e-07,-0.0042316234
1.667109e-07,-0.004251011
1.668109e-07,-0.0042625
1.669109e-07,-0.0042625
1.670109e-07,-0.0042560375
1.671109e-07,-0.0042531652
1.672109e-07,-0.0042625
1.673109e-07,-0.0042869141
1.674109e-07,-0.0043185087
1.675109e-07,-0.004345077
1.676109e-07,-0.0043544118
1.677109e-07,-0.0043429228
1.678109e-07,-0.0043170726
1.679109e-07,-0.0042897863
1.680109e-07,-0.004273989
1.681109e-07,-0.0042775793
1.682109e-07,-0.0042962489
1.683109e-07,-0.0043185087
1.684109e-07,-0.0043314338
1.685109e-07,-0.0043278435
1.686109e-07,-0.0043106101
1.687109e-07,-0.0042883502
1.688109e-07,-0.004273989
1.689109e-07,-0.004273989
1.690109e-07,-0.0042883502
1.691109e-07,-0.0043070198
1.692109e-07,-0.0043199449
1.693109e-07,-0.0043206629
1.694109e-07,-0.004309892
1.695109e-07,-0.0042955308
1.696109e-07,-0.0042854779
1.697109e-07,-0.0042854779
1.698109e-07,-0.0042926585
1.699109e-07,-0.0042998392
1.700109e-07,-0.0042969669
1.701109e-07,-0.0042818876
1.702109e-07,-0.0042581916
1.703109e-07,-0.0042366498
1.704109e-07,-0.0042280331
1.705109e-07,-0.004238804
1.706109e-07,-0.0042646542
1.707109e-07,-0.0042962489
1.708109e-07,-0.0043199449
1.709109e-07,-0.0043285616
1.710109e-07,-0.004322099
1.711109e-07,-0.0043077378
1.712109e-07,-0.0042969669
1.713109e-07,-0.0042962489
1.714109e-07,-0.0043063017
1.715109e-07,-0.0043206629
1.716109e-07,-0.0043314338
1.717109e-07,-0.0043321519
1.718109e-07,-0.0043242532
1.719109e-07,-0.0043134823
1.720109e-07,-0.0043084559
1.721109e-07,-0.0043142004
1.722109e-07,-0.0043307158
1.723109e-07,-0.0043508215
1.724109e-07,-0.0043659007
1.725109e-07,-0.004368773
1.726109e-07,-0.0043580021
1.727109e-07,-0.0043393325
1.728109e-07,-0.0043199449
1.729109e-07,-0.0043063017
1.730109e-07,-0.0043005572
1.731109e-07,-0.0043019933
1.732109e-07,-0.0043084559
1.733109e-07,-0.0043163545
1.734109e-07,-0.0043264074
1.735109e-07,-0.0043393325
1.736109e-07,-0.0043544118
1.737109e-07,-0.004368773
1.738109e-07,-0.0043759536
1.739109e-07,-0.0043723633
1.740109e-07,-0.0043544118
1.741109e-07,-0.0043278435
1.742109e-07,-0.0043012753
1.743109e-07,-0.0042854779
1.744109e-07,-0.0042854779
1.745109e-07,-0.0043005572
1.746109e-07,-0.0043206629
1.747109e-07,-0.004333588
1.748109e-07,-0.0043314338
1.749109e-07,-0.0043134823
1.750109e-07,-0.0042876321
1.751109e-07,-0.0042668084
1.752109e-07,-0.0042625
1.753109e-07,-0.0042768612
1.754109e-07,-0.0043027114
1.755109e-07,-0.0043285616
1.756109e-07,-0.0043429228
1.757109e-07,-0.0043400506
1.758109e-07,-0.0043242532
1.759109e-07,-0.0043063017
1.760109e-07,-0.0042969669
1.761109e-07,-0.0043012753
1.762109e-07,-0.0043156365
1.763109e-07,-0.0043328699
1.764109e-07,-0.0043429228
1.765109e-07,-0.0043422047
1.766109e-07,-0.004333588
1.767109e-07,-0.0043271255
1.768109e-07,-0.0043314338
1.769109e-07,-0.0043493853
1.770109e-07,-0.0043781078
1.771109e-07,-0.0044061121
1.772109e-07,-0.0044233456
1.773109e-07,-0.0044247817
1.774109e-07,-0.0044118566
1.775109e-07,-0.004392469
1.776109e-07,-0.0043773897
1.777109e-07,-0.0043716452
1.778109e-07,-0.0043766716
1.779109e-07,-0.0043874426
1.780109e-07,-0.0044003676
1.781109e-07,-0.0044125747
1.782109e-07,-0.0044262178
1.783109e-07,-0.0044448874
1.784109e-07,-0.0044693015
1.785109e-07,-0.0044965878
1.786109e-07,-0.0045181296
1.787109e-07,-0.0045260283
1.788109e-07,-0.0045152574
1.789109e-07,-0.0044908433
1.790109e-07,-0.0044649931
1.791109e-07,-0.0044506319
1.792109e-07,-0.0044578125
1.793109e-07,-0.0044858169
1.794109e-07,-0.0045238741
1.795109e-07,-0.0045569049
1.796109e-07,-0.0045727022
1.797109e-07,-0.0045691119
1.798109e-07,-0.0045533146
1.799109e-07,-0.0045389534
1.800109e-07,-0.0045382353
1.801109e-07,-0.0045540326
1.802109e-07,-0.0045806009
1.803109e-07,-0.004605733
1.804109e-07,-0.0046186581
1.805109e-07,-0.0046165039
1.806109e-07,-0.0046064511
1.807109e-07,-0.0045999885
1.808109e-07,-0.0046071691
1.809109e-07,-0.004629429
1.810109e-07,-0.0046567153
1.811109e-07,-0.0046761029
1.812109e-07,-0.0046761029
1.813109e-07,-0.0046545611
1.814109e-07,-0.0046208123
1.815109e-07,-0.0045928079
1.816109e-07,-0.0045841912
1.817109e-07,-0.0045999885
1.818109e-07,-0.0046315832
1.819109e-07,-0.0046624598
1.820109e-07,-0.0046761029
1.821109e-07,-0.0046638959
1.822109e-07,-0.0046308651
1.823109e-07,-0.0045913718
1.824109e-07,-0.0045612132
1.825109e-07,-0.0045497243
1.826109e-07,-0.0045540326
1.827109e-07,-0.0045626494
1.828109e-07,-0.0045612132
1.829109e-07,-0.0045432617
1.830109e-07,-0.004510949
1.831109e-07,-0.0044779182
1.832109e-07,-0.0044578125
1.833109e-07,-0.0044585306
1.834109e-07,-0.0044786363
1.835109e-07,-0.0045059226
1.836109e-07,-0.0045267463
1.837109e-07,-0.0045310547
1.838109e-07,-0.0045188477
1.839109e-07,-0.0044980239
1.840109e-07,-0.0044807904
1.841109e-07,-0.0044736098
1.842109e-07,-0.004475764
1.843109e-07,-0.0044807904
1.844109e-07,-0.0044807904
1.845109e-07,-0.0044721737
1.846109e-07,-0.0044585306
1.847109e-07,-0.0044506319
1.848109e-07,-0.0044578125
1.849109e-07,-0.0044836627
1.850109e-07,-0.004522438
1.851109e-07,-0.0045604952
1.852109e-07,-0.0045841912
1.853109e-07,-0.0045863454
1.854109e-07,-0.0045676758
1.855109e-07,-0.0045396714
1.856109e-07,-0.0045152574
1.857109e-07,-0.0045023323
1.858109e-07,-0.0045023323
1.859109e-07,-0.0045095129
1.860109e-07,-0.0045152574
1.861109e-07,-0.0045159754
1.862109e-07,-0.0045131032
1.863109e-07,-0.0045145393
1.864109e-07,-0.0045267463
1.865109e-07,-0.0045518784
1.866109e-07,-0.0045841912
1.867109e-07,-0.0046136317
1.868109e-07,-0.0046301471
1.869109e-07,-0.0046308651
1.870109e-07,-0.0046200942
1.871109e-07,-0.0046086052
1.872109e-07,-0.0046071691
1.873109e-07,-0.0046193761
1.874109e-07,-0.004641636
1.875109e-07,-0.0046638959
1.876109e-07,-0.0046761029
1.877109e-07,-0.0046753849
1.878109e-07,-0.0046660501
1.879109e-07,-0.0046595875
1.880109e-07,-0.004664614
1.881109e-07,-0.0046861558
1.882109e-07,-0.0047184685
1.883109e-07,-0.0047500632
1.884109e-07,-0.0047680147
1.885109e-07,-0.0047672966
1.886109e-07,-0.0047500632
1.887109e-07,-0.0047270852
1.888109e-07,-0.0047105699
1.889109e-07,-0.0047069795
1.890109e-07,-0.0047170324
1.891109e-07,-0.0047321117
1.892109e-07,-0.0047450368
1.893109e-07,-0.0047500632
1.894109e-07,-0.0047500632
1.895109e-07,-0.0047500632
1.896109e-07,-0.0047565257
1.897109e-07,-0.0047723231
1.898109e-07,-0.0047917107
1.899109e-07,-0.0048082261
1.900109e-07,-0.0048139706
1.901109e-07,-0.004807508
1.902109e-07,-0.0047938649
1.903109e-07,-0.0047823759
1.904109e-07,-0.0047795037
1.905109e-07,-0.0047866843
1.906109e-07,-0.0047967371
1.907109e-07,-0.0048003274
1.908109e-07,-0.0047909926
1.909109e-07,-0.0047701689
1.910109e-07,-0.0047471909
1.911109e-07,-0.004735702
1.912109e-07,-0.0047450368
1.913109e-07,-0.0047759134
1.914109e-07,-0.004818279
1.915109e-07,-0.0048549
1.916109e-07,-0.0048714154
1.917109e-07,-0.0048627987
1.918109e-07,-0.0048369485
1.919109e-07,-0.004807508
1.920109e-07,-0.0047909926
1.921109e-07,-0.004794583
1.922109e-07,-0.0048161248
1.923109e-07,-0.004841975
1.924109e-07,-0.0048599265
1.925109e-07,-0.0048627987
1.926109e-07,-0.0048527459
1.927109e-07,-0.0048405388
1.928109e-07,-0.0048369485
1.929109e-07,-0.0048477194
1.930109e-07,-0.0048685432
1.931109e-07,-0.0048879308
1.932109e-07,-0.0048943934
1.933109e-07,-0.0048807502
1.934109e-07,-0.0048513097
1.935109e-07,-0.0048168428
1.936109e-07,-0.0047909926
1.937109e-07,-0.0047816579
1.938109e-07,-0.0047866843
1.939109e-07,-0.0047981733
1.940109e-07,-0.0048024816
1.941109e-07,-0.0047938649
1.942109e-07,-0.0047730411
1.943109e-07,-0.0047500632
1.944109e-07,-0.0047335478
1.945109e-07,-0.0047313936
1.946109e-07,-0.0047407284
1.947109e-07,-0.0047522174
1.948109e-07,-0.0047565257
1.949109e-07,-0.0047457548
1.950109e-07,-0.0047227769
1.951109e-07,-0.0046962086
1.952109e-07,-0.0046761029
1.953109e-07,-0.0046703585
1.954109e-07,-0.0046782571
1.955109e-07,-0.0046911822
1.956109e-07,-0.0046990809
1.957109e-07,-0.0046940545
1.958109e-07,-0.0046775391
1.959109e-07,-0.0046567153
1.960109e-07,-0.004641636
1.961109e-07,-0.004640918
1.962109e-07,-0.0046545611
1.963109e-07,-0.0046775391
1.964109e-07,-0.0046990809
1.965109e-07,-0.0047112879
1.966109e-07,-0.004712006
1.967109e-07,-0.0047019531
1.968109e-07,-0.0046875919
1.969109e-07,-0.0046739488
1.970109e-07,-0.0046624598
1.971109e-07,-0.0046524069
1.972109e-07,-0.004641636
1.973109e-07,-0.0046308651
1.974109e-07,-0.0046222484
1.975109e-07,-0.0046215303
1.976109e-07,-0.0046301471
1.977109e-07,-0.0046473805
1.978109e-07,-0.0046660501
1.979109e-07,-0.0046775391
1.980109e-07,-0.0046761029
1.981109e-07,-0.0046610237
1.982109e-07,-0.0046394818
1.983109e-07,-0.0046222484
1.984109e-07,-0.0046186581
1.985109e-07,-0.0046315832
1.986109e-07,-0.0046545611
1.987109e-07,-0.004676821
1.988109e-07,-0.0046875919
1.989109e-07,-0.0046818474
1.990109e-07,-0.0046617417
1.991109e-07,-0.0046373277
1.992109e-07,-0.0046186581
1.993109e-07,-0.0046121955
1.994109e-07,-0.004617222
1.995109e-07,-0.0046258387
1.996109e-07,-0.0046301471
1.997109e-07,-0.0046251206
1.998109e-07,-0.0046121955
1.999109e-07,-0.0045992705
2.000109e-07,-0.0045956801
2.001109e-07,-0.0046050149
2.002109e-07,-0.0046258387
2.003109e-07,-0.0046488166
2.004109e-07,-0.004664614
2.005109e-07,-0.0046660501
2.006109e-07,-0.0046538431
2.007109e-07,-0.0046344554
2.008109e-07,-0.0046186581
2.009109e-07,-0.0046136317
2.010109e-07,-0.0046215303
2.011109e-07,-0.0046373277
2.012109e-07,-0.004653125
2.013109e-07,-0.0046624598
2.014109e-07,-0.0046631778
2.015109e-07,-0.0046581514
2.016109e-07,-0.004653125
2.017109e-07,-0.004653125
2.018109e-07,-0.0046610237
2.019109e-07,-0.0046732307
2.020109e-07,-0.0046875919
2.021109e-07,-0.0046997989
2.022109e-07,-0.0047084157
2.023109e-07,-0.0047148782
2.024109e-07,-0.0047220588
2.025109e-07,-0.0047306756
2.026109e-07,-0.0047400103
2.027109e-07,-0.0047493451
2.028109e-07,-0.0047565257
2.029109e-07,-0.0047622702
2.030109e-07,-0.0047687328
2.031109e-07,-0.0047780676
2.032109e-07,-0.0047909926
2.033109e-07,-0.0048046358
2.034109e-07,-0.0048139706
2.035109e-07,-0.0048175609
2.036109e-07,-0.0048139706
2.037109e-07,-0.0048089442
2.038109e-07,-0.0048096622
2.039109e-07,-0.0048218693
2.040109e-07,-0.0048484375
2.041109e-07,-0.0048829044
2.042109e-07,-0.0049152171
2.043109e-07,-0.0049360409
2.044109e-07,-0.0049403493
2.045109e-07,-0.0049317325
2.046109e-07,-0.0049209616
2.047109e-07,-0.0049180894
2.048109e-07,-0.0049288603
2.049109e-07,-0.0049504021
2.050109e-07,-0.004972662
2.051109e-07,-0.0049827148
2.052109e-07,-0.0049748162
2.053109e-07,-0.0049511202
2.054109e-07,-0.0049223977
2.055109e-07,-0.0049044462
2.056109e-07,-0.0049058824
2.057109e-07,-0.0049267061
2.058109e-07,-0.0049547105
2.059109e-07,-0.0049748162
2.060109e-07,-0.0049748162
2.061109e-07,-0.0049518382
2.062109e-07,-0.0049152171
2.063109e-07,-0.0048800322
2.064109e-07,-0.0048599265
2.065109e-07,-0.0048592084
2.066109e-07,-0.0048714154
2.067109e-07,-0.0048829044
2.068109e-07,-0.0048829044
2.069109e-07,-0.004865671
2.070109e-07,-0.0048369485
2.071109e-07,-0.0048082261
2.072109e-07,-0.0047909926
2.073109e-07,-0.0047895565
2.074109e-07,-0.0047981733
2.075109e-07,-0.0048060719
2.076109e-07,-0.0048024816
2.077109e-07,-0.0047852482
2.078109e-07,-0.004760116
2.079109e-07,-0.0047392923
2.080109e-07,-0.0047335478
2.081109e-07,-0.0047436006
2.082109e-07,-0.0047622702
2.083109e-07,-0.0047737592
2.084109e-07,-0.0047680147
2.085109e-07,-0.0047414465
2.086109e-07,-0.0047026712
2.087109e-07,-0.0046682043
2.088109e-07,-0.004653125
2.089109e-07,-0.0046624598
2.090109e-07,-0.0046897461
2.091109e-07,-0.0047191866
2.092109e-07,-0.0047335478
2.093109e-07,-0.0047249311
2.094109e-07,-0.0046976448
2.095109e-07,-0.004664614
2.096109e-07,-0.004641636
2.097109e-07,-0.0046373277
2.098109e-07,-0.0046495347
2.099109e-07,-0.0046667682
2.100109e-07,-0.0046761029
2.101109e-07,-0.0046696404
2.102109e-07,-0.0046502528
2.103109e-07,-0.0046287109
2.104109e-07,-0.0046186581
2.105109e-07,-0.0046265568
2.106109e-07,-0.0046509708
2.107109e-07,-0.0046796932
2.108109e-07,-0.0046990809
2.109109e-07,-0.004700517
2.110109e-07,-0.0046847197
2.111109e-07,-0.0046610237
2.112109e-07,-0.004641636
2.113109e-07,-0.0046351735
2.114109e-07,-0.004641636
2.115109e-07,-0.0046545611
2.116109e-07,-0.004664614
2.117109e-07,-0.004665332
2.118109e-07,-0.0046581514
2.119109e-07,-0.0046509708
2.120109e-07,-0.004653125
2.121109e-07,-0.0046689223
2.122109e-07,-0.0046962086
2.123109e-07,-0.0047249311
2.124109e-07,-0.0047450368
2.125109e-07,-0.0047507813
2.126109e-07,-0.0047436006
2.127109e-07,-0.0047306756
2.128109e-07,-0.0047220588
2.129109e-07,-0.0047220588
2.130109e-07,-0.0047285214
2.131109e-07,-0.0047349839
2.132109e-07,-0.0047335478
2.133109e-07,-0.0047213408
2.134109e-07,-0.0047033892
2.135109e-07,-0.004689028
2.136109e-07,-0.0046875919
2.137109e-07,-0.0047026712
2.138109e-07,-0.0047285214
2.139109e-07,-0.0047543716
2.140109e-07,-0.0047680147
2.141109e-07,-0.0047644244
2.142109e-07,-0.0047464729
2.143109e-07,-0.0047249311
2.144109e-07,-0.0047105699
2.145109e-07,-0.0047112879
2.146109e-07,-0.0047249311
2.147109e-07,-0.0047436006
2.148109e-07,-0.0047565257
2.149109e-07,-0.0047572438
2.150109e-07,-0.0047471909
2.151109e-07,-0.0047321117
2.152109e-07,-0.0047220588
2.153109e-07,-0.0047206227
2.154109e-07,-0.0047270852
2.155109e-07,-0.0047342659
2.156109e-07,-0.0047335478
2.157109e-07,-0.0047206227
2.158109e-07,-0.0046976448
2.159109e-07,-0.0046725126
2.160109e-07,-0.004653125
2.161109e-07,-0.0046445083
2.162109e-07,-0.0046459444
2.163109e-07,-0.0046502528
2.164109e-07,-0.004653125
2.165109e-07,-0.0046502528
2.166109e-07,-0.0046459444
2.167109e-07,-0.0046445083
2.168109e-07,-0.004653125
2.169109e-07,-0.0046717946
2.170109e-07,-0.0046954906
2.171109e-07,-0.0047148782
2.172109e-07,-0.0047220588
2.173109e-07,-0.0047155963
2.174109e-07,-0.0046990809
2.175109e-07,-0.0046832835
2.176109e-07,-0.0046761029
2.177109e-07,-0.0046804113
2.178109e-07,-0.0046926183
2.179109e-07,-0.0047055434
2.180109e-07,-0.0047105699
2.181109e-07,-0.0047069795
2.182109e-07,-0.0046983628
2.183109e-07,-0.0046933364
2.184109e-07,-0.0046990809
2.185109e-07,-0.0047163143
2.186109e-07,-0.0047378562
2.187109e-07,-0.0047536535
2.188109e-07,-0.0047565257
2.189109e-07,-0.0047443187
2.190109e-07,-0.0047234949
2.191109e-07,-0.0047048254
2.192109e-07,-0.0046990809
2.193109e-07,-0.0047076976
2.194109e-07,-0.0047249311
2.195109e-07,-0.0047407284
2.196109e-07,-0.0047450368
2.197109e-07,-0.0047349839
2.198109e-07,-0.0047170324
2.199109e-07,-0.0047019531
2.200109e-07,-0.0046990809
2.201109e-07,-0.0047105699
2.202109e-07,-0.0047299575
2.203109e-07,-0.0047450368
2.204109e-07,-0.0047450368
2.205109e-07,-0.0047263672
2.206109e-07,-0.0046940545
2.207109e-07,-0.0046617417
2.208109e-07,-0.004641636
2.209109e-07,-0.0046394818
2.210109e-07,-0.004653125
2.211109e-07,-0.0046725126
2.212109e-07,-0.0046875919
2.213109e-07,-0.0046933364
2.214109e-07,-0.0046919003
2.215109e-07,-0.0046919003
2.216109e-07,-0.0046990809
2.217109e-07,-0.0047163143
2.218109e-07,-0.0047378562
2.219109e-07,-0.0047536535
2.220109e-07,-0.0047565257
2.221109e-07,-0.0047443187
2.222109e-07,-0.0047234949
2.223109e-07,-0.0047048254
2.224109e-07,-0.0046990809
2.225109e-07,-0.0047076976
2.226109e-07,-0.0047249311
2.227109e-07,-0.0047407284
2.228109e-07,-0.0047450368
2.229109e-07,-0.0047371381
2.230109e-07,-0.0047227769
2.231109e-07,-0.0047148782
2.232109e-07,-0.0047220588
2.233109e-07,-0.0047443187
2.234109e-07,-0.0047723231
2.235109e-07,-0.0047917107
2.236109e-07,-0.0047909926
2.237109e-07,-0.0047680147
2.238109e-07,-0.0047306756
2.239109e-07,-0.0046954906
2.240109e-07,-0.0046761029
2.241109e-07,-0.0046782571
2.242109e-07,-0.0046962086
2.243109e-07,-0.0047148782
2.244109e-07,-0.0047220588
2.245109e-07,-0.0047105699
2.246109e-07,-0.0046847197
2.247109e-07,-0.0046574334
2.248109e-07,-0.004641636
2.249109e-07,-0.0046423541
2.250109e-07,-0.0046567153
2.251109e-07,-0.0046717946
2.252109e-07,-0.0046761029
2.253109e-07,-0.004664614
2.254109e-07,-0.0046423541
2.255109e-07,-0.0046193761
2.256109e-07,-0.0046071691
2.257109e-07,-0.0046093233
2.258109e-07,-0.0046215303
2.259109e-07,-0.0046323012
2.260109e-07,-0.0046301471
2.261109e-07,-0.0046136317
2.262109e-07,-0.0045899357
2.263109e-07,-0.0045719841
2.264109e-07,-0.0045727022
2.265109e-07,-0.004594244
2.266109e-07,-0.004629429
2.267109e-07,-0.0046617417
2.268109e-07,-0.0046761029
2.269109e-07,-0.0046660501
2.270109e-07,-0.0046380457
2.271109e-07,-0.0046050149
2.272109e-07,-0.0045841912
2.273109e-07,-0.0045834731
2.274109e-07,-0.0046007066
2.275109e-07,-0.0046244026
2.276109e-07,-0.004641636
2.277109e-07,-0.0046452263
2.278109e-07,-0.0046380457
2.279109e-07,-0.004629429
2.280109e-07,-0.0046301471
2.281109e-07,-0.0046445083
2.282109e-07,-0.0046667682
2.283109e-07,-0.0046847197
2.284109e-07,-0.0046875919
2.285109e-07,-0.0046696404
2.286109e-07,-0.0046373277
2.287109e-07,-0.0046035788
2.288109e-07,-0.0045841912
2.289109e-07,-0.0045863454
2.290109e-07,-0.0046086052
2.291109e-07,-0.0046387638
2.292109e-07,-0.004664614
2.293109e-07,-0.0046775391
2.294109e-07,-0.0046789752
2.295109e-07,-0.0046753849
2.296109e-07,-0.0046761029
2.297109e-07,-0.0046847197
2.298109e-07,-0.0046976448
2.299109e-07,-0.0047055434
2.300109e-07,-0.0046990809
2.301109e-07,-0.004676821
2.302109e-07,-0.0046459444
2.303109e-07,-0.0046186581
2.304109e-07,-0.0046071691
2.305109e-07,-0.0046157858
2.306109e-07,-0.0046380457
2.307109e-07,-0.0046624598
2.308109e-07,-0.0046761029
2.309109e-07,-0.0046725126
2.310109e-07,-0.0046567153
2.311109e-07,-0.0046380457
2.312109e-07,-0.0046301471
2.313109e-07,-0.0046373277
2.314109e-07,-0.0046552792
2.315109e-07,-0.0046761029
2.316109e-07,-0.0046875919
2.317109e-07,-0.0046868739
2.318109e-07,-0.0046782571
2.319109e-07,-0.0046717946
2.320109e-07,-0.0046761029
2.321109e-07,-0.0046926183
2.322109e-07,-0.0047155963
2.323109e-07,-0.0047321117
2.324109e-07,-0.0047335478
2.325109e-07,-0.0047177505
2.326109e-07,-0.0046933364
2.327109e-07,-0.0046753849
2.328109e-07,-0.0046761029
2.329109e-07,-0.0046983628
2.330109e-07,-0.0047328297
2.331109e-07,-0.0047651425
2.332109e-07,-0.0047795037
2.333109e-07,-0.0047701689
2.334109e-07,-0.0047414465
2.335109e-07,-0.0047091337
2.336109e-07,-0.0046875919
2.337109e-07,-0.0046840016
2.338109e-07,-0.0046962086
2.339109e-07,-0.004712724
2.340109e-07,-0.0047220588
2.341109e-07,-0.0047184685
2.342109e-07,-0.0047062615
2.343109e-07,-0.0046962086
2.344109e-07,-0.0046990809
2.345109e-07,-0.0047184685
2.346109e-07,-0.0047471909
2.347109e-07,-0.0047723231
2.348109e-07,-0.0047795037
2.349109e-07,-0.0047644244
2.350109e-07,-0.0047328297
2.351109e-07,-0.0046983628
2.352109e-07,-0.0046761029
2.353109e-07,-0.0046732307
2.354109e-07,-0.0046854377
2.355109e-07,-0.0047026712
2.356109e-07,-0.0047105699
2.357109e-07,-0.0047033892
2.358109e-07,-0.0046840016
2.359109e-07,-0.0046631778
2.360109e-07,-0.004653125
2.361109e-07,-0.0046595875
2.362109e-07,-0.0046782571
2.363109e-07,-0.0046990809
2.364109e-07,-0.0047105699
2.365109e-07,-0.0047069795
2.366109e-07,-0.0046911822
2.367109e-07,-0.0046739488
2.368109e-07,-0.004664614
2.369109e-07,-0.0046682043
2.370109e-07,-0.0046796932
2.371109e-07,-0.004689028
2.372109e-07,-0.0046875919
2.373109e-07,-0.0046717946
2.374109e-07,-0.0046488166
2.375109e-07,-0.0046315832
2.376109e-07,-0.0046301471
2.377109e-07,-0.0046488166
2.378109e-07,-0.0046796932
2.379109e-07,-0.0047091337
2.380109e-07,-0.0047220588
2.381109e-07,-0.0047134421
2.382109e-07,-0.00468831
2.383109e-07,-0.0046595875
2.384109e-07,-0.004641636
2.385109e-07,-0.004641636
2.386109e-07,-0.0046574334
2.387109e-07,-0.004676821
2.388109e-07,-0.0046875919
2.389109e-07,-0.0046847197
2.390109e-07,-0.0046703585
2.391109e-07,-0.0046559972
2.392109e-07,-0.004653125
2.393109e-07,-0.0046660501
2.394109e-07,-0.004689028
2.395109e-07,-0.004712006
2.396109e-07,-0.0047220588
2.397109e-07,-0.0047141602
2.398109e-07,-0.0046933364
2.399109e-07,-0.0046725126
2.400109e-07,-0.004664614
2.401109e-07,-0.0046761029
2.402109e-07,-0.0047041073
2.403109e-07,-0.0047349839
2.404109e-07,-0.0047565257
2.405109e-07,-0.004760116
2.406109e-07,-0.0047493451
2.407109e-07,-0.0047321117
2.408109e-07,-0.0047220588
2.409109e-07,-0.0047249311
2.410109e-07,-0.0047385742
2.411109e-07,-0.0047529354
2.412109e-07,-0.0047565257
2.413109e-07,-0.0047443187
2.414109e-07,-0.0047191866
2.415109e-07,-0.0046926183
2.416109e-07,-0.0046761029
2.417109e-07,-0.0046761029
2.418109e-07,-0.004689028
2.419109e-07,-0.0047048254
2.420109e-07,-0.0047105699
2.421109e-07,-0.0046997989
2.422109e-07,-0.0046753849
2.423109e-07,-0.0046473805
2.424109e-07,-0.0046301471
2.425109e-07,-0.0046315832
2.426109e-07,-0.0046509708
2.427109e-07,-0.0046775391
2.428109e-07,-0.0046990809
2.429109e-07,-0.0047041073
2.430109e-07,-0.0046919003
2.431109e-07,-0.0046667682
2.432109e-07,-0.004641636
2.433109e-07,-0.0046244026
2.434109e-07,-0.0046193761
2.435109e-07,-0.0046236845
2.436109e-07,-0.0046301471
2.437109e-07,-0.0046337374
2.438109e-07,-0.0046330193
2.439109e-07,-0.0046301471
2.440109e-07,-0.0046301471
2.441109e-07,-0.0046351735
2.442109e-07,-0.0046437902
2.443109e-07,-0.0046509708
2.444109e-07,-0.004653125
2.445109e-07,-0.0046488166
2.446109e-07,-0.004641636
2.447109e-07,-0.0046373277
2.448109e-07,-0.004641636
2.449109e-07,-0.0046538431
2.450109e-07,-0.0046689223
2.451109e-07,-0.0046782571
2.452109e-07,-0.0046761029
2.453109e-07,-0.0046624598
2.454109e-07,-0.0046437902
2.455109e-07,-0.0046308651
2.456109e-07,-0.0046301471
2.457109e-07,-0.0046437902
2.458109e-07,-0.004665332
2.459109e-07,-0.0046832835
2.460109e-07,-0.0046875919
2.461109e-07,-0.0046739488
2.462109e-07,-0.0046473805
2.463109e-07,-0.00461794
2.464109e-07,-0.0045956801
2.465109e-07,-0.0045870634
2.466109e-07,-0.0045899357
2.467109e-07,-0.0045992705
2.468109e-07,-0.0046071691
2.469109e-07,-0.0046114775
2.470109e-07,-0.0046150678
2.471109e-07,-0.0046236845
2.472109e-07,-0.004641636
2.473109e-07,-0.0046689223
2.474109e-07,-0.0046990809
2.475109e-07,-0.0047227769
2.476109e-07,-0.0047335478
2.477109e-07,-0.0047321117
2.478109e-07,-0.0047249311
2.479109e-07,-0.0047234949
2.480109e-07,-0.0047335478
2.481109e-07,-0.0047565257
2.482109e-07,-0.0047845301
2.483109e-07,-0.0048060719
2.484109e-07,-0.0048139706
2.485109e-07,-0.00480679
2.486109e-07,-0.0047931468
2.487109e-07,-0.0047845301
2.488109e-07,-0.0047909926
2.489109e-07,-0.0048132525
2.490109e-07,-0.004841975
2.491109e-07,-0.0048649529
2.492109e-07,-0.0048714154
2.493109e-07,-0.0048592084
2.494109e-07,-0.0048362305
2.495109e-07,-0.0048168428
2.496109e-07,-0.0048139706
2.497109e-07,-0.004830486
2.498109e-07,-0.0048584903
2.499109e-07,-0.0048843405
2.500109e-07,-0.0048943934
2.501109e-07,-0.0048843405
2.502109e-07,-0.0048599265
2.503109e-07,-0.0048362305
2.504109e-07,-0.0048254596
2.505109e-07,-0.0048347943
2.506109e-07,-0.0048577723
2.507109e-07,-0.0048829044
2.508109e-07,-0.0048943934
2.509109e-07,-0.0048864947
2.510109e-07,-0.0048635168
2.511109e-07,-0.0048383847
2.512109e-07,-0.0048254596
2.513109e-07,-0.0048319221
2.514109e-07,-0.0048556181
2.515109e-07,-0.0048850586
2.516109e-07,-0.0049058824
2.517109e-07,-0.0049094727
2.518109e-07,-0.0048965476
2.519109e-07,-0.0048764419
2.520109e-07,-0.0048599265
2.521109e-07,-0.0048549
2.522109e-07,-0.0048613626
2.523109e-07,-0.0048699793
2.524109e-07,-0.0048714154
2.525109e-07,-0.0048592084
2.526109e-07,-0.0048362305
2.527109e-07,-0.0048096622
2.528109e-07,-0.0047909926
2.529109e-07,-0.0047852482
2.530109e-07,-0.0047917107
2.531109e-07,-0.0048003274
2.532109e-07,-0.0048024816
2.533109e-07,-0.0047917107
2.534109e-07,-0.0047687328
2.535109e-07,-0.0047428826
2.536109e-07,-0.0047220588
2.537109e-07,-0.004712724
2.538109e-07,-0.004712006
2.539109e-07,-0.0047141602
2.540109e-07,-0.0047105699
2.541109e-07,-0.0046976448
2.542109e-07,-0.0046782571
2.543109e-07,-0.0046610237
2.544109e-07,-0.004653125
2.545109e-07,-0.0046588695
2.546109e-07,-0.0046739488
2.547109e-07,-0.0046897461
2.548109e-07,-0.0046990809
2.549109e-07,-0.0046976448
2.550109e-07,-0.0046897461
2.551109e-07,-0.0046840016
2.552109e-07,-0.0046875919
2.553109e-07,-0.0047041073
2.554109e-07,-0.0047270852
2.555109e-07,-0.004747909
2.556109e-07,-0.0047565257
2.557109e-07,-0.0047500632
2.558109e-07,-0.0047328297
2.559109e-07,-0.0047163143
2.560109e-07,-0.0047105699
2.561109e-07,-0.0047199046
2.562109e-07,-0.0047414465
2.563109e-07,-0.0047644244
2.564109e-07,-0.0047795037
2.565109e-07,-0.0047809398
2.566109e-07,-0.0047723231
2.567109e-07,-0.0047608341
2.568109e-07,-0.0047565257
2.569109e-07,-0.0047622702
2.570109e-07,-0.0047759134
2.571109e-07,-0.0047881204
2.572109e-07,-0.0047909926
2.573109e-07,-0.0047823759
2.574109e-07,-0.0047658605
2.575109e-07,-0.0047507813
2.576109e-07,-0.0047450368
2.577109e-07,-0.0047522174
2.578109e-07,-0.0047672966
2.579109e-07,-0.004783094
2.580109e-07,-0.0047909926
2.581109e-07,-0.0047888385
2.582109e-07,-0.0047809398
2.583109e-07,-0.0047751953
2.584109e-07,-0.0047795037
2.585109e-07,-0.0047938649
2.586109e-07,-0.0048125345
2.587109e-07,-0.0048254596
2.588109e-07,-0.0048254596
2.589109e-07,-0.0048125345
2.590109e-07,-0.0047931468
2.591109e-07,-0.0047795037
2.592109e-07,-0.0047795037
2.593109e-07,-0.004794583
2.594109e-07,-0.0048161248
2.595109e-07,-0.0048333582
2.596109e-07,-0.0048369485
2.597109e-07,-0.0048254596
2.598109e-07,-0.00480679
2.599109e-07,-0.0047924288
2.600109e-07,-0.0047909926
2.601109e-07,-0.0048031997
2.602109e-07,-0.0048197151
2.603109e-07,-0.0048261776
2.604109e-07,-0.0048139706
2.605109e-07,-0.0047816579
2.606109e-07,-0.0047400103
2.607109e-07,-0.0047041073
2.608109e-07,-0.0046875919
2.609109e-07,-0.0046926183
2.610109e-07,-0.0047105699
2.611109e-07,-0.0047249311
2.612109e-07,-0.0047220588
2.613109e-07,-0.0046983628
2.614109e-07,-0.0046610237
2.615109e-07,-0.0046258387
2.616109e-07,-0.0046071691
2.617109e-07,-0.0046100414
2.618109e-07,-0.0046272748
2.619109e-07,-0.0046423541
2.620109e-07,-0.004641636
2.621109e-07,-0.00461794
2.622109e-07,-0.0045770106
2.623109e-07,-0.0045332089
2.624109e-07,-0.0045037684
2.625109e-07,-0.0044951517
2.626109e-07,-0.0045044864
2.627109e-07,-0.0045195657
2.628109e-07,-0.0045267463
2.629109e-07,-0.0045195657
2.630109e-07,-0.0045016142
2.631109e-07,-0.0044850988
2.632109e-07,-0.0044807904
2.633109e-07,-0.0044944336
2.634109e-07,-0.0045210018
2.635109e-07,-0.0045475701
2.636109e-07,-0.0045612132
2.637109e-07,-0.0045569049
2.638109e-07,-0.0045403895
2.639109e-07,-0.0045217199
2.640109e-07,-0.0045152574
2.641109e-07,-0.0045245921
2.642109e-07,-0.0045454159
2.643109e-07,-0.0045648035
2.644109e-07,-0.0045727022
2.645109e-07,-0.0045655216
2.646109e-07,-0.0045504423
2.647109e-07,-0.0045411075
2.648109e-07,-0.0045497243
2.649109e-07,-0.0045798828
2.650109e-07,-0.0046215303
2.651109e-07,-0.0046595875
2.652109e-07,-0.0046761029
2.653109e-07,-0.004665332
2.654109e-07,-0.0046330193
2.655109e-07,-0.0045963982
2.656109e-07,-0.0045727022
2.657109e-07,-0.0045727022
2.658109e-07,-0.004594244
2.659109e-07,-0.0046265568
2.660109e-07,-0.004653125
2.661109e-07,-0.004665332
2.662109e-07,-0.0046631778
2.663109e-07,-0.0046552792
2.664109e-07,-0.004653125
2.665109e-07,-0.0046631778
2.666109e-07,-0.0046825655
2.667109e-07,-0.0047019531
2.668109e-07,-0.0047105699
2.669109e-07,-0.0047048254
2.670109e-07,-0.0046875919
2.671109e-07,-0.0046703585
2.672109e-07,-0.004664614
2.673109e-07,-0.0046746668
2.674109e-07,-0.0046962086
2.675109e-07,-0.0047191866
2.676109e-07,-0.0047335478
2.677109e-07,-0.00473642
2.678109e-07,-0.0047321117
2.679109e-07,-0.0047313936
2.680109e-07,-0.0047450368
2.681109e-07,-0.0047737592
2.682109e-07,-0.0048096622
2.683109e-07,-0.0048383847
2.684109e-07,-0.0048484375
2.685109e-07,-0.0048347943
2.686109e-07,-0.0048053539
2.687109e-07,-0.0047744773
2.688109e-07,-0.0047565257
2.689109e-07,-0.0047579619
2.690109e-07,-0.0047744773
2.691109e-07,-0.0047931468
2.692109e-07,-0.0048024816
2.693109e-07,-0.0047967371
2.694109e-07,-0.0047816579
2.695109e-07,-0.0047680147
2.696109e-07,-0.0047680147
2.697109e-07,-0.0047845301
2.698109e-07,-0.0048110983
2.699109e-07,-0.0048326402
2.700109e-07,-0.0048369485
2.701109e-07,-0.004818279
2.702109e-07,-0.004783812
2.703109e-07,-0.0047464729
2.704109e-07,-0.0047220588
2.705109e-07,-0.0047170324
2.706109e-07,-0.0047270852
2.707109e-07,-0.0047407284
2.708109e-07,-0.0047450368
2.709109e-07,-0.0047349839
2.710109e-07,-0.0047148782
2.711109e-07,-0.0046990809
2.712109e-07,-0.0046990809
2.713109e-07,-0.0047199046
2.714109e-07,-0.0047543716
2.715109e-07,-0.0047874023
2.716109e-07,-0.0048024816
2.717109e-07,-0.0047917107
2.718109e-07,-0.004759398
2.719109e-07,-0.0047191866
2.720109e-07,-0.0046875919
2.721109e-07,-0.0046746668
2.722109e-07,-0.0046811294
2.723109e-07,-0.0046976448
2.724109e-07,-0.0047105699
2.725109e-07,-0.0047134421
2.726109e-07,-0.0047062615
2.727109e-07,-0.0046983628
2.728109e-07,-0.0046990809
2.729109e-07,-0.004712724
2.730109e-07,-0.0047349839
2.731109e-07,-0.0047536535
2.732109e-07,-0.0047565257
2.733109e-07,-0.0047378562
2.734109e-07,-0.0047019531
2.735109e-07,-0.0046610237
2.736109e-07,-0.0046301471
2.737109e-07,-0.00461794
2.738109e-07,-0.0046244026
2.739109e-07,-0.0046401999
2.740109e-07,-0.004653125
2.741109e-07,-0.0046559972
2.742109e-07,-0.0046488166
2.743109e-07,-0.004640918
2.744109e-07,-0.004641636
2.745109e-07,-0.0046574334
2.746109e-07,-0.0046847197
2.747109e-07,-0.0047141602
2.748109e-07,-0.0047335478
2.749109e-07,-0.00473642
2.750109e-07,-0.0047227769
2.751109e-07,-0.0047033892
2.752109e-07,-0.0046875919
2.753109e-07,-0.0046847197
2.754109e-07,-0.0046962086
2.755109e-07,-0.0047148782
2.756109e-07,-0.0047335478
2.757109e-07,-0.0047464729
2.758109e-07,-0.0047529354
2.759109e-07,-0.0047579619
2.760109e-07,-0.0047680147
2.761109e-07,-0.0047845301
2.762109e-07,-0.0048046358
2.763109e-07,-0.0048204331
2.764109e-07,-0.0048254596
2.765109e-07,-0.0048168428
2.766109e-07,-0.0048003274
2.767109e-07,-0.0047845301
2.768109e-07,-0.0047795037
2.769109e-07,-0.0047881204
2.770109e-07,-0.0048060719
2.771109e-07,-0.0048254596
2.772109e-07,-0.0048369485
2.773109e-07,-0.0048362305
2.774109e-07,-0.0048268957
2.775109e-07,-0.0048168428
2.776109e-07,-0.0048139706
2.777109e-07,-0.0048211512
2.778109e-07,-0.0048347943
2.779109e-07,-0.0048470014
2.780109e-07,-0.0048484375
2.781109e-07,-0.0048383847
2.782109e-07,-0.0048211512
2.783109e-07,-0.0048060719
2.784109e-07,-0.0048024816
2.785109e-07,-0.0048118164
2.786109e-07,-0.0048290499
2.787109e-07,-0.0048441291
2.788109e-07,-0.0048484375
2.789109e-07,-0.0048398208
2.790109e-07,-0.0048247415
2.791109e-07,-0.0048125345
2.792109e-07,-0.0048139706
2.793109e-07,-0.004831204
2.794109e-07,-0.0048584903
2.795109e-07,-0.0048836225
2.796109e-07,-0.0048943934
2.797109e-07,-0.0048864947
2.798109e-07,-0.0048627987
2.799109e-07,-0.0048355124
2.800109e-07,-0.0048139706
2.801109e-07,-0.0048053539
2.802109e-07,-0.0048082261
2.803109e-07,-0.0048139706
2.804109e-07,-0.0048139706
2.805109e-07,-0.0048046358
2.806109e-07,-0.0047895565
2.807109e-07,-0.0047744773
2.808109e-07,-0.0047680147
2.809109e-07,-0.0047708869
2.810109e-07,-0.0047795037
2.811109e-07,-0.0047845301
2.812109e-07,-0.0047795037
2.813109e-07,-0.0047629883
2.814109e-07,-0.0047436006
2.815109e-07,-0.0047306756
2.816109e-07,-0.0047335478
2.817109e-07,-0.0047543716
2.818109e-07,-0.0047852482
2.819109e-07,-0.0048125345
2.820109e-07,-0.0048254596
2.821109e-07,-0.0048197151
2.822109e-07,-0.0048024816
2.823109e-07,-0.0047845301
2.824109e-07,-0.0047795037
2.825109e-07,-0.0047917107
2.826109e-07,-0.0048168428
2.827109e-07,-0.0048434111
2.828109e-07,-0.0048599265
2.829109e-07,-0.0048606445
2.830109e-07,-0.0048491556
2.831109e-07,-0.0048369485
2.832109e-07,-0.0048369485
2.833109e-07,-0.004854182
2.834109e-07,-0.0048843405
2.835109e-07,-0.0049173713
2.836109e-07,-0.0049403493
2.837109e-07,-0.0049468118
2.838109e-07,-0.0049381951
2.839109e-07,-0.0049245519
2.840109e-07,-0.0049173713
2.841109e-07,-0.0049231158
2.842109e-07,-0.0049403493
2.843109e-07,-0.004961173
2.844109e-07,-0.0049748162
2.845109e-07,-0.0049748162
2.846109e-07,-0.0049618911
2.847109e-07,-0.0049439396
2.848109e-07,-0.0049288603
2.849109e-07,-0.0049223977
2.850109e-07,-0.0049245519
2.851109e-07,-0.0049288603
2.852109e-07,-0.0049288603
2.853109e-07,-0.0049223977
2.854109e-07,-0.004913063
2.855109e-07,-0.0049094727
2.856109e-07,-0.0049173713
2.857109e-07,-0.0049389131
2.858109e-07,-0.0049683536
2.859109e-07,-0.0049956399
2.860109e-07,-0.0050092831
2.861109e-07,-0.0050064108
2.862109e-07,-0.0049913316
2.863109e-07,-0.0049733801
2.864109e-07,-0.0049633272
2.865109e-07,-0.0049654814
2.866109e-07,-0.0049776884
2.867109e-07,-0.0049913316
2.868109e-07,-0.0049977941
2.869109e-07,-0.0049934858
2.870109e-07,-0.0049819968
2.871109e-07,-0.004972662
2.872109e-07,-0.0049748162
2.873109e-07,-0.0049906135
2.874109e-07,-0.0050143095
2.875109e-07,-0.0050358513
2.876109e-07,-0.00504375
2.877109e-07,-0.0050329791
2.878109e-07,-0.005008565
2.879109e-07,-0.0049812787
2.880109e-07,-0.0049633272
2.881109e-07,-0.0049626091
2.882109e-07,-0.0049776884
2.883109e-07,-0.0050006664
2.884109e-07,-0.0050207721
2.885109e-07,-0.0050301068
2.886109e-07,-0.0050293888
2.887109e-07,-0.0050236443
2.888109e-07,-0.0050207721
2.889109e-07,-0.0050250804
2.890109e-07,-0.0050351333
2.891109e-07,-0.00504375
2.892109e-07,-0.00504375
2.893109e-07,-0.005031543
2.894109e-07,-0.0050100011
2.895109e-07,-0.0049877413
2.896109e-07,-0.0049748162
2.897109e-07,-0.0049762523
2.898109e-07,-0.0049906135
2.899109e-07,-0.0050121553
2.900109e-07,-0.005032261
2.901109e-07,-0.0050466222
2.902109e-07,-0.005055957
2.903109e-07,-0.0050652918
2.904109e-07,-0.0050782169
2.905109e-07,-0.0050968865
2.906109e-07,-0.0051177102
2.907109e-07,-0.0051327895
2.908109e-07,-0.0051356618
2.909109e-07,-0.0051256089
2.910109e-07,-0.0051083755
2.911109e-07,-0.0050932962
2.912109e-07,-0.0050897059
2.913109e-07,-0.0051004768
2.914109e-07,-0.0051213006
2.915109e-07,-0.0051435604
2.916109e-07,-0.0051586397
2.917109e-07,-0.00516223
2.918109e-07,-0.0051579216
2.919109e-07,-0.0051536133
2.920109e-07,-0.0051586397
2.921109e-07,-0.0051758732
2.922109e-07,-0.0052017233
2.923109e-07,-0.0052261374
2.924109e-07,-0.0052390625
2.925109e-07,-0.0052354722
2.926109e-07,-0.0052168026
2.927109e-07,-0.0051916705
2.928109e-07,-0.0051701287
2.929109e-07,-0.0051600758
2.930109e-07,-0.0051615119
2.931109e-07,-0.0051708467
2.932109e-07,-0.0051816176
2.933109e-07,-0.0051887983
2.934109e-07,-0.0051909524
2.935109e-07,-0.0051916705
2.936109e-07,-0.0051931066
2.937109e-07,-0.0051952608
2.938109e-07,-0.0051945427
2.939109e-07,-0.0051873621
2.940109e-07,-0.0051701287
2.941109e-07,-0.0051464327
2.942109e-07,-0.0051220186
2.943109e-07,-0.0051055032
2.944109e-07,-0.0051011949
2.945109e-07,-0.0051083755
2.946109e-07,-0.0051184283
2.947109e-07,-0.0051220186
2.948109e-07,-0.0051126838
2.949109e-07,-0.0050918601
2.950109e-07,-0.0050681641
2.951109e-07,-0.0050530848
2.952109e-07,-0.005055239
2.953109e-07,-0.0050746266
2.954109e-07,-0.005103349
2.955109e-07,-0.005127045
2.956109e-07,-0.0051356618
2.957109e-07,-0.0051256089
2.958109e-07,-0.0051047852
2.959109e-07,-0.0050846795
2.960109e-07,-0.0050782169
2.961109e-07,-0.0050889878
2.962109e-07,-0.0051119658
2.963109e-07,-0.0051349437
2.964109e-07,-0.0051471507
2.965109e-07,-0.0051442785
2.966109e-07,-0.0051299173
2.967109e-07,-0.0051155561
2.968109e-07,-0.0051126838
2.969109e-07,-0.0051256089
2.970109e-07,-0.005150741
2.971109e-07,-0.0051765912
2.972109e-07,-0.0051931066
2.973109e-07,-0.0051945427
2.974109e-07,-0.0051837718
2.975109e-07,-0.0051722829
2.976109e-07,-0.0051701287
2.977109e-07,-0.0051823357
2.978109e-07,-0.0052060317
2.979109e-07,-0.0052326
2.980109e-07,-0.0052505515
2.981109e-07,-0.0052555779
2.982109e-07,-0.0052512695
2.983109e-07,-0.0052462431
2.984109e-07,-0.0052505515
2.985109e-07,-0.005268503
2.986109e-07,-0.0052965074
2.987109e-07,-0.0053252298
2.988109e-07,-0.0053424632
2.989109e-07,-0.0053431813
2.990109e-07,-0.005328102
2.991109e-07,-0.0053051241
2.992109e-07,-0.0052850184
2.993109e-07,-0.0052728114
2.994109e-07,-0.005268503
2.995109e-07,-0.0052670669
2.996109e-07,-0.0052620404
2.997109e-07,-0.0052519876
2.998109e-07,-0.0052383444
2.999109e-07,-0.0052290097
3.000109e-07,-0.0052275735
3.001109e-07,-0.0052347541
3.002109e-07,-0.005244807
3.003109e-07,-0.0052483973
3.004109e-07,-0.0052390625
3.005109e-07,-0.0052175207
3.006109e-07,-0.0051902344
3.007109e-07,-0.0051679745
3.008109e-07,-0.0051586397
3.009109e-07,-0.0051629481
3.010109e-07,-0.005173719
3.011109e-07,-0.0051787454
3.012109e-07,-0.0051701287
3.013109e-07,-0.0051464327
3.014109e-07,-0.0051155561
3.015109e-07,-0.0050897059
3.016109e-07,-0.0050782169
3.017109e-07,-0.0050825253
3.018109e-07,-0.0050947323
3.019109e-07,-0.0051004768
3.020109e-07,-0.0050897059
3.021109e-07,-0.0050595473
3.022109e-07,-0.0050186179
3.023109e-07,-0.0049819968
3.024109e-07,-0.0049633272
3.025109e-07,-0.0049669175
3.026109e-07,-0.0049870232
3.027109e-07,-0.0050092831
3.028109e-07,-0.0050207721
3.029109e-07,-0.0050143095
3.030109e-07,-0.0049942038
3.031109e-07,-0.0049733801
3.032109e-07,-0.0049633272
3.033109e-07,-0.0049697898
3.034109e-07,-0.0049877413
3.035109e-07,-0.0050056928
3.036109e-07,-0.0050092831
3.037109e-07,-0.0049934858
3.038109e-07,-0.0049618911
3.039109e-07,-0.0049281422
3.040109e-07,-0.0049058824
3.041109e-07,-0.004902292
3.042109e-07,-0.0049152171
3.043109e-07,-0.0049324506
3.044109e-07,-0.0049403493
3.045109e-07,-0.0049310145
3.046109e-07,-0.0049051643
3.047109e-07,-0.0048735696
3.048109e-07,-0.0048484375
3.049109e-07,-0.0048376666
3.050109e-07,-0.004841975
3.051109e-07,-0.0048534639
3.052109e-07,-0.0048599265
3.053109e-07,-0.0048549
3.054109e-07,-0.0048391027
3.055109e-07,-0.004818279
3.056109e-07,-0.0048024816
3.057109e-07,-0.0047981733
3.058109e-07,-0.0048053539
3.059109e-07,-0.0048168428
3.060109e-07,-0.0048254596
3.061109e-07,-0.0048261776
3.062109e-07,-0.0048204331
3.063109e-07,-0.0048139706
3.064109e-07,-0.0048139706
3.065109e-07,-0.0048225873
3.066109e-07,-0.0048369485
3.067109e-07,-0.0048477194
3.068109e-07,-0.0048484375
3.069109e-07,-0.0048362305
3.070109e-07,-0.0048146886
3.071109e-07,-0.0047924288
3.072109e-07,-0.0047795037
3.073109e-07,-0.0047780676
3.074109e-07,-0.0047845301
3.075109e-07,-0.0047917107
3.076109e-07,-0.0047909926
3.077109e-07,-0.0047809398
3.078109e-07,-0.0047680147
3.079109e-07,-0.0047608341
3.080109e-07,-0.0047680147
3.081109e-07,-0.0047917107
3.082109e-07,-0.0048254596
3.083109e-07,-0.0048556181
3.084109e-07,-0.0048714154
3.085109e-07,-0.0048671071
3.086109e-07,-0.0048484375
3.087109e-07,-0.0048261776
3.088109e-07,-0.0048139706
3.089109e-07,-0.004818997
3.090109e-07,-0.0048405388
3.091109e-07,-0.0048692613
3.092109e-07,-0.0048943934
3.093109e-07,-0.0049087546
3.094109e-07,-0.0049123449
3.095109e-07,-0.0049123449
3.096109e-07,-0.0049173713
3.097109e-07,-0.0049310145
3.098109e-07,-0.0049518382
3.099109e-07,-0.0049733801
3.100109e-07,-0.0049863051
3.101109e-07,-0.0049877413
3.102109e-07,-0.0049812787
3.103109e-07,-0.0049740981
3.104109e-07,-0.0049748162
3.105109e-07,-0.0049870232
3.106109e-07,-0.0050064108
3.107109e-07,-0.0050250804
3.108109e-07,-0.005032261
3.109109e-07,-0.0050250804
3.110109e-07,-0.005007847
3.111109e-07,-0.0049913316
3.112109e-07,-0.0049863051
3.113109e-07,-0.0049999483
3.114109e-07,-0.0050308249
3.115109e-07,-0.0050681641
3.116109e-07,-0.0051011949
3.117109e-07,-0.0051205825
3.118109e-07,-0.0051241728
3.119109e-07,-0.0051191464
3.120109e-07,-0.0051126838
3.121109e-07,-0.0051126838
3.122109e-07,-0.0051213006
3.123109e-07,-0.0051349437
3.124109e-07,-0.0051471507
3.125109e-07,-0.0051550494
3.126109e-07,-0.0051586397
3.127109e-07,-0.00516223
3.128109e-07,-0.0051701287
3.129109e-07,-0.005185208
3.130109e-07,-0.0052045956
3.131109e-07,-0.005221111
3.132109e-07,-0.0052275735
3.133109e-07,-0.005221111
3.134109e-07,-0.0052053136
3.135109e-07,-0.005185208
3.136109e-07,-0.0051701287
3.137109e-07,-0.0051643842
3.138109e-07,-0.0051679745
3.139109e-07,-0.0051758732
3.140109e-07,-0.0051816176
3.141109e-07,-0.0051816176
3.142109e-07,-0.0051765912
3.143109e-07,-0.0051715648
3.144109e-07,-0.0051701287
3.145109e-07,-0.005174437
3.146109e-07,-0.0051808996
3.147109e-07,-0.005185208
3.148109e-07,-0.0051816176
3.149109e-07,-0.0051686926
3.150109e-07,-0.005150741
3.151109e-07,-0.0051342256
3.152109e-07,-0.0051241728
3.153109e-07,-0.0051227367
3.154109e-07,-0.005127045
3.155109e-07,-0.0051291992
3.156109e-07,-0.0051241728
3.157109e-07,-0.0051105296
3.158109e-07,-0.0050940142
3.159109e-07,-0.0050803711
3.160109e-07,-0.0050782169
3.161109e-07,-0.0050882698
3.162109e-07,-0.0051047852
3.163109e-07,-0.0051198644
3.164109e-07,-0.0051241728
3.165109e-07,-0.0051134019
3.166109e-07,-0.005091142
3.167109e-07,-0.0050652918
3.168109e-07,-0.00504375
3.169109e-07,-0.0050329791
3.170109e-07,-0.005032261
3.171109e-07,-0.0050380055
3.172109e-07,-0.00504375
3.173109e-07,-0.0050466222
3.174109e-07,-0.0050473403
3.175109e-07,-0.0050494945
3.176109e-07,-0.005055239
3.177109e-07,-0.0050638557
3.178109e-07,-0.0050703182
3.179109e-07,-0.0050681641
3.180109e-07,-0.005055239
3.181109e-07,-0.0050329791
3.182109e-07,-0.0050092831
3.183109e-07,-0.0049956399
3.184109e-07,-0.0049977941
3.185109e-07,-0.0050164637
3.186109e-07,-0.00504375
3.187109e-07,-0.005067446
3.188109e-07,-0.0050782169
3.189109e-07,-0.0050717544
3.190109e-07,-0.0050523667
3.191109e-07,-0.005032261
3.192109e-07,-0.0050207721
3.193109e-07,-0.0050243624
3.194109e-07,-0.0050401597
3.195109e-07,-0.0050609835
3.196109e-07,-0.0050782169
3.197109e-07,-0.0050861156
3.198109e-07,-0.0050846795
3.199109e-07,-0.0050803711
3.200109e-07,-0.0050782169
3.201109e-07,-0.0050803711
3.202109e-07,-0.0050839614
3.203109e-07,-0.0050846795
3.204109e-07,-0.0050782169
3.205109e-07,-0.0050660099
3.206109e-07,-0.005055239
3.207109e-07,-0.0050530848
3.208109e-07,-0.0050667279
3.209109e-07,-0.0050940142
3.210109e-07,-0.005126327
3.211109e-07,-0.0051514591
3.212109e-07,-0.0051586397
3.213109e-07,-0.0051464327
3.214109e-07,-0.0051213006
3.215109e-07,-0.0050947323
3.216109e-07,-0.0050782169
3.217109e-07,-0.0050767808
3.218109e-07,-0.0050846795
3.219109e-07,-0.0050925781
3.220109e-07,-0.0050897059
3.221109e-07,-0.0050717544
3.222109e-07,-0.0050430319
3.223109e-07,-0.0050143095
3.224109e-07,-0.0049977941
3.225109e-07,-0.0049985122
3.226109e-07,-0.0050150276
3.227109e-07,-0.0050372875
3.228109e-07,-0.005055239
3.229109e-07,-0.0050609835
3.230109e-07,-0.0050530848
3.231109e-07,-0.0050372875
3.232109e-07,-0.0050207721
3.233109e-07,-0.0050071289
3.234109e-07,-0.0049949219
3.235109e-07,-0.0049812787
3.236109e-07,-0.0049633272
3.237109e-07,-0.0049410673
3.238109e-07,-0.0049216797
3.239109e-07,-0.0049116268
3.240109e-07,-0.0049173713
3.241109e-07,-0.004936759
3.242109e-07,-0.004960455
3.243109e-07,-0.0049762523
3.244109e-07,-0.0049748162
3.245109e-07,-0.0049547105
3.246109e-07,-0.0049231158
3.247109e-07,-0.0048951114
3.248109e-07,-0.0048829044
3.249109e-07,-0.0048908031
3.250109e-07,-0.0049152171
3.251109e-07,-0.0049432215
3.252109e-07,-0.0049633272
3.253109e-07,-0.0049690717
3.254109e-07,-0.0049647633
3.255109e-07,-0.0049590188
3.256109e-07,-0.0049633272
3.257109e-07,-0.0049827148
3.258109e-07,-0.0050135915
3.259109e-07,-0.0050451861
3.260109e-07,-0.0050667279
3.261109e-07,-0.0050717544
3.262109e-07,-0.0050624196
3.263109e-07,-0.0050494945
3.264109e-07,-0.00504375
3.265109e-07,-0.0050538028
3.266109e-07,-0.0050774989
3.267109e-07,-0.0051083755
3.268109e-07,-0.0051356618
3.269109e-07,-0.0051528952
3.270109e-07,-0.0051593578
3.271109e-07,-0.00516223
3.272109e-07,-0.0051701287
3.273109e-07,-0.0051873621
3.274109e-07,-0.0052132123
3.275109e-07,-0.0052404986
3.276109e-07,-0.0052620404
3.277109e-07,-0.0052728114
3.278109e-07,-0.0052735294
3.279109e-07,-0.0052713752
3.280109e-07,-0.0052735294
3.281109e-07,-0.0052835823
3.282109e-07,-0.0052986615
3.283109e-07,-0.0053130227
3.284109e-07,-0.0053194853
3.285109e-07,-0.0053144589
3.286109e-07,-0.0053022518
3.287109e-07,-0.0052893267
3.288109e-07,-0.0052850184
3.289109e-07,-0.005292917
3.290109e-07,-0.0053094324
3.291109e-07,-0.0053288201
3.292109e-07,-0.0053424632
3.293109e-07,-0.0053460535
3.294109e-07,-0.0053403091
3.295109e-07,-0.0053331284
3.296109e-07,-0.0053309743
3.297109e-07,-0.0053360007
3.298109e-07,-0.0053467716
3.299109e-07,-0.0053546703
3.300109e-07,-0.0053539522
3.301109e-07,-0.0053417452
3.302109e-07,-0.0053230756
3.303109e-07,-0.0053051241
3.304109e-07,-0.0052965074
3.305109e-07,-0.0053015338
3.306109e-07,-0.0053180492
3.307109e-07,-0.0053381549
3.308109e-07,-0.0053539522
3.309109e-07,-0.0053611328
3.310109e-07,-0.0053604148
3.311109e-07,-0.0053561064
3.312109e-07,-0.0053539522
3.313109e-07,-0.0053553883
3.314109e-07,-0.0053575425
3.315109e-07,-0.0053546703
3.316109e-07,-0.0053424632
3.317109e-07,-0.0053230756
3.318109e-07,-0.0053022518
3.319109e-07,-0.0052914809
3.320109e-07,-0.0052965074
3.321109e-07,-0.0053187672
3.322109e-07,-0.005351798
3.323109e-07,-0.0053819566
3.324109e-07,-0.0053999081
3.325109e-07,-0.0053999081
3.326109e-07,-0.0053855469
3.327109e-07,-0.0053668773
3.328109e-07,-0.0053539522
3.329109e-07,-0.0053525161
3.330109e-07,-0.0053604148
3.331109e-07,-0.0053711857
3.332109e-07,-0.0053769301
3.333109e-07,-0.0053726218
3.334109e-07,-0.0053611328
3.335109e-07,-0.0053489258
3.336109e-07,-0.0053424632
3.337109e-07,-0.0053453355
3.338109e-07,-0.0053525161
3.339109e-07,-0.0053582606
3.340109e-07,-0.0053539522
3.341109e-07,-0.0053381549
3.342109e-07,-0.0053144589
3.343109e-07,-0.0052936351
3.344109e-07,-0.0052850184
3.345109e-07,-0.0052914809
3.346109e-07,-0.0053101505
3.347109e-07,-0.0053302562
3.348109e-07,-0.0053424632
3.349109e-07,-0.0053403091
3.350109e-07,-0.0053266659
3.351109e-07,-0.0053087144
3.352109e-07,-0.0052965074
3.353109e-07,-0.0052957893
3.354109e-07,-0.0053065602
3.355109e-07,-0.0053209214
3.356109e-07,-0.0053309743
3.357109e-07,-0.0053316923
3.358109e-07,-0.0053230756
3.359109e-07,-0.0053123047
3.360109e-07,-0.0053079963
3.361109e-07,-0.0053144589
3.362109e-07,-0.0053302562
3.363109e-07,-0.0053503619
3.364109e-07,-0.0053654412
3.365109e-07,-0.0053704676
3.366109e-07,-0.0053654412
3.367109e-07,-0.0053539522
3.368109e-07,-0.0053424632
3.369109e-07,-0.0053345646
3.370109e-07,-0.0053302562
3.371109e-07,-0.0053266659
3.372109e-07,-0.0053194853
3.373109e-07,-0.0053079963
3.374109e-07,-0.0052943532
3.375109e-07,-0.0052850184
3.376109e-07,-0.0052850184
3.377109e-07,-0.0052950712
3.378109e-07,-0.0053101505
3.379109e-07,-0.0053245117
3.380109e-07,-0.0053309743
3.381109e-07,-0.0053266659
3.382109e-07,-0.0053151769
3.383109e-07,-0.0053022518
3.384109e-07,-0.0052965074
3.385109e-07,-0.0053000977
3.386109e-07,-0.0053108686
3.387109e-07,-0.0053230756
3.388109e-07,-0.0053309743
3.389109e-07,-0.0053316923
3.390109e-07,-0.005327384
3.391109e-07,-0.0053223575
3.392109e-07,-0.0053194853
3.393109e-07,-0.0053202034
3.394109e-07,-0.0053194853
3.395109e-07,-0.0053130227
3.396109e-07,-0.0052965074
3.397109e-07,-0.0052720933
3.398109e-07,-0.0052469612
3.399109e-07,-0.0052304458
3.400109e-07,-0.0052275735
3.401109e-07,-0.0052390625
3.402109e-07,-0.005257014
3.403109e-07,-0.0052713752
3.404109e-07,-0.0052735294
3.405109e-07,-0.0052613224
3.406109e-07,-0.0052390625
3.407109e-07,-0.0052175207
3.408109e-07,-0.0052045956
3.409109e-07,-0.0052031595
3.410109e-07,-0.005209622
3.411109e-07,-0.0052160846
3.412109e-07,-0.0052160846
3.413109e-07,-0.0052074678
3.414109e-07,-0.0051952608
3.415109e-07,-0.0051880802
3.416109e-07,-0.0051931066
3.417109e-07,-0.0052103401
3.418109e-07,-0.0052318819
3.419109e-07,-0.0052483973
3.420109e-07,-0.0052505515
3.421109e-07,-0.0052361903
3.422109e-07,-0.0052117762
3.423109e-07,-0.0051895163
3.424109e-07,-0.0051816176
3.425109e-07,-0.0051923886
3.426109e-07,-0.0052168026
3.427109e-07,-0.0052440889
3.428109e-07,-0.0052620404
3.429109e-07,-0.0052656307
3.430109e-07,-0.005256296
3.431109e-07,-0.0052440889
3.432109e-07,-0.0052390625
3.433109e-07,-0.0052469612
3.434109e-07,-0.0052649127
3.435109e-07,-0.0052850184
3.436109e-07,-0.0052965074
3.437109e-07,-0.005292917
3.438109e-07,-0.0052742475
3.439109e-07,-0.0052498334
3.440109e-07,-0.0052275735
3.441109e-07,-0.0052146484
3.442109e-07,-0.0052117762
3.443109e-07,-0.0052146484
3.444109e-07,-0.0052160846
3.445109e-07,-0.0052139304
3.446109e-07,-0.005208904
3.447109e-07,-0.0052081859
3.448109e-07,-0.0052160846
3.449109e-07,-0.0052340361
3.450109e-07,-0.0052577321
3.451109e-07,-0.0052778378
3.452109e-07,-0.0052850184
3.453109e-07,-0.0052764017
3.454109e-07,-0.005256296
3.455109e-07,-0.0052326
3.456109e-07,-0.0052160846
3.457109e-07,-0.0052124943
3.458109e-07,-0.005221829
3.459109e-07,-0.0052369083
3.460109e-07,-0.0052505515
3.461109e-07,-0.0052584501
3.462109e-07,-0.0052598863
3.463109e-07,-0.0052591682
3.464109e-07,-0.0052620404
3.465109e-07,-0.005268503
3.466109e-07,-0.0052764017
3.467109e-07,-0.005279992
3.468109e-07,-0.0052735294
3.469109e-07,-0.0052577321
3.470109e-07,-0.0052376264
3.471109e-07,-0.005221829
3.472109e-07,-0.0052160846
3.473109e-07,-0.005221111
3.474109e-07,-0.0052326
3.475109e-07,-0.0052404986
3.476109e-07,-0.0052390625
3.477109e-07,-0.0052268555
3.478109e-07,-0.005208904
3.479109e-07,-0.0051952608
3.480109e-07,-0.0051931066
3.481109e-07,-0.0052038775
3.482109e-07,-0.005221829
3.483109e-07,-0.0052361903
3.484109e-07,-0.0052390625
3.485109e-07,-0.0052268555
3.486109e-07,-0.0052045956
3.487109e-07,-0.0051830538
3.488109e-07,-0.0051701287
3.489109e-07,-0.0051694106
3.490109e-07,-0.0051765912
3.491109e-07,-0.0051837718
3.492109e-07,-0.0051816176
3.493109e-07,-0.0051694106
3.494109e-07,-0.0051536133
3.495109e-07,-0.0051428424
3.496109e-07,-0.0051471507
3.497109e-07,-0.0051672564
3.498109e-07,-0.0051959789
3.499109e-07,-0.0052196749
3.500109e-07,-0.0052275735
3.501109e-07,-0.0052153665
3.502109e-07,-0.0051880802
3.503109e-07,-0.0051607939
3.504109e-07,-0.0051471507
3.505109e-07,-0.0051543313
3.506109e-07,-0.0051801815
3.507109e-07,-0.0052132123
3.508109e-07,-0.0052390625
3.509109e-07,-0.0052491153
3.510109e-07,-0.0052426528
3.511109e-07,-0.0052275735
3.512109e-07,-0.0052160846
3.513109e-07,-0.0052160846
3.514109e-07,-0.0052282916
3.515109e-07,-0.0052469612
3.516109e-07,-0.0052620404
3.517109e-07,-0.0052656307
3.518109e-07,-0.005257014
3.519109e-07,-0.0052412167
3.520109e-07,-0.0052275735
3.521109e-07,-0.0052225471
3.522109e-07,-0.0052282916
3.523109e-07,-0.0052397806
3.524109e-07,-0.0052505515
3.525109e-07,-0.0052534237
3.526109e-07,-0.0052483973
3.527109e-07,-0.0052376264
3.528109e-07,-0.0052275735
3.529109e-07,-0.0052239832
3.530109e-07,-0.0052268555
3.531109e-07,-0.0052340361
3.532109e-07,-0.0052390625
3.533109e-07,-0.0052383444
3.534109e-07,-0.0052297277
3.535109e-07,-0.0052175207
3.536109e-07,-0.0052045956
3.537109e-07,-0.0051938247
3.538109e-07,-0.005185926
3.539109e-07,-0.0051787454
3.540109e-07,-0.0051701287
3.541109e-07,-0.0051607939
3.542109e-07,-0.0051536133
3.543109e-07,-0.0051521772
3.544109e-07,-0.0051586397
3.545109e-07,-0.0051701287
3.546109e-07,-0.0051823357
3.547109e-07,-0.0051873621
3.548109e-07,-0.0051816176
3.549109e-07,-0.0051658203
3.550109e-07,-0.0051457146
3.551109e-07,-0.0051299173
3.552109e-07,-0.0051241728
3.553109e-07,-0.0051291992
3.554109e-07,-0.0051399701
3.555109e-07,-0.0051478688
3.556109e-07,-0.0051471507
3.557109e-07,-0.0051363798
3.558109e-07,-0.0051213006
3.559109e-07,-0.0051112477
3.560109e-07,-0.0051126838
3.561109e-07,-0.005127045
3.562109e-07,-0.0051478688
3.563109e-07,-0.0051651023
3.564109e-07,-0.0051701287
3.565109e-07,-0.0051607939
3.566109e-07,-0.0051414062
3.567109e-07,-0.0051220186
3.568109e-07,-0.0051126838
3.569109e-07,-0.0051169922
3.570109e-07,-0.0051320715
3.571109e-07,-0.0051493049
3.572109e-07,-0.0051586397
3.573109e-07,-0.0051557675
3.574109e-07,-0.0051421243
3.575109e-07,-0.0051248909
3.576109e-07,-0.0051126838
3.577109e-07,-0.0051098116
3.578109e-07,-0.0051141199
3.579109e-07,-0.0051213006
3.580109e-07,-0.0051241728
3.581109e-07,-0.0051191464
3.582109e-07,-0.0051083755
3.583109e-07,-0.0050968865
3.584109e-07,-0.0050897059
3.585109e-07,-0.0050889878
3.586109e-07,-0.0050925781
3.587109e-07,-0.0050940142
3.588109e-07,-0.0050897059
3.589109e-07,-0.005078935
3.590109e-07,-0.005067446
3.591109e-07,-0.0050617015
3.592109e-07,-0.0050667279
3.593109e-07,-0.0050810892
3.594109e-07,-0.0050983226
3.595109e-07,-0.0051076574
3.596109e-07,-0.0051011949
3.597109e-07,-0.005078935
3.598109e-07,-0.0050487764
3.599109e-07,-0.0050214901
3.600109e-07,-0.0050092831
3.601109e-07,-0.0050143095
3.602109e-07,-0.005032261
3.603109e-07,-0.0050494945
3.604109e-07,-0.005055239
3.605109e-07,-0.0050430319
3.606109e-07,-0.0050164637
3.607109e-07,-0.0049855871
3.608109e-07,-0.0049633272
3.609109e-07,-0.0049561466
3.610109e-07,-0.0049640453
3.611109e-07,-0.0049776884
3.612109e-07,-0.0049863051
3.613109e-07,-0.0049819968
3.614109e-07,-0.0049626091
3.615109e-07,-0.0049346048
3.616109e-07,-0.0049058824
3.617109e-07,-0.0048843405
3.618109e-07,-0.0048714154
3.619109e-07,-0.0048649529
3.620109e-07,-0.0048599265
3.621109e-07,-0.0048534639
3.622109e-07,-0.0048455653
3.623109e-07,-0.004842693
3.624109e-07,-0.0048484375
3.625109e-07,-0.0048642348
3.626109e-07,-0.0048872128
3.627109e-07,-0.0049073185
3.628109e-07,-0.0049173713
3.629109e-07,-0.004913063
3.630109e-07,-0.0048965476
3.631109e-07,-0.0048757238
3.632109e-07,-0.0048599265
3.633109e-07,-0.0048556181
3.634109e-07,-0.0048642348
3.635109e-07,-0.0048793141
3.636109e-07,-0.0048943934
3.637109e-07,-0.0049030101
3.638109e-07,-0.0049037282
3.639109e-07,-0.0048987017
3.640109e-07,-0.0048943934
3.641109e-07,-0.0048943934
3.642109e-07,-0.0049008559
3.643109e-07,-0.004913063
3.644109e-07,-0.0049288603
3.645109e-07,-0.0049482479
3.646109e-07,-0.0049712259
3.647109e-07,-0.0049999483
3.648109e-07,-0.005032261
3.649109e-07,-0.0050645738
3.650109e-07,-0.0050904239
3.651109e-07,-0.0051040671
3.652109e-07,-0.0051011949
3.653109e-07,-0.0050868336
3.654109e-07,-0.0050696002
3.655109e-07,-0.0050602654
3.656109e-07,-0.0050667279
3.657109e-07,-0.0050889878
3.658109e-07,-0.0051213006
3.659109e-07,-0.0051514591
3.660109e-07,-0.0051701287
3.661109e-07,-0.005174437
3.662109e-07,-0.0051672564
3.663109e-07,-0.0051593578
3.664109e-07,-0.0051586397
3.665109e-07,-0.0051694106
3.666109e-07,-0.0051902344
3.667109e-07,-0.0052117762
3.668109e-07,-0.0052275735
3.669109e-07,-0.0052340361
3.670109e-07,-0.005233318
3.671109e-07,-0.0052326
3.672109e-07,-0.0052390625
3.673109e-07,-0.0052541418
3.674109e-07,-0.0052749655
3.675109e-07,-0.0052914809
3.676109e-07,-0.0052965074
3.677109e-07,-0.0052864545
3.678109e-07,-0.0052656307
3.679109e-07,-0.0052426528
3.680109e-07,-0.0052275735
3.681109e-07,-0.0052261374
3.682109e-07,-0.0052369083
3.683109e-07,-0.0052519876
3.684109e-07,-0.0052620404
3.685109e-07,-0.0052613224
3.686109e-07,-0.0052498334
3.687109e-07,-0.0052326
3.688109e-07,-0.0052160846
3.689109e-07,-0.0052060317
3.690109e-07,-0.0052017233
3.691109e-07,-0.0051995692
3.692109e-07,-0.0051931066
3.693109e-07,-0.0051801815
3.694109e-07,-0.0051629481
3.695109e-07,-0.0051464327
3.696109e-07,-0.0051356618
3.697109e-07,-0.0051342256
3.698109e-07,-0.0051392521
3.699109e-07,-0.0051457146
3.700109e-07,-0.0051471507
3.701109e-07,-0.0051406882
3.702109e-07,-0.0051291992
3.703109e-07,-0.0051177102
3.704109e-07,-0.0051126838
3.705109e-07,-0.0051169922
3.706109e-07,-0.0051284812
3.707109e-07,-0.0051406882
3.708109e-07,-0.0051471507
3.709109e-07,-0.0051449966
3.710109e-07,-0.0051349437
3.711109e-07,-0.0051220186
3.712109e-07,-0.0051126838
3.713109e-07,-0.0051090935
3.714109e-07,-0.0051112477
3.715109e-07,-0.0051134019
3.716109e-07,-0.0051126838
3.717109e-07,-0.0051076574
3.718109e-07,-0.0051004768
3.719109e-07,-0.0050968865
3.720109e-07,-0.0051011949
3.721109e-07,-0.0051134019
3.722109e-07,-0.0051291992
3.723109e-07,-0.0051428424
3.724109e-07,-0.0051471507
3.725109e-07,-0.0051421243
3.726109e-07,-0.0051299173
3.727109e-07,-0.0051184283
3.728109e-07,-0.0051126838
3.729109e-07,-0.0051134019
3.730109e-07,-0.0051177102
3.731109e-07,-0.0051184283
3.732109e-07,-0.0051126838
3.733109e-07,-0.0051004768
3.734109e-07,-0.0050875517
3.735109e-07,-0.0050818072
3.736109e-07,-0.0050897059
3.737109e-07,-0.0051098116
3.738109e-07,-0.0051349437
3.739109e-07,-0.0051543313
3.740109e-07,-0.0051586397
3.741109e-07,-0.0051449966
3.742109e-07,-0.0051198644
3.743109e-07,-0.0050940142
3.744109e-07,-0.0050782169
3.745109e-07,-0.0050782169
3.746109e-07,-0.0050918601
3.747109e-07,-0.0051105296
3.748109e-07,-0.0051241728
3.749109e-07,-0.005127045
3.750109e-07,-0.0051213006
3.751109e-07,-0.0051141199
3.752109e-07,-0.0051126838
3.753109e-07,-0.0051220186
3.754109e-07,-0.0051399701
3.755109e-07,-0.0051593578
3.756109e-07,-0.0051701287
3.757109e-07,-0.0051679745
3.758109e-07,-0.0051528952
3.759109e-07,-0.0051313534
3.760109e-07,-0.0051126838
3.761109e-07,-0.0051019129
3.762109e-07,-0.0050997587
3.763109e-07,-0.0051011949
3.764109e-07,-0.0051011949
3.765109e-07,-0.0050947323
3.766109e-07,-0.0050818072
3.767109e-07,-0.005067446
3.768109e-07,-0.005055239
3.769109e-07,-0.0050494945
3.770109e-07,-0.0050502125
3.771109e-07,-0.0050538028
3.772109e-07,-0.005055239
3.773109e-07,-0.0050530848
3.774109e-07,-0.0050466222
3.775109e-07,-0.0050394416
3.776109e-07,-0.005032261
3.777109e-07,-0.0050250804
3.778109e-07,-0.0050143095
3.779109e-07,-0.0049977941
3.780109e-07,-0.0049748162
3.781109e-07,-0.0049504021
3.782109e-07,-0.0049324506
3.783109e-07,-0.0049281422
3.784109e-07,-0.0049403493
3.785109e-07,-0.0049654814
3.786109e-07,-0.0049927677
3.787109e-07,-0.0050100011
3.788109e-07,-0.0050092831
3.789109e-07,-0.0049913316
3.790109e-07,-0.0049640453
3.791109e-07,-0.0049396312
3.792109e-07,-0.0049288603
3.793109e-07,-0.0049331687
3.794109e-07,-0.0049475299
3.795109e-07,-0.004960455
3.796109e-07,-0.0049633272
3.797109e-07,-0.0049539924
3.798109e-07,-0.0049381951
3.799109e-07,-0.0049267061
3.800109e-07,-0.0049288603
3.801109e-07,-0.0049460937
3.802109e-07,-0.004972662
3.803109e-07,-0.0049970761
3.804109e-07,-0.0050092831
3.805109e-07,-0.0050064108
3.806109e-07,-0.0049934858
3.807109e-07,-0.0049834329
3.808109e-07,-0.0049863051
3.809109e-07,-0.0050071289
3.810109e-07,-0.0050408778
3.811109e-07,-0.0050760627
3.812109e-07,-0.0051011949
3.813109e-07,-0.0051098116
3.814109e-07,-0.0051040671
3.815109e-07,-0.0050940142
3.816109e-07,-0.0050897059
3.817109e-07,-0.0050983226
3.818109e-07,-0.0051177102
3.819109e-07,-0.0051414062
3.820109e-07,-0.0051586397
3.821109e-07,-0.0051651023
3.822109e-07,-0.0051607939
3.823109e-07,-0.0051521772
3.824109e-07,-0.0051471507
3.825109e-07,-0.0051493049
3.826109e-07,-0.0051579216
3.827109e-07,-0.0051665384
3.828109e-07,-0.0051701287
3.829109e-07,-0.0051672564
3.830109e-07,-0.00516223
3.831109e-07,-0.0051615119
3.832109e-07,-0.0051701287
3.833109e-07,-0.0051880802
3.834109e-07,-0.005208904
3.835109e-07,-0.0052203929
3.836109e-07,-0.0052160846
3.837109e-07,-0.0051938247
3.838109e-07,-0.0051607939
3.839109e-07,-0.0051299173
3.840109e-07,-0.0051126838
3.841109e-07,-0.0051141199
3.842109e-07,-0.0051306353
3.843109e-07,-0.0051528952
3.844109e-07,-0.0051701287
3.845109e-07,-0.0051780273
3.846109e-07,-0.0051794635
3.847109e-07,-0.0051816176
3.848109e-07,-0.0051931066
3.849109e-07,-0.0052146484
3.850109e-07,-0.0052404986
3.851109e-07,-0.0052591682
3.852109e-07,-0.0052620404
3.853109e-07,-0.005245525
3.854109e-07,-0.0052160846
3.855109e-07,-0.0051866441
3.856109e-07,-0.0051701287
3.857109e-07,-0.005173719
3.858109e-07,-0.0051931066
3.859109e-07,-0.0052196749
3.860109e-07,-0.0052390625
3.861109e-07,-0.005244807
3.862109e-07,-0.0052369083
3.863109e-07,-0.0052239832
3.864109e-07,-0.0052160846
3.865109e-07,-0.0052196749
3.866109e-07,-0.0052340361
3.867109e-07,-0.0052512695
3.868109e-07,-0.0052620404
3.869109e-07,-0.0052598863
3.870109e-07,-0.0052462431
3.871109e-07,-0.0052282916
3.872109e-07,-0.0052160846
3.873109e-07,-0.0052153665
3.874109e-07,-0.0052247013
3.875109e-07,-0.0052397806
3.876109e-07,-0.0052505515
3.877109e-07,-0.0052534237
3.878109e-07,-0.0052483973
3.879109e-07,-0.0052412167
3.880109e-07,-0.0052390625
3.881109e-07,-0.005244807
3.882109e-07,-0.005256296
3.883109e-07,-0.0052641946
3.884109e-07,-0.0052620404
3.885109e-07,-0.005245525
3.886109e-07,-0.0052182387
3.887109e-07,-0.0051895163
3.888109e-07,-0.0051701287
3.889109e-07,-0.0051679745
3.890109e-07,-0.0051816176
3.891109e-07,-0.0052045956
3.892109e-07,-0.0052275735
3.893109e-07,-0.0052412167
3.894109e-07,-0.0052433709
3.895109e-07,-0.0052369083
3.896109e-07,-0.0052275735
3.897109e-07,-0.0052203929
3.898109e-07,-0.0052182387
3.899109e-07,-0.0052175207
3.900109e-07,-0.0052160846
3.901109e-07,-0.0052110581
3.902109e-07,-0.0052038775
3.903109e-07,-0.005197415
3.904109e-07,-0.0051931066
3.905109e-07,-0.0051916705
3.906109e-07,-0.0051902344
3.907109e-07,-0.0051837718
3.908109e-07,-0.0051701287
3.909109e-07,-0.005150741
3.910109e-07,-0.0051313534
3.911109e-07,-0.0051213006
3.912109e-07,-0.0051241728
3.913109e-07,-0.0051399701
3.914109e-07,-0.0051615119
3.915109e-07,-0.0051787454
3.916109e-07,-0.0051816176
3.917109e-07,-0.0051686926
3.918109e-07,-0.0051442785
3.919109e-07,-0.0051184283
3.920109e-07,-0.0051011949
3.921109e-07,-0.0050976045
3.922109e-07,-0.0051069393
3.923109e-07,-0.0051220186
3.924109e-07,-0.0051356618
3.925109e-07,-0.0051442785
3.926109e-07,-0.0051493049
3.927109e-07,-0.0051564855
3.928109e-07,-0.0051701287
3.929109e-07,-0.0051916705
3.930109e-07,-0.0052175207
3.931109e-07,-0.0052390625
3.932109e-07,-0.0052505515
3.933109e-07,-0.0052491153
3.934109e-07,-0.0052376264
3.935109e-07,-0.0052247013
3.936109e-07,-0.0052160846
3.937109e-07,-0.0052146484
3.938109e-07,-0.0052175207
3.939109e-07,-0.0052196749
3.940109e-07,-0.0052160846
3.941109e-07,-0.0052067498
3.942109e-07,-0.0051952608
3.943109e-07,-0.0051895163
3.944109e-07,-0.0051931066
3.945109e-07,-0.0052045956
3.946109e-07,-0.0052182387
3.947109e-07,-0.0052239832
3.948109e-07,-0.0052160846
3.949109e-07,-0.0051959789
3.950109e-07,-0.0051715648
3.951109e-07,-0.0051528952
3.952109e-07,-0.0051471507
3.953109e-07,-0.0051543313
3.954109e-07,-0.0051651023
3.955109e-07,-0.0051694106
3.956109e-07,-0.0051586397
3.957109e-07,-0.0051320715
3.958109e-07,-0.0050990407
3.959109e-07,-0.0050739085
3.960109e-07,-0.0050667279
3.961109e-07,-0.0050818072
3.962109e-07,-0.0051105296
3.963109e-07,-0.0051406882
3.964109e-07,-0.0051586397
3.965109e-07,-0.0051586397
3.966109e-07,-0.0051435604
3.967109e-07,-0.0051248909
3.968109e-07,-0.0051126838
3.969109e-07,-0.0051126838
3.970109e-07,-0.0051220186
3.971109e-07,-0.0051327895
3.972109e-07,-0.0051356618
3.973109e-07,-0.0051291992
3.974109e-07,-0.0051184283
3.975109e-07,-0.0051134019
3.976109e-07,-0.0051241728
3.977109e-07,-0.0051514591
3.978109e-07,-0.0051866441
3.979109e-07,-0.0052168026
3.980109e-07,-0.0052275735
3.981109e-07,-0.0052139304
3.982109e-07,-0.0051808996
3.983109e-07,-0.0051421243
3.984109e-07,-0.0051126838
3.985109e-07,-0.0051019129
3.986109e-07,-0.0051105296
3.987109e-07,-0.0051291992
3.988109e-07,-0.0051471507
3.989109e-07,-0.0051557675
3.990109e-07,-0.0051528952
3.991109e-07,-0.0051442785
3.992109e-07,-0.0051356618
3.993109e-07,-0.0051313534
3.994109e-07,-0.0051306353
3.995109e-07,-0.0051256089
3.996109e-07,-0.0051126838
3.997109e-07,-0.0050897059
3.998109e-07,-0.0050609835
3.999109e-07,-0.0050358513
4.000109e-07,-0.0050207721
4.001109e-07,-0.0050171818
4.002109e-07,-0.0050214901
4.003109e-07,-0.0050250804
4.004109e-07,-0.0050207721
4.005109e-07,-0.0050092831
4.006109e-07,-0.0049956399
4.007109e-07,-0.0049898955
4.008109e-07,-0.0049977941
4.009109e-07,-0.0050178998
4.010109e-07,-0.0050423139
4.011109e-07,-0.0050573932
4.012109e-07,-0.005055239
4.013109e-07,-0.0050358513
4.014109e-07,-0.0050092831
4.015109e-07,-0.0049891774
4.016109e-07,-0.0049863051
4.017109e-07,-0.0050021025
4.018109e-07,-0.0050286707
4.019109e-07,-0.0050502125
4.020109e-07,-0.005055239
4.021109e-07,-0.0050394416
4.022109e-07,-0.0050114373
4.023109e-07,-0.0049855871
4.024109e-07,-0.0049748162
4.025109e-07,-0.0049834329
4.026109e-07,-0.0050049747
4.027109e-07,-0.0050257985
4.028109e-07,-0.005032261
4.029109e-07,-0.0050193359
4.030109e-07,-0.0049920496
4.031109e-07,-0.0049654814
4.032109e-07,-0.0049518382
4.033109e-07,-0.0049575827
4.034109e-07,-0.0049776884
4.035109e-07,-0.0049992302
4.036109e-07,-0.0050092831
4.037109e-07,-0.0050021025
4.038109e-07,-0.0049819968
4.039109e-07,-0.004961173
4.040109e-07,-0.0049518382
4.041109e-07,-0.0049590188
4.042109e-07,-0.0049791245
4.043109e-07,-0.0049999483
4.044109e-07,-0.0050092831
4.045109e-07,-0.0050013844
4.046109e-07,-0.0049812787
4.047109e-07,-0.004960455
4.048109e-07,-0.0049518382
4.049109e-07,-0.004961173
4.050109e-07,-0.004984151
4.051109e-07,-0.005007847
4.052109e-07,-0.0050207721
4.053109e-07,-0.0050157456
4.054109e-07,-0.004996358
4.055109e-07,-0.0049748162
4.056109e-07,-0.0049633272
4.057109e-07,-0.0049683536
4.058109e-07,-0.0049870232
4.059109e-07,-0.005008565
4.060109e-07,-0.0050207721
4.061109e-07,-0.0050171818
4.062109e-07,-0.0050013844
4.063109e-07,-0.0049834329
4.064109e-07,-0.0049748162
4.065109e-07,-0.0049827148
4.066109e-07,-0.0050035386
4.067109e-07,-0.0050272346
4.068109e-07,-0.00504375
4.069109e-07,-0.0050466222
4.070109e-07,-0.0050387236
4.071109e-07,-0.0050308249
4.072109e-07,-0.005032261
4.073109e-07,-0.0050480584
4.074109e-07,-0.0050746266
4.075109e-07,-0.0050997587
4.076109e-07,-0.0051126838
4.077109e-07,-0.0051069393
4.078109e-07,-0.0050861156
4.079109e-07,-0.0050609835
4.080109e-07,-0.00504375
4.081109e-07,-0.0050430319
4.082109e-07,-0.0050581112
4.083109e-07,-0.0050803711
4.084109e-07,-0.0051011949
4.085109e-07,-0.005114838
4.086109e-07,-0.0051220186
4.087109e-07,-0.0051306353
4.088109e-07,-0.0051471507
4.089109e-07,-0.005174437
4.090109e-07,-0.0052053136
4.091109e-07,-0.0052304458
4.092109e-07,-0.0052390625
4.093109e-07,-0.0052282916
4.094109e-07,-0.0052038775
4.095109e-07,-0.0051801815
4.096109e-07,-0.0051701287
4.097109e-07,-0.0051808996
4.098109e-07,-0.0052081859
4.099109e-07,-0.0052404986
4.100109e-07,-0.0052620404
4.101109e-07,-0.0052634766
4.102109e-07,-0.005245525
4.103109e-07,-0.0052175207
4.104109e-07,-0.0051931066
4.105109e-07,-0.0051823357
4.106109e-07,-0.0051880802
4.107109e-07,-0.0052031595
4.108109e-07,-0.0052160846
4.109109e-07,-0.0052189568
4.110109e-07,-0.0052081859
4.111109e-07,-0.0051887983
4.112109e-07,-0.0051701287
4.113109e-07,-0.0051600758
4.114109e-07,-0.0051607939
4.115109e-07,-0.0051701287
4.116109e-07,-0.0051816176
4.117109e-07,-0.0051895163
4.118109e-07,-0.0051916705
4.119109e-07,-0.0051916705
4.120109e-07,-0.0051931066
4.121109e-07,-0.0051988511
4.122109e-07,-0.0052074678
4.123109e-07,-0.0052153665
4.124109e-07,-0.0052160846
4.125109e-07,-0.0052081859
4.126109e-07,-0.0051938247
4.127109e-07,-0.0051794635
4.128109e-07,-0.0051701287
4.129109e-07,-0.0051701287
4.130109e-07,-0.0051773093
4.131109e-07,-0.0051866441
4.132109e-07,-0.0051931066
4.133109e-07,-0.0051945427
4.134109e-07,-0.0051931066
4.135109e-07,-0.0051952608
4.136109e-07,-0.0052045956
4.137109e-07,-0.0052232652
4.138109e-07,-0.0052462431
4.139109e-07,-0.0052656307
4.140109e-07,-0.0052735294
4.141109e-07,-0.0052670669
4.142109e-07,-0.0052491153
4.143109e-07,-0.0052290097
4.144109e-07,-0.0052160846
4.145109e-07,-0.0052160846
4.146109e-07,-0.0052275735
4.147109e-07,-0.005245525
4.148109e-07,-0.0052620404
4.149109e-07,-0.0052713752
4.150109e-07,-0.0052728114
4.151109e-07,-0.0052713752
4.152109e-07,-0.0052735294
4.153109e-07,-0.0052821461
4.154109e-07,-0.0052965074
4.155109e-07,-0.0053108686
4.156109e-07,-0.0053194853
4.157109e-07,-0.0053180492
4.158109e-07,-0.0053058421
4.159109e-07,-0.0052893267
4.160109e-07,-0.0052735294
4.161109e-07,-0.0052641946
4.162109e-07,-0.0052627585
4.163109e-07,-0.0052670669
4.164109e-07,-0.0052735294
4.165109e-07,-0.005279992
4.166109e-07,-0.0052864545
4.167109e-07,-0.0052950712
4.168109e-07,-0.0053079963
4.169109e-07,-0.0053245117
4.170109e-07,-0.0053410271
4.171109e-07,-0.0053525161
4.172109e-07,-0.0053539522
4.173109e-07,-0.0053460535
4.174109e-07,-0.0053331284
4.175109e-07,-0.0053223575
4.176109e-07,-0.0053194853
4.177109e-07,-0.0053266659
4.178109e-07,-0.005339591
4.179109e-07,-0.00535108
4.180109e-07,-0.0053539522
4.181109e-07,-0.0053446174
4.182109e-07,-0.0053266659
4.183109e-07,-0.0053079963
4.184109e-07,-0.0052965074
4.185109e-07,-0.0052979435
4.186109e-07,-0.0053108686
4.187109e-07,-0.0053288201
4.188109e-07,-0.0053424632
4.189109e-07,-0.0053438994
4.190109e-07,-0.0053316923
4.191109e-07,-0.0053094324
4.192109e-07,-0.0052850184
4.193109e-07,-0.0052656307
4.194109e-07,-0.005256296
4.195109e-07,-0.005256296
4.196109e-07,-0.0052620404
4.197109e-07,-0.005268503
4.198109e-07,-0.0052728114
4.199109e-07,-0.0052742475
4.200109e-07,-0.0052735294
4.201109e-07,-0.0052728114
4.202109e-07,-0.0052728114
4.203109e-07,-0.0052735294
4.204109e-07,-0.0052735294
4.205109e-07,-0.0052735294
4.206109e-07,-0.0052728114
4.207109e-07,-0.0052728114
4.208109e-07,-0.0052735294
4.209109e-07,-0.0052742475
4.210109e-07,-0.0052735294
4.211109e-07,-0.005269221
4.212109e-07,-0.0052620404
4.213109e-07,-0.0052541418
4.214109e-07,-0.0052498334
4.215109e-07,-0.0052519876
4.216109e-07,-0.0052620404
4.217109e-07,-0.0052771197
4.218109e-07,-0.0052914809
4.219109e-07,-0.0052986615
4.220109e-07,-0.0052965074
4.221109e-07,-0.0052857364
4.222109e-07,-0.0052728114
4.223109e-07,-0.0052634766
4.224109e-07,-0.0052620404
4.225109e-07,-0.005268503
4.226109e-07,-0.0052785558
4.227109e-07,-0.0052850184
4.228109e-07,-0.0052850184
4.229109e-07,-0.0052785558
4.230109e-07,-0.0052699391
4.231109e-07,-0.0052670669
4.232109e-07,-0.0052735294
4.233109e-07,-0.0052878906
4.234109e-07,-0.005304406
4.235109e-07,-0.0053130227
4.236109e-07,-0.0053079963
4.237109e-07,-0.0052893267
4.238109e-07,-0.0052627585
4.239109e-07,-0.0052397806
4.240109e-07,-0.0052275735
4.241109e-07,-0.0052304458
4.242109e-07,-0.0052426528
4.243109e-07,-0.005257014
4.244109e-07,-0.0052620404
4.245109e-07,-0.0052541418
4.246109e-07,-0.0052347541
4.247109e-07,-0.0052117762
4.248109e-07,-0.0051931066
4.249109e-07,-0.0051844899
4.250109e-07,-0.005185926
4.251109e-07,-0.0051909524
4.252109e-07,-0.0051931066
4.253109e-07,-0.0051866441
4.254109e-07,-0.0051722829
4.255109e-07,-0.0051528952
4.256109e-07,-0.0051356618
4.257109e-07,-0.0051241728
4.258109e-07,-0.0051205825
4.259109e-07,-0.0051213006
4.260109e-07,-0.0051241728
4.261109e-07,-0.005127045
4.262109e-07,-0.0051306353
4.263109e-07,-0.0051370979
4.264109e-07,-0.0051471507
4.265109e-07,-0.0051586397
4.266109e-07,-0.0051679745
4.267109e-07,-0.0051686926
4.268109e-07,-0.0051586397
4.269109e-07,-0.0051399701
4.270109e-07,-0.0051191464
4.271109e-07,-0.0051040671
4.272109e-07,-0.0051011949
4.273109e-07,-0.0051105296
4.274109e-07,-0.005126327
4.275109e-07,-0.0051406882
4.276109e-07,-0.0051471507
4.277109e-07,-0.0051435604
4.278109e-07,-0.0051342256
4.279109e-07,-0.0051256089
4.280109e-07,-0.0051241728
4.281109e-07,-0.0051299173
4.282109e-07,-0.0051399701
4.283109e-07,-0.0051471507
4.284109e-07,-0.0051471507
4.285109e-07,-0.0051406882
4.286109e-07,-0.0051327895
4.287109e-07,-0.0051335076
4.288109e-07,-0.0051471507
4.289109e-07,-0.0051730009
4.290109e-07,-0.0052038775
4.291109e-07,-0.0052290097
4.292109e-07,-0.0052390625
4.293109e-07,-0.005233318
4.294109e-07,-0.0052189568
4.295109e-07,-0.0052060317
4.296109e-07,-0.0052045956
4.297109e-07,-0.0052175207
4.298109e-07,-0.0052397806
4.299109e-07,-0.0052620404
4.300109e-07,-0.0052735294
4.301109e-07,-0.0052720933
4.302109e-07,-0.0052606043
4.303109e-07,-0.0052505515
4.304109e-07,-0.0052505515
4.305109e-07,-0.0052649127
4.306109e-07,-0.0052893267
4.307109e-07,-0.0053144589
4.308109e-07,-0.0053309743
4.309109e-07,-0.0053345646
4.310109e-07,-0.005327384
4.311109e-07,-0.0053194853
4.312109e-07,-0.0053194853
4.313109e-07,-0.0053331284
4.314109e-07,-0.0053582606
4.315109e-07,-0.005386983
4.316109e-07,-0.0054113971
4.317109e-07,-0.0054257583
4.318109e-07,-0.0054300666
4.319109e-07,-0.0054315028
4.320109e-07,-0.005434375
4.321109e-07,-0.0054422737
4.322109e-07,-0.0054523265
4.323109e-07,-0.0054587891
4.324109e-07,-0.0054573529
4.325109e-07,-0.0054473001
4.326109e-07,-0.0054350931
4.327109e-07,-0.0054286305
4.328109e-07,-0.005434375
4.329109e-07,-0.0054523265
4.330109e-07,-0.0054753045
4.331109e-07,-0.0054911018
4.332109e-07,-0.0054918199
4.333109e-07,-0.0054745864
4.334109e-07,-0.0054451459
4.335109e-07,-0.0054164235
4.336109e-07,-0.0053999081
4.337109e-07,-0.0053999081
4.338109e-07,-0.0054113971
4.339109e-07,-0.005422886
4.340109e-07,-0.005422886
4.341109e-07,-0.0054042165
4.342109e-07,-0.0053697495
4.343109e-07,-0.0053295381
4.344109e-07,-0.0052965074
4.345109e-07,-0.0052785558
4.346109e-07,-0.0052756836
4.347109e-07,-0.00528071
4.348109e-07,-0.0052850184
4.349109e-07,-0.005279992
4.350109e-07,-0.0052656307
4.351109e-07,-0.005245525
4.352109e-07,-0.0052275735
4.353109e-07,-0.0052153665
4.354109e-07,-0.005208904
4.355109e-07,-0.0052031595
4.356109e-07,-0.0051931066
4.357109e-07,-0.0051765912
4.358109e-07,-0.0051572036
4.359109e-07,-0.0051406882
4.360109e-07,-0.0051356618
4.361109e-07,-0.0051428424
4.362109e-07,-0.0051593578
4.363109e-07,-0.0051751551
4.364109e-07,-0.0051816176
4.365109e-07,-0.005174437
4.366109e-07,-0.0051550494
4.367109e-07,-0.0051313534
4.368109e-07,-0.0051126838
4.369109e-07,-0.005103349
4.370109e-07,-0.0051040671
4.371109e-07,-0.0051090935
4.372109e-07,-0.0051126838
4.373109e-07,-0.0051112477
4.374109e-07,-0.0051055032
4.375109e-07,-0.0051004768
4.376109e-07,-0.0051011949
4.377109e-07,-0.0051083755
4.378109e-07,-0.0051184283
4.379109e-07,-0.0051256089
4.380109e-07,-0.0051241728
4.381109e-07,-0.0051134019
4.382109e-07,-0.0050976045
4.383109e-07,-0.0050839614
4.384109e-07,-0.0050782169
4.385109e-07,-0.0050818072
4.386109e-07,-0.0050904239
4.387109e-07,-0.0050947323
4.388109e-07,-0.0050897059
4.389109e-07,-0.0050746266
4.390109e-07,-0.005055957
4.391109e-07,-0.0050430319
4.392109e-07,-0.00504375
4.393109e-07,-0.0050581112
4.394109e-07,-0.0050803711
4.395109e-07,-0.0050983226
4.396109e-07,-0.0051011949
4.397109e-07,-0.0050861156
4.398109e-07,-0.0050588293
4.399109e-07,-0.0050293888
4.400109e-07,-0.0050092831
4.401109e-07,-0.0050042567
4.402109e-07,-0.0050128734
4.403109e-07,-0.0050250804
4.404109e-07,-0.005032261
4.405109e-07,-0.0050279527
4.406109e-07,-0.0050135915
4.407109e-07,-0.0049970761
4.408109e-07,-0.0049863051
4.409109e-07,-0.0049870232
4.410109e-07,-0.0049970761
4.411109e-07,-0.0050107192
4.412109e-07,-0.0050207721
4.413109e-07,-0.0050229262
4.414109e-07,-0.0050178998
4.415109e-07,-0.0050114373
4.416109e-07,-0.0050092831
4.417109e-07,-0.0050135915
4.418109e-07,-0.0050207721
4.419109e-07,-0.0050250804
4.420109e-07,-0.0050207721
4.421109e-07,-0.0050071289
4.422109e-07,-0.0049898955
4.423109e-07,-0.0049762523
4.424109e-07,-0.0049748162
4.425109e-07,-0.0049863051
4.426109e-07,-0.0050049747
4.427109e-07,-0.0050229262
4.428109e-07,-0.005032261
4.429109e-07,-0.0050301068
4.430109e-07,-0.005020054
4.431109e-07,-0.0050107192
4.432109e-07,-0.0050092831
4.433109e-07,-0.0050178998
4.434109e-07,-0.005031543
4.435109e-07,-0.0050423139
4.436109e-07,-0.00504375
4.437109e-07,-0.0050344152
4.438109e-07,-0.0050214901
4.439109e-07,-0.0050143095
4.440109e-07,-0.0050207721
4.441109e-07,-0.0050423139
4.442109e-07,-0.0050724724
4.443109e-07,-0.0050997587
4.444109e-07,-0.0051126838
4.445109e-07,-0.0051090935
4.446109e-07,-0.0050932962
4.447109e-07,-0.0050753447
4.448109e-07,-0.0050667279
4.449109e-07,-0.0050710363
4.450109e-07,-0.0050839614
4.451109e-07,-0.0050968865
4.452109e-07,-0.0051011949
4.453109e-07,-0.0050932962
4.454109e-07,-0.005078935
4.455109e-07,-0.005067446
4.456109e-07,-0.0050667279
4.457109e-07,-0.0050803711
4.458109e-07,-0.005103349
4.459109e-07,-0.0051248909
4.460109e-07,-0.0051356618
4.461109e-07,-0.0051327895
4.462109e-07,-0.0051220186
4.463109e-07,-0.0051155561
4.464109e-07,-0.0051241728
4.465109e-07,-0.0051514591
4.466109e-07,-0.0051916705
4.467109e-07,-0.0052326
4.468109e-07,-0.0052620404
4.469109e-07,-0.0052728114
4.470109e-07,-0.0052670669
4.471109e-07,-0.0052555779
4.472109e-07,-0.0052505515
4.473109e-07,-0.0052591682
4.474109e-07,-0.005279992
4.475109e-07,-0.0053072783
4.476109e-07,-0.0053309743
4.477109e-07,-0.0053467716
4.478109e-07,-0.0053553883
4.479109e-07,-0.005363287
4.480109e-07,-0.0053769301
4.481109e-07,-0.00539919
4.482109e-07,-0.0054257583
4.483109e-07,-0.0054473001
4.484109e-07,-0.0054573529
4.485109e-07,-0.0054530446
4.486109e-07,-0.0054408375
4.487109e-07,-0.0054315028
4.488109e-07,-0.005434375
4.489109e-07,-0.0054544807
4.490109e-07,-0.0054867934
4.491109e-07,-0.0055219784
4.492109e-07,-0.0055492647
4.493109e-07,-0.0055621898
4.494109e-07,-0.0055614717
4.495109e-07,-0.0055550092
4.496109e-07,-0.0055492647
4.497109e-07,-0.0055492647
4.498109e-07,-0.005552855
4.499109e-07,-0.0055542911
4.500109e-07,-0.0055492647
4.501109e-07,-0.0055370577
4.502109e-07,-0.0055226965
4.503109e-07,-0.0055140797
4.504109e-07,-0.0055147978
4.505109e-07,-0.0055241326
4.506109e-07,-0.0055349035
4.507109e-07,-0.0055377757
4.508109e-07,-0.0055262868
4.509109e-07,-0.0055040269
4.510109e-07,-0.0054796128
4.511109e-07,-0.0054652516
4.512109e-07,-0.0054688419
4.513109e-07,-0.0054875115
4.514109e-07,-0.0055104894
4.515109e-07,-0.0055226965
4.516109e-07,-0.0055147978
4.517109e-07,-0.0054875115
4.518109e-07,-0.0054523265
4.519109e-07,-0.0054264763
4.520109e-07,-0.005422886
4.521109e-07,-0.0054429917
4.522109e-07,-0.0054760225
4.523109e-07,-0.005505463
4.524109e-07,-0.0055147978
4.525109e-07,-0.0055004366
4.526109e-07,-0.00546956
4.527109e-07,-0.0054386834
4.528109e-07,-0.005422886
4.529109e-07,-0.0054293486
4.530109e-07,-0.0054523265
4.531109e-07,-0.0054774586
4.532109e-07,-0.0054918199
4.533109e-07,-0.0054882295
4.534109e-07,-0.0054731503
4.535109e-07,-0.005458071
4.536109e-07,-0.0054573529
4.537109e-07,-0.0054753045
4.538109e-07,-0.005505463
4.539109e-07,-0.0055349035
4.540109e-07,-0.0055492647
4.541109e-07,-0.0055435202
4.542109e-07,-0.0055234145
4.543109e-07,-0.0055018727
4.544109e-07,-0.0054918199
4.545109e-07,-0.0054990005
4.546109e-07,-0.00551767
4.547109e-07,-0.0055349035
4.548109e-07,-0.0055377757
4.549109e-07,-0.0055219784
4.550109e-07,-0.005493974
4.551109e-07,-0.0054681239
4.552109e-07,-0.0054573529
4.553109e-07,-0.0054681239
4.554109e-07,-0.0054946921
4.555109e-07,-0.0055234145
4.556109e-07,-0.0055377757
4.557109e-07,-0.0055320312
4.558109e-07,-0.0055097714
4.559109e-07,-0.0054839212
4.560109e-07,-0.0054688419
4.561109e-07,-0.0054717142
4.562109e-07,-0.0054882295
4.563109e-07,-0.0055076172
4.564109e-07,-0.0055147978
4.565109e-07,-0.0055047449
4.566109e-07,-0.0054810489
4.567109e-07,-0.0054566349
4.568109e-07,-0.005445864
4.569109e-07,-0.0054544807
4.570109e-07,-0.0054796128
4.571109e-07,-0.0055083352
4.572109e-07,-0.0055262868
4.573109e-07,-0.0055262868
4.574109e-07,-0.0055104894
4.575109e-07,-0.0054911018
4.576109e-07,-0.0054803309
4.577109e-07,-0.0054853573
4.578109e-07,-0.0055033088
4.579109e-07,-0.0055212603
4.580109e-07,-0.0055262868
4.581109e-07,-0.0055119256
4.582109e-07,-0.0054824851
4.583109e-07,-0.0054516085
4.584109e-07,-0.005434375
4.585109e-07,-0.0054408375
4.586109e-07,-0.0054674058
4.587109e-07,-0.0055018727
4.588109e-07,-0.0055262868
4.589109e-07,-0.005529159
4.590109e-07,-0.0055083352
4.591109e-07,-0.0054753045
4.592109e-07,-0.005445864
4.593109e-07,-0.0054329389
4.594109e-07,-0.0054422737
4.595109e-07,-0.0054659697
4.596109e-07,-0.0054918199
4.597109e-07,-0.0055076172
4.598109e-07,-0.0055076172
4.599109e-07,-0.0054946921
4.600109e-07,-0.0054803309
4.601109e-07,-0.0054731503
4.602109e-07,-0.0054788948
4.603109e-07,-0.0054954102
4.604109e-07,-0.0055147978
4.605109e-07,-0.0055284409
4.606109e-07,-0.0055334674
4.607109e-07,-0.0055305951
4.608109e-07,-0.0055262868
4.609109e-07,-0.0055277229
4.610109e-07,-0.0055377757
4.611109e-07,-0.0055542911
4.612109e-07,-0.0055722426
4.613109e-07,-0.0055851677
4.614109e-07,-0.0055901942
4.615109e-07,-0.00558804
4.616109e-07,-0.0055837316
4.617109e-07,-0.0055808594
4.618109e-07,-0.0055830136
4.619109e-07,-0.00558804
4.620109e-07,-0.0055952206
4.621109e-07,-0.0056009651
4.622109e-07,-0.0056038373
4.623109e-07,-0.0056052734
4.624109e-07,-0.0056067096
4.625109e-07,-0.0056095818
4.626109e-07,-0.0056138902
4.627109e-07,-0.0056174805
4.628109e-07,-0.0056181985
4.629109e-07,-0.0056167624
4.630109e-07,-0.0056146082
