LECROYHDO6104B,11090,Waveform
Segments,1,SegmentSize,5002
Segment,TrigTime,TimeSinceSegment1
#1,04-May-2026 18:24:38,0                 
Time,Ampl
-3.70133e-08,-0.0053180492
-3.69133e-08,-0.0053130227
-3.68133e-08,-0.0053079963
-3.67133e-08,-0.0053079963
-3.66133e-08,-0.0053144589
-3.65133e-08,-0.0053245117
-3.64133e-08,-0.0053324104
-3.63133e-08,-0.0053309743
-3.62133e-08,-0.0053194853
-3.61133e-08,-0.0053008157
-3.60133e-08,-0.0052828642
-3.59133e-08,-0.0052735294
-3.58133e-08,-0.0052749655
-3.57133e-08,-0.0052843003
-3.56133e-08,-0.0052936351
-3.55133e-08,-0.0052965074
-3.54133e-08,-0.0052907629
-3.53133e-08,-0.0052792739
-3.52133e-08,-0.0052713752
-3.51133e-08,-0.0052735294
-3.50133e-08,-0.0052871726
-3.49133e-08,-0.0053072783
-3.48133e-08,-0.0053252298
-3.47133e-08,-0.0053309743
-3.46133e-08,-0.0053230756
-3.45133e-08,-0.0053058421
-3.44133e-08,-0.0052900448
-3.43133e-08,-0.0052850184
-3.42133e-08,-0.0052950712
-3.41133e-08,-0.005315895
-3.40133e-08,-0.0053388729
-3.39133e-08,-0.0053539522
-3.38133e-08,-0.0053553883
-3.37133e-08,-0.0053467716
-3.36133e-08,-0.0053352826
-3.35133e-08,-0.0053309743
-3.34133e-08,-0.0053388729
-3.33133e-08,-0.0053561064
-3.32133e-08,-0.005375494
-3.31133e-08,-0.0053884191
-3.30133e-08,-0.0053884191
-3.29133e-08,-0.0053769301
-3.28133e-08,-0.0053589786
-3.27133e-08,-0.0053424632
-3.26133e-08,-0.0053316923
-3.25133e-08,-0.0053266659
-3.24133e-08,-0.0053237937
-3.23133e-08,-0.0053194853
-3.22133e-08,-0.0053130227
-3.21133e-08,-0.0053079963
-3.20133e-08,-0.0053094324
-3.19133e-08,-0.0053194853
-3.18133e-08,-0.0053367188
-3.17133e-08,-0.0053539522
-3.16133e-08,-0.0053618509
-3.15133e-08,-0.0053539522
-3.14133e-08,-0.0053324104
-3.13133e-08,-0.0053065602
-3.12133e-08,-0.0052878906
-3.11133e-08,-0.0052850184
-3.10133e-08,-0.0053000977
-3.09133e-08,-0.0053245117
-3.08133e-08,-0.0053467716
-3.07133e-08,-0.0053539522
-3.06133e-08,-0.0053424632
-3.05133e-08,-0.0053180492
-3.04133e-08,-0.0052907629
-3.03133e-08,-0.0052735294
-3.02133e-08,-0.0052706572
-3.01133e-08,-0.005279992
-3.00133e-08,-0.005292199
-2.99133e-08,-0.0052965074
-2.98133e-08,-0.0052886087
-2.97133e-08,-0.0052713752
-2.96133e-08,-0.0052519876
-2.95133e-08,-0.0052390625
-2.94133e-08,-0.0052369083
-2.93133e-08,-0.0052433709
-2.92133e-08,-0.0052498334
-2.91133e-08,-0.0052505515
-2.90133e-08,-0.0052433709
-2.89133e-08,-0.0052318819
-2.88133e-08,-0.0052247013
-2.87133e-08,-0.0052275735
-2.86133e-08,-0.0052412167
-2.85133e-08,-0.0052584501
-2.84133e-08,-0.0052677849
-2.83133e-08,-0.0052620404
-2.82133e-08,-0.0052397806
-2.81133e-08,-0.0052103401
-2.80133e-08,-0.0051873621
-2.79133e-08,-0.0051816176
-2.78133e-08,-0.005197415
-2.77133e-08,-0.0052275735
-2.76133e-08,-0.0052577321
-2.75133e-08,-0.0052735294
-2.74133e-08,-0.0052677849
-2.73133e-08,-0.0052433709
-2.72133e-08,-0.0052139304
-2.71133e-08,-0.0051931066
-2.70133e-08,-0.0051902344
-2.69133e-08,-0.0052053136
-2.68133e-08,-0.0052297277
-2.67133e-08,-0.0052505515
-2.66133e-08,-0.0052598863
-2.65133e-08,-0.005257014
-2.64133e-08,-0.0052469612
-2.63133e-08,-0.0052390625
-2.62133e-08,-0.0052397806
-2.61133e-08,-0.0052491153
-2.60133e-08,-0.0052627585
-2.59133e-08,-0.0052735294
-2.58133e-08,-0.0052785558
-2.57133e-08,-0.005279992
-2.56133e-08,-0.0052843003
-2.55133e-08,-0.0052965074
-2.54133e-08,-0.0053194853
-2.53133e-08,-0.0053482077
-2.52133e-08,-0.0053740579
-2.51133e-08,-0.0053884191
-2.50133e-08,-0.0053884191
-2.49133e-08,-0.0053762121
-2.48133e-08,-0.0053618509
-2.47133e-08,-0.0053539522
-2.46133e-08,-0.0053568244
-2.45133e-08,-0.0053675954
-2.44133e-08,-0.0053805205
-2.43133e-08,-0.0053884191
-2.42133e-08,-0.0053891372
-2.41133e-08,-0.0053862649
-2.40133e-08,-0.0053877011
-2.39133e-08,-0.0053999081
-2.38133e-08,-0.0054243222
-2.37133e-08,-0.0054544807
-2.36133e-08,-0.0054803309
-2.35133e-08,-0.0054918199
-2.34133e-08,-0.0054867934
-2.33133e-08,-0.005470278
-2.32133e-08,-0.0054530446
-2.31133e-08,-0.005445864
-2.30133e-08,-0.0054537626
-2.29133e-08,-0.0054724322
-2.28133e-08,-0.0054925379
-2.27133e-08,-0.0055033088
-2.26133e-08,-0.0054990005
-2.25133e-08,-0.005481767
-2.24133e-08,-0.0054609432
-2.23133e-08,-0.005445864
-2.22133e-08,-0.0054422737
-2.21133e-08,-0.0054480182
-2.20133e-08,-0.0054559168
-2.19133e-08,-0.0054573529
-2.18133e-08,-0.0054473001
-2.17133e-08,-0.0054279125
-2.16133e-08,-0.0054056526
-2.15133e-08,-0.0053884191
-2.14133e-08,-0.0053812385
-2.13133e-08,-0.0053826746
-2.12133e-08,-0.005386983
-2.11133e-08,-0.0053884191
-2.10133e-08,-0.0053833927
-2.09133e-08,-0.005374776
-2.08133e-08,-0.0053675954
-2.07133e-08,-0.0053654412
-2.06133e-08,-0.0053690315
-2.05133e-08,-0.0053733398
-2.04133e-08,-0.0053697495
-2.03133e-08,-0.0053539522
-2.02133e-08,-0.0053259478
-2.01133e-08,-0.0052943532
-2.00133e-08,-0.0052699391
-1.99133e-08,-0.0052620404
-1.98133e-08,-0.0052735294
-1.97133e-08,-0.0052972254
-1.96133e-08,-0.0053237937
-1.95133e-08,-0.0053424632
-1.94133e-08,-0.0053482077
-1.93133e-08,-0.0053453355
-1.92133e-08,-0.0053410271
-1.91133e-08,-0.0053424632
-1.90133e-08,-0.0053525161
-1.89133e-08,-0.0053668773
-1.88133e-08,-0.0053776482
-1.87133e-08,-0.0053769301
-1.86133e-08,-0.0053661592
-1.85133e-08,-0.00535108
-1.84133e-08,-0.0053446174
-1.83133e-08,-0.0053539522
-1.82133e-08,-0.0053798024
-1.81133e-08,-0.0054149874
-1.80133e-08,-0.0054444278
-1.79133e-08,-0.0054573529
-1.78133e-08,-0.0054508904
-1.77133e-08,-0.0054315028
-1.76133e-08,-0.0054142693
-1.75133e-08,-0.0054113971
-1.74133e-08,-0.0054293486
-1.73133e-08,-0.0054638155
-1.72133e-08,-0.0055004366
-1.71133e-08,-0.0055262868
-1.70133e-08,-0.0055327493
-1.69133e-08,-0.0055219784
-1.68133e-08,-0.0055033088
-1.67133e-08,-0.0054918199
-1.66133e-08,-0.0054946921
-1.65133e-08,-0.0055133617
-1.64133e-08,-0.0055384938
-1.63133e-08,-0.0055607537
-1.62133e-08,-0.0055722426
-1.61133e-08,-0.0055736788
-1.60133e-08,-0.0055708065
-1.59133e-08,-0.0055722426
-1.58133e-08,-0.0055837316
-1.57133e-08,-0.0056045554
-1.56133e-08,-0.0056268153
-1.55133e-08,-0.0056411765
-1.54133e-08,-0.0056426126
-1.53133e-08,-0.0056325597
-1.52133e-08,-0.0056174805
-1.51133e-08,-0.0056067096
-1.50133e-08,-0.0056045554
-1.49133e-08,-0.0056102999
-1.48133e-08,-0.0056174805
-1.47133e-08,-0.0056181985
-1.46133e-08,-0.0056081457
-1.45133e-08,-0.00558804
-1.44133e-08,-0.0055657801
-1.43133e-08,-0.0055492647
-1.42133e-08,-0.0055428022
-1.41133e-08,-0.0055449563
-1.40133e-08,-0.0055499828
-1.39133e-08,-0.0055492647
-1.38133e-08,-0.0055384938
-1.37133e-08,-0.005516952
-1.36133e-08,-0.0054918199
-1.35133e-08,-0.0054688419
-1.34133e-08,-0.0054530446
-1.33133e-08,-0.0054437098
-1.32133e-08,-0.0054386834
-1.31133e-08,-0.005434375
-1.30133e-08,-0.0054300666
-1.29133e-08,-0.0054279125
-1.28133e-08,-0.0054322208
-1.27133e-08,-0.005445864
-1.26133e-08,-0.0054659697
-1.25133e-08,-0.0054853573
-1.24133e-08,-0.0054954102
-1.23133e-08,-0.0054918199
-1.22133e-08,-0.0054753045
-1.21133e-08,-0.0054544807
-1.20133e-08,-0.0054422737
-1.19133e-08,-0.005445864
-1.18133e-08,-0.0054681239
-1.17133e-08,-0.0055004366
-1.16133e-08,-0.0055313132
-1.15133e-08,-0.0055492647
-1.14133e-08,-0.0055499828
-1.13133e-08,-0.0055370577
-1.12133e-08,-0.0055219784
-1.11133e-08,-0.0055147978
-1.10133e-08,-0.0055205423
-1.09133e-08,-0.0055370577
-1.08133e-08,-0.0055535731
-1.07133e-08,-0.0055607537
-1.06133e-08,-0.0055535731
-1.05133e-08,-0.0055356216
-1.04133e-08,-0.0055155159
-1.03133e-08,-0.0055033088
-1.02133e-08,-0.0055040269
-1.01133e-08,-0.0055140797
-1.00133e-08,-0.0055248506
-9.913303e-09,-0.0055262868
-9.813303e-09,-0.0055126436
-9.713303e-09,-0.0054860754
-9.613303e-09,-0.0054566349
-9.513303e-09,-0.005434375
-9.413303e-09,-0.0054271944
-9.313303e-09,-0.0054358111
-9.213303e-09,-0.0054523265
-9.113303e-09,-0.0054688419
-9.013303e-09,-0.0054774586
-8.913303e-09,-0.0054774586
-8.813303e-09,-0.0054724322
-8.713303e-09,-0.0054688419
-8.613303e-09,-0.0054709961
-8.513303e-09,-0.0054774586
-8.413303e-09,-0.0054824851
-8.313303e-09,-0.0054803309
-8.213303e-09,-0.0054674058
-8.113303e-09,-0.005445864
-8.013303e-09,-0.0054243222
-7.913303e-09,-0.0054113971
-7.813303e-09,-0.0054121151
-7.713303e-09,-0.0054271944
-7.613303e-09,-0.0054487362
-7.513303e-09,-0.0054688419
-7.413303e-09,-0.0054796128
-7.313303e-09,-0.0054788948
-7.213303e-09,-0.00546956
-7.113303e-09,-0.0054573529
-7.013303e-09,-0.0054480182
-6.913303e-09,-0.0054437098
-6.813303e-09,-0.0054437098
-6.713303e-09,-0.005445864
-6.613303e-09,-0.0054480182
-6.513303e-09,-0.0054501723
-6.413303e-09,-0.0054530446
-6.313303e-09,-0.0054573529
-6.213303e-09,-0.0054630974
-6.113303e-09,-0.0054666877
-6.013303e-09,-0.0054652516
-5.913303e-09,-0.0054573529
-5.813303e-09,-0.005446582
-5.713303e-09,-0.0054394014
-5.613303e-09,-0.0054415556
-5.513303e-09,-0.0054573529
-5.413303e-09,-0.0054832031
-5.313303e-09,-0.0055119256
-5.213303e-09,-0.0055327493
-5.113303e-09,-0.0055377757
-5.013303e-09,-0.0055277229
-4.913303e-09,-0.0055090533
-4.813303e-09,-0.005493974
-4.713303e-09,-0.0054918199
-4.613303e-09,-0.005505463
-4.513303e-09,-0.0055305951
-4.413303e-09,-0.0055564453
-4.313303e-09,-0.0055722426
-4.213303e-09,-0.0055722426
-4.113303e-09,-0.0055593176
-4.013303e-09,-0.005540648
-3.913303e-09,-0.0055262868
-3.813303e-09,-0.0055212603
-3.713303e-09,-0.0055241326
-3.613303e-09,-0.0055255687
-3.513303e-09,-0.0055147978
-3.413303e-09,-0.0054853573
-3.313303e-09,-0.0054379653
-3.213303e-09,-0.0053790843
-3.113303e-09,-0.0053194853
-3.013303e-09,-0.0052663488
-2.913303e-09,-0.0052196749
-2.813303e-09,-0.0051722829
-2.713303e-09,-0.0051126838
-2.613303e-09,-0.0050293888
-2.513303e-09,-0.0049180894
-2.413303e-09,-0.0047787856
-2.313303e-09,-0.0046186581
-2.213303e-09,-0.0044463235
-2.113303e-09,-0.0042675264
-2.013303e-09,-0.0040815487
-1.913303e-09,-0.003883364
-1.813303e-09,-0.0036672277
-1.713303e-09,-0.0034266774
-1.613303e-09,-0.003161713
-1.513303e-09,-0.0028723346
-1.413303e-09,-0.0025628504
-1.313303e-09,-0.0022354148
-1.213303e-09,-0.0018914637
-1.113303e-09,-0.001528125
-1.013303e-09,-0.0011432445
-9.133028e-10,-0.00073323185
-8.133028e-10,-0.00029880515
-7.133028e-10,0.00016075368
-6.133028e-10,0.00064185432
-5.133028e-10,0.0011416245
-4.133028e-10,0.001656474
-3.133028e-10,0.0021828125
-2.133028e-10,0.0027184858
-1.133028e-10,0.0032606216
-1.330275e-11,0.0038092199
8.669725e-11,0.0043657169
1.866972e-10,0.0049337029
2.866972e-10,0.0055174862
3.866972e-10,0.0061170669
4.866972e-10,0.0067324449
5.866972e-10,0.0073571576
6.866972e-10,0.0079833065
7.866972e-10,0.0086037109
8.866972e-10,0.0092140625
9.866972e-10,0.0098136432
1.086697e-09,0.010405325
1.186697e-09,0.010994135
1.286697e-09,0.01158079
1.386697e-09,0.012163856
1.486697e-09,0.012736868
1.586697e-09,0.013294801
1.686697e-09,0.013832629
1.786697e-09,0.014351787
1.886697e-09,0.014856583
1.986697e-09,0.015352763
2.086697e-09,0.015843199
2.186697e-09,0.016327171
2.286697e-09,0.016798937
2.386697e-09,0.017252034
2.486697e-09,0.017681434
2.586697e-09,0.018085702
2.686697e-09,0.018468428
2.786697e-09,0.018834639
2.886697e-09,0.019186489
2.986697e-09,0.019523259
3.086697e-09,0.019839206
3.186697e-09,0.020130021
3.286697e-09,0.020392831
3.386697e-09,0.020632663
3.486697e-09,0.020858134
3.586697e-09,0.021078579
3.686697e-09,0.02130046
3.786697e-09,0.021520904
3.886697e-09,0.021732014
3.986697e-09,0.021921582
4.086697e-09,0.02208171
4.186697e-09,0.022211679
4.286697e-09,0.022317952
4.386697e-09,0.022412736
4.486697e-09,0.022506801
4.586697e-09,0.02260374
4.686697e-09,0.022700678
4.786697e-09,0.022789717
4.886697e-09,0.02286296
4.986697e-09,0.022918968
5.086697e-09,0.02296277
5.186697e-09,0.023002263
5.286697e-09,0.023046783
5.386697e-09,0.023098483
5.486697e-09,0.023152338
5.586697e-09,0.023199012
5.686697e-09,0.023230607
5.786697e-09,0.023243532
5.886697e-09,0.023241378
5.986697e-09,0.023233479
6.086697e-09,0.023230607
6.186697e-09,0.023237069
6.286697e-09,0.023250712
6.386697e-09,0.02326651
6.486697e-09,0.023276563
6.586697e-09,0.023278717
6.686697e-09,0.023277281
6.786697e-09,0.023277999
6.886697e-09,0.023288051
6.986697e-09,0.023309593
7.086697e-09,0.023339752
7.186697e-09,0.023369192
7.286697e-09,0.023391452
7.386697e-09,0.023403659
7.486697e-09,0.023409404
7.586697e-09,0.023415148
7.686697e-09,0.023425919
7.786697e-09,0.023443153
7.886697e-09,0.02346254
7.986697e-09,0.023477619
8.086697e-09,0.023483364
8.186697e-09,0.023482646
8.286697e-09,0.023483364
8.386697e-09,0.023496289
8.486697e-09,0.02352932
8.586697e-09,0.023580302
8.686697e-09,0.023639901
8.786697e-09,0.02369232
8.886697e-09,0.023724632
8.986697e-09,0.023733249
9.086697e-09,0.023723914
9.186697e-09,0.023708835
9.286697e-09,0.023701654
9.386697e-09,0.023707399
9.486697e-09,0.023724632
9.586697e-09,0.023744738
9.686697e-09,0.023759099
9.786697e-09,0.023764126
9.886697e-09,0.023763408
9.986697e-09,0.023766998
1.00867e-08,0.023782077
1.01867e-08,0.0238108
1.02867e-08,0.023847421
1.03867e-08,0.023879015
1.04867e-08,0.023896967
1.05867e-08,0.023896967
1.06867e-08,0.023884042
1.07867e-08,0.023869681
1.08867e-08,0.0238625
1.09867e-08,0.023867526
1.10867e-08,0.023879015
1.11867e-08,0.023887632
1.12867e-08,0.023885478
1.13867e-08,0.023868963
1.14867e-08,0.023845267
1.15867e-08,0.023824443
1.16867e-08,0.023816544
1.17867e-08,0.023823725
1.18867e-08,0.023839522
1.19867e-08,0.023852447
1.20867e-08,0.023851011
1.21867e-08,0.023831623
1.22867e-08,0.023799311
1.23867e-08,0.023764126
1.24867e-08,0.023736121
1.25867e-08,0.023718888
1.26867e-08,0.023708117
1.27867e-08,0.023697346
1.28867e-08,0.023678676
1.29867e-08,0.023653544
1.30867e-08,0.023629848
1.31867e-08,0.023616923
1.32867e-08,0.023621232
1.33867e-08,0.023639901
1.34867e-08,0.023660007
1.35867e-08,0.023665033
1.36867e-08,0.02364421
1.37867e-08,0.023596818
1.38867e-08,0.023534346
1.39867e-08,0.023476183
1.40867e-08,0.023437408
1.41867e-08,0.023424483
1.42867e-08,0.023430946
1.43867e-08,0.023443871
1.44867e-08,0.023448897
1.45867e-08,0.023441716
1.46867e-08,0.023428791
1.47867e-08,0.023420175
1.48867e-08,0.023425919
1.49867e-08,0.023446025
1.50867e-08,0.023470439
1.51867e-08,0.023483364
1.52867e-08,0.023471875
1.53867e-08,0.023435254
1.54867e-08,0.023385708
1.55867e-08,0.023342624
1.56867e-08,0.023322518
1.57867e-08,0.023330417
1.58867e-08,0.023356985
1.59867e-08,0.023383554
1.60867e-08,0.023391452
1.61867e-08,0.023373501
1.62867e-08,0.02333688
1.63867e-08,0.023298822
1.64867e-08,0.023276563
1.65867e-08,0.023279435
1.66867e-08,0.023301695
1.67867e-08,0.023326109
1.68867e-08,0.023334007
1.69867e-08,0.023315338
1.70867e-08,0.02327369
1.71867e-08,0.023224144
1.72867e-08,0.023184651
1.73867e-08,0.023167417
1.74867e-08,0.023172444
1.75867e-08,0.023187523
1.76867e-08,0.02319614
1.77867e-08,0.023188959
1.78867e-08,0.023165981
1.79867e-08,0.023136541
1.80867e-08,0.023115717
1.81867e-08,0.023109972
1.82867e-08,0.023117871
1.83867e-08,0.023128642
1.84867e-08,0.023127206
1.85867e-08,0.023106382
1.86867e-08,0.023069761
1.87867e-08,0.02302955
1.88867e-08,0.023000827
1.89867e-08,0.022993647
1.90867e-08,0.02300729
1.91867e-08,0.023030268
1.92867e-08,0.023046783
1.93867e-08,0.023046783
1.94867e-08,0.023028114
1.95867e-08,0.023000827
1.96867e-08,0.022977849
1.97867e-08,0.022969951
1.98867e-08,0.022977131
1.99867e-08,0.022991492
2.00867e-08,0.023000827
2.01867e-08,0.022993647
2.02867e-08,0.022968514
2.03867e-08,0.022931893
2.04867e-08,0.022897426
2.05867e-08,0.022875167
2.06867e-08,0.022869422
2.07867e-08,0.022876603
2.08867e-08,0.022885938
2.09867e-08,0.022889528
2.10867e-08,0.022882347
2.11867e-08,0.022867268
2.12867e-08,0.022851471
2.13867e-08,0.022839982
2.14867e-08,0.022834955
2.15867e-08,0.022833519
2.16867e-08,0.022828493
2.17867e-08,0.022816286
2.18867e-08,0.022795462
2.19867e-08,0.02277033
2.20867e-08,0.02274807
2.21867e-08,0.022732991
2.22867e-08,0.022726528
2.23867e-08,0.022725092
2.24867e-08,0.022725092
2.25867e-08,0.022721502
2.26867e-08,0.022712885
2.27867e-08,0.022702114
2.28867e-08,0.022690625
2.29867e-08,0.022680572
2.30867e-08,0.022670519
2.31867e-08,0.02265903
2.32867e-08,0.022644669
2.33867e-08,0.022628154
2.34867e-08,0.022613074
2.35867e-08,0.022603022
2.36867e-08,0.022598713
2.37867e-08,0.022597995
2.38867e-08,0.022595123
2.39867e-08,0.022584352
2.40867e-08,0.022564246
2.41867e-08,0.022539114
2.42867e-08,0.022516136
2.43867e-08,0.022504647
2.44867e-08,0.022506801
2.45867e-08,0.022517572
2.46867e-08,0.022526907
2.47867e-08,0.022521881
2.48867e-08,0.022495312
2.49867e-08,0.022450075
2.50867e-08,0.022397656
2.51867e-08,0.0223517
2.52867e-08,0.022322978
2.53867e-08,0.022313643
2.54867e-08,0.022314361
2.55867e-08,0.022313643
2.56867e-08,0.0223
2.57867e-08,0.022269841
2.58867e-08,0.022230348
2.59867e-08,0.022190855
2.60867e-08,0.022162132
2.61867e-08,0.022145617
2.62867e-08,0.022136282
2.63867e-08,0.022121203
2.64867e-08,0.022093199
2.65867e-08,0.022049397
2.66867e-08,0.021998415
2.67867e-08,0.021952459
2.68867e-08,0.021920864
2.69867e-08,0.021907221
2.70867e-08,0.021902912
2.71867e-08,0.02189645
2.72867e-08,0.021874908
2.73867e-08,0.021836133
2.74867e-08,0.021788023
2.75867e-08,0.021742785
2.76867e-08,0.021714062
2.77867e-08,0.021706164
2.78867e-08,0.02171119
2.79867e-08,0.021714781
2.80867e-08,0.021702574
2.81867e-08,0.02166667
2.82867e-08,0.021612816
2.83867e-08,0.021553935
2.84867e-08,0.021507261
2.85867e-08,0.021483565
2.86867e-08,0.021482847
2.87867e-08,0.021495054
2.88867e-08,0.021507261
2.89867e-08,0.021507979
2.90867e-08,0.021495054
2.91867e-08,0.021472794
2.92867e-08,0.021449816
2.93867e-08,0.021432583
2.94867e-08,0.021421094
2.95867e-08,0.021409605
2.96867e-08,0.021392371
2.97867e-08,0.021365803
2.98867e-08,0.021332772
2.99867e-08,0.02130046
3.00867e-08,0.021277482
3.01867e-08,0.021265993
3.02867e-08,0.021262402
3.03867e-08,0.021258094
3.04867e-08,0.021243015
3.05867e-08,0.021214292
3.06867e-08,0.021175517
3.07867e-08,0.021136024
3.08867e-08,0.021105147
3.09867e-08,0.021087914
3.10867e-08,0.021082169
3.11867e-08,0.021079297
3.12867e-08,0.02107068
3.13867e-08,0.021052011
3.14867e-08,0.021025442
3.15867e-08,0.020998874
3.16867e-08,0.020978768
3.17867e-08,0.020968716
3.18867e-08,0.020965125
3.19867e-08,0.020959381
3.20867e-08,0.020944301
3.21867e-08,0.020917015
3.22867e-08,0.020881112
3.23867e-08,0.020845927
3.24867e-08,0.020817923
3.25867e-08,0.020799253
3.26867e-08,0.020784892
3.27867e-08,0.02076694
3.28867e-08,0.0207375
3.29867e-08,0.020695852
3.30867e-08,0.020649179
3.31867e-08,0.020606095
3.32867e-08,0.020576654
3.33867e-08,0.020560857
3.34867e-08,0.020553676
3.35867e-08,0.020542187
3.36867e-08,0.02051921
3.37867e-08,0.02048187
3.38867e-08,0.020436633
3.39867e-08,0.020396421
3.40867e-08,0.020369853
3.41867e-08,0.0203598
3.42867e-08,0.020359082
3.43867e-08,0.020354774
3.44867e-08,0.020335386
3.45867e-08,0.020295893
3.46867e-08,0.020242756
3.47867e-08,0.020186747
3.48867e-08,0.020140074
3.49867e-08,0.020109197
3.50867e-08,0.020091245
3.51867e-08,0.020077602
3.52867e-08,0.020059651
3.53867e-08,0.020033801
3.54867e-08,0.020003642
3.55867e-08,0.019979946
3.56867e-08,0.019967739
3.57867e-08,0.019968457
3.58867e-08,0.019972765
3.59867e-08,0.019968457
3.60867e-08,0.019944761
3.61867e-08,0.019900241
3.62867e-08,0.019842796
3.63867e-08,0.019788224
3.64867e-08,0.019749449
3.65867e-08,0.019732215
3.66867e-08,0.019730061
3.67867e-08,0.019728625
3.68867e-08,0.019714982
3.69867e-08,0.019682669
3.70867e-08,0.019638149
3.71867e-08,0.019593629
3.72867e-08,0.019565625
3.73867e-08,0.019559881
3.74867e-08,0.019571369
3.75867e-08,0.019586449
3.76867e-08,0.019588603
3.77867e-08,0.019567061
3.78867e-08,0.019523259
3.79867e-08,0.019467251
3.80867e-08,0.019416268
3.81867e-08,0.019380365
3.82867e-08,0.019362414
3.83867e-08,0.019355233
3.84867e-08,0.019347335
3.85867e-08,0.019328665
3.86867e-08,0.01929707
3.87867e-08,0.019258295
3.88867e-08,0.019220956
3.89867e-08,0.019192952
3.90867e-08,0.019175718
3.91867e-08,0.019164229
3.92867e-08,0.019152022
3.93867e-08,0.019133352
3.94867e-08,0.019106784
3.95867e-08,0.019076626
3.96867e-08,0.019048621
3.97867e-08,0.019024207
3.98867e-08,0.019002665
3.99867e-08,0.018977533
4.00867e-08,0.018945221
4.01867e-08,0.018905727
4.02867e-08,0.01886408
4.03867e-08,0.018829613
4.04867e-08,0.018807353
4.05867e-08,0.018799454
4.06867e-08,0.018799454
4.07867e-08,0.0187973
4.08867e-08,0.018784375
4.09867e-08,0.018757807
4.10867e-08,0.018721904
4.11867e-08,0.018685283
4.12867e-08,0.018657996
4.13867e-08,0.018642199
4.14867e-08,0.018635018
4.15867e-08,0.01862712
4.16867e-08,0.01861204
4.17867e-08,0.018588344
4.18867e-08,0.018561058
4.19867e-08,0.018539516
4.20867e-08,0.018531618
4.21867e-08,0.018538798
4.22867e-08,0.018553878
4.23867e-08,0.018566085
4.24867e-08,0.018566085
4.25867e-08,0.018550287
4.26867e-08,0.018523719
4.27867e-08,0.018495715
4.28867e-08,0.018474173
4.29867e-08,0.018462684
4.30867e-08,0.018456221
4.31867e-08,0.018446886
4.32867e-08,0.018428217
4.33867e-08,0.018400931
4.34867e-08,0.01837149
4.35867e-08,0.018351384
4.36867e-08,0.018347794
4.37867e-08,0.018359283
4.38867e-08,0.018377953
4.39867e-08,0.018388724
4.40867e-08,0.018382261
4.41867e-08,0.018357847
4.42867e-08,0.01832338
4.43867e-08,0.018293222
4.44867e-08,0.01827886
4.45867e-08,0.018281733
4.46867e-08,0.018293222
4.47867e-08,0.018300402
4.48867e-08,0.018290349
4.49867e-08,0.018260909
4.50867e-08,0.018219979
4.51867e-08,0.018183358
4.52867e-08,0.018163971
4.53867e-08,0.018165407
4.54867e-08,0.018179768
4.55867e-08,0.018191975
4.56867e-08,0.018186949
4.57867e-08,0.018157508
4.58867e-08,0.018109398
4.59867e-08,0.01805698
4.60867e-08,0.018014614
4.61867e-08,0.0179902
4.62867e-08,0.017982301
4.63867e-08,0.017978711
4.64867e-08,0.017968658
4.65867e-08,0.017944962
4.66867e-08,0.017909059
4.67867e-08,0.017872438
4.68867e-08,0.017842279
4.69867e-08,0.01782361
4.70867e-08,0.017809967
4.71867e-08,0.017792733
4.72867e-08,0.017761857
4.73867e-08,0.017715901
4.74867e-08,0.017662764
4.75867e-08,0.017616808
4.76867e-08,0.017589522
4.77867e-08,0.017583778
4.78867e-08,0.017592394
4.79867e-08,0.017598857
4.80867e-08,0.017589522
4.81867e-08,0.017559364
4.82867e-08,0.017514126
4.83867e-08,0.017469606
4.84867e-08,0.017440165
4.85867e-08,0.017432267
4.86867e-08,0.017441602
4.87867e-08,0.017453091
4.88867e-08,0.017451654
4.89867e-08,0.017429395
4.90867e-08,0.017389901
4.91867e-08,0.017346099
4.92867e-08,0.017313787
4.93867e-08,0.017300862
4.94867e-08,0.017306606
4.95867e-08,0.017319531
4.96867e-08,0.017325276
4.97867e-08,0.017315941
4.98867e-08,0.017292963
4.99867e-08,0.017264959
5.00867e-08,0.017244853
5.01867e-08,0.017239827
5.02867e-08,0.017249161
5.03867e-08,0.017262086
5.04867e-08,0.017267831
5.05867e-08,0.017258496
5.06867e-08,0.017236236
5.07867e-08,0.01720895
5.08867e-08,0.017187408
5.09867e-08,0.017178791
5.10867e-08,0.017180946
5.11867e-08,0.017187408
5.12867e-08,0.017187408
5.13867e-08,0.017175919
5.14867e-08,0.017155095
5.15867e-08,0.017132835
5.16867e-08,0.017118474
5.17867e-08,0.01711632
5.18867e-08,0.017122065
5.19867e-08,0.017125655
5.20867e-08,0.017118474
5.21867e-08,0.01709406
5.22867e-08,0.017056721
5.23867e-08,0.017015074
5.24867e-08,0.016980607
5.25867e-08,0.016959065
5.26867e-08,0.016948294
5.27867e-08,0.016938959
5.28867e-08,0.016923162
5.29867e-08,0.016895157
5.30867e-08,0.016858536
5.31867e-08,0.016821915
5.32867e-08,0.016796783
5.33867e-08,0.01678673
5.34867e-08,0.016788166
5.35867e-08,0.016791757
5.36867e-08,0.016785294
5.37867e-08,0.016762316
5.38867e-08,0.016723541
5.39867e-08,0.016677585
5.40867e-08,0.016635937
5.41867e-08,0.016605061
5.42867e-08,0.016584955
5.43867e-08,0.016571312
5.44867e-08,0.016555515
5.45867e-08,0.016533973
5.46867e-08,0.016507405
5.47867e-08,0.016481554
5.48867e-08,0.016463603
5.49867e-08,0.016454986
5.50867e-08,0.016451396
5.51867e-08,0.016445651
5.52867e-08,0.016429136
5.53867e-08,0.016399696
5.54867e-08,0.01636092
5.55867e-08,0.016322145
5.56867e-08,0.016291268
5.57867e-08,0.016271881
5.58867e-08,0.016259674
5.59867e-08,0.016246031
5.60867e-08,0.016222335
5.61867e-08,0.016185713
5.62867e-08,0.016140476
5.63867e-08,0.016095238
5.64867e-08,0.016061489
5.65867e-08,0.016042819
5.66867e-08,0.016034921
5.67867e-08,0.016029894
5.68867e-08,0.016015533
5.69867e-08,0.015987529
5.70867e-08,0.015947317
5.71867e-08,0.015903516
5.72867e-08,0.015866176
5.73867e-08,0.015841762
5.74867e-08,0.015829555
5.75867e-08,0.015821657
5.76867e-08,0.015808732
5.77867e-08,0.015785036
5.78867e-08,0.015752005
5.79867e-08,0.015714666
5.80867e-08,0.015682353
5.81867e-08,0.015660093
5.82867e-08,0.015647168
5.83867e-08,0.015637833
5.84867e-08,0.015624908
5.85867e-08,0.015603366
5.86867e-08,0.015573208
5.87867e-08,0.015540177
5.88867e-08,0.015510018
5.89867e-08,0.01548704
5.90867e-08,0.015471243
5.91867e-08,0.0154576
5.92867e-08,0.015441085
5.93867e-08,0.015418825
5.94867e-08,0.015392974
5.95867e-08,0.01536856
5.96867e-08,0.015349173
5.97867e-08,0.015336966
5.98867e-08,0.015327631
5.99867e-08,0.015313988
6.00867e-08,0.015291728
6.01867e-08,0.015258697
6.02867e-08,0.015219922
6.03867e-08,0.015182583
6.04867e-08,0.01515386
6.05867e-08,0.015135909
6.06867e-08,0.015125856
6.07867e-08,0.015114367
6.08867e-08,0.015096415
6.09867e-08,0.015068411
6.10867e-08,0.01503538
6.11867e-08,0.015003786
6.12867e-08,0.014981526
6.13867e-08,0.014970037
6.14867e-08,0.014964292
6.15867e-08,0.014955676
6.16867e-08,0.01493557
6.17867e-08,0.014900385
6.18867e-08,0.014854429
6.19867e-08,0.014805601
6.20867e-08,0.014763235
6.21867e-08,0.014733077
6.22867e-08,0.014713689
6.23867e-08,0.014699328
6.24867e-08,0.014682812
6.25867e-08,0.014659835
6.26867e-08,0.014630394
6.27867e-08,0.014598799
6.28867e-08,0.014567923
6.29867e-08,0.014539918
6.30867e-08,0.014511914
6.31867e-08,0.014480319
6.32867e-08,0.014441544
6.33867e-08,0.014397742
6.34867e-08,0.014356095
6.35867e-08,0.014323064
6.36867e-08,0.014303676
6.37867e-08,0.014295778
6.38867e-08,0.014292187
6.39867e-08,0.014281417
6.40867e-08,0.014257721
6.41867e-08,0.014219663
6.42867e-08,0.014175862
6.43867e-08,0.01413565
6.44867e-08,0.014108364
6.45867e-08,0.014096157
6.46867e-08,0.014092567
6.47867e-08,0.014088258
6.48867e-08,0.014073897
6.49867e-08,0.014047329
6.50867e-08,0.014014298
6.51867e-08,0.013981985
6.52867e-08,0.013959007
6.53867e-08,0.013945364
6.54867e-08,0.013934593
6.55867e-08,0.013918078
6.56867e-08,0.013890074
6.57867e-08,0.01385058
6.58867e-08,0.013808933
6.59867e-08,0.013777338
6.60867e-08,0.013763695
6.61867e-08,0.013767285
6.62867e-08,0.013778056
6.63867e-08,0.013780928
6.64867e-08,0.013763695
6.65867e-08,0.013724202
6.66867e-08,0.013671783
6.67867e-08,0.013622237
6.68867e-08,0.01359136
6.69867e-08,0.013585616
6.70867e-08,0.013598541
6.71867e-08,0.01361721
6.72867e-08,0.013625827
6.73867e-08,0.013615774
6.74867e-08,0.013589924
6.75867e-08,0.01355833
6.76867e-08,0.013533915
6.77867e-08,0.013524581
6.78867e-08,0.013528171
6.79867e-08,0.013535352
6.80867e-08,0.013533915
6.81867e-08,0.013518118
6.82867e-08,0.013489396
6.83867e-08,0.013456365
6.84867e-08,0.013430515
6.85867e-08,0.013418308
6.86867e-08,0.01341759
6.87867e-08,0.01342118
6.88867e-08,0.013419026
6.89867e-08,0.013406101
6.90867e-08,0.013384559
6.91867e-08,0.013363017
6.92867e-08,0.013350092
6.93867e-08,0.01335081
6.94867e-08,0.013361581
6.95867e-08,0.013372352
6.96867e-08,0.01337307
6.97867e-08,0.013357991
6.98867e-08,0.013329986
6.99867e-08,0.013296955
7.00867e-08,0.013269669
7.01867e-08,0.013253872
7.02867e-08,0.013249563
7.03867e-08,0.013249563
7.04867e-08,0.013246691
7.05867e-08,0.013237356
7.06867e-08,0.013222277
7.07867e-08,0.013208634
7.08867e-08,0.013200735
7.09867e-08,0.013200735
7.10867e-08,0.013202171
7.11867e-08,0.013197145
7.12867e-08,0.013177757
7.13867e-08,0.013141854
7.14867e-08,0.013096616
7.15867e-08,0.013051379
7.16867e-08,0.013016912
7.17867e-08,0.012996088
7.18867e-08,0.012986035
7.19867e-08,0.0129767
7.20867e-08,0.012959467
7.21867e-08,0.012932181
7.22867e-08,0.012897714
7.23867e-08,0.012866119
7.24867e-08,0.012844577
7.25867e-08,0.012833806
7.26867e-08,0.012827344
7.27867e-08,0.012814419
7.28867e-08,0.012787132
7.29867e-08,0.012743331
7.30867e-08,0.012689476
7.31867e-08,0.012639212
7.32867e-08,0.012603309
7.33867e-08,0.012585357
7.34867e-08,0.012579613
7.35867e-08,0.012573868
7.36867e-08,0.012557353
7.37867e-08,0.012524322
7.38867e-08,0.012479084
7.39867e-08,0.01243241
7.40867e-08,0.012396507
7.41867e-08,0.012375684
7.42867e-08,0.012365631
7.43867e-08,0.012357014
7.44867e-08,0.012339062
7.45867e-08,0.012307468
7.46867e-08,0.012266538
7.47867e-08,0.012227763
7.48867e-08,0.012201195
7.49867e-08,0.012193296
7.50867e-08,0.012199041
7.51867e-08,0.012209812
7.52867e-08,0.012212684
7.53867e-08,0.012202631
7.54867e-08,0.012181807
7.55867e-08,0.012158829
7.56867e-08,0.01214375
7.57867e-08,0.01214016
7.58867e-08,0.01214375
7.59867e-08,0.012144468
7.60867e-08,0.012132261
7.61867e-08,0.012102821
7.62867e-08,0.012061891
7.63867e-08,0.01202168
7.64867e-08,0.011994393
7.65867e-08,0.011987213
7.66867e-08,0.011996548
7.67867e-08,0.012010909
7.68867e-08,0.012017371
7.69867e-08,0.0120066
7.70867e-08,0.011979314
7.71867e-08,0.011944129
7.72867e-08,0.011913971
7.73867e-08,0.011897455
7.74867e-08,0.011897455
7.75867e-08,0.011906072
7.76867e-08,0.011913971
7.77867e-08,0.011912534
7.78867e-08,0.011897455
7.79867e-08,0.011873041
7.80867e-08,0.011845037
7.81867e-08,0.011819187
7.82867e-08,0.011796927
7.83867e-08,0.011776103
7.84867e-08,0.011753125
7.85867e-08,0.011726557
7.86867e-08,0.011698552
7.87867e-08,0.011674856
7.88867e-08,0.011661213
7.89867e-08,0.011657623
7.90867e-08,0.011660495
7.91867e-08,0.011660495
7.92867e-08,0.011649724
7.93867e-08,0.01162531
7.94867e-08,0.011590843
7.95867e-08,0.011554222
7.96867e-08,0.011523346
7.97867e-08,0.011502522
7.98867e-08,0.011490315
7.99867e-08,0.011480262
8.00867e-08,0.011465901
8.01867e-08,0.011443641
8.02867e-08,0.011417073
8.03867e-08,0.01139194
8.04867e-08,0.011373989
8.05867e-08,0.011365372
8.06867e-08,0.0113625
8.07867e-08,0.011356037
8.08867e-08,0.011339522
8.09867e-08,0.0113108
8.10867e-08,0.011274179
8.11867e-08,0.011238276
8.12867e-08,0.011213143
8.13867e-08,0.011201654
8.14867e-08,0.011201654
8.15867e-08,0.011204527
8.16867e-08,0.011201654
8.17867e-08,0.011190165
8.18867e-08,0.011174368
8.19867e-08,0.011163597
8.20867e-08,0.011167188
8.21867e-08,0.01119232
8.22867e-08,0.011236839
8.23867e-08,0.011292848
8.24867e-08,0.011351011
8.25867e-08,0.011404148
8.26867e-08,0.011452258
8.27867e-08,0.011500368
8.28867e-08,0.011557813
8.29867e-08,0.011631773
8.30867e-08,0.011727993
8.31867e-08,0.011845037
8.32867e-08,0.011982904
8.33867e-08,0.012138724
8.34867e-08,0.012313212
8.35867e-08,0.012506371
8.36867e-08,0.012718199
8.37867e-08,0.012947978
8.38867e-08,0.013192119
8.39867e-08,0.013448466
8.40867e-08,0.013717739
8.41867e-08,0.014005681
8.42867e-08,0.01432091
8.43867e-08,0.014668451
8.44867e-08,0.01505046
8.45867e-08,0.015460472
8.46867e-08,0.015887
8.47867e-08,0.016319273
8.48867e-08,0.016750827
8.49867e-08,0.01718669
8.50867e-08,0.017637632
8.51867e-08,0.018118015
8.52867e-08,0.018635018
8.53867e-08,0.019185771
8.54867e-08,0.019757347
8.55867e-08,0.020328923
8.56867e-08,0.020886857
8.57867e-08,0.021425402
8.58867e-08,0.021951023
8.59867e-08,0.022479515
8.60867e-08,0.023023805
8.61867e-08,0.023590355
8.62867e-08,0.024171984
8.63867e-08,0.024755049
8.64867e-08,0.025321599
8.65867e-08,0.025863017
8.66867e-08,0.026380739
8.67867e-08,0.026885535
8.68867e-08,0.027389614
8.69867e-08,0.027901591
8.70867e-08,0.028418595
8.71867e-08,0.028930572
8.72867e-08,0.029423162
8.73867e-08,0.029887747
8.74867e-08,0.030325046
8.75867e-08,0.030744393
8.76867e-08,0.031157996
8.77867e-08,0.031572317
8.78867e-08,0.03198233
8.79867e-08,0.032369365
8.80867e-08,0.032709007
8.81867e-08,0.032977562
8.82867e-08,0.033145588
8.83867e-08,0.033145588
8.84867e-08,0.033145588
8.85867e-08,0.033145588
8.86867e-08,0.033145588
8.87867e-08,0.033145588
8.88867e-08,0.033145588
8.89867e-08,0.033145588
8.90867e-08,0.033145588
8.91867e-08,0.033145588
8.92867e-08,0.033145588
8.93867e-08,0.033145588
8.94867e-08,0.033145588
8.95867e-08,0.033145588
8.96867e-08,0.033145588
8.97867e-08,0.033145588
8.98867e-08,0.033145588
8.99867e-08,0.033145588
9.00867e-08,0.033145588
9.01867e-08,0.033145588
9.02867e-08,0.033145588
9.03867e-08,0.033145588
9.04867e-08,0.033145588
9.05867e-08,0.033145588
9.06867e-08,0.033145588
9.07867e-08,0.033145588
9.08867e-08,0.033145588
9.09867e-08,0.033145588
9.10867e-08,0.033145588
9.11867e-08,0.033145588
9.12867e-08,0.033145588
9.13867e-08,0.033145588
9.14867e-08,0.033145588
9.15867e-08,0.033145588
9.16867e-08,0.033145588
9.17867e-08,0.033145588
9.18867e-08,0.033145588
9.19867e-08,0.033145588
9.20867e-08,0.033145588
9.21867e-08,0.033145588
9.22867e-08,0.033145588
9.23867e-08,0.033145588
9.24867e-08,0.033145588
9.25867e-08,0.033145588
9.26867e-08,0.033145588
9.27867e-08,0.033145588
9.28867e-08,0.033145588
9.29867e-08,0.033145588
9.30867e-08,0.033145588
9.31867e-08,0.033145588
9.32867e-08,0.033145588
9.33867e-08,0.033145588
9.34867e-08,0.033145588
9.35867e-08,0.033145588
9.36867e-08,0.033145588
9.37867e-08,0.033145588
9.38867e-08,0.033145588
9.39867e-08,0.033145588
9.40867e-08,0.033145588
9.41867e-08,0.033145588
9.42867e-08,0.033145588
9.43867e-08,0.033145588
9.44867e-08,0.033145588
9.45867e-08,0.033145588
9.46867e-08,0.033145588
9.47867e-08,0.033145588
9.48867e-08,0.033145588
9.49867e-08,0.033145588
9.50867e-08,0.033145588
9.51867e-08,0.033145588
9.52867e-08,0.033145588
9.53867e-08,0.033145588
9.54867e-08,0.033145588
9.55867e-08,0.033145588
9.56867e-08,0.033145588
9.57867e-08,0.033145588
9.58867e-08,0.033145588
9.59867e-08,0.033145588
9.60867e-08,0.033145588
9.61867e-08,0.033145588
9.62867e-08,0.033145588
9.63867e-08,0.033145588
9.64867e-08,0.033145588
9.65867e-08,0.033145588
9.66867e-08,0.033145588
9.67867e-08,0.033145588
9.68867e-08,0.033145588
9.69867e-08,0.033145588
9.70867e-08,0.033145588
9.71867e-08,0.033145588
9.72867e-08,0.033145588
9.73867e-08,0.033145588
9.74867e-08,0.033145588
9.75867e-08,0.033145588
9.76867e-08,0.033145588
9.77867e-08,0.033145588
9.78867e-08,0.033145588
9.79867e-08,0.033145588
9.80867e-08,0.033145588
9.81867e-08,0.033145588
9.82867e-08,0.033145588
9.83867e-08,0.033145588
9.84867e-08,0.033145588
9.85867e-08,0.033145588
9.86867e-08,0.033145588
9.87867e-08,0.033145588
9.88867e-08,0.033145588
9.89867e-08,0.033145588
9.90867e-08,0.033145588
9.91867e-08,0.033145588
9.92867e-08,0.033145588
9.93867e-08,0.033145588
9.94867e-08,0.033145588
9.95867e-08,0.033145588
9.96867e-08,0.033145588
9.97867e-08,0.033145588
9.98867e-08,0.033145588
9.99867e-08,0.033145588
1.000867e-07,0.033145588
1.001867e-07,0.033145588
1.002867e-07,0.033145588
1.003867e-07,0.033145588
1.004867e-07,0.033145588
1.005867e-07,0.033145588
1.006867e-07,0.033145588
1.007867e-07,0.033145588
1.008867e-07,0.033145588
1.009867e-07,0.033145588
1.010867e-07,0.033145588
1.011867e-07,0.033145588
1.012867e-07,0.033145588
1.013867e-07,0.033145588
1.014867e-07,0.033145588
1.015867e-07,0.033145588
1.016867e-07,0.033145588
1.017867e-07,0.033145588
1.018867e-07,0.033145588
1.019867e-07,0.033145588
1.020867e-07,0.033145588
1.021867e-07,0.033145588
1.022867e-07,0.033145588
1.023867e-07,0.033145588
1.024867e-07,0.033145588
1.025867e-07,0.033145588
1.026867e-07,0.033145588
1.027867e-07,0.033145588
1.028867e-07,0.033145588
1.029867e-07,0.033145588
1.030867e-07,0.033145588
1.031867e-07,0.033145588
1.032867e-07,0.033145588
1.033867e-07,0.033145588
1.034867e-07,0.033145588
1.035867e-07,0.033145588
1.036867e-07,0.033145588
1.037867e-07,0.033145588
1.038867e-07,0.033145588
1.039867e-07,0.033145588
1.040867e-07,0.033145588
1.041867e-07,0.033145588
1.042867e-07,0.033145588
1.043867e-07,0.033145588
1.044867e-07,0.033145588
1.045867e-07,0.033145588
1.046867e-07,0.033145588
1.047867e-07,0.033145588
1.048867e-07,0.033145588
1.049867e-07,0.033145588
1.050867e-07,0.033145588
1.051867e-07,0.033145588
1.052867e-07,0.033145588
1.053867e-07,0.033145588
1.054867e-07,0.033145588
1.055867e-07,0.033145588
1.056867e-07,0.033145588
1.057867e-07,0.033145588
1.058867e-07,0.033145588
1.059867e-07,0.033145588
1.060867e-07,0.033145588
1.061867e-07,0.033145588
1.062867e-07,0.033145588
1.063867e-07,0.033145588
1.064867e-07,0.033145588
1.065867e-07,0.033145588
1.066867e-07,0.033145588
1.067867e-07,0.033145588
1.068867e-07,0.033145588
1.069867e-07,0.033145588
1.070867e-07,0.033145588
1.071867e-07,0.033145588
1.072867e-07,0.033145588
1.073867e-07,0.033145588
1.074867e-07,0.033145588
1.075867e-07,0.033145588
1.076867e-07,0.033145588
1.077867e-07,0.033145588
1.078867e-07,0.033145588
1.079867e-07,0.033145588
1.080867e-07,0.033145588
1.081867e-07,0.033145588
1.082867e-07,0.033145588
1.083867e-07,0.033145588
1.084867e-07,0.033145588
1.085867e-07,0.033145588
1.086867e-07,0.033145588
1.087867e-07,0.033145588
1.088867e-07,0.033145588
1.089867e-07,0.033145588
1.090867e-07,0.033145588
1.091867e-07,0.033145588
1.092867e-07,0.033145588
1.093867e-07,0.033145588
1.094867e-07,0.033145588
1.095867e-07,0.033145588
1.096867e-07,0.033145588
1.097867e-07,0.033145588
1.098867e-07,0.033145588
1.099867e-07,0.033145588
1.100867e-07,0.033145588
1.101867e-07,0.033145588
1.102867e-07,0.033145588
1.103867e-07,0.033145588
1.104867e-07,0.033145588
1.105867e-07,0.033145588
1.106867e-07,0.033145588
1.107867e-07,0.033145588
1.108867e-07,0.033145588
1.109867e-07,0.033145588
1.110867e-07,0.033145588
1.111867e-07,0.033145588
1.112867e-07,0.033145588
1.113867e-07,0.033145588
1.114867e-07,0.033145588
1.115867e-07,0.033145588
1.116867e-07,0.033145588
1.117867e-07,0.033145588
1.118867e-07,0.033145588
1.119867e-07,0.033145588
1.120867e-07,0.033145588
1.121867e-07,0.033145588
1.122867e-07,0.033145588
1.123867e-07,0.033145588
1.124867e-07,0.033134099
1.125867e-07,0.033124046
1.126867e-07,0.033111839
1.127867e-07,0.033090298
1.128867e-07,0.033053676
1.129867e-07,0.03300413
1.130867e-07,0.032949558
1.131867e-07,0.032897857
1.132867e-07,0.032858364
1.133867e-07,0.032831796
1.134867e-07,0.03281528
1.135867e-07,0.032800201
1.136867e-07,0.032777941
1.137867e-07,0.032745628
1.138867e-07,0.032703263
1.139867e-07,0.032658025
1.140867e-07,0.032617096
1.141867e-07,0.032584783
1.142867e-07,0.032561087
1.143867e-07,0.032543135
1.144867e-07,0.032525184
1.145867e-07,0.032501488
1.146867e-07,0.032471329
1.147867e-07,0.032436144
1.148867e-07,0.032398805
1.149867e-07,0.032362184
1.150867e-07,0.032327717
1.151867e-07,0.032293968
1.152867e-07,0.032260938
1.153867e-07,0.032227189
1.154867e-07,0.032194158
1.155867e-07,0.032162563
1.156867e-07,0.032134559
1.157867e-07,0.032108709
1.158867e-07,0.03208214
1.159867e-07,0.0320527
1.160867e-07,0.032019669
1.161867e-07,0.031984484
1.162867e-07,0.031951453
1.163867e-07,0.031924167
1.164867e-07,0.031904779
1.165867e-07,0.031891136
1.166867e-07,0.031876775
1.167867e-07,0.031855951
1.168867e-07,0.031824357
1.169867e-07,0.031781991
1.170867e-07,0.031734599
1.171867e-07,0.031689361
1.172867e-07,0.031652022
1.173867e-07,0.031624018
1.174867e-07,0.031601758
1.175867e-07,0.031578062
1.176867e-07,0.031548621
1.177867e-07,0.031511282
1.178867e-07,0.031469635
1.179867e-07,0.031430141
1.180867e-07,0.031399265
1.181867e-07,0.031377723
1.182867e-07,0.031361926
1.183867e-07,0.031344692
1.184867e-07,0.031318842
1.185867e-07,0.031282221
1.186867e-07,0.031236983
1.187867e-07,0.031188873
1.188867e-07,0.031146507
1.189867e-07,0.031112759
1.190867e-07,0.031087626
1.191867e-07,0.031066085
1.192867e-07,0.031043107
1.193867e-07,0.031015102
1.194867e-07,0.030982071
1.195867e-07,0.030948323
1.196867e-07,0.030916728
1.197867e-07,0.03089016
1.198867e-07,0.0308679
1.199867e-07,0.030847076
1.200867e-07,0.030824816
1.201867e-07,0.03080112
1.202867e-07,0.030776706
1.203867e-07,0.030753728
1.204867e-07,0.030732904
1.205867e-07,0.030710645
1.206867e-07,0.030684076
1.207867e-07,0.030648891
1.208867e-07,0.030606526
1.209867e-07,0.030562724
1.210867e-07,0.030526821
1.211867e-07,0.030506715
1.212867e-07,0.030503125
1.213867e-07,0.030511024
1.214867e-07,0.030517486
1.215867e-07,0.030509588
1.216867e-07,0.030480147
1.217867e-07,0.030430601
1.218867e-07,0.030372438
1.219867e-07,0.03032002
1.220867e-07,0.030284835
1.221867e-07,0.030269755
1.222867e-07,0.030266883
1.223867e-07,0.030264729
1.224867e-07,0.030250368
1.225867e-07,0.030220209
1.226867e-07,0.030178562
1.227867e-07,0.030135478
1.228867e-07,0.030101011
1.229867e-07,0.030079469
1.230867e-07,0.030067262
1.231867e-07,0.030054337
1.232867e-07,0.030032077
1.233867e-07,0.029996174
1.234867e-07,0.029950936
1.235867e-07,0.029906417
1.236867e-07,0.029871232
1.237867e-07,0.02984969
1.238867e-07,0.029838919
1.239867e-07,0.029829584
1.240867e-07,0.029813787
1.241867e-07,0.029787219
1.242867e-07,0.029752752
1.243867e-07,0.029716849
1.244867e-07,0.029687408
1.245867e-07,0.029665148
1.246867e-07,0.029645043
1.247867e-07,0.029620628
1.248867e-07,0.029584007
1.249867e-07,0.029536615
1.250867e-07,0.029484915
1.251867e-07,0.029441113
1.252867e-07,0.029411673
1.253867e-07,0.029398748
1.254867e-07,0.029393003
1.255867e-07,0.029382232
1.256867e-07,0.029354228
1.257867e-07,0.029306118
1.258867e-07,0.029243647
1.259867e-07,0.029179021
1.260867e-07,0.029124449
1.261867e-07,0.029085673
1.262867e-07,0.029058387
1.263867e-07,0.029033255
1.264867e-07,0.02899807
1.265867e-07,0.028949242
1.266867e-07,0.028889643
1.267867e-07,0.028830044
1.268867e-07,0.028779779
1.269867e-07,0.028744594
1.270867e-07,0.028719462
1.271867e-07,0.028696484
1.272867e-07,0.02866489
1.273867e-07,0.028621088
1.274867e-07,0.028570106
1.275867e-07,0.028519841
1.276867e-07,0.028481066
1.277867e-07,0.028455934
1.278867e-07,0.028440137
1.279867e-07,0.028421467
1.280867e-07,0.028389154
1.281867e-07,0.028340326
1.282867e-07,0.028279291
1.283867e-07,0.028218974
1.284867e-07,0.028170864
1.285867e-07,0.028141423
1.286867e-07,0.02812778
1.287867e-07,0.028118446
1.288867e-07,0.02810193
1.289867e-07,0.028071772
1.290867e-07,0.028028688
1.291867e-07,0.027982014
1.292867e-07,0.027941085
1.293867e-07,0.027911644
1.294867e-07,0.027892256
1.295867e-07,0.027874305
1.296867e-07,0.027849173
1.297867e-07,0.027812552
1.298867e-07,0.027767314
1.299867e-07,0.027722794
1.300867e-07,0.027688327
1.301867e-07,0.027667503
1.302867e-07,0.027656733
1.303867e-07,0.027648116
1.304867e-07,0.027630882
1.305867e-07,0.027601442
1.306867e-07,0.027563385
1.307867e-07,0.027523891
1.308867e-07,0.027493015
1.309867e-07,0.027473627
1.310867e-07,0.027462856
1.311867e-07,0.027453521
1.312867e-07,0.02743557
1.313867e-07,0.027406847
1.314867e-07,0.02736879
1.315867e-07,0.027330733
1.316867e-07,0.027297702
1.317867e-07,0.02727257
1.318867e-07,0.027249592
1.319867e-07,0.027221588
1.320867e-07,0.027182813
1.321867e-07,0.027133266
1.322867e-07,0.027081566
1.323867e-07,0.027037764
1.324867e-07,0.027010478
1.325867e-07,0.026999707
1.326867e-07,0.026995399
1.327867e-07,0.02698391
1.328867e-07,0.026953033
1.329867e-07,0.026900615
1.330867e-07,0.026834553
1.331867e-07,0.026770646
1.332867e-07,0.026723254
1.333867e-07,0.026700276
1.334867e-07,0.026697403
1.335867e-07,0.026701712
1.336867e-07,0.026700276
1.337867e-07,0.02668376
1.338867e-07,0.026652884
1.339867e-07,0.026616981
1.340867e-07,0.026585386
1.341867e-07,0.026564562
1.342867e-07,0.026552355
1.343867e-07,0.026538712
1.344867e-07,0.026516452
1.345867e-07,0.026479831
1.346867e-07,0.026434593
1.347867e-07,0.026389355
1.348867e-07,0.026355607
1.349867e-07,0.026339091
1.350867e-07,0.026336937
1.351867e-07,0.026338373
1.352867e-07,0.026332629
1.353867e-07,0.026313959
1.354867e-07,0.026283082
1.355867e-07,0.026247898
1.356867e-07,0.026217739
1.357867e-07,0.026196915
1.358867e-07,0.026181836
1.359867e-07,0.026164602
1.360867e-07,0.026137316
1.361867e-07,0.026095669
1.362867e-07,0.026042532
1.363867e-07,0.025988678
1.364867e-07,0.025942004
1.365867e-07,0.025907537
1.366867e-07,0.02588025
1.367867e-07,0.025852964
1.368867e-07,0.025815625
1.369867e-07,0.025765361
1.370867e-07,0.025707198
1.371867e-07,0.025651907
1.372867e-07,0.025608824
1.373867e-07,0.025582255
1.374867e-07,0.025567894
1.375867e-07,0.025554251
1.376867e-07,0.025528401
1.377867e-07,0.025485317
1.378867e-07,0.02542859
1.379867e-07,0.025369709
1.380867e-07,0.025321599
1.381867e-07,0.025291441
1.382867e-07,0.02527708
1.383867e-07,0.025268463
1.384867e-07,0.025252665
1.385867e-07,0.025221071
1.386867e-07,0.025173679
1.387867e-07,0.025118388
1.388867e-07,0.025068842
1.389867e-07,0.025034375
1.390867e-07,0.025018578
1.391867e-07,0.025014269
1.392867e-07,0.025011397
1.393867e-07,0.024999908
1.394867e-07,0.02497693
1.395867e-07,0.024943181
1.396867e-07,0.024907996
1.397867e-07,0.02487712
1.398867e-07,0.024853424
1.399867e-07,0.024834754
1.400867e-07,0.024816085
1.401867e-07,0.024792389
1.402867e-07,0.02476223
1.403867e-07,0.024730635
1.404867e-07,0.024701195
1.405867e-07,0.024678935
1.406867e-07,0.024663138
1.407867e-07,0.024650213
1.408867e-07,0.024632261
1.409867e-07,0.024605693
1.410867e-07,0.024571226
1.411867e-07,0.024531733
1.412867e-07,0.024494393
1.413867e-07,0.024464953
1.414867e-07,0.024444129
1.415867e-07,0.02442905
1.416867e-07,0.024413971
1.417867e-07,0.024393147
1.418867e-07,0.024363706
1.419867e-07,0.024327085
1.420867e-07,0.024287592
1.421867e-07,0.024249535
1.422867e-07,0.024215068
1.423867e-07,0.024186345
1.424867e-07,0.024161213
1.425867e-07,0.024138953
1.426867e-07,0.024118848
1.427867e-07,0.024100178
1.428867e-07,0.02408079
1.429867e-07,0.024059249
1.430867e-07,0.024033398
1.431867e-07,0.024002522
1.432867e-07,0.023965901
1.433867e-07,0.023927844
1.434867e-07,0.023891222
1.435867e-07,0.023858192
1.436867e-07,0.023828033
1.437867e-07,0.023795002
1.438867e-07,0.023754073
1.439867e-07,0.023702372
1.440867e-07,0.02364421
1.441867e-07,0.023587483
1.442867e-07,0.023543681
1.443867e-07,0.023520703
1.444867e-07,0.023517831
1.445867e-07,0.023524293
1.446867e-07,0.023523575
1.447867e-07,0.023500597
1.448867e-07,0.023448897
1.449867e-07,0.023374219
1.450867e-07,0.023291642
1.451867e-07,0.023219836
1.452867e-07,0.023173162
1.453867e-07,0.02315162
1.454867e-07,0.023145157
1.455867e-07,0.023137977
1.456867e-07,0.023115717
1.457867e-07,0.023074787
1.458867e-07,0.023023087
1.459867e-07,0.022974977
1.460867e-07,0.022943382
1.461867e-07,0.022932611
1.462867e-07,0.022935484
1.463867e-07,0.022936202
1.464867e-07,0.022920404
1.465867e-07,0.022879475
1.466867e-07,0.022816286
1.467867e-07,0.02274448
1.468867e-07,0.022679136
1.469867e-07,0.022631026
1.470867e-07,0.022603022
1.471867e-07,0.022587224
1.472867e-07,0.022575735
1.473867e-07,0.022559938
1.474867e-07,0.022538396
1.475867e-07,0.022515418
1.476867e-07,0.022495312
1.477867e-07,0.022480233
1.478867e-07,0.022465872
1.479867e-07,0.022445766
1.480867e-07,0.02241489
1.481867e-07,0.022371806
1.482867e-07,0.02232226
1.483867e-07,0.022276304
1.484867e-07,0.022242555
1.485867e-07,0.022223168
1.486867e-07,0.022211679
1.487867e-07,0.022198753
1.488867e-07,0.022173621
1.489867e-07,0.022134128
1.490867e-07,0.022086736
1.491867e-07,0.022042934
1.492867e-07,0.022012776
1.493867e-07,0.022001287
1.494867e-07,0.022003441
1.495867e-07,0.022007749
1.496867e-07,0.022001287
1.497867e-07,0.021977591
1.498867e-07,0.021938097
1.499867e-07,0.02189286
1.500867e-07,0.02185193
1.501867e-07,0.02182249
1.502867e-07,0.021804538
1.503867e-07,0.021790177
1.504867e-07,0.021771507
1.505867e-07,0.021744939
1.506867e-07,0.021711908
1.507867e-07,0.021680314
1.508867e-07,0.021656618
1.509867e-07,0.021642974
1.510867e-07,0.021636512
1.511867e-07,0.021627895
1.512867e-07,0.021610662
1.513867e-07,0.021581939
1.514867e-07,0.021545318
1.515867e-07,0.021510133
1.516867e-07,0.021484283
1.517867e-07,0.021469204
1.518867e-07,0.021459869
1.519867e-07,0.02144838
1.520867e-07,0.021426838
1.521867e-07,0.021394526
1.522867e-07,0.021357904
1.523867e-07,0.021327746
1.524867e-07,0.021311949
1.525867e-07,0.021310512
1.526867e-07,0.021314103
1.527867e-07,0.02131123
1.528867e-07,0.021288971
1.529867e-07,0.021245169
1.530867e-07,0.021187006
1.531867e-07,0.021128125
1.532867e-07,0.021082169
1.533867e-07,0.021054165
1.534867e-07,0.02104124
1.535867e-07,0.021031187
1.536867e-07,0.021013235
1.537867e-07,0.020981641
1.538867e-07,0.020939993
1.539867e-07,0.020896909
1.540867e-07,0.020863879
1.541867e-07,0.020843773
1.542867e-07,0.020833002
1.543867e-07,0.020820077
1.544867e-07,0.020794945
1.545867e-07,0.020754015
1.546867e-07,0.020702315
1.547867e-07,0.020650615
1.548867e-07,0.020611121
1.549867e-07,0.020588861
1.550867e-07,0.020580245
1.551867e-07,0.020575936
1.552867e-07,0.020565165
1.553867e-07,0.020542187
1.554867e-07,0.020509157
1.555867e-07,0.020476126
1.556867e-07,0.020450276
1.557867e-07,0.020435915
1.558867e-07,0.02043017
1.559867e-07,0.020422271
1.560867e-07,0.02040432
1.561867e-07,0.020373443
1.562867e-07,0.02033395
1.563867e-07,0.020295893
1.564867e-07,0.020266452
1.565867e-07,0.020249219
1.566867e-07,0.02023773
1.567867e-07,0.020223369
1.568867e-07,0.020197518
1.569867e-07,0.020159461
1.570867e-07,0.020116378
1.571867e-07,0.020080474
1.572867e-07,0.020059651
1.573867e-07,0.020055342
1.574867e-07,0.020059651
1.575867e-07,0.020056778
1.576867e-07,0.020036673
1.577867e-07,0.019995025
1.578867e-07,0.019939017
1.579867e-07,0.019883726
1.580867e-07,0.01984136
1.581867e-07,0.019816946
1.582867e-07,0.019806175
1.583867e-07,0.019795404
1.584867e-07,0.019772426
1.585867e-07,0.019732933
1.586867e-07,0.019683387
1.587867e-07,0.019634559
1.588867e-07,0.019600092
1.589867e-07,0.019583577
1.590867e-07,0.019579986
1.591867e-07,0.019574242
1.592867e-07,0.019554136
1.593867e-07,0.019512489
1.594867e-07,0.019452889
1.595867e-07,0.0193897
1.596867e-07,0.019335846
1.597867e-07,0.019299224
1.598867e-07,0.019278401
1.599867e-07,0.019263321
1.600867e-07,0.019243934
1.601867e-07,0.019214493
1.602867e-07,0.019179308
1.603867e-07,0.019146996
1.604867e-07,0.019129044
1.605867e-07,0.019127608
1.606867e-07,0.019137661
1.607867e-07,0.019146278
1.608867e-07,0.019140533
1.609867e-07,0.019114683
1.610867e-07,0.019073035
1.611867e-07,0.019027798
1.612867e-07,0.018991176
1.613867e-07,0.018971789
1.614867e-07,0.01896748
1.615867e-07,0.018969635
1.616867e-07,0.018968199
1.617867e-07,0.01895671
1.618867e-07,0.018935886
1.619867e-07,0.018914344
1.620867e-07,0.018899265
1.621867e-07,0.018892802
1.622867e-07,0.018890648
1.623867e-07,0.018883467
1.624867e-07,0.018864798
1.625867e-07,0.018833203
1.626867e-07,0.018794428
1.627867e-07,0.018759961
1.628867e-07,0.018738419
1.629867e-07,0.01873052
1.630867e-07,0.018727648
1.631867e-07,0.018719031
1.632867e-07,0.018692463
1.633867e-07,0.018647943
1.634867e-07,0.018593371
1.635867e-07,0.018543107
1.636867e-07,0.01850864
1.637867e-07,0.018494278
1.638867e-07,0.018492842
1.639867e-07,0.01848997
1.640867e-07,0.018474173
1.641867e-07,0.018440424
1.642867e-07,0.018394468
1.643867e-07,0.018348512
1.644867e-07,0.018313327
1.645867e-07,0.018292503
1.646867e-07,0.018280296
1.647867e-07,0.018263781
1.648867e-07,0.018232904
1.649867e-07,0.018186949
1.650867e-07,0.018133812
1.651867e-07,0.018087856
1.652867e-07,0.01806057
1.653867e-07,0.018053389
1.654867e-07,0.018056261
1.655867e-07,0.018051953
1.656867e-07,0.018026103
1.657867e-07,0.017974403
1.658867e-07,0.017906187
1.659867e-07,0.017840843
1.660867e-07,0.017796324
1.661867e-07,0.017780526
1.662867e-07,0.017786989
1.663867e-07,0.017798478
1.664867e-07,0.017796324
1.665867e-07,0.017770473
1.666867e-07,0.017723799
1.667867e-07,0.017669227
1.668867e-07,0.017623989
1.669867e-07,0.017598857
1.670867e-07,0.017590958
1.671867e-07,0.017589522
1.672867e-07,0.017578033
1.673867e-07,0.017547875
1.674867e-07,0.017500483
1.675867e-07,0.017448064
1.676867e-07,0.017405699
1.677867e-07,0.017384157
1.678867e-07,0.017382721
1.679867e-07,0.017391337
1.680867e-07,0.01739421
1.681867e-07,0.017380566
1.682867e-07,0.017346818
1.683867e-07,0.01730158
1.684867e-07,0.017256342
1.685867e-07,0.017219721
1.686867e-07,0.017193153
1.687867e-07,0.017170175
1.688867e-07,0.017141452
1.689867e-07,0.017100523
1.690867e-07,0.017047386
1.691867e-07,0.016992096
1.692867e-07,0.01694614
1.693867e-07,0.016916699
1.694867e-07,0.016903056
1.695867e-07,0.01689803
1.696867e-07,0.016888695
1.697867e-07,0.016865717
1.698867e-07,0.016826224
1.699867e-07,0.016776677
1.700867e-07,0.016727849
1.701867e-07,0.016687638
1.702867e-07,0.016660352
1.703867e-07,0.016641682
1.704867e-07,0.016624449
1.705867e-07,0.016602907
1.706867e-07,0.016573466
1.707867e-07,0.016541153
1.708867e-07,0.016509559
1.709867e-07,0.016484427
1.710867e-07,0.016465039
1.711867e-07,0.016448524
1.712867e-07,0.016429136
1.713867e-07,0.016404722
1.714867e-07,0.016376
1.715867e-07,0.016347995
1.716867e-07,0.016325735
1.717867e-07,0.016312092
1.718867e-07,0.016304912
1.719867e-07,0.016296295
1.720867e-07,0.016279779
1.721867e-07,0.016251775
1.722867e-07,0.016215154
1.723867e-07,0.016175661
1.724867e-07,0.016141912
1.725867e-07,0.016118934
1.726867e-07,0.016106727
1.727867e-07,0.0161017
1.728867e-07,0.016095956
1.729867e-07,0.016085903
1.730867e-07,0.016071542
1.731867e-07,0.016054308
1.732867e-07,0.016038511
1.733867e-07,0.016024868
1.734867e-07,0.016011943
1.735867e-07,0.015994709
1.736867e-07,0.015969577
1.737867e-07,0.015937264
1.738867e-07,0.015900643
1.739867e-07,0.015867613
1.740867e-07,0.015843199
1.741867e-07,0.015828119
1.742867e-07,0.015818784
1.743867e-07,0.015806577
1.744867e-07,0.015785754
1.745867e-07,0.015752723
1.746867e-07,0.015712511
1.747867e-07,0.015670864
1.748867e-07,0.015636397
1.749867e-07,0.015612701
1.750867e-07,0.01559834
1.751867e-07,0.015585415
1.752867e-07,0.015567463
1.753867e-07,0.015540177
1.754867e-07,0.015503556
1.755867e-07,0.015464781
1.756867e-07,0.015429596
1.757867e-07,0.015402309
1.758867e-07,0.015382922
1.759867e-07,0.015367124
1.760867e-07,0.015349173
1.761867e-07,0.015326913
1.762867e-07,0.015299627
1.763867e-07,0.015271622
1.764867e-07,0.015245772
1.765867e-07,0.01522423
1.766867e-07,0.015205561
1.767867e-07,0.015186891
1.768867e-07,0.015165349
1.769867e-07,0.015141653
1.770867e-07,0.015119393
1.771867e-07,0.015102878
1.772867e-07,0.015096415
1.773867e-07,0.015097134
1.774867e-07,0.015100724
1.775867e-07,0.015097852
1.776867e-07,0.015084926
1.777867e-07,0.01506123
1.778867e-07,0.015031072
1.779867e-07,0.015003068
1.780867e-07,0.014981526
1.781867e-07,0.014966446
1.782867e-07,0.014952803
1.783867e-07,0.014932698
1.784867e-07,0.014901103
1.785867e-07,0.014858737
1.786867e-07,0.014814936
1.787867e-07,0.014779751
1.788867e-07,0.014763235
1.789867e-07,0.014765389
1.790867e-07,0.014779033
1.791867e-07,0.014790522
1.792867e-07,0.014786213
1.793867e-07,0.014758927
1.794867e-07,0.014711535
1.795867e-07,0.014654808
1.796867e-07,0.01460239
1.797867e-07,0.014563614
1.798867e-07,0.014541355
1.799867e-07,0.014530584
1.800867e-07,0.014521967
1.801867e-07,0.014507606
1.802867e-07,0.01448391
1.803867e-07,0.014452315
1.804867e-07,0.014418566
1.805867e-07,0.014386253
1.806867e-07,0.014357531
1.807867e-07,0.014330963
1.808867e-07,0.014303676
1.809867e-07,0.014274236
1.810867e-07,0.014244077
1.811867e-07,0.014214637
1.812867e-07,0.014188787
1.813867e-07,0.014165809
1.814867e-07,0.014143549
1.815867e-07,0.014116981
1.816867e-07,0.014085386
1.817867e-07,0.014050201
1.818867e-07,0.014017888
1.819867e-07,0.013994192
1.820867e-07,0.013981985
1.821867e-07,0.013979831
1.822867e-07,0.013980549
1.823867e-07,0.013975523
1.824867e-07,0.013959007
1.825867e-07,0.013932439
1.826867e-07,0.013901562
1.827867e-07,0.013877866
1.828867e-07,0.013867096
1.829867e-07,0.01386925
1.830867e-07,0.013877148
1.831867e-07,0.013879303
1.832867e-07,0.013867096
1.833867e-07,0.013839091
1.834867e-07,0.013801752
1.835867e-07,0.013765131
1.836867e-07,0.013740717
1.837867e-07,0.013730664
1.838867e-07,0.013731382
1.839867e-07,0.013729946
1.840867e-07,0.013717739
1.841867e-07,0.013689017
1.842867e-07,0.013648087
1.843867e-07,0.013604285
1.844867e-07,0.013568382
1.845867e-07,0.013546841
1.846867e-07,0.013537506
1.847867e-07,0.013532479
1.848867e-07,0.013522426
1.849867e-07,0.013502321
1.850867e-07,0.013472162
1.851867e-07,0.013437695
1.852867e-07,0.013407537
1.853867e-07,0.013385277
1.854867e-07,0.01336948
1.855867e-07,0.013355836
1.856867e-07,0.013338603
1.857867e-07,0.013315625
1.858867e-07,0.013289057
1.859867e-07,0.013264643
1.860867e-07,0.013246691
1.861867e-07,0.013235202
1.862867e-07,0.013225149
1.863867e-07,0.013207916
1.864867e-07,0.013177757
1.865867e-07,0.013134674
1.866867e-07,0.013086564
1.867867e-07,0.013044198
1.868867e-07,0.013016912
1.869867e-07,0.013008295
1.870867e-07,0.013011885
1.871867e-07,0.013019066
1.872867e-07,0.013016912
1.873867e-07,0.013001114
1.874867e-07,0.012973828
1.875867e-07,0.012941515
1.876867e-07,0.012913511
1.877867e-07,0.012892687
1.878867e-07,0.012878326
1.879867e-07,0.012863965
1.880867e-07,0.012844577
1.881867e-07,0.012818009
1.882867e-07,0.01278785
1.883867e-07,0.012760564
1.884867e-07,0.012741176
1.885867e-07,0.012729687
1.886867e-07,0.012720353
1.887867e-07,0.01270671
1.888867e-07,0.012683732
1.889867e-07,0.012653573
1.890867e-07,0.012624851
1.891867e-07,0.012606181
1.892867e-07,0.012603309
1.893867e-07,0.012612644
1.894867e-07,0.012624133
1.895867e-07,0.012624133
1.896867e-07,0.012603309
1.897867e-07,0.012563097
1.898867e-07,0.012514987
1.899867e-07,0.012474058
1.900867e-07,0.012453952
1.901867e-07,0.012456106
1.902867e-07,0.012471186
1.903867e-07,0.012482675
1.904867e-07,0.01247693
1.905867e-07,0.012448926
1.906867e-07,0.012404406
1.907867e-07,0.012359168
1.908867e-07,0.012327574
1.909867e-07,0.012316803
1.910867e-07,0.012321829
1.911867e-07,0.012330446
1.912867e-07,0.012327574
1.913867e-07,0.01230675
1.914867e-07,0.012270847
1.915867e-07,0.012231353
1.916867e-07,0.012201195
1.917867e-07,0.012186834
1.918867e-07,0.012186116
1.919867e-07,0.012186834
1.920867e-07,0.012178217
1.921867e-07,0.012153085
1.922867e-07,0.012116464
1.923867e-07,0.012077688
1.924867e-07,0.012051838
1.925867e-07,0.012044658
1.926867e-07,0.012052556
1.927867e-07,0.012064045
1.928867e-07,0.012063327
1.929867e-07,0.012041067
1.930867e-07,0.01199942
1.931867e-07,0.011947719
1.932867e-07,0.011902482
1.933867e-07,0.011875195
1.934867e-07,0.011869451
1.935867e-07,0.011878786
1.936867e-07,0.011890993
1.937867e-07,0.011894583
1.938867e-07,0.011885966
1.939867e-07,0.011866579
1.940867e-07,0.011845037
1.941867e-07,0.011827803
1.942867e-07,0.01181775
1.943867e-07,0.01181057
1.944867e-07,0.011799081
1.945867e-07,0.011778975
1.946867e-07,0.011748817
1.947867e-07,0.011715068
1.948867e-07,0.011684191
1.949867e-07,0.011662649
1.950867e-07,0.011652597
1.951867e-07,0.011650442
1.952867e-07,0.011649724
1.953867e-07,0.011646134
1.954867e-07,0.011637517
1.955867e-07,0.011626028
1.956867e-07,0.011615257
1.957867e-07,0.011605923
1.958867e-07,0.01159587
1.959867e-07,0.011581509
1.960867e-07,0.011557813
1.961867e-07,0.0115255
1.962867e-07,0.011488161
1.963867e-07,0.011454412
1.964867e-07,0.011431434
1.965867e-07,0.011421381
1.966867e-07,0.011419945
1.967867e-07,0.011418509
1.968867e-07,0.011408456
1.969867e-07,0.011384042
1.970867e-07,0.011347421
1.971867e-07,0.011305773
1.972867e-07,0.011270588
1.973867e-07,0.01124761
1.974867e-07,0.011238276
1.975867e-07,0.011237557
1.976867e-07,0.011236121
1.977867e-07,0.011226068
1.978867e-07,0.011204527
1.979867e-07,0.011171496
1.980867e-07,0.011132721
1.981867e-07,0.011093945
1.982867e-07,0.011059478
1.983867e-07,0.011030038
1.984867e-07,0.011006342
1.985867e-07,0.010986954
1.986867e-07,0.010971875
1.987867e-07,0.010959668
1.988867e-07,0.010948897
1.989867e-07,0.01093669
1.990867e-07,0.010918739
1.991867e-07,0.01089217
1.992867e-07,0.010856985
1.993867e-07,0.010816774
1.994867e-07,0.010778717
1.995867e-07,0.010749276
1.996867e-07,0.010730607
1.997867e-07,0.010719836
1.998867e-07,0.010709065
1.999867e-07,0.010691113
2.000867e-07,0.010661673
2.001867e-07,0.010622898
2.002867e-07,0.010583404
2.003867e-07,0.01055181
2.004867e-07,0.010535294
2.005867e-07,0.010531704
2.006867e-07,0.010533858
2.007867e-07,0.010530268
2.008867e-07,0.010512316
2.009867e-07,0.010479285
2.010867e-07,0.010436202
2.011867e-07,0.010394554
2.012867e-07,0.01036296
2.013867e-07,0.010345008
2.014867e-07,0.010337109
2.015867e-07,0.010329929
2.016867e-07,0.010317004
2.017867e-07,0.010294744
2.018867e-07,0.010267457
2.019867e-07,0.010241607
2.020867e-07,0.010225092
2.021867e-07,0.010217911
2.022867e-07,0.010215757
2.023867e-07,0.010209295
2.024867e-07,0.010190625
2.025867e-07,0.010159748
2.026867e-07,0.010121691
2.027867e-07,0.010086506
2.028867e-07,0.010064246
2.029867e-07,0.010056348
2.030867e-07,0.010057066
2.031867e-07,0.010054912
2.032867e-07,0.010041268
2.033867e-07,0.010011828
2.034867e-07,0.0099708984
2.035867e-07,0.009930687
2.036867e-07,0.0099034007
2.037867e-07,0.0098940659
2.038867e-07,0.0098998104
2.039867e-07,0.0099105813
2.040867e-07,0.0099148897
2.041867e-07,0.0099041188
2.042867e-07,0.0098797047
2.043867e-07,0.0098495462
2.044867e-07,0.0098229779
2.045867e-07,0.0098086167
2.046867e-07,0.0098064625
2.047867e-07,0.0098100528
2.048867e-07,0.009811489
2.049867e-07,0.0098035903
2.050867e-07,0.0097856388
2.051867e-07,0.0097626608
2.052867e-07,0.0097425551
2.053867e-07,0.0097310662
2.054867e-07,0.009728912
2.055867e-07,0.0097310662
2.056867e-07,0.0097310662
2.057867e-07,0.0097231675
2.058867e-07,0.0097073702
2.059867e-07,0.0096887006
2.060867e-07,0.0096736213
2.061867e-07,0.0096664407
2.062867e-07,0.0096657227
2.063867e-07,0.0096671588
2.064867e-07,0.0096621324
2.065867e-07,0.009646335
2.066867e-07,0.0096197668
2.067867e-07,0.0095881721
2.068867e-07,0.0095587316
2.069867e-07,0.0095386259
2.070867e-07,0.0095307273
2.071867e-07,0.0095321634
2.072867e-07,0.0095357537
2.073867e-07,0.0095364717
2.074867e-07,0.0095307273
2.075867e-07,0.0095185202
2.076867e-07,0.0095012868
2.077867e-07,0.0094818991
2.078867e-07,0.0094625115
2.079867e-07,0.0094424058
2.080867e-07,0.009420864
2.081867e-07,0.0094000402
2.082867e-07,0.0093813706
2.083867e-07,0.0093691636
2.084867e-07,0.0093634191
2.085867e-07,0.0093641372
2.086867e-07,0.0093655733
2.087867e-07,0.0093627011
2.088867e-07,0.0093519301
2.089867e-07,0.0093318244
2.090867e-07,0.0093066923
2.091867e-07,0.0092815602
2.092867e-07,0.0092600184
2.093867e-07,0.0092427849
2.094867e-07,0.0092269876
2.095867e-07,0.0092068819
2.096867e-07,0.0091795956
2.097867e-07,0.0091458467
2.098867e-07,0.0091106618
2.099867e-07,0.0090819393
2.100867e-07,0.0090647059
2.101867e-07,0.0090596795
2.102867e-07,0.0090611156
2.103867e-07,0.0090618336
2.104867e-07,0.0090532169
2.105867e-07,0.0090331112
2.106867e-07,0.0090051068
2.107867e-07,0.0089749483
2.108867e-07,0.0089498162
2.109867e-07,0.0089325827
2.110867e-07,0.0089210937
2.111867e-07,0.0089096048
2.112867e-07,0.0088923713
2.113867e-07,0.0088679573
2.114867e-07,0.0088385168
2.115867e-07,0.0088097943
2.116867e-07,0.0087889706
2.117867e-07,0.0087767636
2.118867e-07,0.0087717371
2.119867e-07,0.0087659926
2.120867e-07,0.0087545037
2.121867e-07,0.008735116
2.122867e-07,0.00871142
2.123867e-07,0.0086891602
2.124867e-07,0.0086740809
2.125867e-07,0.0086683364
2.126867e-07,0.0086676183
2.127867e-07,0.0086647461
2.128867e-07,0.0086511029
2.129867e-07,0.0086238166
2.130867e-07,0.0085864775
2.131867e-07,0.0085462661
2.132867e-07,0.0085132353
2.133867e-07,0.0084931296
2.134867e-07,0.008486667
2.135867e-07,0.0084881032
2.136867e-07,0.0084902574
2.137867e-07,0.0084873851
2.138867e-07,0.0084773323
2.139867e-07,0.0084615349
2.140867e-07,0.0084443015
2.141867e-07,0.0084277861
2.142867e-07,0.0084141429
2.143867e-07,0.0084004998
2.144867e-07,0.0083868566
2.145867e-07,0.0083724954
2.146867e-07,0.0083610064
2.147867e-07,0.0083531078
2.148867e-07,0.0083523897
2.149867e-07,0.0083552619
2.150867e-07,0.00835598
2.151867e-07,0.0083487994
2.152867e-07,0.0083294118
2.153867e-07,0.0082999713
2.154867e-07,0.0082669405
2.155867e-07,0.0082396542
2.156867e-07,0.008226011
2.157867e-07,0.0082267291
2.158867e-07,0.0082367819
2.159867e-07,0.0082475528
2.160867e-07,0.008248989
2.161867e-07,0.0082375
2.162867e-07,0.0082152401
2.163867e-07,0.008190108
2.164867e-07,0.0081685662
2.165867e-07,0.0081556411
2.166867e-07,0.0081484605
2.167867e-07,0.0081434341
2.168867e-07,0.0081340993
2.169867e-07,0.0081183019
2.170867e-07,0.0080981962
2.171867e-07,0.0080823989
2.172867e-07,0.0080766544
2.173867e-07,0.008083835
2.174867e-07,0.0080996324
2.175867e-07,0.0081154297
2.176867e-07,0.0081226103
2.177867e-07,0.0081154297
2.178867e-07,0.0080946059
2.179867e-07,0.0080673196
2.180867e-07,0.0080421875
2.181867e-07,0.0080256721
2.182867e-07,0.0080184915
2.183867e-07,0.0080184915
2.184867e-07,0.0080192096
2.185867e-07,0.0080149012
2.186867e-07,0.0080041303
2.187867e-07,0.007989051
2.188867e-07,0.0079732537
2.189867e-07,0.0079596105
2.190867e-07,0.0079488396
2.191867e-07,0.0079387868
2.192867e-07,0.0079272978
2.193867e-07,0.0079136546
2.194867e-07,0.0078978573
2.195867e-07,0.007882778
2.196867e-07,0.0078698529
2.197867e-07,0.0078576459
2.198867e-07,0.0078418486
2.199867e-07,0.0078195887
2.200867e-07,0.0077894301
2.201867e-07,0.0077535271
2.202867e-07,0.0077176241
2.203867e-07,0.0076903378
2.204867e-07,0.0076745404
2.205867e-07,0.0076702321
2.206867e-07,0.0076723863
2.207867e-07,0.0076716682
2.208867e-07,0.0076630515
2.209867e-07,0.007645818
2.210867e-07,0.0076235581
2.211867e-07,0.0076048886
2.212867e-07,0.0075941176
2.213867e-07,0.0075926815
2.214867e-07,0.0075948357
2.215867e-07,0.0075933996
2.216867e-07,0.0075826287
2.217867e-07,0.007562523
2.218867e-07,0.0075373909
2.219867e-07,0.007515131
2.220867e-07,0.0075022059
2.221867e-07,0.0074993336
2.222867e-07,0.0075007698
2.223867e-07,0.0075000517
2.224867e-07,0.0074907169
2.225867e-07,0.0074720473
2.226867e-07,0.0074490694
2.227867e-07,0.0074303998
2.228867e-07,0.0074217831
2.229867e-07,0.0074232192
2.230867e-07,0.0074282456
2.231867e-07,0.0074296818
2.232867e-07,0.0074217831
2.233867e-07,0.0074052677
2.234867e-07,0.0073858801
2.235867e-07,0.0073743911
2.236867e-07,0.0073758272
2.237867e-07,0.0073880342
2.238867e-07,0.0074016774
2.239867e-07,0.0074045496
2.240867e-07,0.0073873162
2.241867e-07,0.0073506951
2.242867e-07,0.0073040211
2.243867e-07,0.0072616556
2.244867e-07,0.0072379596
2.245867e-07,0.0072365234
2.246867e-07,0.0072523208
2.247867e-07,0.0072724265
2.248867e-07,0.0072839154
2.249867e-07,0.0072796071
2.250867e-07,0.0072609375
2.251867e-07,0.0072365234
2.252867e-07,0.0072149816
2.253867e-07,0.0071999023
2.254867e-07,0.0071884134
2.255867e-07,0.007172616
2.256867e-07,0.0071460478
2.257867e-07,0.0071079906
2.258867e-07,0.0070649069
2.259867e-07,0.0070282858
2.260867e-07,0.0070081801
2.261867e-07,0.007006744
2.262867e-07,0.0070167969
2.263867e-07,0.0070246955
2.264867e-07,0.0070196691
2.265867e-07,0.0069952551
2.266867e-07,0.0069564798
2.267867e-07,0.0069148323
2.268867e-07,0.0068818015
2.269867e-07,0.0068624138
2.270867e-07,0.0068537971
2.271867e-07,0.0068444623
2.272867e-07,0.0068243566
2.273867e-07,0.0067891716
2.274867e-07,0.0067439338
2.275867e-07,0.0067015682
2.276867e-07,0.006675
2.277867e-07,0.0066714097
2.278867e-07,0.006686489
2.279867e-07,0.0067080308
2.280867e-07,0.0067209559
2.281867e-07,0.0067137753
2.282867e-07,0.0066857709
2.283867e-07,0.0066455595
2.284867e-07,0.0066060662
2.285867e-07,0.0065787799
2.286867e-07,0.006568009
2.287867e-07,0.006568727
2.288867e-07,0.0065715993
2.289867e-07,0.006568009
2.290867e-07,0.0065550839
2.291867e-07,0.0065349782
2.292867e-07,0.0065141544
2.293867e-07,0.0064983571
2.294867e-07,0.0064890223
2.295867e-07,0.0064839959
2.296867e-07,0.0064796875
2.297867e-07,0.0064725069
2.298867e-07,0.006461736
2.299867e-07,0.0064516831
2.300867e-07,0.0064452206
2.301867e-07,0.0064423483
2.302867e-07,0.0064394761
2.303867e-07,0.0064301413
2.304867e-07,0.0064107537
2.305867e-07,0.0063805951
2.306867e-07,0.0063454102
2.307867e-07,0.0063145335
2.308867e-07,0.006295864
2.309867e-07,0.0062922737
2.310867e-07,0.0062994543
2.311867e-07,0.0063073529
2.312867e-07,0.0063073529
2.313867e-07,0.0062937098
2.314867e-07,0.0062685777
2.315867e-07,0.0062391372
2.316867e-07,0.0062154412
2.317867e-07,0.006201798
2.318867e-07,0.0061982077
2.319867e-07,0.0061974897
2.320867e-07,0.0061924632
2.321867e-07,0.006178102
2.322867e-07,0.0061551241
2.323867e-07,0.00613071
2.324867e-07,0.0061120404
2.325867e-07,0.0061041418
2.326867e-07,0.006106296
2.327867e-07,0.0061113224
2.328867e-07,0.0061120404
2.329867e-07,0.0061027057
2.330867e-07,0.0060840361
2.331867e-07,0.0060617762
2.332867e-07,0.0060431066
2.333867e-07,0.0060337718
2.334867e-07,0.0060344899
2.335867e-07,0.0060402344
2.336867e-07,0.0060431066
2.337867e-07,0.0060373621
2.338867e-07,0.0060230009
2.339867e-07,0.0060036133
2.340867e-07,0.0059856618
2.341867e-07,0.0059748909
2.342867e-07,0.0059741728
2.343867e-07,0.0059791992
2.344867e-07,0.0059856618
2.345867e-07,0.0059878159
2.346867e-07,0.0059835076
2.347867e-07,0.0059734547
2.348867e-07,0.0059626838
2.349867e-07,0.005953349
2.350867e-07,0.0059483226
2.351867e-07,0.0059440142
2.352867e-07,0.0059397059
2.353867e-07,0.0059318072
2.354867e-07,0.0059203182
2.355867e-07,0.0059073932
2.356867e-07,0.00589375
2.357867e-07,0.005882261
2.358867e-07,0.0058714901
2.359867e-07,0.0058607192
2.360867e-07,0.0058477941
2.361867e-07,0.0058334329
2.362867e-07,0.0058190717
2.363867e-07,0.0058083008
2.364867e-07,0.0058018382
2.365867e-07,0.0057996841
2.366867e-07,0.0057982479
2.367867e-07,0.0057925034
2.368867e-07,0.0057788603
2.369867e-07,0.0057566004
2.370867e-07,0.0057300322
2.371867e-07,0.0057049
2.372867e-07,0.0056869485
2.373867e-07,0.0056790499
2.374867e-07,0.0056783318
2.375867e-07,0.0056797679
2.376867e-07,0.0056754596
2.377867e-07,0.0056618164
2.378867e-07,0.0056395565
2.379867e-07,0.0056115522
2.380867e-07,0.0055835478
2.381867e-07,0.0055605699
2.382867e-07,0.0055426183
2.383867e-07,0.0055289752
2.384867e-07,0.005514614
2.385867e-07,0.0054980986
2.386867e-07,0.0054787109
2.387867e-07,0.0054600414
2.388867e-07,0.0054456801
2.389867e-07,0.0054377815
2.390867e-07,0.0054363454
2.391867e-07,0.0054363454
2.392867e-07,0.0054341912
2.393867e-07,0.0054248564
2.394867e-07,0.0054090591
2.395867e-07,0.0053875172
2.396867e-07,0.0053652574
2.397867e-07,0.0053465878
2.398867e-07,0.0053315085
2.399867e-07,0.0053200195
2.400867e-07,0.0053078125
2.401867e-07,0.0052920152
2.402867e-07,0.0052719095
2.403867e-07,0.0052489315
2.404867e-07,0.0052273897
2.405867e-07,0.0052108743
2.406867e-07,0.0052008215
2.407867e-07,0.005195795
2.408867e-07,0.0051929228
2.409867e-07,0.0051878964
2.410867e-07,0.0051785616
2.411867e-07,0.0051642004
2.412867e-07,0.0051469669
2.413867e-07,0.0051297335
2.414867e-07,0.0051132181
2.415867e-07,0.0050967027
2.416867e-07,0.0050780331
2.417867e-07,0.0050564913
2.418867e-07,0.0050313591
2.419867e-07,0.005006227
2.420867e-07,0.0049861213
2.421867e-07,0.0049753504
2.422867e-07,0.0049760685
2.423867e-07,0.0049854033
2.424867e-07,0.0049976103
2.425867e-07,0.0050047909
2.426867e-07,0.0049997645
2.427867e-07,0.0049810949
2.428867e-07,0.0049516544
2.429867e-07,0.0049193417
2.430867e-07,0.0048920554
2.431867e-07,0.004876258
2.432867e-07,0.0048712316
2.433867e-07,0.0048726677
2.434867e-07,0.0048733858
2.435867e-07,0.0048662052
2.436867e-07,0.0048482537
2.437867e-07,0.0048224035
2.438867e-07,0.0047958352
2.439867e-07,0.0047757295
2.440867e-07,0.0047678309
2.441867e-07,0.0047721392
2.442867e-07,0.0047829102
2.443867e-07,0.0047915269
2.444867e-07,0.0047908088
2.445867e-07,0.0047757295
2.446867e-07,0.0047470071
2.447867e-07,0.0047111041
2.448867e-07,0.0046759191
2.449867e-07,0.0046471967
2.450867e-07,0.004627091
2.451867e-07,0.004615602
2.452867e-07,0.0046069853
2.453867e-07,0.0045983686
2.454867e-07,0.0045868796
2.455867e-07,0.0045739545
2.456867e-07,0.0045610294
2.457867e-07,0.0045516946
2.458867e-07,0.0045466682
2.459867e-07,0.0045430779
2.460867e-07,0.0045380515
2.461867e-07,0.0045272806
2.462867e-07,0.004508611
2.463867e-07,0.0044841969
2.464867e-07,0.0044576287
2.465867e-07,0.0044339327
2.466867e-07,0.0044181353
2.467867e-07,0.0044116728
2.468867e-07,0.0044116728
2.469867e-07,0.004414545
2.470867e-07,0.0044152631
2.471867e-07,0.0044102367
2.472867e-07,0.0044001838
2.473867e-07,0.0043858226
2.474867e-07,0.0043700253
2.475867e-07,0.0043556641
2.476867e-07,0.004342739
2.477867e-07,0.0043305319
2.478867e-07,0.0043176068
2.479867e-07,0.0043025276
2.480867e-07,0.0042852941
2.481867e-07,0.0042680607
2.482867e-07,0.0042522633
2.483867e-07,0.0042386202
2.484867e-07,0.0042278493
2.485867e-07,0.0042177964
2.486867e-07,0.0042055894
2.487867e-07,0.004189792
2.488867e-07,0.0041704044
2.489867e-07,0.0041495807
2.490867e-07,0.004130193
2.491867e-07,0.0041143957
2.492867e-07,0.0041014706
2.493867e-07,0.0040899816
2.494867e-07,0.0040763385
2.495867e-07,0.0040576689
2.496867e-07,0.0040325368
2.497867e-07,0.0040023782
2.498867e-07,0.0039722197
2.499867e-07,0.0039463695
2.500867e-07,0.003929136
2.501867e-07,0.0039205193
2.502867e-07,0.0039183651
2.503867e-07,0.0039190832
2.504867e-07,0.0039176471
2.505867e-07,0.0039126206
2.506867e-07,0.0039032858
2.507867e-07,0.0038925149
2.508867e-07,0.0038831801
2.509867e-07,0.0038752815
2.510867e-07,0.0038688189
2.511867e-07,0.0038609203
2.512867e-07,0.0038487132
2.513867e-07,0.0038307617
2.514867e-07,0.0038092199
2.515867e-07,0.00378696
2.516867e-07,0.0037682904
2.517867e-07,0.0037568015
2.518867e-07,0.0037524931
2.519867e-07,0.0037539292
2.520867e-07,0.0037568015
2.521867e-07,0.0037575195
2.522867e-07,0.0037539292
2.523867e-07,0.0037453125
2.524867e-07,0.0037338235
2.525867e-07,0.0037230526
2.526867e-07,0.003715154
2.527867e-07,0.0037115636
2.528867e-07,0.0037108456
2.529867e-07,0.0037115636
2.530867e-07,0.0037108456
2.531867e-07,0.0037072553
2.532867e-07,0.0036993566
2.533867e-07,0.0036885857
2.534867e-07,0.0036756606
2.535867e-07,0.0036634536
2.536867e-07,0.0036534007
2.537867e-07,0.0036462201
2.538867e-07,0.0036426298
2.539867e-07,0.0036419118
2.540867e-07,0.0036419118
2.541867e-07,0.0036404756
2.542867e-07,0.0036361673
2.543867e-07,0.0036289867
2.544867e-07,0.0036189338
2.545867e-07,0.003609599
2.546867e-07,0.0036031365
2.547867e-07,0.0036024184
2.548867e-07,0.0036074449
2.549867e-07,0.0036167796
2.550867e-07,0.0036275506
2.551867e-07,0.0036368853
2.552867e-07,0.0036419118
2.553867e-07,0.0036433479
2.554867e-07,0.0036426298
2.555867e-07,0.0036419118
2.556867e-07,0.0036419118
2.557867e-07,0.0036433479
2.558867e-07,0.0036433479
2.559867e-07,0.0036397576
2.560867e-07,0.0036304228
2.561867e-07,0.0036160616
2.562867e-07,0.0035995462
2.563867e-07,0.0035837489
2.564867e-07,0.0035729779
2.565867e-07,0.0035679515
2.566867e-07,0.0035686696
2.567867e-07,0.0035708238
2.568867e-07,0.0035729779
2.569867e-07,0.0035715418
2.570867e-07,0.0035665154
2.571867e-07,0.0035586167
2.572867e-07,0.00355
2.573867e-07,0.0035421013
2.574867e-07,0.0035342027
2.575867e-07,0.0035255859
2.576867e-07,0.0035155331
2.577867e-07,0.0035033261
2.578867e-07,0.003490401
2.579867e-07,0.0034781939
2.580867e-07,0.0034695772
2.581867e-07,0.0034652688
2.582867e-07,0.0034631147
2.583867e-07,0.0034623966
2.584867e-07,0.0034580882
2.585867e-07,0.0034494715
2.586867e-07,0.0034372645
2.587867e-07,0.0034236213
2.588867e-07,0.0034121324
2.589867e-07,0.0034049517
2.590867e-07,0.0034027976
2.591867e-07,0.0034027976
2.592867e-07,0.0034006434
2.593867e-07,0.0033920267
2.594867e-07,0.0033755113
2.595867e-07,0.0033539694
2.596867e-07,0.0033317096
2.597867e-07,0.0033144761
2.598867e-07,0.0033080136
2.599867e-07,0.0033108858
2.600867e-07,0.0033202206
2.601867e-07,0.0033295554
2.602867e-07,0.0033309915
2.603867e-07,0.0033202206
2.604867e-07,0.0032972426
2.605867e-07,0.0032649299
2.606867e-07,0.0032311811
2.607867e-07,0.0032017406
2.608867e-07,0.0031823529
2.609867e-07,0.0031723001
2.610867e-07,0.0031687098
2.611867e-07,0.0031665556
2.612867e-07,0.003159375
2.613867e-07,0.0031450138
2.614867e-07,0.0031249081
2.615867e-07,0.0031012121
2.616867e-07,0.0030789522
2.617867e-07,0.0030624368
2.618867e-07,0.003052384
2.619867e-07,0.0030480756
2.620867e-07,0.0030444853
2.621867e-07,0.0030380227
2.622867e-07,0.0030250977
2.623867e-07,0.0030035558
2.624867e-07,0.0029755515
2.625867e-07,0.0029432387
2.626867e-07,0.002910926
2.627867e-07,0.0028829216
2.628867e-07,0.0028606618
2.629867e-07,0.0028448644
2.630867e-07,0.0028355296
2.631867e-07,0.0028297852
2.632867e-07,0.0028261949
2.633867e-07,0.0028226045
2.634867e-07,0.0028175781
2.635867e-07,0.0028111156
2.636867e-07,0.0028032169
2.637867e-07,0.0027938821
2.638867e-07,0.0027831112
2.639867e-07,0.0027709042
2.640867e-07,0.002757261
2.641867e-07,0.0027421818
2.642867e-07,0.0027263844
2.643867e-07,0.0027113051
2.644867e-07,0.0026998162
2.645867e-07,0.0026940717
2.646867e-07,0.0026947898
2.647867e-07,0.0027012523
2.648867e-07,0.0027113051
2.649867e-07,0.0027199219
2.650867e-07,0.0027220761
2.651867e-07,0.0027156135
2.652867e-07,0.0026998162
2.653867e-07,0.0026775563
2.654867e-07,0.0026538603
2.655867e-07,0.0026330365
2.656867e-07,0.0026193934
2.657867e-07,0.0026129308
2.658867e-07,0.0026100586
2.659867e-07,0.0026057502
2.660867e-07,0.0025964154
2.661867e-07,0.002579182
2.662867e-07,0.0025547679
2.663867e-07,0.0025281997
2.664867e-07,0.0025045037
2.665867e-07,0.0024872702
2.666867e-07,0.0024779354
2.667867e-07,0.0024736271
2.668867e-07,0.0024700368
2.669867e-07,0.00246142
2.670867e-07,0.0024449046
2.671867e-07,0.0024197725
2.672867e-07,0.002389614
2.673867e-07,0.0023587374
2.674867e-07,0.0023321691
2.675867e-07,0.0023120634
2.676867e-07,0.0022977022
2.677867e-07,0.0022869313
2.678867e-07,0.0022768784
2.679867e-07,0.0022646714
2.680867e-07,0.0022517463
2.681867e-07,0.0022395393
2.682867e-07,0.0022302045
2.683867e-07,0.0022266142
2.684867e-07,0.0022287684
2.685867e-07,0.0022337948
2.686867e-07,0.0022381032
2.687867e-07,0.0022373851
2.688867e-07,0.0022287684
2.689867e-07,0.002212971
2.690867e-07,0.0021928653
2.691867e-07,0.0021734777
2.692867e-07,0.0021598346
2.693867e-07,0.0021548081
2.694867e-07,0.0021591165
2.695867e-07,0.0021698874
2.696867e-07,0.0021828125
2.697867e-07,0.0021928653
2.698867e-07,0.0021986098
2.699867e-07,0.0021978918
2.700867e-07,0.0021943015
2.701867e-07,0.002189275
2.702867e-07,0.0021864028
2.703867e-07,0.0021842486
2.704867e-07,0.0021828125
2.705867e-07,0.0021799403
2.706867e-07,0.0021741958
2.707867e-07,0.0021670152
2.708867e-07,0.0021598346
2.709867e-07,0.0021562443
2.710867e-07,0.0021576804
2.711867e-07,0.0021641429
2.712867e-07,0.0021713235
2.713867e-07,0.0021741958
2.714867e-07,0.0021677332
2.715867e-07,0.0021512178
2.716867e-07,0.0021253676
2.717867e-07,0.0020973633
2.718867e-07,0.0020736673
2.719867e-07,0.0020600241
2.720867e-07,0.0020564338
2.721867e-07,0.0020593061
2.722867e-07,0.0020614602
2.723867e-07,0.0020571519
2.724867e-07,0.0020449449
2.725867e-07,0.0020262753
2.726867e-07,0.0020068876
2.727867e-07,0.0019932445
2.728867e-07,0.0019875
2.729867e-07,0.0019882181
2.730867e-07,0.0019903722
2.731867e-07,0.0019875
2.732867e-07,0.001976011
2.733867e-07,0.0019566234
2.734867e-07,0.0019329274
2.735867e-07,0.0019113856
2.736867e-07,0.0018955882
2.737867e-07,0.0018862534
2.738867e-07,0.001880509
2.739867e-07,0.0018726103
2.740867e-07,0.0018611213
2.741867e-07,0.001845324
2.742867e-07,0.0018295267
2.743867e-07,0.0018187557
2.744867e-07,0.0018151654
2.745867e-07,0.0018173196
2.746867e-07,0.001821628
2.747867e-07,0.001821628
2.748867e-07,0.0018151654
2.749867e-07,0.0018036765
2.750867e-07,0.0017921875
2.751867e-07,0.0017871611
2.752867e-07,0.0017921875
2.753867e-07,0.0018051126
2.754867e-07,0.0018180377
2.755867e-07,0.0018230641
2.756867e-07,0.0018151654
2.757867e-07,0.0017950597
2.758867e-07,0.0017699276
2.759867e-07,0.001751258
2.760867e-07,0.0017462316
2.761867e-07,0.0017577206
2.762867e-07,0.0017799805
2.763867e-07,0.0018022403
2.764867e-07,0.0018151654
2.765867e-07,0.0018137293
2.766867e-07,0.0018000862
2.767867e-07,0.0017828527
2.768867e-07,0.0017692096
2.769867e-07,0.0017649012
2.770867e-07,0.0017692096
2.771867e-07,0.0017771082
2.772867e-07,0.0017806985
2.773867e-07,0.0017785443
2.774867e-07,0.0017713637
2.775867e-07,0.0017663373
2.776867e-07,0.0017692096
2.777867e-07,0.0017821347
2.778867e-07,0.0018015223
2.779867e-07,0.0018194738
2.780867e-07,0.0018266544
2.781867e-07,0.0018187557
2.782867e-07,0.0017972139
2.783867e-07,0.0017699276
2.784867e-07,0.0017462316
2.785867e-07,0.0017333065
2.786867e-07,0.0017318704
2.787867e-07,0.001738333
2.788867e-07,0.0017462316
2.789867e-07,0.0017483858
2.790867e-07,0.0017440774
2.791867e-07,0.0017340246
2.792867e-07,0.0017232537
2.793867e-07,0.0017160731
2.794867e-07,0.0017132008
2.795867e-07,0.0017132008
2.796867e-07,0.0017117647
2.797867e-07,0.0017074563
2.798867e-07,0.0017009938
2.799867e-07,0.0016938132
2.800867e-07,0.0016887868
2.801867e-07,0.0016866326
2.802867e-07,0.0016844784
2.803867e-07,0.0016787339
2.804867e-07,0.0016658088
2.805867e-07,0.0016464212
2.806867e-07,0.0016234432
2.807867e-07,0.0016054917
2.808867e-07,0.001596875
2.809867e-07,0.0015997472
2.810867e-07,0.0016098001
2.811867e-07,0.0016191349
2.812867e-07,0.0016198529
2.813867e-07,0.0016076459
2.814867e-07,0.0015832318
2.815867e-07,0.0015537914
2.816867e-07,0.0015279412
2.817867e-07,0.0015114258
2.818867e-07,0.0015056813
2.819867e-07,0.0015056813
2.820867e-07,0.0015049632
2.821867e-07,0.0014963465
2.822867e-07,0.0014776769
2.823867e-07,0.0014518267
2.824867e-07,0.0014245404
2.825867e-07,0.0014015625
2.826867e-07,0.0013857652
2.827867e-07,0.0013757123
2.828867e-07,0.0013670956
2.829867e-07,0.0013541705
2.830867e-07,0.0013340648
2.831867e-07,0.0013067785
2.832867e-07,0.0012751838
2.833867e-07,0.0012435892
2.834867e-07,0.0012155848
2.835867e-07,0.0011918888
2.836867e-07,0.0011717831
2.837867e-07,0.0011538316
2.838867e-07,0.0011380342
2.839867e-07,0.0011251091
2.840867e-07,0.0011143382
2.841867e-07,0.0011071576
2.842867e-07,0.0011006951
2.843867e-07,0.0010927964
2.844867e-07,0.0010798713
2.845867e-07,0.0010597656
2.846867e-07,0.0010331974
2.847867e-07,0.0010037569
2.848867e-07,0.00097647059
2.849867e-07,0.00095564683
2.850867e-07,0.00094200368
2.851867e-07,0.00093482307
2.852867e-07,0.00093051471
2.853867e-07,0.00092405216
2.854867e-07,0.00091399931
2.855867e-07,0.0008996381
2.856867e-07,0.00088455882
2.857867e-07,0.00087235179
2.858867e-07,0.00086517119
2.859867e-07,0.00086660731
2.860867e-07,0.00087306985
2.861867e-07,0.0008831227
2.862867e-07,0.00089173943
2.863867e-07,0.00089676585
2.864867e-07,0.00089604779
2.865867e-07,0.00088958525
2.866867e-07,0.00087809628
2.867867e-07,0.00086445312
2.868867e-07,0.00085009191
2.869867e-07,0.00083860294
2.870867e-07,0.00083142233
2.871867e-07,0.00083142233
2.872867e-07,0.00083860294
2.873867e-07,0.00085080997
2.874867e-07,0.00086588925
2.875867e-07,0.00087881434
2.876867e-07,0.00088455882
2.877867e-07,0.00088096852
2.878867e-07,0.00086876149
2.879867e-07,0.00084865579
2.880867e-07,0.00082711397
2.881867e-07,0.00080916245
2.882867e-07,0.00079839154
2.883867e-07,0.00079695542
2.884867e-07,0.00080413603
2.885867e-07,0.00081490694
2.886867e-07,0.00082495979
2.887867e-07,0.00082998621
2.888867e-07,0.00082711397
2.889867e-07,0.00081634306
2.890867e-07,0.00080126379
2.891867e-07,0.00078474839
2.892867e-07,0.00076966912
2.893867e-07,0.00075889821
2.894867e-07,0.0007517176
2.895867e-07,0.00074453699
2.896867e-07,0.00073520221
2.897867e-07,0.00072012293
2.898867e-07,0.00069786305
2.899867e-07,0.00067129481
2.900867e-07,0.00064329044
2.901867e-07,0.00061887638
2.902867e-07,0.00060164292
2.903867e-07,0.00059087201
2.904867e-07,0.00058584559
2.905867e-07,0.00058081916
2.906867e-07,0.0005729205
2.907867e-07,0.00055855928
2.908867e-07,0.00053988971
2.909867e-07,0.00052050207
2.910867e-07,0.00050542279
2.911867e-07,0.00049608801
2.912867e-07,0.00049393382
2.913867e-07,0.00049393382
2.914867e-07,0.0004924977
2.915867e-07,0.00048459903
2.916867e-07,0.00047095588
2.917867e-07,0.00045444049
2.918867e-07,0.00044007927
2.919867e-07,0.00043361673
2.920867e-07,0.00043648897
2.921867e-07,0.00044582376
2.922867e-07,0.00045444049
2.923867e-07,0.00045659467
2.924867e-07,0.00044797794
2.925867e-07,0.00042787224
2.926867e-07,0.00040202206
2.927867e-07,0.00037617187
2.928867e-07,0.00035606618
2.929867e-07,0.00034457721
2.930867e-07,0.00033883272
2.931867e-07,0.00033667854
2.932867e-07,0.00033308824
2.933867e-07,0.00032662569
2.934867e-07,0.00031944508
2.935867e-07,0.00031298254
2.936867e-07,0.00031011029
2.937867e-07,0.00031011029
2.938867e-07,0.00031011029
2.939867e-07,0.00030651999
2.940867e-07,0.00029862132
2.941867e-07,0.00028641429
2.942867e-07,0.00027420726
2.943867e-07,0.00026559053
2.944867e-07,0.00026415441
2.945867e-07,0.00026846278
2.946867e-07,0.00027492532
2.947867e-07,0.00027851562
2.948867e-07,0.00027564338
2.949867e-07,0.00026774472
2.950867e-07,0.00025912799
2.951867e-07,0.00025697381
2.952867e-07,0.00026415441
2.953867e-07,0.00028138787
2.954867e-07,0.00030292969
2.955867e-07,0.00032231733
2.956867e-07,0.00033308824
2.957867e-07,0.00033308824
2.958867e-07,0.00032734375
2.959867e-07,0.0003208812
2.960867e-07,0.00032159926
2.961867e-07,0.00033165211
2.962867e-07,0.00034816751
2.963867e-07,0.00036611903
2.964867e-07,0.00037904412
2.965867e-07,0.00038407054
2.966867e-07,0.00038263442
2.967867e-07,0.00037976218
2.968867e-07,0.00037904412
2.969867e-07,0.00038335248
2.970867e-07,0.00039125115
2.971867e-07,0.00039843176
2.972867e-07,0.00040202206
2.973867e-07,0.00040058594
2.974867e-07,0.00039699563
2.975867e-07,0.00039627757
2.976867e-07,0.00040202206
2.977867e-07,0.00041351103
2.978867e-07,0.00042643612
2.979867e-07,0.00043218061
2.980867e-07,0.000425
2.981867e-07,0.00040417624
2.982867e-07,0.00037617187
2.983867e-07,0.00034888557
2.984867e-07,0.00033308824
2.985867e-07,0.00033308824
2.986867e-07,0.00034673139
2.987867e-07,0.00036611903
2.988867e-07,0.00037904412
2.989867e-07,0.00037904412
2.990867e-07,0.00036324678
2.991867e-07,0.00033811466
2.992867e-07,0.00031011029
2.993867e-07,0.00028856847
2.994867e-07,0.0002770795
2.995867e-07,0.00027420726
2.996867e-07,0.00027564338
2.997867e-07,0.00027492532
2.998867e-07,0.00026918084
2.999867e-07,0.00025697381
3.000867e-07,0.00024117647
3.001867e-07,0.00022394301
3.002867e-07,0.00020742762
3.003867e-07,0.00019019416
3.004867e-07,0.00017224265
3.005867e-07,0.00015213695
3.006867e-07,0.00013203125
3.007867e-07,0.00011479779
3.008867e-07,0.00010330882
3.009867e-07,9.8282399e-05
3.010867e-07,9.7564338e-05
3.011867e-07,9.6846278e-05
3.012867e-07,9.1819853e-05
3.013867e-07,7.9612822e-05
3.014867e-07,6.0943244e-05
3.015867e-07,4.0837546e-05
3.016867e-07,2.2886029e-05
3.017867e-07,1.1397059e-05
3.018867e-07,5.6525735e-06
3.019867e-07,3.4983915e-06
3.020867e-07,-9.1911765e-08
3.021867e-07,-9.4267004e-06
3.022867e-07,-2.3787914e-05
3.023867e-07,-4.173943e-05
3.024867e-07,-5.7536765e-05
3.025867e-07,-6.6871553e-05
3.026867e-07,-6.6871553e-05
3.027867e-07,-5.8254825e-05
3.028867e-07,-4.6047794e-05
3.029867e-07,-3.3840763e-05
3.030867e-07,-2.4505974e-05
3.031867e-07,-2.0915671e-05
3.032867e-07,-2.3069853e-05
3.033867e-07,-2.9532399e-05
3.034867e-07,-3.9585248e-05
3.035867e-07,-5.3228401e-05
3.036867e-07,-6.9025735e-05
3.037867e-07,-8.6977252e-05
3.038867e-07,-0.00010492877
3.039867e-07,-0.00012216222
3.040867e-07,-0.00013795956
3.041867e-07,-0.00015088465
3.042867e-07,-0.00016237362
3.043867e-07,-0.00017314453
3.044867e-07,-0.00018391544
3.045867e-07,-0.00019468635
3.046867e-07,-0.00020402114
3.047867e-07,-0.00021191981
3.048867e-07,-0.00021838235
3.049867e-07,-0.0002248449
3.050867e-07,-0.00023346163
3.051867e-07,-0.00024638672
3.052867e-07,-0.00026433824
3.053867e-07,-0.00028444393
3.054867e-07,-0.00030383157
3.055867e-07,-0.00031675666
3.056867e-07,-0.00032178309
3.057867e-07,-0.00032034697
3.058867e-07,-0.00031675666
3.059867e-07,-0.00031532054
3.060867e-07,-0.00032178309
3.061867e-07,-0.00033542624
3.062867e-07,-0.00035337776
3.063867e-07,-0.00036917509
3.064867e-07,-0.00037922794
3.065867e-07,-0.00038066406
3.066867e-07,-0.0003763557
3.067867e-07,-0.00036989315
3.068867e-07,-0.00036773897
3.069867e-07,-0.00037204733
3.070867e-07,-0.00038281824
3.071867e-07,-0.00039430722
3.072867e-07,-0.00040220588
3.073867e-07,-0.00040148782
3.074867e-07,-0.00039215303
3.075867e-07,-0.00037491958
3.076867e-07,-0.00035625
3.077867e-07,-0.0003397346
3.078867e-07,-0.00032896369
3.079867e-07,-0.00032321921
3.080867e-07,-0.00032178309
3.081867e-07,-0.00032178309
3.082867e-07,-0.00032250115
3.083867e-07,-0.00032178309
3.084867e-07,-0.00032178309
3.085867e-07,-0.00032178309
3.086867e-07,-0.00032393727
3.087867e-07,-0.00032752757
3.088867e-07,-0.00033327206
3.089867e-07,-0.00034188879
3.090867e-07,-0.0003526597
3.091867e-07,-0.00036630285
3.092867e-07,-0.00037922794
3.093867e-07,-0.00038928079
3.094867e-07,-0.00039358915
3.095867e-07,-0.00038999885
3.096867e-07,-0.00037922794
3.097867e-07,-0.00036630285
3.098867e-07,-0.00035696806
3.099867e-07,-0.00035696806
3.100867e-07,-0.00036773897
3.101867e-07,-0.00038784467
3.102867e-07,-0.00041010455
3.103867e-07,-0.00042805607
3.104867e-07,-0.00043667279
3.105867e-07,-0.00043595473
3.106867e-07,-0.00043021025
3.107867e-07,-0.00042805607
3.108867e-07,-0.00043667279
3.109867e-07,-0.00045893267
3.110867e-07,-0.00049268153
3.111867e-07,-0.00053002068
3.112867e-07,-0.00056305147
3.113867e-07,-0.00058531135
3.114867e-07,-0.00059392808
3.115867e-07,-0.00059249196
3.116867e-07,-0.00058602941
3.117867e-07,-0.00058100299
3.118867e-07,-0.00058100299
3.119867e-07,-0.00058674747
3.120867e-07,-0.00059751838
3.121867e-07,-0.00061116153
3.122867e-07,-0.00062552275
3.123867e-07,-0.00064060202
3.124867e-07,-0.00065496324
3.125867e-07,-0.00066860639
3.126867e-07,-0.00068009536
3.127867e-07,-0.00068727597
3.128867e-07,-0.00068943015
3.129867e-07,-0.00068799403
3.130867e-07,-0.00068512178
3.131867e-07,-0.00068440372
3.132867e-07,-0.00068943015
3.133867e-07,-0.00070020106
3.134867e-07,-0.00071384421
3.135867e-07,-0.0007267693
3.136867e-07,-0.00073538603
3.137867e-07,-0.00073825827
3.138867e-07,-0.00073682215
3.139867e-07,-0.00073466797
3.140867e-07,-0.00073538603
3.141867e-07,-0.00074113051
3.142867e-07,-0.0007504653
3.143867e-07,-0.00076195427
3.144867e-07,-0.00076985294
3.145867e-07,-0.00077272518
3.146867e-07,-0.000770571
3.147867e-07,-0.00076482652
3.148867e-07,-0.00075836397
3.149867e-07,-0.00075333755
3.150867e-07,-0.0007504653
3.151867e-07,-0.00074902918
3.152867e-07,-0.000746875
3.153867e-07,-0.00074400276
3.154867e-07,-0.00074041245
3.155867e-07,-0.00073754021
3.156867e-07,-0.00073538603
3.157867e-07,-0.00073323185
3.158867e-07,-0.0007303596
3.159867e-07,-0.000723179
3.160867e-07,-0.00071240809
3.161867e-07,-0.00069804688
3.162867e-07,-0.00068440372
3.163867e-07,-0.00067291475
3.164867e-07,-0.00066645221
3.165867e-07,-0.00066429802
3.166867e-07,-0.00066429802
3.167867e-07,-0.00066142578
3.168867e-07,-0.00065496324
3.169867e-07,-0.00064419233
3.170867e-07,-0.00063198529
3.171867e-07,-0.00062336857
3.172867e-07,-0.00062049632
3.173867e-07,-0.00062265051
3.174867e-07,-0.00062624081
3.175867e-07,-0.00062695887
3.176867e-07,-0.00062049632
3.177867e-07,-0.00060685317
3.178867e-07,-0.00059033778
3.179867e-07,-0.00057813074
3.180867e-07,-0.00057454044
3.181867e-07,-0.00058315717
3.182867e-07,-0.00060110869
3.183867e-07,-0.00062336857
3.184867e-07,-0.00064347426
3.185867e-07,-0.00065711742
3.186867e-07,-0.00066501608
3.187867e-07,-0.00067076057
3.188867e-07,-0.00067794118
3.189867e-07,-0.00069014821
3.190867e-07,-0.0007066636
3.191867e-07,-0.00072389706
3.192867e-07,-0.00073538603
3.193867e-07,-0.00073897633
3.194867e-07,-0.00073466797
3.195867e-07,-0.00072748736
3.196867e-07,-0.00072389706
3.197867e-07,-0.00072892348
3.198867e-07,-0.00074400276
3.199867e-07,-0.0007669807
3.200867e-07,-0.00079283088
3.201867e-07,-0.0008143727
3.202867e-07,-0.00082945198
3.203867e-07,-0.00083591452
3.204867e-07,-0.00083878676
3.205867e-07,-0.00084165901
3.206867e-07,-0.00084740349
3.207867e-07,-0.00085889246
3.208867e-07,-0.00087325368
3.209867e-07,-0.00088905101
3.210867e-07,-0.0009019761
3.211867e-07,-0.00091202895
3.212867e-07,-0.00091920956
3.213867e-07,-0.0009256721
3.214867e-07,-0.00093357077
3.215867e-07,-0.00094649586
3.216867e-07,-0.00096516544
3.217867e-07,-0.0009895795
3.218867e-07,-0.0010175839
3.219867e-07,-0.0010448702
3.220867e-07,-0.0010685662
3.221867e-07,-0.0010836455
3.222867e-07,-0.0010886719
3.223867e-07,-0.0010822093
3.224867e-07,-0.0010685662
3.225867e-07,-0.0010520508
3.226867e-07,-0.0010384076
3.227867e-07,-0.0010319451
3.228867e-07,-0.0010340993
3.229867e-07,-0.0010419979
3.230867e-07,-0.0010513327
3.231867e-07,-0.0010570772
3.232867e-07,-0.0010570772
3.233867e-07,-0.0010520508
3.234867e-07,-0.0010455882
3.235867e-07,-0.001042716
3.236867e-07,-0.0010455882
3.237867e-07,-0.001054205
3.238867e-07,-0.0010642578
3.239867e-07,-0.0010700023
3.240867e-07,-0.0010685662
3.241867e-07,-0.0010577953
3.242867e-07,-0.0010405618
3.243867e-07,-0.0010233284
3.244867e-07,-0.0010111213
3.245867e-07,-0.001007531
3.246867e-07,-0.0010132755
3.247867e-07,-0.0010233284
3.248867e-07,-0.0010340993
3.249867e-07,-0.0010405618
3.250867e-07,-0.0010405618
3.251867e-07,-0.0010340993
3.252867e-07,-0.0010226103
3.253867e-07,-0.0010089671
3.254867e-07,-0.00099388787
3.255867e-07,-0.00097880859
3.256867e-07,-0.00096516544
3.257867e-07,-0.00095367647
3.258867e-07,-0.00094721392
3.259867e-07,-0.00094721392
3.260867e-07,-0.00095367647
3.261867e-07,-0.00096444738
3.262867e-07,-0.00097593635
3.263867e-07,-0.00098455308
3.264867e-07,-0.00098814338
3.265867e-07,-0.00098742532
3.266867e-07,-0.0009859892
3.267867e-07,-0.00098886144
3.268867e-07,-0.00099963235
3.269867e-07,-0.0010175839
3.270867e-07,-0.0010391257
3.271867e-07,-0.0010577953
3.272867e-07,-0.0010685662
3.273867e-07,-0.0010692842
3.274867e-07,-0.0010613856
3.275867e-07,-0.0010513327
3.276867e-07,-0.0010455882
3.277867e-07,-0.0010484605
3.278867e-07,-0.0010606675
3.279867e-07,-0.0010807732
3.280867e-07,-0.0011030331
3.281867e-07,-0.0011238568
3.282867e-07,-0.0011418084
3.283867e-07,-0.0011568876
3.284867e-07,-0.0011719669
3.285867e-07,-0.0011892004
3.286867e-07,-0.0012078699
3.287867e-07,-0.0012265395
3.288867e-07,-0.0012409007
3.289867e-07,-0.0012480813
3.290867e-07,-0.0012487994
3.291867e-07,-0.001244491
3.292867e-07,-0.0012409007
3.293867e-07,-0.0012423369
3.294867e-07,-0.0012516716
3.295867e-07,-0.001267469
3.296867e-07,-0.0012868566
3.297867e-07,-0.0013048081
3.298867e-07,-0.0013170152
3.299867e-07,-0.0013220416
3.300867e-07,-0.0013213235
3.301867e-07,-0.0013170152
3.302867e-07,-0.0013127068
3.303867e-07,-0.0013105526
3.304867e-07,-0.0013098346
3.305867e-07,-0.0013105526
3.306867e-07,-0.0013112707
3.307867e-07,-0.0013112707
3.308867e-07,-0.0013098346
3.309867e-07,-0.0013069623
3.310867e-07,-0.0013019359
3.311867e-07,-0.0012954733
3.312867e-07,-0.0012868566
3.313867e-07,-0.0012775218
3.314867e-07,-0.001268187
3.315867e-07,-0.0012631606
3.316867e-07,-0.0012638787
3.317867e-07,-0.0012724954
3.318867e-07,-0.0012882927
3.319867e-07,-0.0013062443
3.320867e-07,-0.0013213235
3.321867e-07,-0.0013277861
3.322867e-07,-0.0013220416
3.323867e-07,-0.0013062443
3.324867e-07,-0.0012868566
3.325867e-07,-0.0012710593
3.326867e-07,-0.0012667509
3.327867e-07,-0.0012768038
3.328867e-07,-0.0012983456
3.329867e-07,-0.0013249138
3.330867e-07,-0.0013471737
3.331867e-07,-0.0013579446
3.332867e-07,-0.0013557904
3.333867e-07,-0.0013443015
3.334867e-07,-0.0013299403
3.335867e-07,-0.0013206055
3.336867e-07,-0.0013213235
3.337867e-07,-0.0013306583
3.338867e-07,-0.0013435834
3.339867e-07,-0.0013536363
3.340867e-07,-0.0013557904
3.341867e-07,-0.001350046
3.342867e-07,-0.0013399931
3.343867e-07,-0.0013328125
3.344867e-07,-0.0013328125
3.345867e-07,-0.0013428653
3.346867e-07,-0.0013600988
3.347867e-07,-0.0013780503
3.348867e-07,-0.0013902574
3.349867e-07,-0.0013931296
3.350867e-07,-0.0013873851
3.351867e-07,-0.0013766142
3.352867e-07,-0.0013672794
3.353867e-07,-0.0013636891
3.354867e-07,-0.0013672794
3.355867e-07,-0.0013773323
3.356867e-07,-0.0013902574
3.357867e-07,-0.0014039005
3.358867e-07,-0.0014153895
3.359867e-07,-0.0014261604
3.360867e-07,-0.0014362132
3.361867e-07,-0.001445548
3.362867e-07,-0.0014541648
3.363867e-07,-0.0014591912
3.364867e-07,-0.0014591912
3.365867e-07,-0.0014548828
3.366867e-07,-0.0014469841
3.367867e-07,-0.0014398035
3.368867e-07,-0.0014362132
3.369867e-07,-0.0014376494
3.370867e-07,-0.0014441119
3.371867e-07,-0.0014520106
3.372867e-07,-0.0014591912
3.373867e-07,-0.0014634995
3.374867e-07,-0.0014656537
3.375867e-07,-0.0014670898
3.376867e-07,-0.0014706801
3.377867e-07,-0.0014771427
3.378867e-07,-0.0014850414
3.379867e-07,-0.0014915039
3.380867e-07,-0.0014936581
3.381867e-07,-0.0014907858
3.382867e-07,-0.0014836052
3.383867e-07,-0.0014757066
3.384867e-07,-0.0014706801
3.385867e-07,-0.0014713982
3.386867e-07,-0.0014792969
3.387867e-07,-0.0014907858
3.388867e-07,-0.0015051471
3.389867e-07,-0.0015187902
3.390867e-07,-0.0015302792
3.391867e-07,-0.0015410501
3.392867e-07,-0.0015511029
3.393867e-07,-0.0015604377
3.394867e-07,-0.0015683364
3.395867e-07,-0.0015733628
3.396867e-07,-0.0015740809
3.397867e-07,-0.0015719267
3.398867e-07,-0.0015683364
3.399867e-07,-0.0015683364
3.400867e-07,-0.0015740809
3.401867e-07,-0.0015862879
3.402867e-07,-0.0016028033
3.403867e-07,-0.0016193187
3.404867e-07,-0.0016315257
3.405867e-07,-0.0016358341
3.406867e-07,-0.0016329619
3.407867e-07,-0.0016257812
3.408867e-07,-0.0016200368
3.409867e-07,-0.0016200368
3.410867e-07,-0.0016286535
3.411867e-07,-0.0016444508
3.412867e-07,-0.0016659926
3.413867e-07,-0.0016889706
3.414867e-07,-0.0017090763
3.415867e-07,-0.0017255917
3.416867e-07,-0.0017349265
3.417867e-07,-0.0017377987
3.418867e-07,-0.0017342084
3.419867e-07,-0.0017248736
3.420867e-07,-0.0017119485
3.421867e-07,-0.0016983054
3.422867e-07,-0.0016882525
3.423867e-07,-0.0016846622
3.424867e-07,-0.0016889706
3.425867e-07,-0.0017004596
3.426867e-07,-0.0017162569
3.427867e-07,-0.0017320542
3.428867e-07,-0.0017464154
3.429867e-07,-0.0017571864
3.430867e-07,-0.001765085
3.431867e-07,-0.0017722656
3.432867e-07,-0.0017808824
3.433867e-07,-0.0017902171
3.434867e-07,-0.0017988339
3.435867e-07,-0.0018038603
3.436867e-07,-0.0018038603
3.437867e-07,-0.0017981158
3.438867e-07,-0.0017902171
3.439867e-07,-0.0017830365
3.440867e-07,-0.0017808824
3.441867e-07,-0.0017851907
3.442867e-07,-0.0017959616
3.443867e-07,-0.0018110409
3.444867e-07,-0.0018268382
3.445867e-07,-0.0018426356
3.446867e-07,-0.0018569968
3.447867e-07,-0.001871358
3.448867e-07,-0.0018842831
3.449867e-07,-0.0018957721
3.450867e-07,-0.0019043888
3.451867e-07,-0.0019079791
3.452867e-07,-0.001907261
3.453867e-07,-0.0019029527
3.454867e-07,-0.0018979262
3.455867e-07,-0.001895054
3.456867e-07,-0.0018957721
3.457867e-07,-0.0018986443
3.458867e-07,-0.0019007985
3.459867e-07,-0.0019000804
3.460867e-07,-0.0018957721
3.461867e-07,-0.0018900276
3.462867e-07,-0.0018864373
3.463867e-07,-0.0018878734
3.464867e-07,-0.0018957721
3.465867e-07,-0.001907261
3.466867e-07,-0.0019173139
3.467867e-07,-0.0019216222
3.468867e-07,-0.00191875
3.469867e-07,-0.0019108513
3.470867e-07,-0.0019043888
3.471867e-07,-0.0019058249
3.472867e-07,-0.00191875
3.473867e-07,-0.0019417279
3.474867e-07,-0.0019690142
3.475867e-07,-0.0019934283
3.476867e-07,-0.0020106618
3.477867e-07,-0.0020199966
3.478867e-07,-0.002025741
3.479867e-07,-0.0020329216
3.480867e-07,-0.0020451287
3.481867e-07,-0.002060926
3.482867e-07,-0.0020745692
3.483867e-07,-0.0020817498
3.484867e-07,-0.0020795956
3.485867e-07,-0.0020695427
3.486867e-07,-0.0020594899
3.487867e-07,-0.0020573357
3.488867e-07,-0.0020681066
3.489867e-07,-0.0020910846
3.490867e-07,-0.002119807
3.491867e-07,-0.0021449391
3.492867e-07,-0.0021600184
3.493867e-07,-0.0021650448
3.494867e-07,-0.0021657629
3.495867e-07,-0.0021700712
3.496867e-07,-0.0021829963
3.497867e-07,-0.0022045381
3.498867e-07,-0.0022275161
3.499867e-07,-0.0022418773
3.500867e-07,-0.0022404412
3.501867e-07,-0.0022232077
3.502867e-07,-0.0021980756
3.503867e-07,-0.0021779699
3.504867e-07,-0.0021715074
3.505867e-07,-0.0021829963
3.506867e-07,-0.0022066923
3.507867e-07,-0.0022296703
3.508867e-07,-0.0022404412
3.509867e-07,-0.0022325425
3.510867e-07,-0.0022095646
3.511867e-07,-0.0021815602
3.512867e-07,-0.0021600184
3.513867e-07,-0.0021535558
3.514867e-07,-0.0021607364
3.515867e-07,-0.0021743796
3.516867e-07,-0.0021829963
3.517867e-07,-0.002178688
3.518867e-07,-0.0021614545
3.519867e-07,-0.0021363224
3.520867e-07,-0.0021140625
3.521867e-07,-0.0021025735
3.522867e-07,-0.0021047277
3.523867e-07,-0.0021147806
3.524867e-07,-0.0021255515
3.525867e-07,-0.0021298598
3.526867e-07,-0.0021248334
3.527867e-07,-0.0021133444
3.528867e-07,-0.0021025735
3.529867e-07,-0.002096829
3.530867e-07,-0.0020982652
3.531867e-07,-0.0021018555
3.532867e-07,-0.0021025735
3.533867e-07,-0.0020939568
3.534867e-07,-0.0020745692
3.535867e-07,-0.002048719
3.536867e-07,-0.0020221507
3.537867e-07,-0.0020027631
3.538867e-07,-0.0019934283
3.539867e-07,-0.0019941464
3.540867e-07,-0.0019991728
3.541867e-07,-0.0020041992
3.542867e-07,-0.0020056353
3.543867e-07,-0.0020034812
3.544867e-07,-0.0019991728
3.545867e-07,-0.0019963006
3.546867e-07,-0.0019963006
3.547867e-07,-0.0019977367
3.548867e-07,-0.0019991728
3.549867e-07,-0.0019984547
3.550867e-07,-0.0019948644
3.551867e-07,-0.0019905561
3.552867e-07,-0.0019876838
3.553867e-07,-0.0019884019
3.554867e-07,-0.0019934283
3.555867e-07,-0.002001327
3.556867e-07,-0.0020106618
3.557867e-07,-0.0020199966
3.558867e-07,-0.0020300494
3.559867e-07,-0.0020422564
3.560867e-07,-0.0020566176
3.561867e-07,-0.002073133
3.562867e-07,-0.0020903665
3.563867e-07,-0.0021047277
3.564867e-07,-0.0021140625
3.565867e-07,-0.0021176528
3.566867e-07,-0.0021176528
3.567867e-07,-0.0021190889
3.568867e-07,-0.0021255515
3.569867e-07,-0.0021391946
3.570867e-07,-0.0021593003
3.571867e-07,-0.0021829963
3.572867e-07,-0.0022059743
3.573867e-07,-0.00222608
3.574867e-07,-0.0022418773
3.575867e-07,-0.0022540843
3.576867e-07,-0.0022634191
3.577867e-07,-0.0022705997
3.578867e-07,-0.0022749081
3.579867e-07,-0.0022763442
3.580867e-07,-0.0022749081
3.581867e-07,-0.002273472
3.582867e-07,-0.0022749081
3.583867e-07,-0.0022828068
3.584867e-07,-0.002297886
3.585867e-07,-0.0023179917
3.586867e-07,-0.0023373794
3.587867e-07,-0.0023510225
3.588867e-07,-0.0023553309
3.589867e-07,-0.0023517406
3.590867e-07,-0.00234456
3.591867e-07,-0.0023402516
3.592867e-07,-0.0023438419
3.593867e-07,-0.0023560489
3.594867e-07,-0.0023732824
3.595867e-07,-0.0023862075
3.596867e-07,-0.0023897978
3.597867e-07,-0.0023797449
3.598867e-07,-0.0023574851
3.599867e-07,-0.0023316349
3.600867e-07,-0.002309375
3.601867e-07,-0.0022986041
3.602867e-07,-0.0023007583
3.603867e-07,-0.0023136834
3.604867e-07,-0.0023323529
3.605867e-07,-0.0023503045
3.606867e-07,-0.0023639476
3.607867e-07,-0.0023732824
3.608867e-07,-0.0023783088
3.609867e-07,-0.0023818991
3.610867e-07,-0.0023840533
3.611867e-07,-0.0023833352
3.612867e-07,-0.0023783088
3.613867e-07,-0.002368256
3.614867e-07,-0.0023546128
3.615867e-07,-0.0023409697
3.616867e-07,-0.0023323529
3.617867e-07,-0.0023323529
3.618867e-07,-0.0023409697
3.619867e-07,-0.0023582031
3.620867e-07,-0.0023783088
3.621867e-07,-0.0023984145
3.622867e-07,-0.0024149299
3.623867e-07,-0.0024271369
3.624867e-07,-0.0024357537
3.625867e-07,-0.0024422162
3.626867e-07,-0.0024465246
3.627867e-07,-0.0024479607
3.628867e-07,-0.0024472426
3.629867e-07,-0.0024436523
3.630867e-07,-0.0024386259
3.631867e-07,-0.0024350356
3.632867e-07,-0.0024357537
3.633867e-07,-0.0024436523
3.634867e-07,-0.0024572955
3.635867e-07,-0.002475247
3.636867e-07,-0.0024931985
3.637867e-07,-0.0025082778
3.638867e-07,-0.0025183307
3.639867e-07,-0.0025240751
3.640867e-07,-0.0025276654
3.641867e-07,-0.0025319738
3.642867e-07,-0.0025398725
3.643867e-07,-0.0025499253
3.644867e-07,-0.0025621324
3.645867e-07,-0.0025743394
3.646867e-07,-0.0025843922
3.647867e-07,-0.0025915728
3.648867e-07,-0.0025965993
3.649867e-07,-0.0026001896
3.650867e-07,-0.0026037799
3.651867e-07,-0.0026059341
3.652867e-07,-0.0026080882
3.653867e-07,-0.0026088063
3.654867e-07,-0.0026088063
3.655867e-07,-0.0026080882
3.656867e-07,-0.0026080882
3.657867e-07,-0.0026102424
3.658867e-07,-0.0026152688
3.659867e-07,-0.0026224494
3.660867e-07,-0.0026310662
3.661867e-07,-0.0026389648
3.662867e-07,-0.0026461455
3.663867e-07,-0.0026511719
3.664867e-07,-0.0026540441
3.665867e-07,-0.0026561983
3.666867e-07,-0.0026583525
3.667867e-07,-0.0026612247
3.668867e-07,-0.0026655331
3.669867e-07,-0.0026705595
3.670867e-07,-0.002676304
3.671867e-07,-0.0026820485
3.672867e-07,-0.002688511
3.673867e-07,-0.0026942555
3.674867e-07,-0.0027007181
3.675867e-07,-0.0027057445
3.676867e-07,-0.002711489
3.677867e-07,-0.0027172335
3.678867e-07,-0.0027251321
3.679867e-07,-0.0027344669
3.680867e-07,-0.0027459559
3.681867e-07,-0.002759599
3.682867e-07,-0.0027746783
3.683867e-07,-0.0027897576
3.684867e-07,-0.0028034007
3.685867e-07,-0.0028148897
3.686867e-07,-0.0028242245
3.687867e-07,-0.0028314051
3.688867e-07,-0.0028378676
3.689867e-07,-0.0028436121
3.690867e-07,-0.0028493566
3.691867e-07,-0.0028551011
3.692867e-07,-0.0028608456
3.693867e-07,-0.0028665901
3.694867e-07,-0.0028723346
3.695867e-07,-0.002878079
3.696867e-07,-0.0028838235
3.697867e-07,-0.002889568
3.698867e-07,-0.0028953125
3.699867e-07,-0.002901057
3.700867e-07,-0.0029068015
3.701867e-07,-0.002912546
3.702867e-07,-0.0029168543
3.703867e-07,-0.0029190085
3.704867e-07,-0.0029182904
3.705867e-07,-0.0029147001
3.706867e-07,-0.0029082376
3.707867e-07,-0.002901057
3.708867e-07,-0.0028953125
3.709867e-07,-0.0028938764
3.710867e-07,-0.0028981847
3.711867e-07,-0.0029068015
3.712867e-07,-0.0029182904
3.713867e-07,-0.0029283433
3.714867e-07,-0.0029340878
3.715867e-07,-0.0029340878
3.716867e-07,-0.0029297794
3.717867e-07,-0.002925471
3.718867e-07,-0.002924753
3.719867e-07,-0.0029297794
3.720867e-07,-0.0029412684
3.721867e-07,-0.0029541935
3.722867e-07,-0.0029628102
3.723867e-07,-0.0029628102
3.724867e-07,-0.0029527574
3.725867e-07,-0.0029348058
3.726867e-07,-0.0029147001
3.727867e-07,-0.0028996209
3.728867e-07,-0.0028953125
3.729867e-07,-0.0029024931
3.730867e-07,-0.0029182904
3.731867e-07,-0.00293696
3.732867e-07,-0.0029527574
3.733867e-07,-0.0029613741
3.734867e-07,-0.0029628102
3.735867e-07,-0.0029592199
3.736867e-07,-0.0029527574
3.737867e-07,-0.0029470129
3.738867e-07,-0.0029434226
3.739867e-07,-0.0029419864
3.740867e-07,-0.0029412684
3.741867e-07,-0.0029419864
3.742867e-07,-0.0029434226
3.743867e-07,-0.0029470129
3.744867e-07,-0.0029527574
3.745867e-07,-0.0029592199
3.746867e-07,-0.0029642463
3.747867e-07,-0.0029664005
3.748867e-07,-0.0029642463
3.749867e-07,-0.002959938
3.750867e-07,-0.0029563477
3.751867e-07,-0.0029570657
3.752867e-07,-0.0029642463
3.753867e-07,-0.0029764534
3.754867e-07,-0.0029908146
3.755867e-07,-0.0030023035
3.756867e-07,-0.0030102022
3.757867e-07,-0.0030137925
3.758867e-07,-0.0030159467
3.759867e-07,-0.0030216912
3.760867e-07,-0.0030331801
3.761867e-07,-0.0030511317
3.762867e-07,-0.0030712374
3.763867e-07,-0.0030899069
3.764867e-07,-0.003102114
3.765867e-07,-0.0031078585
3.766867e-07,-0.0031107307
3.767867e-07,-0.0031150391
3.768867e-07,-0.0031250919
3.769867e-07,-0.0031416073
3.770867e-07,-0.0031609949
3.771867e-07,-0.0031767923
3.772867e-07,-0.0031825368
3.773867e-07,-0.0031760742
3.774867e-07,-0.0031588408
3.775867e-07,-0.0031394531
3.776867e-07,-0.0031250919
3.777867e-07,-0.0031236558
3.778867e-07,-0.0031358628
3.779867e-07,-0.0031581227
3.780867e-07,-0.0031825368
3.781867e-07,-0.0032012063
3.782867e-07,-0.003209105
3.783867e-07,-0.0032055147
3.784867e-07,-0.0031940257
3.785867e-07,-0.0031796645
3.786867e-07,-0.0031681756
3.787867e-07,-0.0031609949
3.788867e-07,-0.0031595588
3.789867e-07,-0.0031609949
3.790867e-07,-0.0031645852
3.791867e-07,-0.0031674575
3.792867e-07,-0.0031710478
3.793867e-07,-0.0031746381
3.794867e-07,-0.0031782284
3.795867e-07,-0.0031811006
3.796867e-07,-0.0031825368
3.797867e-07,-0.0031818187
3.798867e-07,-0.0031782284
3.799867e-07,-0.0031746381
3.800867e-07,-0.0031710478
3.801867e-07,-0.0031696117
3.802867e-07,-0.0031681756
3.803867e-07,-0.0031660214
3.804867e-07,-0.0031595588
3.805867e-07,-0.0031466337
3.806867e-07,-0.0031286822
3.807867e-07,-0.0031085765
3.808867e-07,-0.003090625
3.809867e-07,-0.0030812902
3.810867e-07,-0.0030827263
3.811867e-07,-0.0030949334
3.812867e-07,-0.0031136029
3.813867e-07,-0.0031337086
3.814867e-07,-0.0031480699
3.815867e-07,-0.0031530963
3.816867e-07,-0.0031480699
3.817867e-07,-0.0031351448
3.818867e-07,-0.0031179113
3.819867e-07,-0.003102114
3.820867e-07,-0.003090625
3.821867e-07,-0.0030848805
3.822867e-07,-0.0030841625
3.823867e-07,-0.0030870347
3.824867e-07,-0.003090625
3.825867e-07,-0.0030934972
3.826867e-07,-0.0030949334
3.827867e-07,-0.0030934972
3.828867e-07,-0.003090625
3.829867e-07,-0.0030863166
3.830867e-07,-0.0030805722
3.831867e-07,-0.0030741096
3.832867e-07,-0.0030676471
3.833867e-07,-0.0030619026
3.834867e-07,-0.0030583123
3.835867e-07,-0.0030604665
3.836867e-07,-0.0030676471
3.837867e-07,-0.0030805722
3.838867e-07,-0.0030978056
3.839867e-07,-0.0031136029
3.840867e-07,-0.0031250919
3.841867e-07,-0.0031279642
3.842867e-07,-0.0031229377
3.843867e-07,-0.0031121668
3.844867e-07,-0.003102114
3.845867e-07,-0.0030992417
3.846867e-07,-0.0031071404
3.847867e-07,-0.0031250919
3.848867e-07,-0.0031480699
3.849867e-07,-0.0031688936
3.850867e-07,-0.0031811006
3.851867e-07,-0.0031803826
3.852867e-07,-0.0031710478
3.853867e-07,-0.0031588408
3.854867e-07,-0.0031516602
3.855867e-07,-0.0031552505
3.856867e-07,-0.0031710478
3.857867e-07,-0.0031933077
3.858867e-07,-0.0032155676
3.859867e-07,-0.0032313649
3.860867e-07,-0.0032399816
3.861867e-07,-0.00324429
3.862867e-07,-0.0032507525
3.863867e-07,-0.0032643957
3.864867e-07,-0.0032859375
3.865867e-07,-0.0033103516
3.866867e-07,-0.0033283031
3.867867e-07,-0.0033326114
3.868867e-07,-0.0033204044
3.869867e-07,-0.0032974265
3.870867e-07,-0.0032751666
3.871867e-07,-0.0032651137
3.872867e-07,-0.0032744485
3.873867e-07,-0.003303171
3.874867e-07,-0.0033419462
3.875867e-07,-0.0033778493
3.876867e-07,-0.0034008272
3.877867e-07,-0.0034065717
3.878867e-07,-0.003397955
3.879867e-07,-0.0033850299
3.880867e-07,-0.0033778493
3.881867e-07,-0.0033807215
3.882867e-07,-0.0033914924
3.883867e-07,-0.0034044175
3.884867e-07,-0.0034123162
3.885867e-07,-0.0034108801
3.886867e-07,-0.0034015453
3.887867e-07,-0.0033922105
3.888867e-07,-0.0033893382
3.889867e-07,-0.0033972369
3.890867e-07,-0.0034137523
3.891867e-07,-0.0034331399
3.892867e-07,-0.0034467831
3.893867e-07,-0.0034510915
3.894867e-07,-0.003446065
3.895867e-07,-0.0034381664
3.896867e-07,-0.0034352941
3.897867e-07,-0.0034417567
3.898867e-07,-0.003457554
3.899867e-07,-0.0034769416
3.900867e-07,-0.003492739
3.901867e-07,-0.0035006376
3.902867e-07,-0.0034992015
3.903867e-07,-0.0034941751
3.904867e-07,-0.003492739
3.905867e-07,-0.0034999196
3.906867e-07,-0.003517153
3.907867e-07,-0.003540131
3.908867e-07,-0.0035616728
3.909867e-07,-0.0035753159
3.910867e-07,-0.0035796243
3.911867e-07,-0.0035767521
3.912867e-07,-0.0035731618
3.913867e-07,-0.0035753159
3.914867e-07,-0.0035853688
3.915867e-07,-0.0036018842
3.916867e-07,-0.0036191176
3.917867e-07,-0.0036313247
3.918867e-07,-0.003634915
3.919867e-07,-0.0036291705
3.920867e-07,-0.0036191176
3.921867e-07,-0.0036090648
3.922867e-07,-0.0036047564
3.923867e-07,-0.0036083467
3.924867e-07,-0.0036191176
3.925867e-07,-0.003634915
3.926867e-07,-0.0036521484
3.927867e-07,-0.003670818
3.928867e-07,-0.0036880515
3.929867e-07,-0.0037038488
3.930867e-07,-0.0037160558
3.931867e-07,-0.0037232364
3.932867e-07,-0.0037225184
3.933867e-07,-0.0037139017
3.934867e-07,-0.0036981043
3.935867e-07,-0.0036801528
3.936867e-07,-0.0036650735
3.937867e-07,-0.0036578929
3.938867e-07,-0.0036622013
3.939867e-07,-0.0036772806
3.940867e-07,-0.0036995404
3.941867e-07,-0.0037253906
3.942867e-07,-0.0037490866
3.943867e-07,-0.0037684743
3.944867e-07,-0.0037799632
3.945867e-07,-0.0037842716
3.946867e-07,-0.0037828355
3.947867e-07,-0.0037763729
3.948867e-07,-0.0037684743
3.949867e-07,-0.0037612937
3.950867e-07,-0.0037577034
3.951867e-07,-0.0037598575
3.952867e-07,-0.0037684743
3.953867e-07,-0.0037828355
3.954867e-07,-0.0037993509
3.955867e-07,-0.0038144301
3.956867e-07,-0.0038259191
3.957867e-07,-0.0038309455
3.958867e-07,-0.0038287914
3.959867e-07,-0.0038230469
3.960867e-07,-0.0038144301
3.961867e-07,-0.0038065315
3.962867e-07,-0.0038000689
3.963867e-07,-0.0037950425
3.964867e-07,-0.0037914522
3.965867e-07,-0.0037878619
3.966867e-07,-0.0037849897
3.967867e-07,-0.0037821174
3.968867e-07,-0.0037799632
3.969867e-07,-0.0037799632
3.970867e-07,-0.0037821174
3.971867e-07,-0.0037857077
3.972867e-07,-0.0037914522
3.973867e-07,-0.0037971967
3.974867e-07,-0.0038029412
3.975867e-07,-0.0038050954
3.976867e-07,-0.0038029412
3.977867e-07,-0.0037950425
3.978867e-07,-0.0037806813
3.979867e-07,-0.0037627298
3.980867e-07,-0.0037454963
3.981867e-07,-0.0037340074
3.982867e-07,-0.0037311351
3.983867e-07,-0.0037404699
3.984867e-07,-0.0037569853
3.985867e-07,-0.0037756549
3.986867e-07,-0.00378858
3.987867e-07,-0.0037907341
3.988867e-07,-0.0037799632
3.989867e-07,-0.0037605756
3.990867e-07,-0.0037397518
3.991867e-07,-0.0037253906
3.992867e-07,-0.0037225184
3.993867e-07,-0.0037311351
3.994867e-07,-0.0037462144
3.995867e-07,-0.0037605756
3.996867e-07,-0.0037684743
3.997867e-07,-0.0037677562
3.998867e-07,-0.0037598575
3.999867e-07,-0.0037505227
4.000867e-07,-0.0037454963
4.001867e-07,-0.0037476505
4.002867e-07,-0.0037562672
4.003867e-07,-0.0037684743
4.004867e-07,-0.0037799632
4.005867e-07,-0.00378858
4.006867e-07,-0.0037943244
4.007867e-07,-0.0037979148
4.008867e-07,-0.0038029412
4.009867e-07,-0.0038101218
4.010867e-07,-0.0038194566
4.011867e-07,-0.0038287914
4.012867e-07,-0.0038374081
4.013867e-07,-0.0038445887
4.014867e-07,-0.0038517693
4.015867e-07,-0.003860386
4.016867e-07,-0.003871875
4.017867e-07,-0.0038848001
4.018867e-07,-0.0038948529
4.019867e-07,-0.0038991613
4.020867e-07,-0.0038948529
4.021867e-07,-0.0038826459
4.022867e-07,-0.0038675666
4.023867e-07,-0.0038546415
4.024867e-07,-0.0038488971
4.025867e-07,-0.0038517693
4.026867e-07,-0.003860386
4.027867e-07,-0.0038682847
4.028867e-07,-0.003871875
4.029867e-07,-0.0038675666
4.030867e-07,-0.0038567957
4.031867e-07,-0.0038453068
4.032867e-07,-0.0038374081
4.033867e-07,-0.00383669
4.034867e-07,-0.0038431526
4.035867e-07,-0.0038524874
4.036867e-07,-0.003860386
4.037867e-07,-0.0038639763
4.038867e-07,-0.0038639763
4.039867e-07,-0.0038611041
4.040867e-07,-0.003860386
4.041867e-07,-0.0038632583
4.042867e-07,-0.0038682847
4.043867e-07,-0.0038725931
4.044867e-07,-0.003871875
4.045867e-07,-0.0038639763
4.046867e-07,-0.0038488971
4.047867e-07,-0.0038309455
4.048867e-07,-0.0038144301
4.049867e-07,-0.0038029412
4.050867e-07,-0.0037986328
4.051867e-07,-0.0037993509
4.052867e-07,-0.0038029412
4.053867e-07,-0.0038065315
4.054867e-07,-0.0038086857
4.055867e-07,-0.0038108398
4.056867e-07,-0.0038144301
4.057867e-07,-0.0038194566
4.058867e-07,-0.0038252011
4.059867e-07,-0.0038280733
4.060867e-07,-0.0038259191
4.061867e-07,-0.0038165843
4.062867e-07,-0.0038029412
4.063867e-07,-0.00378858
4.064867e-07,-0.0037799632
4.065867e-07,-0.0037806813
4.066867e-07,-0.0037914522
4.067867e-07,-0.0038086857
4.068867e-07,-0.0038259191
4.069867e-07,-0.0038374081
4.070867e-07,-0.0038402803
4.071867e-07,-0.0038352539
4.072867e-07,-0.0038259191
4.073867e-07,-0.0038187385
4.074867e-07,-0.0038180205
4.075867e-07,-0.003824483
4.076867e-07,-0.0038374081
4.077867e-07,-0.0038517693
4.078867e-07,-0.0038639763
4.079867e-07,-0.0038704389
4.080867e-07,-0.003871875
4.081867e-07,-0.0038697208
4.082867e-07,-0.0038675666
4.083867e-07,-0.0038682847
4.084867e-07,-0.003871875
4.085867e-07,-0.0038783375
4.086867e-07,-0.0038848001
4.087867e-07,-0.0038912626
4.088867e-07,-0.0038948529
4.089867e-07,-0.0038970071
4.090867e-07,-0.0038984432
4.091867e-07,-0.0039013155
4.092867e-07,-0.0039063419
4.093867e-07,-0.0039135225
4.094867e-07,-0.0039221392
4.095867e-07,-0.0039321921
4.096867e-07,-0.0039408088
4.097867e-07,-0.0039487075
4.098867e-07,-0.00395517
4.099867e-07,-0.0039601965
4.100867e-07,-0.0039637868
4.101867e-07,-0.0039659409
4.102867e-07,-0.0039652229
4.103867e-07,-0.0039609145
4.104867e-07,-0.0039522978
4.105867e-07,-0.0039386546
4.106867e-07,-0.0039228573
4.107867e-07,-0.0039063419
4.108867e-07,-0.0038948529
4.109867e-07,-0.0038905446
4.110867e-07,-0.0038962891
4.111867e-07,-0.0039099322
4.112867e-07,-0.0039293199
4.113867e-07,-0.0039487075
4.114867e-07,-0.0039623506
4.115867e-07,-0.0039680951
4.116867e-07,-0.0039637868
4.117867e-07,-0.0039530159
4.118867e-07,-0.0039408088
4.119867e-07,-0.003931474
4.120867e-07,-0.0039293199
4.121867e-07,-0.0039350643
4.122867e-07,-0.0039465533
4.123867e-07,-0.0039616326
4.124867e-07,-0.0039752757
4.125867e-07,-0.0039860466
4.126867e-07,-0.0039925092
4.127867e-07,-0.0039960995
4.128867e-07,-0.0039982537
4.129867e-07,-0.0039996898
4.130867e-07,-0.0040011259
4.131867e-07,-0.0040011259
4.132867e-07,-0.0039982537
4.133867e-07,-0.0039925092
4.134867e-07,-0.0039838925
4.135867e-07,-0.0039731216
4.136867e-07,-0.0039637868
4.137867e-07,-0.0039566062
4.138867e-07,-0.0039522978
4.139867e-07,-0.0039508617
4.140867e-07,-0.0039522978
4.141867e-07,-0.00395517
4.142867e-07,-0.0039587603
4.143867e-07,-0.0039616326
4.144867e-07,-0.0039637868
4.145867e-07,-0.0039637868
4.146867e-07,-0.0039616326
4.147867e-07,-0.0039580423
4.148867e-07,-0.0039522978
4.149867e-07,-0.0039458352
4.150867e-07,-0.0039400908
4.151867e-07,-0.0039343463
4.152867e-07,-0.0039293199
4.153867e-07,-0.0039235754
4.154867e-07,-0.0039178309
4.155867e-07,-0.0039113683
4.156867e-07,-0.0039063419
4.157867e-07,-0.0039049058
4.158867e-07,-0.0039084961
4.159867e-07,-0.0039178309
4.160867e-07,-0.0039293199
4.161867e-07,-0.0039386546
4.162867e-07,-0.0039415269
4.163867e-07,-0.0039343463
4.164867e-07,-0.0039178309
4.165867e-07,-0.003895571
4.166867e-07,-0.0038747472
4.167867e-07,-0.0038618222
4.168867e-07,-0.003860386
4.169867e-07,-0.0038697208
4.170867e-07,-0.0038855182
4.171867e-07,-0.0038991613
4.172867e-07,-0.0039063419
4.173867e-07,-0.0039041877
4.174867e-07,-0.0038934168
4.175867e-07,-0.0038812098
4.176867e-07,-0.003871875
4.177867e-07,-0.0038690028
4.178867e-07,-0.0038725931
4.179867e-07,-0.0038790556
4.180867e-07,-0.003883364
4.181867e-07,-0.0038819278
4.182867e-07,-0.0038740292
4.183867e-07,-0.0038611041
4.184867e-07,-0.0038488971
4.185867e-07,-0.0038402803
4.186867e-07,-0.0038381261
4.187867e-07,-0.0038424345
4.188867e-07,-0.0038488971
4.189867e-07,-0.0038553596
4.190867e-07,-0.003860386
4.191867e-07,-0.0038618222
4.192867e-07,-0.003860386
4.193867e-07,-0.0038582318
4.194867e-07,-0.0038575138
4.195867e-07,-0.0038575138
4.196867e-07,-0.003860386
4.197867e-07,-0.0038654125
4.198867e-07,-0.0038733111
4.199867e-07,-0.003883364
4.200867e-07,-0.0038948529
4.201867e-07,-0.00390706
4.202867e-07,-0.0039171128
4.203867e-07,-0.0039250115
4.204867e-07,-0.0039293199
4.205867e-07,-0.003931474
4.206867e-07,-0.0039329102
4.207867e-07,-0.0039357824
4.208867e-07,-0.0039408088
4.209867e-07,-0.0039472714
4.210867e-07,-0.0039530159
4.211867e-07,-0.003954452
4.212867e-07,-0.0039522978
4.213867e-07,-0.0039465533
4.214867e-07,-0.0039400908
4.215867e-07,-0.0039379366
4.216867e-07,-0.0039408088
4.217867e-07,-0.0039494256
4.218867e-07,-0.0039609145
4.219867e-07,-0.0039702493
4.220867e-07,-0.0039752757
4.221867e-07,-0.0039738396
4.222867e-07,-0.0039688132
4.223867e-07,-0.0039645048
4.224867e-07,-0.0039637868
4.225867e-07,-0.0039695312
4.226867e-07,-0.0039795841
4.227867e-07,-0.0039910731
4.228867e-07,-0.0039982537
4.229867e-07,-0.0039989717
4.230867e-07,-0.0039910731
4.231867e-07,-0.003978866
4.232867e-07,-0.0039637868
4.233867e-07,-0.0039508617
4.234867e-07,-0.0039422449
4.235867e-07,-0.0039393727
4.236867e-07,-0.0039408088
4.237867e-07,-0.0039465533
4.238867e-07,-0.003954452
4.239867e-07,-0.0039645048
4.240867e-07,-0.0039752757
4.241867e-07,-0.0039846105
4.242867e-07,-0.003990355
4.243867e-07,-0.0039910731
4.244867e-07,-0.0039867647
4.245867e-07,-0.003978866
4.246867e-07,-0.0039709674
4.247867e-07,-0.0039659409
4.248867e-07,-0.0039637868
4.249867e-07,-0.0039645048
4.250867e-07,-0.0039645048
4.251867e-07,-0.0039609145
4.252867e-07,-0.0039522978
4.253867e-07,-0.0039386546
4.254867e-07,-0.0039242934
4.255867e-07,-0.0039128045
4.256867e-07,-0.0039063419
4.257867e-07,-0.0039041877
4.258867e-07,-0.0039020335
4.259867e-07,-0.0038962891
4.260867e-07,-0.003883364
4.261867e-07,-0.0038646944
4.262867e-07,-0.0038431526
4.263867e-07,-0.0038252011
4.264867e-07,-0.0038144301
4.265867e-07,-0.0038115579
4.266867e-07,-0.003812276
4.267867e-07,-0.0038115579
4.268867e-07,-0.0038029412
4.269867e-07,-0.0037849897
4.270867e-07,-0.0037598575
4.271867e-07,-0.0037325712
4.272867e-07,-0.0037110294
4.273867e-07,-0.0036988224
4.274867e-07,-0.0036973863
4.275867e-07,-0.0037031307
4.276867e-07,-0.0037110294
4.277867e-07,-0.0037167739
4.278867e-07,-0.0037167739
4.279867e-07,-0.0037110294
4.280867e-07,-0.0036995404
4.281867e-07,-0.0036837431
4.282867e-07,-0.0036657916
4.283867e-07,-0.003647122
4.284867e-07,-0.0036306066
4.285867e-07,-0.0036198357
4.286867e-07,-0.0036176815
4.287867e-07,-0.0036255802
4.288867e-07,-0.0036420956
4.289867e-07,-0.0036622013
4.290867e-07,-0.0036787167
4.291867e-07,-0.0036880515
4.292867e-07,-0.0036880515
4.293867e-07,-0.003683025
4.294867e-07,-0.0036794347
4.295867e-07,-0.0036837431
4.296867e-07,-0.0036995404
4.297867e-07,-0.0037225184
4.298867e-07,-0.0037454963
4.299867e-07,-0.0037584214
4.300867e-07,-0.0037569853
4.301867e-07,-0.003741906
4.302867e-07,-0.0037225184
4.303867e-07,-0.0037088752
4.304867e-07,-0.0037110294
4.305867e-07,-0.0037311351
4.306867e-07,-0.003764884
4.307867e-07,-0.0038000689
4.308867e-07,-0.0038259191
4.309867e-07,-0.003835972
4.310867e-07,-0.0038309455
4.311867e-07,-0.0038165843
4.312867e-07,-0.0038029412
4.313867e-07,-0.0037964786
4.314867e-07,-0.0037986328
4.315867e-07,-0.0038065315
4.316867e-07,-0.0038144301
4.317867e-07,-0.0038180205
4.318867e-07,-0.0038165843
4.319867e-07,-0.0038144301
4.320867e-07,-0.0038144301
4.321867e-07,-0.0038201746
4.322867e-07,-0.0038287914
4.323867e-07,-0.00383669
4.324867e-07,-0.0038374081
4.325867e-07,-0.0038280733
4.326867e-07,-0.0038108398
4.327867e-07,-0.0037921703
4.328867e-07,-0.0037799632
4.329867e-07,-0.0037785271
4.330867e-07,-0.00378858
4.331867e-07,-0.0038029412
4.332867e-07,-0.0038144301
4.333867e-07,-0.0038158663
4.334867e-07,-0.0038058134
4.335867e-07,-0.0037871438
4.336867e-07,-0.0037684743
4.337867e-07,-0.0037562672
4.338867e-07,-0.0037555492
4.339867e-07,-0.003765602
4.340867e-07,-0.0037799632
4.341867e-07,-0.0037921703
4.342867e-07,-0.0037964786
4.343867e-07,-0.0037914522
4.344867e-07,-0.0037799632
4.345867e-07,-0.0037663201
4.346867e-07,-0.0037577034
4.347867e-07,-0.0037577034
4.348867e-07,-0.0037684743
4.349867e-07,-0.0037878619
4.350867e-07,-0.003812994
4.351867e-07,-0.0038388442
4.352867e-07,-0.003860386
4.353867e-07,-0.0038747472
4.354867e-07,-0.0038797737
4.355867e-07,-0.0038776195
4.356867e-07,-0.003871875
4.357867e-07,-0.0038682847
4.358867e-07,-0.003871875
4.359867e-07,-0.0038848001
4.360867e-07,-0.0039063419
4.361867e-07,-0.0039321921
4.362867e-07,-0.0039558881
4.363867e-07,-0.0039745577
4.364867e-07,-0.0039867647
4.365867e-07,-0.0039960995
4.366867e-07,-0.0040083065
4.367867e-07,-0.0040276942
4.368867e-07,-0.0040556985
4.369867e-07,-0.0040880113
4.370867e-07,-0.0041181698
4.371867e-07,-0.0041389936
4.372867e-07,-0.0041476103
4.373867e-07,-0.0041461742
4.374867e-07,-0.0041411477
4.375867e-07,-0.0041397116
4.376867e-07,-0.0041476103
4.377867e-07,-0.0041634076
4.378867e-07,-0.0041813591
4.379867e-07,-0.0041971565
4.380867e-07,-0.0042050551
4.381867e-07,-0.0042072093
4.382867e-07,-0.0042086455
4.383867e-07,-0.0042143899
4.384867e-07,-0.0042280331
4.385867e-07,-0.0042452665
4.386867e-07,-0.0042596278
4.387867e-07,-0.0042632181
4.388867e-07,-0.004251011
4.389867e-07,-0.004227315
4.390867e-07,-0.0042007468
4.391867e-07,-0.0041835133
4.392867e-07,-0.0041820772
4.393867e-07,-0.0041971565
4.394867e-07,-0.0042201344
4.395867e-07,-0.0042409582
4.396867e-07,-0.004251011
4.397867e-07,-0.0042488568
4.398867e-07,-0.0042395221
4.399867e-07,-0.0042337776
4.400867e-07,-0.0042395221
4.401867e-07,-0.0042567555
4.402867e-07,-0.0042797335
4.403867e-07,-0.0042962489
4.404867e-07,-0.0042969669
4.405867e-07,-0.0042790154
4.406867e-07,-0.0042488568
4.407867e-07,-0.0042165441
4.408867e-07,-0.0041935662
4.409867e-07,-0.0041863856
4.410867e-07,-0.0041928481
4.411867e-07,-0.0042057732
4.412867e-07,-0.0042165441
4.413867e-07,-0.0042215705
4.414867e-07,-0.0042222886
4.415867e-07,-0.004226597
4.416867e-07,-0.0042395221
4.417867e-07,-0.0042617819
4.418867e-07,-0.0042876321
4.419867e-07,-0.0043063017
4.420867e-07,-0.0043084559
4.421867e-07,-0.0042919405
4.422867e-07,-0.0042625
4.423867e-07,-0.0042330595
4.424867e-07,-0.0042165441
4.425867e-07,-0.0042194164
4.426867e-07,-0.0042402401
4.427867e-07,-0.0042696806
4.428867e-07,-0.0042969669
4.429867e-07,-0.0043134823
4.430867e-07,-0.0043192268
4.431867e-07,-0.0043185087
4.432867e-07,-0.0043199449
4.433867e-07,-0.0043285616
4.434867e-07,-0.0043429228
4.435867e-07,-0.004357284
4.436867e-07,-0.0043659007
4.437867e-07,-0.0043644646
4.438867e-07,-0.0043551298
4.439867e-07,-0.004345077
4.440867e-07,-0.0043429228
4.441867e-07,-0.0043515395
4.442867e-07,-0.004369491
4.443867e-07,-0.0043881606
4.444867e-07,-0.0044003676
4.445867e-07,-0.0044010857
4.446867e-07,-0.0043917509
4.447867e-07,-0.00438098
4.448867e-07,-0.0043773897
4.449867e-07,-0.0043860064
4.450867e-07,-0.0044053941
4.451867e-07,-0.0044290901
4.452867e-07,-0.0044463235
4.453867e-07,-0.004452068
4.454867e-07,-0.0044456055
4.455867e-07,-0.0044333984
4.456867e-07,-0.0044233456
4.457867e-07,-0.0044226275
4.458867e-07,-0.0044312443
4.459867e-07,-0.0044456055
4.460867e-07,-0.0044578125
4.461867e-07,-0.0044628389
4.462867e-07,-0.0044599667
4.463867e-07,-0.004452068
4.464867e-07,-0.0044463235
4.465867e-07,-0.0044463235
4.466867e-07,-0.0044527861
4.467867e-07,-0.0044621209
4.468867e-07,-0.0044693015
4.469867e-07,-0.0044700195
4.470867e-07,-0.004463557
4.471867e-07,-0.0044535041
4.472867e-07,-0.0044463235
4.473867e-07,-0.0044448874
4.474867e-07,-0.0044506319
4.475867e-07,-0.0044599667
4.476867e-07,-0.0044693015
4.477867e-07,-0.004475764
4.478867e-07,-0.0044779182
4.479867e-07,-0.0044793543
4.480867e-07,-0.0044807904
4.481867e-07,-0.0044843807
4.482867e-07,-0.0044894072
4.483867e-07,-0.0044929975
4.484867e-07,-0.0044922794
4.485867e-07,-0.004487253
4.486867e-07,-0.0044793543
4.487867e-07,-0.0044728918
4.488867e-07,-0.0044693015
4.489867e-07,-0.0044685834
4.490867e-07,-0.0044685834
4.491867e-07,-0.0044657112
4.492867e-07,-0.0044578125
4.493867e-07,-0.0044477597
4.494867e-07,-0.004439861
4.495867e-07,-0.0044384249
4.496867e-07,-0.0044463235
4.497867e-07,-0.0044599667
4.498867e-07,-0.0044728918
4.499867e-07,-0.0044772001
4.500867e-07,-0.0044693015
4.501867e-07,-0.00445135
4.502867e-07,-0.0044305262
4.503867e-07,-0.0044154469
4.504867e-07,-0.0044118566
4.505867e-07,-0.0044197553
4.506867e-07,-0.0044319623
4.507867e-07,-0.0044391429
4.508867e-07,-0.0044348346
4.509867e-07,-0.0044183192
4.510867e-07,-0.0043974954
4.511867e-07,-0.00438098
4.512867e-07,-0.0043773897
4.513867e-07,-0.0043874426
4.514867e-07,-0.0044053941
4.515867e-07,-0.0044204733
4.516867e-07,-0.0044233456
4.517867e-07,-0.0044118566
4.518867e-07,-0.0043917509
4.519867e-07,-0.0043730813
4.520867e-07,-0.0043659007
4.521867e-07,-0.0043745175
4.522867e-07,-0.0043953412
4.523867e-07,-0.0044190372
4.524867e-07,-0.0044348346
4.525867e-07,-0.0044377068
4.526867e-07,-0.0044298081
4.527867e-07,-0.0044183192
4.528867e-07,-0.0044118566
4.529867e-07,-0.0044154469
4.530867e-07,-0.004427654
4.531867e-07,-0.004440579
4.532867e-07,-0.0044463235
4.533867e-07,-0.0044412971
4.534867e-07,-0.0044269359
4.535867e-07,-0.0044111386
4.536867e-07,-0.0044003676
4.537867e-07,-0.0044003676
4.538867e-07,-0.0044082663
4.539867e-07,-0.0044183192
4.540867e-07,-0.0044233456
4.541867e-07,-0.0044183192
4.542867e-07,-0.0044032399
4.543867e-07,-0.0043838523
4.544867e-07,-0.0043659007
4.545867e-07,-0.0043515395
4.546867e-07,-0.0043400506
4.547867e-07,-0.0043271255
4.548867e-07,-0.0043084559
4.549867e-07,-0.0042840418
4.550867e-07,-0.0042581916
4.551867e-07,-0.0042380859
4.552867e-07,-0.0042280331
4.553867e-07,-0.0042287511
4.554867e-07,-0.0042359318
4.555867e-07,-0.0042416762
4.556867e-07,-0.0042395221
4.557867e-07,-0.0042287511
4.558867e-07,-0.004215108
4.559867e-07,-0.0042050551
4.560867e-07,-0.0042050551
4.561867e-07,-0.004215108
4.562867e-07,-0.0042301873
4.563867e-07,-0.0042402401
4.564867e-07,-0.0042395221
4.565867e-07,-0.004226597
4.566867e-07,-0.0042086455
4.567867e-07,-0.0041950023
4.568867e-07,-0.0041935662
4.569867e-07,-0.0042064913
4.570867e-07,-0.004227315
4.571867e-07,-0.0042452665
4.572867e-07,-0.004251011
4.573867e-07,-0.0042431124
4.574867e-07,-0.0042280331
4.575867e-07,-0.0042158261
4.576867e-07,-0.0042165441
4.577867e-07,-0.0042337776
4.578867e-07,-0.0042603458
4.579867e-07,-0.0042854779
4.580867e-07,-0.0042969669
4.581867e-07,-0.0042890682
4.582867e-07,-0.0042653722
4.583867e-07,-0.0042373679
4.584867e-07,-0.0042165441
4.585867e-07,-0.0042115177
4.586867e-07,-0.0042201344
4.587867e-07,-0.0042366498
4.588867e-07,-0.004251011
4.589867e-07,-0.0042567555
4.590867e-07,-0.0042546013
4.591867e-07,-0.004250293
4.592867e-07,-0.004251011
4.593867e-07,-0.0042596278
4.594867e-07,-0.004274707
4.595867e-07,-0.0042897863
4.596867e-07,-0.0042969669
4.597867e-07,-0.0042948127
4.598867e-07,-0.0042876321
4.599867e-07,-0.0042818876
4.600867e-07,-0.0042854779
4.601867e-07,-0.0043005572
4.602867e-07,-0.0043228171
4.603867e-07,-0.0043436409
4.604867e-07,-0.0043544118
4.605867e-07,-0.0043536937
4.606867e-07,-0.004345077
4.607867e-07,-0.0043386144
4.608867e-07,-0.0043429228
4.609867e-07,-0.0043601563
4.610867e-07,-0.0043860064
4.611867e-07,-0.0044104205
4.612867e-07,-0.0044233456
4.613867e-07,-0.0044204733
4.614867e-07,-0.0044053941
4.615867e-07,-0.0043874426
4.616867e-07,-0.0043773897
4.617867e-07,-0.0043795439
4.618867e-07,-0.0043917509
4.619867e-07,-0.0044053941
4.620867e-07,-0.0044118566
4.621867e-07,-0.0044075483
4.622867e-07,-0.0043967773
4.623867e-07,-0.0043867245
4.624867e-07,-0.0043888787
4.625867e-07,-0.0044068302
4.626867e-07,-0.0044369887
4.627867e-07,-0.0044693015
4.628867e-07,-0.0044922794
4.629867e-07,-0.0045001781
4.630867e-07,-0.0044929975
