LECROYHDO6104B,11090,Waveform
Segments,1,SegmentSize,5002
Segment,TrigTime,TimeSinceSegment1
#1,04-May-2026 18:22:01,0                 
Time,Ampl
-3.700821e-08,-0.0058630572
-3.690821e-08,-0.0058300264
-3.680821e-08,-0.0057941234
-3.670821e-08,-0.0057675551
-3.660821e-08,-0.0057567842
-3.650821e-08,-0.0057603745
-3.640821e-08,-0.0057704274
-3.630821e-08,-0.0057790441
-3.620821e-08,-0.0057790441
-3.610821e-08,-0.0057718635
-3.600821e-08,-0.0057618107
-3.590821e-08,-0.0057560662
-3.580821e-08,-0.0057582204
-3.570821e-08,-0.005765401
-3.560821e-08,-0.0057704274
-3.550821e-08,-0.0057675551
-3.540821e-08,-0.005753912
-3.530821e-08,-0.0057345244
-3.520821e-08,-0.0057172909
-3.510821e-08,-0.0057101103
-3.500821e-08,-0.0057172909
-3.490821e-08,-0.0057345244
-3.480821e-08,-0.0057546301
-3.470821e-08,-0.0057675551
-3.460821e-08,-0.0057689913
-3.450821e-08,-0.0057610926
-3.440821e-08,-0.0057510398
-3.430821e-08,-0.0057445772
-3.420821e-08,-0.0057467314
-3.410821e-08,-0.0057546301
-3.400821e-08,-0.0057632468
-3.390821e-08,-0.0057675551
-3.380821e-08,-0.005765401
-3.370821e-08,-0.0057610926
-3.360821e-08,-0.0057596565
-3.350821e-08,-0.0057675551
-3.340821e-08,-0.0057833525
-3.330821e-08,-0.0058020221
-3.320821e-08,-0.0058142291
-3.310821e-08,-0.005813511
-3.300821e-08,-0.0058005859
-3.290821e-08,-0.0057826344
-3.280821e-08,-0.0057689913
-3.270821e-08,-0.0057675551
-3.260821e-08,-0.0057790441
-3.250821e-08,-0.0057955595
-3.240821e-08,-0.0058056124
-3.230821e-08,-0.0058020221
-3.220821e-08,-0.0057819164
-3.210821e-08,-0.005753912
-3.200821e-08,-0.005730216
-3.190821e-08,-0.0057215993
-3.180821e-08,-0.0057323702
-3.170821e-08,-0.0057567842
-3.160821e-08,-0.0057840705
-3.150821e-08,-0.0058020221
-3.140821e-08,-0.0058056124
-3.130821e-08,-0.0057969956
-3.120821e-08,-0.0057855067
-3.110821e-08,-0.0057790441
-3.100821e-08,-0.0057811983
-3.090821e-08,-0.0057876608
-3.080821e-08,-0.005789815
-3.070821e-08,-0.0057790441
-3.060821e-08,-0.005753912
-3.050821e-08,-0.0057215993
-3.040821e-08,-0.0056914407
-3.030821e-08,-0.0056756434
-3.020821e-08,-0.0056763614
-3.010821e-08,-0.0056900046
-3.000821e-08,-0.0057043658
-2.990821e-08,-0.0057101103
-2.980821e-08,-0.0057022116
-2.970821e-08,-0.0056849782
-2.960821e-08,-0.0056655905
-2.950821e-08,-0.0056526654
-2.940821e-08,-0.0056490751
-2.930821e-08,-0.0056512293
-2.920821e-08,-0.0056505113
-2.910821e-08,-0.0056411765
-2.900821e-08,-0.0056217888
-2.890821e-08,-0.005599529
-2.880821e-08,-0.0055844497
-2.870821e-08,-0.0055837316
-2.860821e-08,-0.0055966567
-2.850821e-08,-0.0056160443
-2.840821e-08,-0.0056296875
-2.830821e-08,-0.0056296875
-2.820821e-08,-0.0056160443
-2.810821e-08,-0.0055973748
-2.800821e-08,-0.0055873219
-2.790821e-08,-0.0055952206
-2.780821e-08,-0.0056203527
-2.770821e-08,-0.0056512293
-2.760821e-08,-0.0056742073
-2.750821e-08,-0.0056756434
-2.740821e-08,-0.0056548196
-2.730821e-08,-0.0056217888
-2.720821e-08,-0.0055930664
-2.710821e-08,-0.0055837316
-2.700821e-08,-0.0055988109
-2.690821e-08,-0.0056289694
-2.680821e-08,-0.005659846
-2.670821e-08,-0.0056756434
-2.660821e-08,-0.0056698989
-2.650821e-08,-0.0056490751
-2.640821e-08,-0.0056268153
-2.630821e-08,-0.0056181985
-2.620821e-08,-0.0056289694
-2.610821e-08,-0.0056541016
-2.600821e-08,-0.0056785156
-2.590821e-08,-0.0056871324
-2.580821e-08,-0.0056742073
-2.570821e-08,-0.0056447668
-2.560821e-08,-0.0056131721
-2.550821e-08,-0.0055952206
-2.540821e-08,-0.005600247
-2.530821e-08,-0.005623943
-2.520821e-08,-0.0056541016
-2.510821e-08,-0.0056756434
-2.500821e-08,-0.0056785156
-2.490821e-08,-0.0056648725
-2.480821e-08,-0.0056440487
-2.470821e-08,-0.0056296875
-2.460821e-08,-0.0056289694
-2.450821e-08,-0.0056411765
-2.440821e-08,-0.0056569738
-2.430821e-08,-0.0056641544
-2.420821e-08,-0.0056576919
-2.410821e-08,-0.0056390223
-2.400821e-08,-0.0056181985
-2.390821e-08,-0.0056067096
-2.380821e-08,-0.0056102999
-2.370821e-08,-0.0056253791
-2.360821e-08,-0.0056433307
-2.350821e-08,-0.0056526654
-2.340821e-08,-0.0056490751
-2.330821e-08,-0.0056347139
-2.320821e-08,-0.0056210708
-2.310821e-08,-0.0056181985
-2.300821e-08,-0.0056296875
-2.290821e-08,-0.0056505113
-2.280821e-08,-0.0056698989
-2.270821e-08,-0.0056756434
-2.260821e-08,-0.0056634364
-2.250821e-08,-0.0056390223
-2.240821e-08,-0.0056153263
-2.230821e-08,-0.0056067096
-2.220821e-08,-0.0056196347
-2.210821e-08,-0.0056497932
-2.200821e-08,-0.0056849782
-2.190821e-08,-0.0057101103
-2.180821e-08,-0.0057151367
-2.170821e-08,-0.0057014936
-2.160821e-08,-0.0056799517
-2.150821e-08,-0.0056641544
-2.140821e-08,-0.0056641544
-2.130821e-08,-0.0056799517
-2.120821e-08,-0.0057036477
-2.110821e-08,-0.0057215993
-2.100821e-08,-0.0057244715
-2.090821e-08,-0.0057108284
-2.080821e-08,-0.0056864143
-2.070821e-08,-0.0056641544
-2.060821e-08,-0.0056526654
-2.050821e-08,-0.0056548196
-2.040821e-08,-0.0056655905
-2.030821e-08,-0.0056756434
-2.020821e-08,-0.0056777976
-2.010821e-08,-0.0056691808
-2.000821e-08,-0.0056548196
-1.990821e-08,-0.0056411765
-1.980821e-08,-0.0056347139
-1.970821e-08,-0.0056375862
-1.960821e-08,-0.0056462029
-1.950821e-08,-0.0056526654
-1.940821e-08,-0.0056526654
-1.930821e-08,-0.0056440487
-1.920821e-08,-0.0056304056
-1.910821e-08,-0.0056181985
-1.900821e-08,-0.0056110179
-1.890821e-08,-0.0056102999
-1.880821e-08,-0.0056138902
-1.870821e-08,-0.0056181985
-1.860821e-08,-0.0056210708
-1.850821e-08,-0.0056217888
-1.840821e-08,-0.0056246611
-1.830821e-08,-0.0056296875
-1.820821e-08,-0.00563615
-1.810821e-08,-0.0056397403
-1.800821e-08,-0.0056347139
-1.790821e-08,-0.0056181985
-1.780821e-08,-0.0055923483
-1.770821e-08,-0.0055657801
-1.760821e-08,-0.0055485466
-1.750821e-08,-0.0055492647
-1.740821e-08,-0.0055686523
-1.730821e-08,-0.005600247
-1.720821e-08,-0.0056318417
-1.710821e-08,-0.0056526654
-1.700821e-08,-0.0056569738
-1.690821e-08,-0.0056462029
-1.680821e-08,-0.0056296875
-1.670821e-08,-0.0056181985
-1.660821e-08,-0.0056181985
-1.650821e-08,-0.0056296875
-1.640821e-08,-0.005647639
-1.630821e-08,-0.0056641544
-1.620821e-08,-0.0056734892
-1.610821e-08,-0.0056763614
-1.600821e-08,-0.0056749253
-1.590821e-08,-0.0056756434
-1.580821e-08,-0.0056821059
-1.570821e-08,-0.0056928768
-1.560821e-08,-0.0057036477
-1.550821e-08,-0.0057101103
-1.540821e-08,-0.0057093922
-1.530821e-08,-0.0057036477
-1.520821e-08,-0.0056979033
-1.510821e-08,-0.0056986213
-1.500821e-08,-0.0057072381
-1.490821e-08,-0.0057201631
-1.480821e-08,-0.0057309341
-1.470821e-08,-0.0057330882
-1.460821e-08,-0.0057230354
-1.450821e-08,-0.0057043658
-1.440821e-08,-0.0056821059
-1.430821e-08,-0.0056641544
-1.420821e-08,-0.0056548196
-1.410821e-08,-0.0056533835
-1.400821e-08,-0.0056548196
-1.390821e-08,-0.0056526654
-1.380821e-08,-0.0056426126
-1.370821e-08,-0.0056253791
-1.360821e-08,-0.0056038373
-1.350821e-08,-0.0055837316
-1.340821e-08,-0.0055672162
-1.330821e-08,-0.0055535731
-1.320821e-08,-0.005540648
-1.310821e-08,-0.0055262868
-1.300821e-08,-0.0055097714
-1.290821e-08,-0.0054946921
-1.280821e-08,-0.0054839212
-1.270821e-08,-0.0054803309
-1.260821e-08,-0.005481767
-1.250821e-08,-0.0054839212
-1.240821e-08,-0.0054803309
-1.230821e-08,-0.0054688419
-1.220821e-08,-0.0054508904
-1.210821e-08,-0.0054329389
-1.200821e-08,-0.005422168
-1.190821e-08,-0.005422886
-1.180821e-08,-0.0054329389
-1.170821e-08,-0.0054437098
-1.160821e-08,-0.005446582
-1.150821e-08,-0.005434375
-1.140821e-08,-0.0054092429
-1.130821e-08,-0.0053790843
-1.120821e-08,-0.0053575425
-1.110821e-08,-0.0053539522
-1.100821e-08,-0.0053704676
-1.090821e-08,-0.0054013442
-1.080821e-08,-0.005434375
-1.070821e-08,-0.0054573529
-1.060821e-08,-0.0054659697
-1.050821e-08,-0.0054623794
-1.040821e-08,-0.0054559168
-1.030821e-08,-0.0054573529
-1.020821e-08,-0.0054709961
-1.010821e-08,-0.0054946921
-1.000821e-08,-0.0055198242
-9.908214e-09,-0.0055377757
-9.808214e-09,-0.0055428022
-9.708214e-09,-0.0055356216
-9.608214e-09,-0.0055234145
-9.508214e-09,-0.0055147978
-9.408214e-09,-0.0055147978
-9.308214e-09,-0.0055241326
-9.208214e-09,-0.0055370577
-9.108214e-09,-0.0055492647
-9.008214e-09,-0.0055564453
-8.908214e-09,-0.0055600356
-8.808214e-09,-0.005564344
-8.708214e-09,-0.0055722426
-8.608214e-09,-0.0055837316
-8.508214e-09,-0.0055952206
-8.408214e-09,-0.0056009651
-8.308214e-09,-0.0055952206
-8.208214e-09,-0.0055808594
-8.108214e-09,-0.005564344
-8.008214e-09,-0.0055550092
-7.908214e-09,-0.0055607537
-7.808214e-09,-0.0055808594
-7.708214e-09,-0.0056088637
-7.608214e-09,-0.0056318417
-7.508214e-09,-0.0056411765
-7.408214e-09,-0.0056325597
-7.308214e-09,-0.0056131721
-7.208214e-09,-0.0055930664
-7.108214e-09,-0.0055837316
-7.008214e-09,-0.0055909122
-6.908214e-09,-0.0056095818
-6.808214e-09,-0.0056304056
-6.708214e-09,-0.0056411765
-6.608214e-09,-0.0056347139
-6.508214e-09,-0.005612454
-6.408214e-09,-0.0055844497
-6.308214e-09,-0.0055607537
-6.208214e-09,-0.0055507008
-6.108214e-09,-0.0055550092
-6.008214e-09,-0.0055686523
-5.908214e-09,-0.0055837316
-5.808214e-09,-0.0055930664
-5.708214e-09,-0.0055959386
-5.608214e-09,-0.0055945025
-5.508214e-09,-0.0055952206
-5.408214e-09,-0.005600247
-5.308214e-09,-0.0056088637
-5.208214e-09,-0.0056167624
-5.108214e-09,-0.0056181985
-5.008214e-09,-0.005611736
-4.908214e-09,-0.0055988109
-4.808214e-09,-0.0055837316
-4.708214e-09,-0.0055722426
-4.608214e-09,-0.005564344
-4.508214e-09,-0.0055564453
-4.408214e-09,-0.005541366
-4.308214e-09,-0.0055147978
-4.208214e-09,-0.0054745864
-4.108214e-09,-0.0054264763
-4.008214e-09,-0.0053762121
-3.908214e-09,-0.0053309743
-3.808214e-09,-0.0052900448
-3.708214e-09,-0.0052469612
-3.608214e-09,-0.0051909524
-3.508214e-09,-0.0051126838
-3.408214e-09,-0.005007847
-3.308214e-09,-0.0048807502
-3.208214e-09,-0.0047400103
-3.108214e-09,-0.0045956801
-3.008214e-09,-0.0044527861
-2.908214e-09,-0.004309892
-2.808214e-09,-0.0041605354
-2.708214e-09,-0.0039982537
-2.608214e-09,-0.0038187385
-2.508214e-09,-0.003622708
-2.408214e-09,-0.0034166245
-2.308214e-09,-0.0032055147
-2.208214e-09,-0.0029915326
-2.108214e-09,-0.0027718061
-2.008214e-09,-0.0025384364
-1.908214e-09,-0.0022863971
-1.808214e-09,-0.0020128159
-1.708214e-09,-0.0017220014
-1.608214e-09,-0.0014204159
-1.508214e-09,-0.0011145221
-1.408214e-09,-0.00080575597
-1.308214e-09,-0.00048909122
-1.208214e-09,-0.0001573472
-1.108214e-09,0.00019522059
-1.008214e-09,0.00056933019
-9.082137e-10,0.00095780101
-8.082137e-10,0.0013498621
-7.082137e-10,0.0017347426
-6.082137e-10,0.0021081342
-5.082137e-10,0.0024736271
-4.082137e-10,0.002839838
-3.082137e-10,0.0032168199
-2.082137e-10,0.003608881
-1.082137e-10,0.0040131491
-8.213694e-12,0.0044217256
9.178631e-11,0.0048252757
1.917863e-10,0.0052180549
2.917863e-10,0.0056007812
3.917863e-10,0.0059806353
4.917863e-10,0.0063647978
5.917863e-10,0.006757577
6.917863e-10,0.0071553826
7.917863e-10,0.0075524701
8.917863e-10,0.0079387868
9.917863e-10,0.0083093061
1.091786e-09,0.00866331
1.191786e-09,0.0090051068
1.291786e-09,0.0093404412
1.391786e-09,0.0096714671
1.491786e-09,0.0099974667
1.591786e-09,0.010313413
1.691786e-09,0.010615717
1.791786e-09,0.010902941
1.891786e-09,0.011178676
1.991786e-09,0.011445795
2.091786e-09,0.011707169
2.191786e-09,0.011960645
2.291786e-09,0.012200477
2.391786e-09,0.012420203
2.491786e-09,0.012614798
2.591786e-09,0.012788568
2.691786e-09,0.012948696
2.791786e-09,0.013107387
2.891786e-09,0.013269669
2.991786e-09,0.013434105
3.091786e-09,0.013592078
3.191786e-09,0.013731382
3.291786e-09,0.013844118
3.391786e-09,0.013931003
3.491786e-09,0.014002091
3.591786e-09,0.014072461
3.691786e-09,0.01415432
3.791786e-09,0.01425054
3.891786e-09,0.014353223
3.991786e-09,0.014448725
4.091786e-09,0.014521967
4.191786e-09,0.014567205
4.291786e-09,0.014588747
4.391786e-09,0.014599517
4.491786e-09,0.014613879
4.591786e-09,0.014640447
4.691786e-09,0.014677786
4.791786e-09,0.014718716
4.891786e-09,0.014751746
4.991786e-09,0.014769698
5.091786e-09,0.014774724
5.191786e-09,0.014773288
5.291786e-09,0.014774724
5.391786e-09,0.014784059
5.491786e-09,0.014800574
5.591786e-09,0.014814936
5.691786e-09,0.01482068
5.791786e-09,0.0148135
5.891786e-09,0.01479842
5.991786e-09,0.014785495
6.091786e-09,0.014786213
6.191786e-09,0.014805601
6.291786e-09,0.014840786
6.391786e-09,0.014880997
6.491786e-09,0.014912592
6.591786e-09,0.014926953
6.691786e-09,0.014923363
6.791786e-09,0.014906847
6.891786e-09,0.014889614
6.991786e-09,0.014879561
7.091786e-09,0.014880279
7.191786e-09,0.014888896
7.291786e-09,0.014901103
7.391786e-09,0.014912592
7.491786e-09,0.014923363
7.591786e-09,0.014937724
7.691786e-09,0.014958548
7.791786e-09,0.014987988
7.891786e-09,0.015021737
7.991786e-09,0.015052614
8.091786e-09,0.015073438
8.191786e-09,0.0150799
8.291786e-09,0.015075592
8.391786e-09,0.015066975
8.491786e-09,0.015061949
8.591786e-09,0.015066257
8.691786e-09,0.0150799
8.791786e-09,0.015099288
8.891786e-09,0.015119393
8.991786e-09,0.015137345
9.091786e-09,0.015154578
9.191786e-09,0.015174684
9.291786e-09,0.015199816
9.391786e-09,0.015228539
9.491786e-09,0.015255825
9.591786e-09,0.015274494
9.691786e-09,0.015280239
9.791786e-09,0.015273058
9.891786e-09,0.015260851
9.991786e-09,0.015252953
1.009179e-08,0.015257261
1.019179e-08,0.015274494
1.029179e-08,0.015299627
1.039179e-08,0.015323323
1.049179e-08,0.015337684
1.059179e-08,0.015341274
1.069179e-08,0.015338402
1.079179e-08,0.015338402
1.089179e-08,0.015349173
1.099179e-08,0.015370715
1.109179e-08,0.015396565
1.119179e-08,0.015415952
1.129179e-08,0.015418107
1.139179e-08,0.015400873
1.149179e-08,0.015370715
1.159179e-08,0.015337684
1.169179e-08,0.015314706
1.179179e-08,0.015306089
1.189179e-08,0.015309679
1.199179e-08,0.015316142
1.209179e-08,0.015314706
1.219179e-08,0.015300345
1.229179e-08,0.015275931
1.239179e-08,0.015250798
1.249179e-08,0.015234283
1.259179e-08,0.015232129
1.269179e-08,0.015243618
1.279179e-08,0.015258697
1.289179e-08,0.01526875
1.299179e-08,0.015266596
1.309179e-08,0.015252953
1.319179e-08,0.015231411
1.329179e-08,0.015211305
1.339179e-08,0.015196226
1.349179e-08,0.015186173
1.359179e-08,0.015177556
1.369179e-08,0.015165349
1.379179e-08,0.015148116
1.389179e-08,0.015129446
1.399179e-08,0.015114367
1.409179e-08,0.015107904
1.419179e-08,0.015109341
1.429179e-08,0.015112931
1.439179e-08,0.015110777
1.449179e-08,0.015096415
1.459179e-08,0.015069129
1.469179e-08,0.015034662
1.479179e-08,0.015003068
1.489179e-08,0.014981526
1.499179e-08,0.014973627
1.509179e-08,0.014974345
1.519179e-08,0.014975063
1.529179e-08,0.014970037
1.539179e-08,0.014957112
1.549179e-08,0.014941314
1.559179e-08,0.01493198
1.569179e-08,0.01493557
1.579179e-08,0.014952085
1.589179e-08,0.014975063
1.599179e-08,0.014991579
1.609179e-08,0.014993015
1.619179e-08,0.014977217
1.629179e-08,0.014950649
1.639179e-08,0.014924799
1.649179e-08,0.014912592
1.659179e-08,0.014918336
1.669179e-08,0.014937724
1.679179e-08,0.014962138
1.689179e-08,0.014981526
1.699179e-08,0.014990142
1.709179e-08,0.014990142
1.719179e-08,0.014988706
1.729179e-08,0.014993015
1.739179e-08,0.015006658
1.749179e-08,0.015025327
1.759179e-08,0.015041843
1.769179e-08,0.01505046
1.779179e-08,0.015049741
1.789179e-08,0.015044715
1.799179e-08,0.015043279
1.809179e-08,0.01505046
1.819179e-08,0.015065539
1.829179e-08,0.015082054
1.839179e-08,0.015089953
1.849179e-08,0.015084926
1.859179e-08,0.015069129
1.869179e-08,0.015053332
1.879179e-08,0.015048305
1.889179e-08,0.015061949
1.899179e-08,0.015090671
1.909179e-08,0.015122266
1.919179e-08,0.015139499
1.929179e-08,0.015130882
1.939179e-08,0.015095697
1.949179e-08,0.015047587
1.959179e-08,0.015003786
1.969179e-08,0.014981526
1.979179e-08,0.014985834
1.989179e-08,0.015008094
1.999179e-08,0.015031072
2.009179e-08,0.015038971
2.019179e-08,0.015024609
2.029179e-08,0.014994451
2.039179e-08,0.014963574
2.049179e-08,0.014947059
2.059179e-08,0.014952803
2.069179e-08,0.014975063
2.079179e-08,0.014998041
2.089179e-08,0.015004504
2.099179e-08,0.014985834
2.109179e-08,0.014944187
2.119179e-08,0.014895358
2.129179e-08,0.014855147
2.139179e-08,0.014836477
2.149179e-08,0.01483935
2.159179e-08,0.014854429
2.169179e-08,0.014866636
2.179179e-08,0.014864482
2.189179e-08,0.014847248
2.199179e-08,0.01482068
2.209179e-08,0.014797702
2.219179e-08,0.014786213
2.229179e-08,0.014787649
2.239179e-08,0.01479483
2.249179e-08,0.014797702
2.259179e-08,0.014788367
2.269179e-08,0.014767544
2.279179e-08,0.014740257
2.289179e-08,0.014717279
2.299179e-08,0.014703636
2.309179e-08,0.014700046
2.319179e-08,0.014700046
2.329179e-08,0.014694301
2.339179e-08,0.014678504
2.349179e-08,0.014654808
2.359179e-08,0.014630394
2.369179e-08,0.014613879
2.379179e-08,0.01460957
2.389179e-08,0.014616033
2.399179e-08,0.01462465
2.409179e-08,0.014625368
2.419179e-08,0.014612443
2.429179e-08,0.014585874
2.439179e-08,0.014552844
2.449179e-08,0.014521967
2.459179e-08,0.014498989
2.469179e-08,0.014485346
2.479179e-08,0.014475293
2.489179e-08,0.014464522
2.499179e-08,0.014449443
2.509179e-08,0.014431491
2.519179e-08,0.014415694
2.529179e-08,0.014407077
2.539179e-08,0.014405641
2.549179e-08,0.014406359
2.559179e-08,0.014400615
2.569179e-08,0.014384099
2.579179e-08,0.014354659
2.589179e-08,0.014319474
2.599179e-08,0.014288597
2.609179e-08,0.01426921
2.619179e-08,0.014264901
2.629179e-08,0.01426921
2.639179e-08,0.014274236
2.649179e-08,0.01426921
2.659179e-08,0.014251976
2.669179e-08,0.014226844
2.679179e-08,0.014203148
2.689179e-08,0.014188787
2.699179e-08,0.014185915
2.709179e-08,0.014189505
2.719179e-08,0.014189505
2.729179e-08,0.014177298
2.739179e-08,0.014149293
2.749179e-08,0.014111954
2.759179e-08,0.014076051
2.769179e-08,0.014050919
2.779179e-08,0.014040866
2.789179e-08,0.014041584
2.799179e-08,0.014040866
2.809179e-08,0.014027941
2.819179e-08,0.013999219
2.829179e-08,0.013958289
2.839179e-08,0.013918078
2.849179e-08,0.013890074
2.859179e-08,0.013882175
2.869179e-08,0.013892946
2.879179e-08,0.013910897
2.889179e-08,0.01392454
2.899179e-08,0.013923822
2.909179e-08,0.013905871
2.919179e-08,0.01387643
2.929179e-08,0.013844118
2.939179e-08,0.013816113
2.949179e-08,0.013794571
2.959179e-08,0.013778774
2.969179e-08,0.013763695
2.979179e-08,0.013747179
2.989179e-08,0.013730664
2.999179e-08,0.013716303
3.009179e-08,0.01370625
3.019179e-08,0.013699787
3.029179e-08,0.013691889
3.039179e-08,0.013676091
3.049179e-08,0.013648805
3.059179e-08,0.013611466
3.069179e-08,0.013572691
3.079179e-08,0.013541096
3.089179e-08,0.013522426
3.099179e-08,0.013516682
3.109179e-08,0.013515964
3.119179e-08,0.013508783
3.129179e-08,0.01348796
3.139179e-08,0.013452775
3.149179e-08,0.013410409
3.159179e-08,0.01337307
3.169179e-08,0.013350092
3.179179e-08,0.013343629
3.189179e-08,0.013346502
3.199179e-08,0.013347938
3.209179e-08,0.013338603
3.219179e-08,0.013315625
3.229179e-08,0.013285466
3.239179e-08,0.013259616
3.249179e-08,0.013246691
3.259179e-08,0.013249563
3.269179e-08,0.013262489
3.279179e-08,0.013272541
3.289179e-08,0.013269669
3.299179e-08,0.013252436
3.309179e-08,0.013226585
3.319179e-08,0.013205762
3.329179e-08,0.013200735
3.339179e-08,0.013214378
3.349179e-08,0.013238074
3.359179e-08,0.013257462
3.369179e-08,0.01325818
3.379179e-08,0.013234484
3.389179e-08,0.013191401
3.399179e-08,0.013144009
3.409179e-08,0.013108824
3.419179e-08,0.013095898
3.429179e-08,0.013105233
3.439179e-08,0.013125339
3.449179e-08,0.01314329
3.459179e-08,0.013147599
3.469179e-08,0.013136828
3.479179e-08,0.013116722
3.489179e-08,0.013097335
3.499179e-08,0.013085128
3.509179e-08,0.013081537
3.519179e-08,0.013080101
3.529179e-08,0.013074357
3.539179e-08,0.013058559
3.549179e-08,0.013032709
3.559179e-08,0.013005423
3.569179e-08,0.012982445
3.579179e-08,0.012968802
3.589179e-08,0.012963057
3.599179e-08,0.012958749
3.609179e-08,0.012947978
3.619179e-08,0.01292859
3.629179e-08,0.01290274
3.639179e-08,0.012879762
3.649179e-08,0.012867555
3.659179e-08,0.012868273
3.669179e-08,0.012879044
3.679179e-08,0.012889815
3.689179e-08,0.012890533
3.699179e-08,0.01287689
3.709179e-08,0.012850322
3.719179e-08,0.012821599
3.729179e-08,0.012798621
3.739179e-08,0.01278785
3.749179e-08,0.01278785
3.759179e-08,0.012790723
3.769179e-08,0.012787132
3.779179e-08,0.012772053
3.789179e-08,0.012746203
3.799179e-08,0.01271748
3.809179e-08,0.012695221
3.819179e-08,0.01268445
3.829179e-08,0.012683732
3.839179e-08,0.012686604
3.849179e-08,0.012683732
3.859179e-08,0.01266937
3.869179e-08,0.01264352
3.879179e-08,0.012611207
3.889179e-08,0.012580331
3.899179e-08,0.012555917
3.909179e-08,0.012537965
3.919179e-08,0.012520732
3.929179e-08,0.012499908
3.939179e-08,0.012471186
3.949179e-08,0.012436719
3.959179e-08,0.012402252
3.969179e-08,0.012373529
3.979179e-08,0.012354142
3.989179e-08,0.012341217
3.999179e-08,0.012331164
4.009179e-08,0.012316085
4.019179e-08,0.012293825
4.029179e-08,0.01226582
4.039179e-08,0.012237098
4.049179e-08,0.012212684
4.059179e-08,0.012194732
4.069179e-08,0.012179653
4.079179e-08,0.012164574
4.089179e-08,0.01214375
4.099179e-08,0.012117182
4.109179e-08,0.012089177
4.119179e-08,0.012066199
4.129179e-08,0.012051838
4.139179e-08,0.012046812
4.149179e-08,0.012044658
4.159179e-08,0.012036759
4.169179e-08,0.012017371
4.179179e-08,0.011985777
4.189179e-08,0.011947719
4.199179e-08,0.011913253
4.209179e-08,0.011890993
4.219179e-08,0.011883094
4.229179e-08,0.01188453
4.239179e-08,0.011885966
4.249179e-08,0.011879504
4.259179e-08,0.011861552
4.269179e-08,0.01183642
4.279179e-08,0.011812724
4.289179e-08,0.011799081
4.299179e-08,0.011797645
4.309179e-08,0.011804107
4.319179e-08,0.011807698
4.329179e-08,0.011799081
4.339179e-08,0.011773949
4.349179e-08,0.011735892
4.359179e-08,0.011694962
4.369179e-08,0.011661213
4.379179e-08,0.011641826
4.389179e-08,0.011636081
4.399179e-08,0.011638235
4.409179e-08,0.011638235
4.419179e-08,0.011631773
4.429179e-08,0.01161813
4.439179e-08,0.01160305
4.449179e-08,0.011592279
4.459179e-08,0.011588689
4.469179e-08,0.011590125
4.479179e-08,0.011590125
4.489179e-08,0.01158079
4.499179e-08,0.011559967
4.509179e-08,0.011530526
4.519179e-08,0.011500368
4.529179e-08,0.01147739
4.539179e-08,0.011465183
4.549179e-08,0.01146231
4.559179e-08,0.011460874
4.569179e-08,0.011454412
4.579179e-08,0.011437178
4.589179e-08,0.011412046
4.599179e-08,0.011384042
4.609179e-08,0.0113625
4.619179e-08,0.011351729
4.629179e-08,0.011351011
4.639179e-08,0.011356756
4.649179e-08,0.0113625
4.659179e-08,0.0113625
4.669179e-08,0.011356037
4.679179e-08,0.01134383
4.689179e-08,0.011328033
4.699179e-08,0.011307927
4.709179e-08,0.011282795
4.719179e-08,0.011250483
4.729179e-08,0.011213143
4.739179e-08,0.011175804
4.749179e-08,0.011147082
4.759179e-08,0.011135593
4.769179e-08,0.01114421
4.779179e-08,0.011169342
4.789179e-08,0.011198782
4.799179e-08,0.011220324
4.809179e-08,0.011224632
4.819179e-08,0.011210989
4.829179e-08,0.011185857
4.839179e-08,0.011160007
4.849179e-08,0.01114421
4.859179e-08,0.011139901
4.869179e-08,0.011141337
4.879179e-08,0.011141337
4.889179e-08,0.011132721
4.899179e-08,0.011114769
4.909179e-08,0.011095381
4.919179e-08,0.011083892
4.929179e-08,0.011086765
4.939179e-08,0.011103998
4.949179e-08,0.011124822
4.959179e-08,0.011138465
4.969179e-08,0.011132721
4.979179e-08,0.01110687
4.989179e-08,0.011068813
4.999179e-08,0.011031474
5.009179e-08,0.011006342
5.019179e-08,0.010997007
5.029179e-08,0.010997007
5.039179e-08,0.010995571
5.049179e-08,0.010983364
5.059179e-08,0.010956078
5.069179e-08,0.010920893
5.079179e-08,0.01088858
5.089179e-08,0.010868474
5.099179e-08,0.010864166
5.109179e-08,0.010868474
5.119179e-08,0.01086991
5.129179e-08,0.010856985
5.139179e-08,0.010827545
5.149179e-08,0.010786615
5.159179e-08,0.010747122
5.169179e-08,0.010719118
5.179179e-08,0.010705474
5.189179e-08,0.010699012
5.199179e-08,0.010688241
5.209179e-08,0.010661673
5.219179e-08,0.010617871
5.229179e-08,0.010565453
5.239179e-08,0.010518061
5.249179e-08,0.010489338
5.259179e-08,0.010484312
5.269179e-08,0.010495083
5.279179e-08,0.010505854
5.289179e-08,0.010500827
5.299179e-08,0.010471387
5.309179e-08,0.010420404
5.319179e-08,0.010360087
5.329179e-08,0.010305515
5.339179e-08,0.010266021
5.349179e-08,0.010241607
5.359179e-08,0.010224374
5.369179e-08,0.010202114
5.379179e-08,0.010169801
5.389179e-08,0.010130308
5.399179e-08,0.010091533
5.409179e-08,0.010064246
5.419179e-08,0.010053475
5.429179e-08,0.010054912
5.439179e-08,0.010058502
5.449179e-08,0.010052757
5.459179e-08,0.010031934
5.469179e-08,0.0099996209
5.479179e-08,0.0099644359
5.489179e-08,0.0099378676
5.499179e-08,0.0099256606
5.509179e-08,0.0099256606
5.519179e-08,0.0099292509
5.529179e-08,0.0099263787
5.539179e-08,0.0099120175
5.549179e-08,0.0098890395
5.559179e-08,0.0098639074
5.569179e-08,0.0098459559
5.579179e-08,0.0098387753
5.589179e-08,0.0098394933
5.599179e-08,0.0098409295
5.609179e-08,0.0098344669
5.619179e-08,0.0098186696
5.629179e-08,0.0097992819
5.639179e-08,0.0097827665
5.649179e-08,0.0097770221
5.659179e-08,0.0097806124
5.669179e-08,0.0097863568
5.679179e-08,0.0097798943
5.689179e-08,0.0097540441
5.699179e-08,0.0097073702
5.709179e-08,0.0096506434
5.719179e-08,0.0096003791
5.729179e-08,0.0095702206
5.739179e-08,0.0095651942
5.749179e-08,0.0095774012
5.759179e-08,0.0095924805
5.769179e-08,0.0095931985
5.779179e-08,0.0095716567
5.789179e-08,0.0095314453
5.799179e-08,0.0094840533
5.809179e-08,0.0094438419
5.819179e-08,0.0094194278
5.829179e-08,0.0094086569
5.839179e-08,0.0094021944
5.849179e-08,0.0093863971
5.859179e-08,0.0093555205
5.869179e-08,0.0093110007
5.879179e-08,0.0092636087
5.889179e-08,0.0092255515
5.899179e-08,0.0092047277
5.909179e-08,0.0092011374
5.919179e-08,0.0092040097
5.929179e-08,0.0092025735
5.939179e-08,0.0091889304
5.949179e-08,0.0091623621
5.959179e-08,0.0091293313
5.969179e-08,0.0090991728
5.979179e-08,0.009078349
5.989179e-08,0.009066142
5.999179e-08,0.0090560892
6.009179e-08,0.0090417279
6.019179e-08,0.0090180319
6.029179e-08,0.0089864373
6.039179e-08,0.0089541245
6.049179e-08,0.0089268382
6.059179e-08,0.0089081687
6.069179e-08,0.0088959616
6.079179e-08,0.0088844727
6.089179e-08,0.0088693934
6.099179e-08,0.0088492877
6.109179e-08,0.008829182
6.119179e-08,0.0088155388
6.129179e-08,0.0088119485
6.139179e-08,0.0088155388
6.149179e-08,0.0088184111
6.159179e-08,0.0088076402
6.169179e-08,0.0087774816
6.179179e-08,0.0087293716
6.189179e-08,0.0086747989
6.199179e-08,0.0086295611
6.209179e-08,0.0086051471
6.219179e-08,0.0086037109
6.229179e-08,0.008616636
6.239179e-08,0.0086295611
6.249179e-08,0.008628125
6.259179e-08,0.0086080193
6.269179e-08,0.0085749885
6.279179e-08,0.0085426758
6.289179e-08,0.0085247243
6.299179e-08,0.0085254423
6.309179e-08,0.0085383674
6.319179e-08,0.0085505744
6.329179e-08,0.0085477022
6.339179e-08,0.0085240062
6.349179e-08,0.0084845129
6.359179e-08,0.0084414292
6.369179e-08,0.0084098346
6.379179e-08,0.0083976275
6.389179e-08,0.008403372
6.399179e-08,0.008415579
6.409179e-08,0.0084213235
6.419179e-08,0.0084119887
6.429179e-08,0.0083882927
6.439179e-08,0.0083574161
6.449179e-08,0.0083294118
6.459179e-08,0.0083100241
6.469179e-08,0.0082985352
6.479179e-08,0.0082884823
6.489179e-08,0.0082719669
6.499179e-08,0.0082461167
6.509179e-08,0.0082166762
6.519179e-08,0.0081915441
6.529179e-08,0.0081800551
6.539179e-08,0.0081850816
6.549179e-08,0.0081994428
6.559179e-08,0.0082130859
6.569179e-08,0.0082145221
6.579179e-08,0.0081994428
6.589179e-08,0.0081714384
6.599179e-08,0.0081419979
6.609179e-08,0.0081226103
6.619179e-08,0.0081175839
6.629179e-08,0.0081226103
6.639179e-08,0.0081276367
6.649179e-08,0.0081226103
6.659179e-08,0.0081025046
6.669179e-08,0.008071628
6.679179e-08,0.0080407514
6.689179e-08,0.0080192096
6.699179e-08,0.0080134651
6.709179e-08,0.0080199276
6.719179e-08,0.0080285443
6.729179e-08,0.0080306985
6.739179e-08,0.0080206457
6.749179e-08,0.0080019761
6.759179e-08,0.0079833065
6.769179e-08,0.0079732537
6.779179e-08,0.0079754079
6.789179e-08,0.0079861788
6.799179e-08,0.0079962316
6.809179e-08,0.0079962316
6.819179e-08,0.0079840246
6.829179e-08,0.0079646369
6.839179e-08,0.0079459674
6.849179e-08,0.0079387868
6.859179e-08,0.0079445312
6.869179e-08,0.0079581744
6.879179e-08,0.0079703814
6.889179e-08,0.0079732537
6.899179e-08,0.0079639189
6.909179e-08,0.0079474035
6.919179e-08,0.0079330423
6.929179e-08,0.0079272978
6.939179e-08,0.007929452
6.949179e-08,0.0079330423
6.959179e-08,0.0079265797
6.969179e-08,0.0079043199
6.979179e-08,0.0078684168
6.989179e-08,0.0078303596
6.999179e-08,0.0078045094
7.009179e-08,0.0078009191
7.019179e-08,0.0078181526
7.029179e-08,0.0078447208
7.039179e-08,0.0078626723
7.049179e-08,0.007858364
7.059179e-08,0.0078289235
7.069179e-08,0.0077851218
7.079179e-08,0.0077434743
7.089179e-08,0.0077204963
7.099179e-08,0.0077197783
7.109179e-08,0.0077327034
7.119179e-08,0.0077420381
7.129179e-08,0.0077319853
7.139179e-08,0.0076968003
7.149179e-08,0.0076443819
7.159179e-08,0.0075926815
7.169179e-08,0.0075596507
7.179179e-08,0.0075539062
7.189179e-08,0.0075704216
7.199179e-08,0.0075933996
7.209179e-08,0.0076056066
7.219179e-08,0.0075955538
7.229179e-08,0.0075653952
7.239179e-08,0.0075251838
7.249179e-08,0.0074907169
7.259179e-08,0.0074706112
7.269179e-08,0.0074648667
7.279179e-08,0.0074641487
7.289179e-08,0.00745625
7.299179e-08,0.0074347082
7.309179e-08,0.0074016774
7.319179e-08,0.0073672105
7.329179e-08,0.0073413603
7.339179e-08,0.0073298713
7.349179e-08,0.0073305894
7.359179e-08,0.0073341797
7.369179e-08,0.0073298713
7.379179e-08,0.007314074
7.389179e-08,0.0072896599
7.399179e-08,0.0072652459
7.409179e-08,0.0072494485
7.419179e-08,0.007242986
7.429179e-08,0.0072401137
7.439179e-08,0.0072293428
7.449179e-08,0.0072034926
7.459179e-08,0.0071618451
7.469179e-08,0.0071144531
7.479179e-08,0.0070749598
7.489179e-08,0.007054136
7.499179e-08,0.0070548541
7.509179e-08,0.0070684972
7.519179e-08,0.0070799862
7.529179e-08,0.007077114
7.539179e-08,0.0070562902
7.549179e-08,0.0070254136
7.559179e-08,0.0069974092
7.569179e-08,0.0069852022
7.579179e-08,0.0069909467
7.589179e-08,0.007006026
7.599179e-08,0.0070160788
7.609179e-08,0.0070081801
7.619179e-08,0.0069801758
7.629179e-08,0.0069414005
7.639179e-08,0.0069076517
7.649179e-08,0.0068932904
7.659179e-08,0.0069019072
7.669179e-08,0.0069248851
7.679179e-08,0.0069457089
7.689179e-08,0.0069507353
7.699179e-08,0.006934938
7.709179e-08,0.0069062155
7.719179e-08,0.0068796473
7.729179e-08,0.0068703125
7.739179e-08,0.0068796473
7.749179e-08,0.0068983169
7.759179e-08,0.0069083697
7.769179e-08,0.0068932904
7.779179e-08,0.0068502068
7.789179e-08,0.0067906078
7.799179e-08,0.0067360352
7.809179e-08,0.0067094669
7.819179e-08,0.0067195198
7.829179e-08,0.006758295
7.839179e-08,0.006804969
7.849179e-08,0.0068358456
7.859179e-08,0.0068351275
7.869179e-08,0.0068035329
7.879179e-08,0.0067554228
7.889179e-08,0.0067094669
7.899179e-08,0.0066814625
7.909179e-08,0.0066735639
7.919179e-08,0.0066757181
7.929179e-08,0.006675
7.939179e-08,0.0066599207
7.949179e-08,0.0066304802
7.959179e-08,0.0065967314
7.969179e-08,0.0065715993
7.979179e-08,0.0065651367
7.989179e-08,0.0065773437
7.999179e-08,0.0065996036
8.009179e-08,0.0066175551
8.019179e-08,0.0066225816
8.029179e-08,0.0066139648
8.039179e-08,0.0065974494
8.049179e-08,0.0065830882
8.059179e-08,0.0065759076
8.069179e-08,0.0065730354
8.079179e-08,0.0065672909
8.089179e-08,0.0065486213
8.099179e-08,0.0065141544
8.109179e-08,0.0064696347
8.119179e-08,0.006426551
8.129179e-08,0.0063992647
8.139179e-08,0.0063935202
8.149179e-08,0.0064057273
8.159179e-08,0.0064236788
8.169179e-08,0.0064337316
8.179179e-08,0.0064272691
8.189179e-08,0.0064057273
8.199179e-08,0.0063770048
8.209179e-08,0.0063533088
8.219179e-08,0.0063411018
8.229179e-08,0.0063389476
8.239179e-08,0.0063389476
8.249179e-08,0.0063303309
8.259179e-08,0.006308071
8.269179e-08,0.0062750402
8.279179e-08,0.0062405733
8.289179e-08,0.0062154412
8.299179e-08,0.0062061064
8.309179e-08,0.0062089786
8.319179e-08,0.0062161592
8.329179e-08,0.0062154412
8.339179e-08,0.00620108
8.349179e-08,0.0061745117
8.359179e-08,0.0061450712
8.369179e-08,0.0061235294
8.379179e-08,0.0061163488
8.389179e-08,0.0061220933
8.399179e-08,0.0061314281
8.409179e-08,0.0061350184
8.419179e-08,0.0061249655
8.429179e-08,0.0061027057
8.439179e-08,0.0060761374
8.449179e-08,0.0060545956
8.459179e-08,0.0060452608
8.469179e-08,0.006048133
8.479179e-08,0.0060574678
8.489179e-08,0.0060660846
8.499179e-08,0.0060682387
8.509179e-08,0.0060646484
8.519179e-08,0.0060581859
8.529179e-08,0.0060545956
8.539179e-08,0.0060545956
8.549179e-08,0.0060553136
8.559179e-08,0.0060495692
8.569179e-08,0.0060316176
8.579179e-08,0.0060021772
8.589179e-08,0.0059662741
8.599179e-08,0.0059346795
8.609179e-08,0.0059167279
8.619179e-08,0.0059145738
8.629179e-08,0.0059239085
8.639179e-08,0.0059353975
8.649179e-08,0.0059397059
8.659179e-08,0.0059318072
8.669179e-08,0.0059145738
8.679179e-08,0.0058951861
8.689179e-08,0.005882261
8.699179e-08,0.0058786707
8.709179e-08,0.0058801068
8.719179e-08,0.0058801068
8.729179e-08,0.0058707721
8.739179e-08,0.0058499483
8.749179e-08,0.0058219439
8.759179e-08,0.0057960938
8.769179e-08,0.0057788603
8.779179e-08,0.0057731158
8.789179e-08,0.0057731158
8.799179e-08,0.0057695255
8.809179e-08,0.0057558824
8.819179e-08,0.0057300322
8.829179e-08,0.0056991556
8.839179e-08,0.0056733054
8.849179e-08,0.0056639706
8.859179e-08,0.0056725873
8.869179e-08,0.0056912569
8.879179e-08,0.0057084903
8.889179e-08,0.0057099265
8.899179e-08,0.0056905388
8.909179e-08,0.0056539177
8.919179e-08,0.0056137063
8.929179e-08,0.0055835478
8.939179e-08,0.0055720588
8.949179e-08,0.0055792394
8.959179e-08,0.0055950368
8.969179e-08,0.0056065257
8.979179e-08,0.0056043716
8.989179e-08,0.005585702
8.999179e-08,0.0055562615
9.009179e-08,0.0055261029
9.019179e-08,0.0055016889
9.029179e-08,0.0054858915
9.039179e-08,0.0054729665
9.049179e-08,0.0054571691
9.059179e-08,0.0054334731
9.069179e-08,0.0054033146
9.079179e-08,0.0053738741
9.089179e-08,0.0053537684
9.099179e-08,0.00534946
9.109179e-08,0.0053587948
9.119179e-08,0.0053753102
9.129179e-08,0.0053882353
9.139179e-08,0.0053882353
9.149179e-08,0.005373156
9.159179e-08,0.0053473058
9.169179e-08,0.0053193015
9.179179e-08,0.0052963235
9.189179e-08,0.0052805262
9.199179e-08,0.0052711914
9.209179e-08,0.0052618566
9.219179e-08,0.0052474954
9.229179e-08,0.0052259536
9.239179e-08,0.0052022576
9.249179e-08,0.0051814338
9.259179e-08,0.0051699449
9.269179e-08,0.0051685087
9.279179e-08,0.0051749713
9.289179e-08,0.0051814338
9.299179e-08,0.0051814338
9.309179e-08,0.005171381
9.319179e-08,0.0051505572
9.329179e-08,0.005123989
9.339179e-08,0.0050952665
9.349179e-08,0.0050686983
9.359179e-08,0.0050442842
9.369179e-08,0.0050205882
9.379179e-08,0.0049968922
9.389179e-08,0.0049717601
9.399179e-08,0.0049487822
9.409179e-08,0.0049286765
9.419179e-08,0.0049143153
9.429179e-08,0.0049049805
9.439179e-08,0.004899236
9.449179e-08,0.0048942096
9.459179e-08,0.0048863109
9.469179e-08,0.004876258
9.479179e-08,0.0048626149
9.489179e-08,0.0048482537
9.499179e-08,0.0048338925
9.509179e-08,0.0048202493
9.519179e-08,0.0048058881
9.529179e-08,0.0047908088
9.539179e-08,0.0047757295
9.549179e-08,0.0047620864
9.559179e-08,0.0047513155
9.569179e-08,0.0047448529
9.579179e-08,0.0047405446
9.589179e-08,0.0047369543
9.599179e-08,0.0047312098
9.609179e-08,0.004721875
9.619179e-08,0.004709668
9.629179e-08,0.0046967429
9.639179e-08,0.0046852539
9.649179e-08,0.0046759191
9.659179e-08,0.0046658663
9.669179e-08,0.0046500689
9.679179e-08,0.004627091
9.689179e-08,0.0045954963
9.699179e-08,0.0045588752
9.709179e-08,0.0045244083
9.719179e-08,0.004497122
9.729179e-08,0.0044806066
9.739179e-08,0.0044712718
9.749179e-08,0.0044633732
9.759179e-08,0.0044482939
9.769179e-08,0.0044231618
9.779179e-08,0.0043894129
9.789179e-08,0.0043535099
9.799179e-08,0.0043240694
9.809179e-08,0.0043082721
9.819179e-08,0.0043046818
9.829179e-08,0.0043061179
9.839179e-08,0.0043025276
9.849179e-08,0.0042852941
9.859179e-08,0.0042529814
9.869179e-08,0.0042098977
9.879179e-08,0.0041675322
9.889179e-08,0.0041359375
9.899179e-08,0.0041201402
9.909179e-08,0.0041194221
9.919179e-08,0.0041237305
9.929179e-08,0.0041244485
9.939179e-08,0.0041143957
9.949179e-08,0.0040935719
9.959179e-08,0.0040670037
9.969179e-08,0.0040440257
9.979179e-08,0.0040303826
9.989179e-08,0.0040275103
9.999179e-08,0.0040311006
1.000918e-07,0.0040325368
1.001918e-07,0.0040260742
1.002918e-07,0.0040095588
1.003918e-07,0.0039865809
1.004918e-07,0.0039636029
1.005918e-07,0.0039470875
1.006918e-07,0.0039413431
1.007918e-07,0.0039442153
1.008918e-07,0.003952114
1.009918e-07,0.0039600126
1.010918e-07,0.003964321
1.011918e-07,0.0039650391
1.012918e-07,0.0039636029
1.013918e-07,0.0039614488
1.014918e-07,0.0039600126
1.015918e-07,0.0039578585
1.016918e-07,0.003952114
1.017918e-07,0.0039420611
1.018918e-07,0.0039269818
1.019918e-07,0.0039104665
1.020918e-07,0.0038946691
1.021918e-07,0.0038824621
1.022918e-07,0.0038738454
1.023918e-07,0.0038673828
1.024918e-07,0.0038602022
1.025918e-07,0.0038501494
1.026918e-07,0.0038365062
1.027918e-07,0.0038199908
1.028918e-07,0.0038027574
1.029918e-07,0.00378696
1.030918e-07,0.003774753
1.031918e-07,0.0037647001
1.032918e-07,0.0037568015
1.033918e-07,0.003751057
1.034918e-07,0.0037481847
1.035918e-07,0.0037460306
1.036918e-07,0.0037453125
1.037918e-07,0.0037431583
1.038918e-07,0.0037374138
1.039918e-07,0.0037259249
1.040918e-07,0.0037108456
1.041918e-07,0.0036943302
1.042918e-07,0.0036792509
1.043918e-07,0.0036699161
1.044918e-07,0.0036648897
1.045918e-07,0.0036612994
1.046918e-07,0.0036526827
1.047918e-07,0.0036347312
1.048918e-07,0.0036074449
1.049918e-07,0.003573696
1.050918e-07,0.0035406652
1.051918e-07,0.0035162511
1.052918e-07,0.0035040441
1.053918e-07,0.0035018899
1.054918e-07,0.0035040441
1.055918e-07,0.003502608
1.056918e-07,0.0034925551
1.057918e-07,0.0034738856
1.058918e-07,0.0034516257
1.059918e-07,0.0034329561
1.060918e-07,0.0034236213
1.061918e-07,0.0034229033
1.062918e-07,0.0034250574
1.063918e-07,0.0034236213
1.064918e-07,0.0034121324
1.065918e-07,0.0033913086
1.066918e-07,0.0033668945
1.067918e-07,0.003348225
1.068918e-07,0.0033431985
1.069918e-07,0.0033539694
1.070918e-07,0.0033769474
1.071918e-07,0.0034027976
1.072918e-07,0.0034236213
1.073918e-07,0.0034336742
1.074918e-07,0.0034336742
1.075918e-07,0.0034279297
1.076918e-07,0.0034236213
1.077918e-07,0.0034221852
1.078918e-07,0.0034229033
1.079918e-07,0.0034207491
1.080918e-07,0.0034121324
1.081918e-07,0.003395617
1.082918e-07,0.0033762293
1.083918e-07,0.003360432
1.084918e-07,0.0033546875
1.085918e-07,0.003360432
1.086918e-07,0.003372639
1.087918e-07,0.0033855641
1.088918e-07,0.0033891544
1.089918e-07,0.0033812557
1.090918e-07,0.0033647403
1.091918e-07,0.0033453527
1.092918e-07,0.0033317096
1.093918e-07,0.0033266831
1.094918e-07,0.0033274012
1.095918e-07,0.0033274012
1.096918e-07,0.0033202206
1.097918e-07,0.003301551
1.098918e-07,0.0032742647
1.099918e-07,0.0032469784
1.100918e-07,0.0032283088
1.101918e-07,0.0032247185
1.102918e-07,0.0032340533
1.103918e-07,0.0032505687
1.104918e-07,0.0032627757
1.105918e-07,0.0032627757
1.106918e-07,0.0032484145
1.107918e-07,0.0032225643
1.108918e-07,0.0031938419
1.109918e-07,0.0031694278
1.110918e-07,0.0031529125
1.111918e-07,0.0031435777
1.112918e-07,0.0031363971
1.113918e-07,0.0031270623
1.114918e-07,0.0031134191
1.115918e-07,0.0030961857
1.116918e-07,0.0030789522
1.117918e-07,0.0030660271
1.118918e-07,0.0030595646
1.119918e-07,0.0030574104
1.120918e-07,0.0030559743
1.121918e-07,0.0030516659
1.122918e-07,0.0030423311
1.123918e-07,0.0030279699
1.124918e-07,0.0030100184
1.125918e-07,0.0029920669
1.126918e-07,0.0029762695
1.127918e-07,0.0029626264
1.128918e-07,0.0029525735
1.129918e-07,0.0029446749
1.130918e-07,0.0029389304
1.131918e-07,0.002933904
1.132918e-07,0.0029295956
1.133918e-07,0.0029238511
1.134918e-07,0.0029159524
1.135918e-07,0.0029051815
1.136918e-07,0.0028951287
1.137918e-07,0.0028879481
1.138918e-07,0.0028879481
1.139918e-07,0.0028951287
1.140918e-07,0.0029066176
1.141918e-07,0.0029152344
1.142918e-07,0.0029130802
1.143918e-07,0.0028944106
1.144918e-07,0.0028606618
1.145918e-07,0.0028190142
1.146918e-07,0.0027795209
1.147918e-07,0.0027536707
1.148918e-07,0.0027457721
1.149918e-07,0.0027522346
1.150918e-07,0.0027630055
1.151918e-07,0.0027673139
1.152918e-07,0.002757261
1.153918e-07,0.002733565
1.154918e-07,0.0027026884
1.155918e-07,0.002673966
1.156918e-07,0.0026538603
1.157918e-07,0.0026438074
1.158918e-07,0.002638063
1.159918e-07,0.002627292
1.160918e-07,0.0026079044
1.161918e-07,0.0025799
1.162918e-07,0.0025504596
1.163918e-07,0.0025310719
1.164918e-07,0.0025274816
1.165918e-07,0.0025404067
1.166918e-07,0.0025619485
1.167918e-07,0.0025799
1.168918e-07,0.0025849265
1.169918e-07,0.0025748736
1.170918e-07,0.0025547679
1.171918e-07,0.0025360983
1.172918e-07,0.0025274816
1.173918e-07,0.002532508
1.174918e-07,0.0025447151
1.175918e-07,0.0025540499
1.176918e-07,0.0025504596
1.177918e-07,0.0025303539
1.178918e-07,0.0025009134
1.179918e-07,0.0024721909
1.180918e-07,0.0024585478
1.181918e-07,0.0024650103
1.182918e-07,0.0024879883
1.183918e-07,0.0025167107
1.184918e-07,0.0025389706
1.185918e-07,0.0025461512
1.186918e-07,0.0025375345
1.187918e-07,0.002520301
1.188918e-07,0.0025045037
1.189918e-07,0.0024973231
1.190918e-07,0.0024987592
1.191918e-07,0.0025037856
1.192918e-07,0.0025045037
1.193918e-07,0.0024944508
1.194918e-07,0.0024736271
1.195918e-07,0.0024477769
1.196918e-07,0.0024240809
1.197918e-07,0.0024090016
1.198918e-07,0.0024032571
1.199918e-07,0.0024025391
1.200918e-07,0.0024011029
1.201918e-07,0.0023953585
1.202918e-07,0.0023853056
1.203918e-07,0.0023745347
1.204918e-07,0.002366636
1.205918e-07,0.0023623277
1.206918e-07,0.0023594554
1.207918e-07,0.0023508387
1.208918e-07,0.0023321691
1.209918e-07,0.0023027286
1.210918e-07,0.0022682617
1.211918e-07,0.002236667
1.212918e-07,0.0022172794
1.213918e-07,0.0022136891
1.214918e-07,0.0022215878
1.215918e-07,0.0022337948
1.216918e-07,0.0022402574
1.217918e-07,0.0022352309
1.218918e-07,0.0022201517
1.219918e-07,0.002200046
1.220918e-07,0.0021828125
1.221918e-07,0.0021727597
1.222918e-07,0.0021698874
1.223918e-07,0.0021670152
1.224918e-07,0.0021598346
1.225918e-07,0.0021440372
1.226918e-07,0.0021224954
1.227918e-07,0.0021023897
1.228918e-07,0.0020909007
1.229918e-07,0.0020916188
1.230918e-07,0.0021031078
1.231918e-07,0.002117469
1.232918e-07,0.0021253676
1.233918e-07,0.0021210593
1.234918e-07,0.0021045439
1.235918e-07,0.0020801298
1.236918e-07,0.0020564338
1.237918e-07,0.0020399184
1.238918e-07,0.0020327378
1.239918e-07,0.0020327378
1.240918e-07,0.0020334559
1.241918e-07,0.0020313017
1.242918e-07,0.002023403
1.243918e-07,0.0020119141
1.244918e-07,0.001998989
1.245918e-07,0.0019882181
1.246918e-07,0.0019788833
1.247918e-07,0.0019717027
1.248918e-07,0.0019645221
1.249918e-07,0.0019573415
1.250918e-07,0.001952315
1.251918e-07,0.0019508789
1.252918e-07,0.0019530331
1.253918e-07,0.0019566234
1.254918e-07,0.0019566234
1.255918e-07,0.0019487247
1.256918e-07,0.0019300551
1.257918e-07,0.001904205
1.258918e-07,0.0018776367
1.259918e-07,0.001857531
1.260918e-07,0.0018496324
1.261918e-07,0.0018532227
1.262918e-07,0.0018625574
1.263918e-07,0.0018711742
1.264918e-07,0.0018726103
1.265918e-07,0.0018668658
1.266918e-07,0.001857531
1.267918e-07,0.0018510685
1.268918e-07,0.0018496324
1.269918e-07,0.0018532227
1.270918e-07,0.0018560949
1.271918e-07,0.0018517865
1.272918e-07,0.0018381434
1.273918e-07,0.0018173196
1.274918e-07,0.001797932
1.275918e-07,0.0017885972
1.276918e-07,0.0017921875
1.277918e-07,0.0018058307
1.278918e-07,0.0018194738
1.279918e-07,0.0018209099
1.280918e-07,0.0018036765
1.281918e-07,0.0017692096
1.282918e-07,0.001727562
1.283918e-07,0.0016930951
1.284918e-07,0.0016772978
1.285918e-07,0.00168017
1.286918e-07,0.0016938132
1.287918e-07,0.0017045841
1.288918e-07,0.0017002757
1.289918e-07,0.0016787339
1.290918e-07,0.0016471392
1.291918e-07,0.0016191349
1.292918e-07,0.001608364
1.293918e-07,0.0016184168
1.294918e-07,0.0016435489
1.295918e-07,0.001667963
1.296918e-07,0.0016772978
1.297918e-07,0.0016636546
1.298918e-07,0.0016306239
1.299918e-07,0.0015918486
1.300918e-07,0.0015624081
1.301918e-07,0.0015523552
1.302918e-07,0.0015624081
1.303918e-07,0.0015817957
1.304918e-07,0.001596875
1.305918e-07,0.0015954389
1.306918e-07,0.0015760512
1.307918e-07,0.0015458927
1.308918e-07,0.0015164522
1.309918e-07,0.0014992187
1.310918e-07,0.0014992187
1.311918e-07,0.0015121438
1.312918e-07,0.0015279412
1.313918e-07,0.001537994
1.314918e-07,0.001537994
1.315918e-07,0.0015286592
1.316918e-07,0.0015164522
1.317918e-07,0.0015078355
1.318918e-07,0.0015042452
1.319918e-07,0.0015056813
1.320918e-07,0.0015049632
1.321918e-07,0.0014992187
1.322918e-07,0.0014862937
1.323918e-07,0.0014712144
1.324918e-07,0.0014590074
1.325918e-07,0.001454699
1.326918e-07,0.0014597254
1.327918e-07,0.0014704963
1.328918e-07,0.0014819853
1.329918e-07,0.0014884478
1.330918e-07,0.0014877298
1.331918e-07,0.0014805492
1.332918e-07,0.0014704963
1.333918e-07,0.0014597254
1.334918e-07,0.0014496726
1.335918e-07,0.0014389017
1.336918e-07,0.0014245404
1.337918e-07,0.0014058709
1.338918e-07,0.001384329
1.339918e-07,0.0013627872
1.340918e-07,0.0013441176
1.341918e-07,0.0013311926
1.342918e-07,0.0013225758
1.343918e-07,0.0013161133
1.344918e-07,0.0013096507
1.345918e-07,0.0013031882
1.346918e-07,0.0012981618
1.347918e-07,0.0012960076
1.348918e-07,0.0012981618
1.349918e-07,0.0013024701
1.350918e-07,0.0013031882
1.351918e-07,0.0012945715
1.352918e-07,0.0012751838
1.353918e-07,0.0012457433
1.354918e-07,0.0012134306
1.355918e-07,0.0011868624
1.356918e-07,0.0011717831
1.357918e-07,0.0011696289
1.358918e-07,0.0011760915
1.359918e-07,0.0011832721
1.360918e-07,0.0011832721
1.361918e-07,0.0011732192
1.362918e-07,0.0011559858
1.363918e-07,0.0011380342
1.364918e-07,0.0011258272
1.365918e-07,0.0011222369
1.366918e-07,0.0011251091
1.367918e-07,0.0011286994
1.368918e-07,0.0011258272
1.369918e-07,0.0011143382
1.370918e-07,0.0010963867
1.371918e-07,0.0010791533
1.372918e-07,0.0010683824
1.373918e-07,0.0010683824
1.374918e-07,0.0010784352
1.375918e-07,0.0010920784
1.376918e-07,0.0011028493
1.377918e-07,0.0011057215
1.378918e-07,0.001099977
1.379918e-07,0.0010899242
1.380918e-07,0.0010798713
1.381918e-07,0.0010734088
1.382918e-07,0.0010691004
1.383918e-07,0.0010655101
1.384918e-07,0.0010568934
1.385918e-07,0.0010425322
1.386918e-07,0.0010245807
1.387918e-07,0.0010080653
1.388918e-07,0.00099944853
1.389918e-07,0.0010008847
1.390918e-07,0.0010109375
1.391918e-07,0.0010238626
1.392918e-07,0.0010339154
1.393918e-07,0.0010353516
1.394918e-07,0.001028171
1.395918e-07,0.0010145278
1.396918e-07,0.00099944853
1.397918e-07,0.0009872415
1.398918e-07,0.00097934283
1.399918e-07,0.00097288028
1.400918e-07,0.00096498162
1.401918e-07,0.00095421071
1.402918e-07,0.00094056756
1.403918e-07,0.00092764246
1.404918e-07,0.00091902574
1.405918e-07,0.00091687155
1.406918e-07,0.00091902574
1.407918e-07,0.00092117992
1.408918e-07,0.00091902574
1.409918e-07,0.00090825483
1.410918e-07,0.00089102137
1.411918e-07,0.00086947955
1.412918e-07,0.00085009191
1.413918e-07,0.00083644876
1.414918e-07,0.00082783203
1.415918e-07,0.00082280561
1.416918e-07,0.000815625
1.417918e-07,0.00080341797
1.418918e-07,0.00078474839
1.419918e-07,0.00076464269
1.420918e-07,0.00074669118
1.421918e-07,0.00073520221
1.422918e-07,0.0007316119
1.423918e-07,0.00073304802
1.424918e-07,0.00073520221
1.425918e-07,0.00073232996
1.426918e-07,0.00072299517
1.427918e-07,0.00070719784
1.428918e-07,0.00068924632
1.429918e-07,0.00067344899
1.430918e-07,0.00066196002
1.431918e-07,0.00065693359
1.432918e-07,0.00065477941
1.433918e-07,0.00065334329
1.434918e-07,0.00064903493
1.435918e-07,0.00064185432
1.436918e-07,0.00063180147
1.437918e-07,0.00062174862
1.438918e-07,0.00061313189
1.439918e-07,0.00060882353
1.440918e-07,0.00060882353
1.441918e-07,0.00061241383
1.442918e-07,0.00061887638
1.443918e-07,0.00062533892
1.444918e-07,0.00063180147
1.445918e-07,0.00063539177
1.446918e-07,0.0006368279
1.447918e-07,0.00063467371
1.448918e-07,0.00063180147
1.449918e-07,0.00062964729
1.450918e-07,0.00063036535
1.451918e-07,0.00063467371
1.452918e-07,0.00064329044
1.453918e-07,0.00065334329
1.454918e-07,0.00066124196
1.455918e-07,0.00066555032
1.456918e-07,0.00066626838
1.457918e-07,0.00066483226
1.458918e-07,0.0006641142
1.459918e-07,0.00066842256
1.460918e-07,0.00067775735
1.461918e-07,0.00069140051
1.462918e-07,0.0007043256
1.463918e-07,0.00071222426
1.464918e-07,0.00071222426
1.465918e-07,0.00070504366
1.466918e-07,0.00069355469
1.467918e-07,0.00068350184
1.468918e-07,0.00067775735
1.469918e-07,0.00067775735
1.470918e-07,0.00068206572
1.471918e-07,0.00068709214
1.472918e-07,0.00068924632
1.473918e-07,0.00068709214
1.474918e-07,0.00068278378
1.475918e-07,0.00067919347
1.476918e-07,0.00067775735
1.477918e-07,0.00067991153
1.478918e-07,0.00068350184
1.479918e-07,0.00068350184
1.480918e-07,0.00067775735
1.481918e-07,0.00066483226
1.482918e-07,0.00064831687
1.483918e-07,0.00063180147
1.484918e-07,0.0006203125
1.485918e-07,0.00061744026
1.486918e-07,0.00062103056
1.487918e-07,0.00062749311
1.488918e-07,0.00063180147
1.489918e-07,0.00062964729
1.490918e-07,0.0006203125
1.491918e-07,0.00060451517
1.492918e-07,0.00058584559
1.493918e-07,0.00056717601
1.494918e-07,0.00055066062
1.495918e-07,0.00053414522
1.496918e-07,0.00051691176
1.497918e-07,0.00049824219
1.498918e-07,0.00047885455
1.499918e-07,0.00046090303
1.500918e-07,0.00044797794
1.501918e-07,0.00044079733
1.502918e-07,0.00043936121
1.503918e-07,0.00043864315
1.504918e-07,0.00043648897
1.505918e-07,0.00042930836
1.506918e-07,0.00041710133
1.507918e-07,0.00040274012
1.508918e-07,0.00039053309
1.509918e-07,0.00038407054
1.510918e-07,0.00038335248
1.511918e-07,0.00038694278
1.512918e-07,0.00039053309
1.513918e-07,0.00038909697
1.514918e-07,0.00038048024
1.515918e-07,0.0003646829
1.516918e-07,0.00034457721
1.517918e-07,0.00032518957
1.518918e-07,0.00031082835
1.519918e-07,0.00030221163
1.520918e-07,0.00029862132
1.521918e-07,0.00029574908
1.522918e-07,0.00029072266
1.523918e-07,0.00027995175
1.524918e-07,0.00026415441
1.525918e-07,0.00024548483
1.526918e-07,0.00022753332
1.527918e-07,0.00021389017
1.528918e-07,0.00020670956
1.529918e-07,0.00020527344
1.530918e-07,0.00020742762
1.531918e-07,0.0002095818
1.532918e-07,0.00020670956
1.533918e-07,0.00019737477
1.534918e-07,0.00018085938
1.535918e-07,0.00016003562
1.536918e-07,0.00013777574
1.537918e-07,0.0001183881
1.538918e-07,0.00010474494
1.539918e-07,9.6846278e-05
1.540918e-07,9.1819853e-05
1.541918e-07,8.5357307e-05
1.542918e-07,7.4586397e-05
1.543918e-07,5.6634881e-05
1.544918e-07,3.4375e-05
1.545918e-07,1.0678998e-05
1.546918e-07,-8.7086397e-06
1.547918e-07,-2.019761e-05
1.548918e-07,-2.3069853e-05
1.549918e-07,-2.0915671e-05
1.550918e-07,-1.8761489e-05
1.551918e-07,-2.1633732e-05
1.552918e-07,-3.4558824e-05
1.553918e-07,-5.6100643e-05
1.554918e-07,-8.4105009e-05
1.555918e-07,-0.00011282744
1.556918e-07,-0.00013795956
1.557918e-07,-0.00015662914
1.558918e-07,-0.00016955423
1.559918e-07,-0.00017817096
1.560918e-07,-0.00018391544
1.561918e-07,-0.00018822381
1.562918e-07,-0.00018965993
1.563918e-07,-0.00018822381
1.564918e-07,-0.00018391544
1.565918e-07,-0.00017888902
1.566918e-07,-0.00017673483
1.567918e-07,-0.0001810432
1.568918e-07,-0.00019540441
1.569918e-07,-0.00021838235
1.570918e-07,-0.00024710478
1.571918e-07,-0.00027510915
1.572918e-07,-0.00029880515
1.573918e-07,-0.00031460248
1.574918e-07,-0.00032393727
1.575918e-07,-0.00032896369
1.576918e-07,-0.00033327206
1.577918e-07,-0.00033829848
1.578918e-07,-0.00034260685
1.579918e-07,-0.00034547909
1.580918e-07,-0.00034476103
1.581918e-07,-0.0003397346
1.582918e-07,-0.00033399012
1.583918e-07,-0.00033039982
1.584918e-07,-0.00033327206
1.585918e-07,-0.00034332491
1.586918e-07,-0.0003598403
1.587918e-07,-0.00037707376
1.588918e-07,-0.00039071691
1.589918e-07,-0.00039717946
1.590918e-07,-0.00039574334
1.591918e-07,-0.00038784467
1.592918e-07,-0.00037922794
1.593918e-07,-0.0003727654
1.594918e-07,-0.00037061121
1.595918e-07,-0.0003727654
1.596918e-07,-0.00037922794
1.597918e-07,-0.00038712661
1.598918e-07,-0.0003964614
1.599918e-07,-0.00040507812
1.600918e-07,-0.00041369485
1.601918e-07,-0.00042087546
1.602918e-07,-0.00042590188
1.603918e-07,-0.00042733801
1.604918e-07,-0.00042518382
1.605918e-07,-0.0004201574
1.606918e-07,-0.00041441291
1.607918e-07,-0.00041154067
1.608918e-07,-0.00041369485
1.609918e-07,-0.0004201574
1.610918e-07,-0.00042805607
1.611918e-07,-0.00043451861
1.612918e-07,-0.00043667279
1.613918e-07,-0.00043308249
1.614918e-07,-0.00042590188
1.615918e-07,-0.00041800322
1.616918e-07,-0.00041369485
1.617918e-07,-0.00041513097
1.618918e-07,-0.00042087546
1.619918e-07,-0.00042949219
1.620918e-07,-0.00043667279
1.621918e-07,-0.00044098116
1.622918e-07,-0.00044098116
1.623918e-07,-0.00043882698
1.624918e-07,-0.00043667279
1.625918e-07,-0.00043595473
1.626918e-07,-0.00043739085
1.627918e-07,-0.00044169922
1.628918e-07,-0.00044816176
1.629918e-07,-0.00045749655
1.630918e-07,-0.00046970358
1.631918e-07,-0.00048621898
1.632918e-07,-0.00050560662
1.633918e-07,-0.00052499426
1.634918e-07,-0.00054150965
1.635918e-07,-0.00055084444
1.636918e-07,-0.0005515625
1.637918e-07,-0.00054509995
1.638918e-07,-0.00053576517
1.639918e-07,-0.00052858456
1.640918e-07,-0.00052858456
1.641918e-07,-0.00053576517
1.642918e-07,-0.00054940832
1.643918e-07,-0.00056305147
1.644918e-07,-0.00057454044
1.645918e-07,-0.00058028493
1.646918e-07,-0.00058243911
1.647918e-07,-0.00058315717
1.648918e-07,-0.00058602941
1.649918e-07,-0.00059392808
1.650918e-07,-0.00060613511
1.651918e-07,-0.00061977826
1.652918e-07,-0.00063198529
1.653918e-07,-0.00064132008
1.654918e-07,-0.00064850069
1.655918e-07,-0.0006556813
1.656918e-07,-0.00066645221
1.657918e-07,-0.00068153148
1.658918e-07,-0.000699483
1.659918e-07,-0.00071887063
1.660918e-07,-0.00073538603
1.661918e-07,-0.00074759306
1.662918e-07,-0.00075549173
1.663918e-07,-0.00076195427
1.664918e-07,-0.00076985294
1.665918e-07,-0.00078134191
1.666918e-07,-0.00079642119
1.667918e-07,-0.00081221852
1.668918e-07,-0.00082729779
1.669918e-07,-0.00083878676
1.670918e-07,-0.00084740349
1.671918e-07,-0.0008545841
1.672918e-07,-0.00086176471
1.673918e-07,-0.00087109949
1.674918e-07,-0.00088258847
1.675918e-07,-0.00089551356
1.676918e-07,-0.00090772059
1.677918e-07,-0.00091920956
1.678918e-07,-0.00092998047
1.679918e-07,-0.00094075138
1.680918e-07,-0.00095367647
1.681918e-07,-0.00096731962
1.682918e-07,-0.00098096278
1.683918e-07,-0.00099245175
1.684918e-07,-0.00099963235
1.685918e-07,-0.0010039407
1.686918e-07,-0.0010089671
1.687918e-07,-0.0010175839
1.688918e-07,-0.0010340993
1.689918e-07,-0.0010592314
1.690918e-07,-0.0010893899
1.691918e-07,-0.0011217027
1.692918e-07,-0.001148989
1.693918e-07,-0.0011690947
1.694918e-07,-0.0011813017
1.695918e-07,-0.0011884823
1.696918e-07,-0.0011949449
1.697918e-07,-0.0012042796
1.698918e-07,-0.0012164867
1.699918e-07,-0.0012294118
1.700918e-07,-0.0012409007
1.701918e-07,-0.0012466452
1.702918e-07,-0.0012466452
1.703918e-07,-0.001243773
1.704918e-07,-0.0012409007
1.705918e-07,-0.0012430549
1.706918e-07,-0.0012523897
1.707918e-07,-0.001268187
1.708918e-07,-0.0012868566
1.709918e-07,-0.0013040901
1.710918e-07,-0.0013170152
1.711918e-07,-0.0013220416
1.712918e-07,-0.0013213235
1.713918e-07,-0.0013170152
1.714918e-07,-0.0013119887
1.715918e-07,-0.0013091165
1.716918e-07,-0.0013098346
1.717918e-07,-0.001314861
1.718918e-07,-0.0013227597
1.719918e-07,-0.0013335306
1.720918e-07,-0.0013443015
1.721918e-07,-0.0013543543
1.722918e-07,-0.001362253
1.723918e-07,-0.0013665614
1.724918e-07,-0.0013672794
1.725918e-07,-0.0013651252
1.726918e-07,-0.0013608169
1.727918e-07,-0.0013572266
1.728918e-07,-0.0013557904
1.729918e-07,-0.0013586627
1.730918e-07,-0.0013665614
1.731918e-07,-0.0013773323
1.732918e-07,-0.0013902574
1.733918e-07,-0.0014031824
1.734918e-07,-0.0014132353
1.735918e-07,-0.001421134
1.736918e-07,-0.0014247243
1.737918e-07,-0.0014254423
1.738918e-07,-0.0014225701
1.739918e-07,-0.0014182617
1.740918e-07,-0.0014132353
1.741918e-07,-0.0014089269
1.742918e-07,-0.0014067727
1.743918e-07,-0.0014082089
1.744918e-07,-0.0014132353
1.745918e-07,-0.001421852
1.746918e-07,-0.0014311868
1.747918e-07,-0.0014405216
1.748918e-07,-0.0014477022
1.749918e-07,-0.0014512925
1.750918e-07,-0.0014520106
1.751918e-07,-0.0014498564
1.752918e-07,-0.0014477022
1.753918e-07,-0.001445548
1.754918e-07,-0.001445548
1.755918e-07,-0.0014462661
1.756918e-07,-0.0014477022
1.757918e-07,-0.0014491383
1.758918e-07,-0.0014505744
1.759918e-07,-0.0014498564
1.760918e-07,-0.0014477022
1.761918e-07,-0.0014441119
1.762918e-07,-0.0014398035
1.763918e-07,-0.0014369313
1.764918e-07,-0.0014362132
1.765918e-07,-0.0014398035
1.766918e-07,-0.0014462661
1.767918e-07,-0.0014541648
1.768918e-07,-0.0014591912
1.769918e-07,-0.0014591912
1.770918e-07,-0.0014512925
1.771918e-07,-0.0014383674
1.772918e-07,-0.0014247243
1.773918e-07,-0.0014161075
1.774918e-07,-0.0014168256
1.775918e-07,-0.0014290326
1.776918e-07,-0.0014477022
1.777918e-07,-0.0014663718
1.778918e-07,-0.0014764246
1.779918e-07,-0.0014742705
1.780918e-07,-0.0014591912
1.781918e-07,-0.0014383674
1.782918e-07,-0.001421134
1.783918e-07,-0.0014153895
1.784918e-07,-0.0014247243
1.785918e-07,-0.001445548
1.786918e-07,-0.001469244
1.787918e-07,-0.0014871955
1.788918e-07,-0.0014936581
1.789918e-07,-0.0014900678
1.790918e-07,-0.0014814511
1.791918e-07,-0.0014771427
1.792918e-07,-0.0014821691
1.793918e-07,-0.0014972484
1.794918e-07,-0.001516636
1.795918e-07,-0.0015331514
1.796918e-07,-0.001539614
1.797918e-07,-0.0015345875
1.798918e-07,-0.0015223805
1.799918e-07,-0.0015101735
1.800918e-07,-0.0015051471
1.801918e-07,-0.0015108915
1.802918e-07,-0.0015245347
1.803918e-07,-0.001540332
1.804918e-07,-0.0015511029
1.805918e-07,-0.0015554113
1.806918e-07,-0.0015546932
1.807918e-07,-0.0015546932
1.808918e-07,-0.0015625919
1.809918e-07,-0.0015798254
1.810918e-07,-0.0016035214
1.811918e-07,-0.0016272174
1.812918e-07,-0.0016430147
1.813918e-07,-0.0016458869
1.814918e-07,-0.0016372702
1.815918e-07,-0.0016221909
1.816918e-07,-0.0016085478
1.817918e-07,-0.0016028033
1.818918e-07,-0.0016063936
1.819918e-07,-0.0016171645
1.820918e-07,-0.0016315257
1.821918e-07,-0.0016451689
1.822918e-07,-0.0016566579
1.823918e-07,-0.0016667107
1.824918e-07,-0.0016774816
1.825918e-07,-0.0016896886
1.826918e-07,-0.0017018957
1.827918e-07,-0.0017105124
1.828918e-07,-0.0017119485
1.829918e-07,-0.001706204
1.830918e-07,-0.0016947151
1.831918e-07,-0.0016839442
1.832918e-07,-0.0016774816
1.833918e-07,-0.0016789177
1.834918e-07,-0.0016882525
1.835918e-07,-0.0017004596
1.836918e-07,-0.0017119485
1.837918e-07,-0.0017205653
1.838918e-07,-0.0017248736
1.839918e-07,-0.001729182
1.840918e-07,-0.0017349265
1.841918e-07,-0.0017435432
1.842918e-07,-0.0017543141
1.843918e-07,-0.0017636489
1.844918e-07,-0.0017693934
1.845918e-07,-0.0017715476
1.846918e-07,-0.0017722656
1.847918e-07,-0.0017744198
1.848918e-07,-0.0017808824
1.849918e-07,-0.0017909352
1.850918e-07,-0.0018024242
1.851918e-07,-0.001811759
1.852918e-07,-0.0018153493
1.853918e-07,-0.0018146312
1.854918e-07,-0.0018139131
1.855918e-07,-0.0018167854
1.856918e-07,-0.0018268382
1.857918e-07,-0.0018426356
1.858918e-07,-0.001859869
1.859918e-07,-0.001871358
1.860918e-07,-0.0018727941
1.861918e-07,-0.0018656135
1.862918e-07,-0.0018541245
1.863918e-07,-0.0018469439
1.864918e-07,-0.0018498162
1.865918e-07,-0.0018641774
1.866918e-07,-0.0018857192
1.867918e-07,-0.0019058249
1.868918e-07,-0.00191875
1.869918e-07,-0.0019209042
1.870918e-07,-0.0019158778
1.871918e-07,-0.0019094152
1.872918e-07,-0.001907261
1.873918e-07,-0.0019115694
1.874918e-07,-0.0019194681
1.875918e-07,-0.0019237764
1.876918e-07,-0.00191875
1.877918e-07,-0.0019022346
1.878918e-07,-0.0018778205
1.879918e-07,-0.0018541245
1.880918e-07,-0.0018383272
1.881918e-07,-0.001836173
1.882918e-07,-0.001847662
1.883918e-07,-0.0018656135
1.884918e-07,-0.0018842831
1.885918e-07,-0.0018972082
1.886918e-07,-0.0019036707
1.887918e-07,-0.0019058249
1.888918e-07,-0.001907261
1.889918e-07,-0.0019101333
1.890918e-07,-0.0019144416
1.891918e-07,-0.0019180319
1.892918e-07,-0.00191875
1.893918e-07,-0.0019173139
1.894918e-07,-0.0019158778
1.895918e-07,-0.0019194681
1.896918e-07,-0.001930239
1.897918e-07,-0.0019481905
1.898918e-07,-0.0019697323
1.899918e-07,-0.0019876838
1.900918e-07,-0.0019991728
1.901918e-07,-0.0020034812
1.902918e-07,-0.0020056353
1.903918e-07,-0.0020106618
1.904918e-07,-0.0020221507
1.905918e-07,-0.0020408203
1.906918e-07,-0.002060208
1.907918e-07,-0.0020752872
1.908918e-07,-0.0020795956
1.909918e-07,-0.0020745692
1.910918e-07,-0.0020659524
1.911918e-07,-0.0020616441
1.912918e-07,-0.0020681066
1.913918e-07,-0.0020867762
1.914918e-07,-0.0021119083
1.915918e-07,-0.0021348863
1.916918e-07,-0.0021485294
1.917918e-07,-0.0021506836
1.918918e-07,-0.0021449391
1.919918e-07,-0.0021384766
1.920918e-07,-0.0021370404
1.921918e-07,-0.0021427849
1.922918e-07,-0.0021506836
1.923918e-07,-0.002154992
1.924918e-07,-0.0021485294
1.925918e-07,-0.0021327321
1.926918e-07,-0.0021133444
1.927918e-07,-0.0021004193
1.928918e-07,-0.0021025735
1.929918e-07,-0.0021212431
1.930918e-07,-0.0021499655
1.931918e-07,-0.002178688
1.932918e-07,-0.0021944853
1.933918e-07,-0.0021937672
1.934918e-07,-0.002179406
1.935918e-07,-0.0021607364
1.936918e-07,-0.0021485294
1.937918e-07,-0.0021492475
1.938918e-07,-0.0021607364
1.939918e-07,-0.0021758157
1.940918e-07,-0.0021829963
1.941918e-07,-0.0021772518
1.942918e-07,-0.0021578642
1.943918e-07,-0.0021334501
1.944918e-07,-0.0021140625
1.945918e-07,-0.0021068819
1.946918e-07,-0.0021140625
1.947918e-07,-0.0021305779
1.948918e-07,-0.0021485294
1.949918e-07,-0.0021607364
1.950918e-07,-0.0021650448
1.951918e-07,-0.0021636087
1.952918e-07,-0.0021600184
1.953918e-07,-0.0021593003
1.954918e-07,-0.0021614545
1.955918e-07,-0.0021628906
1.956918e-07,-0.0021600184
1.957918e-07,-0.0021506836
1.958918e-07,-0.0021356043
1.959918e-07,-0.0021212431
1.960918e-07,-0.0021140625
1.961918e-07,-0.0021176528
1.962918e-07,-0.002132014
1.963918e-07,-0.0021521197
1.964918e-07,-0.0021715074
1.965918e-07,-0.0021858686
1.966918e-07,-0.0021952034
1.967918e-07,-0.0022002298
1.968918e-07,-0.0022059743
1.969918e-07,-0.002214591
1.970918e-07,-0.00222608
1.971918e-07,-0.0022354148
1.972918e-07,-0.0022404412
1.973918e-07,-0.0022390051
1.974918e-07,-0.0022325425
1.975918e-07,-0.0022275161
1.976918e-07,-0.0022289522
1.977918e-07,-0.0022397231
1.978918e-07,-0.0022583927
1.979918e-07,-0.0022799345
1.980918e-07,-0.002297886
1.981918e-07,-0.0023072208
1.982918e-07,-0.0023086569
1.983918e-07,-0.0023036305
1.984918e-07,-0.002297886
1.985918e-07,-0.0022950138
1.986918e-07,-0.0022950138
1.987918e-07,-0.002297168
1.988918e-07,-0.002297886
1.989918e-07,-0.0022957318
1.990918e-07,-0.0022914235
1.991918e-07,-0.0022871151
1.992918e-07,-0.0022863971
1.993918e-07,-0.0022899874
1.994918e-07,-0.0022957318
1.995918e-07,-0.0022993222
1.996918e-07,-0.002297886
1.997918e-07,-0.0022892693
1.998918e-07,-0.0022763442
1.999918e-07,-0.002261983
2.000918e-07,-0.0022519301
2.001918e-07,-0.0022476218
2.002918e-07,-0.0022483398
2.003918e-07,-0.002250494
2.004918e-07,-0.0022519301
2.005918e-07,-0.002250494
2.006918e-07,-0.0022483398
2.007918e-07,-0.0022476218
2.008918e-07,-0.0022519301
2.009918e-07,-0.0022598288
2.010918e-07,-0.0022698817
2.011918e-07,-0.0022756261
2.012918e-07,-0.0022749081
2.013918e-07,-0.0022670094
2.014918e-07,-0.0022555205
2.015918e-07,-0.0022447495
2.016918e-07,-0.0022404412
2.017918e-07,-0.0022425954
2.018918e-07,-0.0022483398
2.019918e-07,-0.0022533663
2.020918e-07,-0.0022519301
2.021918e-07,-0.0022433134
2.022918e-07,-0.0022311064
2.023918e-07,-0.0022210535
2.024918e-07,-0.0022174632
2.025918e-07,-0.0022239258
2.026918e-07,-0.0022390051
2.027918e-07,-0.0022576746
2.028918e-07,-0.0022749081
2.029918e-07,-0.0022885512
2.030918e-07,-0.0022993222
2.031918e-07,-0.002309375
2.032918e-07,-0.002320864
2.033918e-07,-0.0023337891
2.034918e-07,-0.0023459961
2.035918e-07,-0.0023538948
2.036918e-07,-0.0023553309
2.037918e-07,-0.0023524586
2.038918e-07,-0.0023503045
2.039918e-07,-0.0023538948
2.040918e-07,-0.0023668199
2.041918e-07,-0.0023883617
2.042918e-07,-0.0024134938
2.043918e-07,-0.0024350356
2.044918e-07,-0.0024472426
2.045918e-07,-0.002450833
2.046918e-07,-0.0024493968
2.047918e-07,-0.0024501149
2.048918e-07,-0.0024587316
2.049918e-07,-0.0024759651
2.050918e-07,-0.0024975069
2.051918e-07,-0.0025161765
2.052918e-07,-0.0025276654
2.053918e-07,-0.0025305377
2.054918e-07,-0.0025283835
2.055918e-07,-0.0025298196
2.056918e-07,-0.0025391544
2.057918e-07,-0.002557824
2.058918e-07,-0.0025822381
2.059918e-07,-0.0026044979
2.060918e-07,-0.0026195772
2.061918e-07,-0.0026253217
2.062918e-07,-0.0026267578
2.063918e-07,-0.0026303481
2.064918e-07,-0.0026425551
2.065918e-07,-0.0026626608
2.066918e-07,-0.0026863568
2.067918e-07,-0.0027050264
2.068918e-07,-0.002711489
2.069918e-07,-0.0027050264
2.070918e-07,-0.0026906652
2.071918e-07,-0.0026784582
2.072918e-07,-0.0026770221
2.073918e-07,-0.0026899472
2.074918e-07,-0.0027136432
2.075918e-07,-0.0027387753
2.076918e-07,-0.0027574449
2.077918e-07,-0.0027646255
2.078918e-07,-0.0027624713
2.079918e-07,-0.0027574449
2.080918e-07,-0.0027574449
2.081918e-07,-0.0027660616
2.082918e-07,-0.0027811409
2.083918e-07,-0.0027955021
2.084918e-07,-0.0028034007
2.085918e-07,-0.0028012466
2.086918e-07,-0.0027919118
2.087918e-07,-0.002782577
2.088918e-07,-0.0027804228
2.089918e-07,-0.0027876034
2.090918e-07,-0.0028012466
2.091918e-07,-0.0028127355
2.092918e-07,-0.0028148897
2.093918e-07,-0.0028041188
2.094918e-07,-0.0027847312
2.095918e-07,-0.0027660616
2.096918e-07,-0.0027574449
2.097918e-07,-0.0027639074
2.098918e-07,-0.0027840131
2.099918e-07,-0.0028084272
2.100918e-07,-0.0028263787
2.101918e-07,-0.002830687
2.102918e-07,-0.0028199161
2.103918e-07,-0.0027998104
2.104918e-07,-0.0027804228
2.105918e-07,-0.0027689338
2.106918e-07,-0.0027682158
2.107918e-07,-0.0027739602
2.108918e-07,-0.0027804228
2.109918e-07,-0.0027811409
2.110918e-07,-0.0027732422
2.111918e-07,-0.002759599
2.112918e-07,-0.0027459559
2.113918e-07,-0.0027366211
2.114918e-07,-0.0027330308
2.115918e-07,-0.0027337489
2.116918e-07,-0.0027344669
2.117918e-07,-0.0027323127
2.118918e-07,-0.0027258502
2.119918e-07,-0.0027179515
2.120918e-07,-0.002711489
2.121918e-07,-0.0027100528
2.122918e-07,-0.0027136432
2.123918e-07,-0.0027186696
2.124918e-07,-0.0027229779
2.125918e-07,-0.002723696
2.126918e-07,-0.0027201057
2.127918e-07,-0.0027150793
2.128918e-07,-0.002711489
2.129918e-07,-0.0027107709
2.130918e-07,-0.002711489
2.131918e-07,-0.0027129251
2.132918e-07,-0.002711489
2.133918e-07,-0.0027078987
2.134918e-07,-0.0027050264
2.135918e-07,-0.0027050264
2.136918e-07,-0.002711489
2.137918e-07,-0.002723696
2.138918e-07,-0.0027387753
2.139918e-07,-0.0027517004
2.140918e-07,-0.0027574449
2.141918e-07,-0.0027560087
2.142918e-07,-0.0027495462
2.143918e-07,-0.0027445198
2.144918e-07,-0.0027459559
2.145918e-07,-0.0027560087
2.146918e-07,-0.0027732422
2.147918e-07,-0.002794784
2.148918e-07,-0.0028148897
2.149918e-07,-0.0028321232
2.150918e-07,-0.0028464844
2.151918e-07,-0.0028594095
2.152918e-07,-0.0028723346
2.153918e-07,-0.0028838235
2.154918e-07,-0.0028917222
2.155918e-07,-0.0028917222
2.156918e-07,-0.0028838235
2.157918e-07,-0.0028708984
2.158918e-07,-0.0028608456
2.159918e-07,-0.0028601275
2.160918e-07,-0.0028723346
2.161918e-07,-0.0028960306
2.162918e-07,-0.0029240349
2.163918e-07,-0.0029455767
2.164918e-07,-0.0029527574
2.165918e-07,-0.0029448587
2.166918e-07,-0.0029283433
2.167918e-07,-0.0029118279
2.168918e-07,-0.0029068015
2.169918e-07,-0.0029161363
2.170918e-07,-0.00293696
2.171918e-07,-0.002960656
2.172918e-07,-0.0029757353
2.173918e-07,-0.0029771714
2.174918e-07,-0.0029642463
2.175918e-07,-0.0029455767
2.176918e-07,-0.0029297794
2.177918e-07,-0.002924753
2.178918e-07,-0.0029319336
2.179918e-07,-0.0029477309
2.180918e-07,-0.0029642463
2.181918e-07,-0.0029750172
2.182918e-07,-0.0029764534
2.183918e-07,-0.0029707089
2.184918e-07,-0.0029642463
2.185918e-07,-0.0029613741
2.186918e-07,-0.0029635283
2.187918e-07,-0.0029699908
2.188918e-07,-0.0029757353
2.189918e-07,-0.0029778895
2.190918e-07,-0.0029750172
2.191918e-07,-0.0029685547
2.192918e-07,-0.0029642463
2.193918e-07,-0.0029642463
2.194918e-07,-0.0029699908
2.195918e-07,-0.0029793256
2.196918e-07,-0.0029872243
2.197918e-07,-0.0029915326
2.198918e-07,-0.0029908146
2.199918e-07,-0.0029879423
2.200918e-07,-0.0029872243
2.201918e-07,-0.0029929687
2.202918e-07,-0.0030066119
2.203918e-07,-0.0030252815
2.204918e-07,-0.0030446691
2.205918e-07,-0.0030597484
2.206918e-07,-0.0030662109
2.207918e-07,-0.0030647748
2.208918e-07,-0.0030561581
2.209918e-07,-0.0030453872
2.210918e-07,-0.0030367705
2.211918e-07,-0.0030324621
2.212918e-07,-0.0030331801
2.213918e-07,-0.0030389246
2.214918e-07,-0.0030482594
2.215918e-07,-0.0030590303
2.216918e-07,-0.0030676471
2.217918e-07,-0.0030726735
2.218918e-07,-0.0030719554
2.219918e-07,-0.0030662109
2.220918e-07,-0.0030561581
2.221918e-07,-0.0030461052
2.222918e-07,-0.0030389246
2.223918e-07,-0.0030389246
2.224918e-07,-0.0030446691
2.225918e-07,-0.003054722
2.226918e-07,-0.0030640568
2.227918e-07,-0.0030690832
2.228918e-07,-0.0030676471
2.229918e-07,-0.0030611845
2.230918e-07,-0.0030540039
2.231918e-07,-0.0030518497
2.232918e-07,-0.0030561581
2.233918e-07,-0.0030676471
2.234918e-07,-0.0030820083
2.235918e-07,-0.0030949334
2.236918e-07,-0.003102114
2.237918e-07,-0.0031035501
2.238918e-07,-0.003102114
2.239918e-07,-0.0031006778
2.240918e-07,-0.003102114
2.241918e-07,-0.0031071404
2.242918e-07,-0.0031121668
2.243918e-07,-0.0031150391
2.244918e-07,-0.0031136029
2.245918e-07,-0.0031078585
2.246918e-07,-0.003102114
2.247918e-07,-0.0030992417
2.248918e-07,-0.003102114
2.249918e-07,-0.0031092946
2.250918e-07,-0.0031179113
2.251918e-07,-0.0031236558
2.252918e-07,-0.0031250919
2.253918e-07,-0.0031236558
2.254918e-07,-0.0031229377
2.255918e-07,-0.0031272461
2.256918e-07,-0.0031365809
2.257918e-07,-0.0031480699
2.258918e-07,-0.0031559685
2.259918e-07,-0.0031566866
2.260918e-07,-0.0031480699
2.261918e-07,-0.0031365809
2.262918e-07,-0.0031301183
2.263918e-07,-0.0031372989
2.264918e-07,-0.0031595588
2.265918e-07,-0.0031911535
2.266918e-07,-0.003221312
2.267918e-07,-0.0032356733
2.268918e-07,-0.0032284926
2.269918e-07,-0.0032019244
2.270918e-07,-0.0031681756
2.271918e-07,-0.0031423254
2.272918e-07,-0.0031365809
2.273918e-07,-0.0031538143
2.274918e-07,-0.0031868451
2.275918e-07,-0.003220594
2.276918e-07,-0.0032399816
2.277918e-07,-0.0032385455
2.278918e-07,-0.003220594
2.279918e-07,-0.003196898
2.280918e-07,-0.0031825368
2.281918e-07,-0.0031861271
2.282918e-07,-0.0032069508
2.283918e-07,-0.0032371094
2.284918e-07,-0.0032629596
2.285918e-07,-0.0032758847
2.286918e-07,-0.0032730124
2.287918e-07,-0.0032615234
2.288918e-07,-0.0032514706
2.289918e-07,-0.0032521886
2.290918e-07,-0.003267986
2.291918e-07,-0.0032938362
2.292918e-07,-0.0033204044
2.293918e-07,-0.0033376379
2.294918e-07,-0.0033405101
2.295918e-07,-0.0033290211
2.296918e-07,-0.0033089154
2.297918e-07,-0.0032888097
2.298918e-07,-0.0032744485
2.299918e-07,-0.0032701402
2.300918e-07,-0.0032744485
2.301918e-07,-0.0032859375
2.302918e-07,-0.0033024529
2.303918e-07,-0.0033225586
2.304918e-07,-0.0033433824
2.305918e-07,-0.0033634881
2.306918e-07,-0.0033800034
2.307918e-07,-0.0033893382
2.308918e-07,-0.0033893382
2.309918e-07,-0.0033814396
2.310918e-07,-0.0033692325
2.311918e-07,-0.0033591797
2.312918e-07,-0.0033548713
2.313918e-07,-0.0033577436
2.314918e-07,-0.0033656422
2.315918e-07,-0.003374259
2.316918e-07,-0.0033778493
2.317918e-07,-0.0033764131
2.318918e-07,-0.0033706687
2.319918e-07,-0.0033663603
2.320918e-07,-0.0033663603
2.321918e-07,-0.0033721048
2.322918e-07,-0.0033814396
2.323918e-07,-0.0033886202
2.324918e-07,-0.0033893382
2.325918e-07,-0.0033828757
2.326918e-07,-0.0033713867
2.327918e-07,-0.0033598977
2.328918e-07,-0.0033548713
2.329918e-07,-0.0033570255
2.330918e-07,-0.0033642061
2.331918e-07,-0.0033728228
2.332918e-07,-0.0033778493
2.333918e-07,-0.0033778493
2.334918e-07,-0.003374977
2.335918e-07,-0.003374259
2.336918e-07,-0.0033778493
2.337918e-07,-0.003386466
2.338918e-07,-0.0033965188
2.339918e-07,-0.0034029814
2.340918e-07,-0.0034008272
2.341918e-07,-0.0033907744
2.342918e-07,-0.0033764131
2.343918e-07,-0.0033663603
2.344918e-07,-0.0033663603
2.345918e-07,-0.0033785673
2.346918e-07,-0.003398673
2.347918e-07,-0.0034202148
2.348918e-07,-0.0034352941
2.349918e-07,-0.0034396025
2.350918e-07,-0.003433858
2.351918e-07,-0.0034230871
2.352918e-07,-0.0034123162
2.353918e-07,-0.0034051356
2.354918e-07,-0.0034029814
2.355918e-07,-0.0034022633
2.356918e-07,-0.0034008272
2.357918e-07,-0.0033993911
2.358918e-07,-0.0034008272
2.359918e-07,-0.0034080078
2.360918e-07,-0.0034238051
2.361918e-07,-0.003446065
2.362918e-07,-0.003469761
2.363918e-07,-0.0034869945
2.364918e-07,-0.003492739
2.365918e-07,-0.0034877125
2.366918e-07,-0.0034776597
2.367918e-07,-0.003469043
2.368918e-07,-0.003469761
2.369918e-07,-0.0034805319
2.370918e-07,-0.0034963293
2.371918e-07,-0.0035106905
2.372918e-07,-0.0035157169
2.373918e-07,-0.0035106905
2.374918e-07,-0.0034999196
2.375918e-07,-0.0034913028
2.376918e-07,-0.003492739
2.377918e-07,-0.0035063821
2.378918e-07,-0.0035300781
2.379918e-07,-0.0035552102
2.380918e-07,-0.0035731618
2.381918e-07,-0.0035803424
2.382918e-07,-0.0035767521
2.383918e-07,-0.0035688534
2.384918e-07,-0.0035616728
2.385918e-07,-0.0035602367
2.386918e-07,-0.003563827
2.387918e-07,-0.0035688534
2.388918e-07,-0.0035731618
2.389918e-07,-0.0035753159
2.390918e-07,-0.0035774701
2.391918e-07,-0.0035839327
2.392918e-07,-0.0035961397
2.393918e-07,-0.0036126551
2.394918e-07,-0.0036284524
2.395918e-07,-0.003635633
2.396918e-07,-0.0036306066
2.397918e-07,-0.0036162454
2.398918e-07,-0.00359973
2.399918e-07,-0.0035911133
2.400918e-07,-0.0035961397
2.401918e-07,-0.0036148093
2.402918e-07,-0.0036385053
2.403918e-07,-0.0036543026
2.404918e-07,-0.0036535846
2.405918e-07,-0.0036327608
2.406918e-07,-0.0035982939
2.407918e-07,-0.0035631089
2.408918e-07,-0.0035386949
2.409918e-07,-0.0035322323
2.410918e-07,-0.0035415671
2.411918e-07,-0.0035588006
2.412918e-07,-0.0035731618
2.413918e-07,-0.0035781882
2.414918e-07,-0.0035738798
2.415918e-07,-0.0035659812
2.416918e-07,-0.0035616728
2.417918e-07,-0.003564545
2.418918e-07,-0.0035731618
2.419918e-07,-0.0035817785
2.420918e-07,-0.0035846507
2.421918e-07,-0.0035781882
2.422918e-07,-0.003563827
2.423918e-07,-0.0035487477
2.424918e-07,-0.0035386949
2.425918e-07,-0.0035365407
2.426918e-07,-0.0035394129
2.427918e-07,-0.0035422852
2.428918e-07,-0.0035386949
2.429918e-07,-0.0035279239
2.430918e-07,-0.0035135627
2.431918e-07,-0.0035035099
2.432918e-07,-0.0035042279
2.433918e-07,-0.003516435
2.434918e-07,-0.0035343865
2.435918e-07,-0.0035487477
2.436918e-07,-0.0035501838
2.437918e-07,-0.0035358226
2.438918e-07,-0.0035106905
2.439918e-07,-0.0034855584
2.440918e-07,-0.003469761
2.441918e-07,-0.0034704791
2.442918e-07,-0.0034862764
2.443918e-07,-0.0035085363
2.444918e-07,-0.0035272059
2.445918e-07,-0.0035343865
2.446918e-07,-0.0035293601
2.447918e-07,-0.003517153
2.448918e-07,-0.0035042279
2.449918e-07,-0.0034963293
2.450918e-07,-0.0034941751
2.451918e-07,-0.0034948932
2.452918e-07,-0.003492739
2.453918e-07,-0.0034869945
2.454918e-07,-0.0034790958
2.455918e-07,-0.0034755055
2.456918e-07,-0.00348125
2.457918e-07,-0.0034977654
2.458918e-07,-0.0035207433
2.459918e-07,-0.003540849
2.460918e-07,-0.0035501838
2.461918e-07,-0.0035437213
2.462918e-07,-0.0035243336
2.463918e-07,-0.0034999196
2.464918e-07,-0.00348125
2.465918e-07,-0.0034755055
2.466918e-07,-0.0034826861
2.467918e-07,-0.0034992015
2.468918e-07,-0.0035157169
2.469918e-07,-0.0035257698
2.470918e-07,-0.0035272059
2.471918e-07,-0.0035221795
2.472918e-07,-0.0035157169
2.473918e-07,-0.0035121266
2.474918e-07,-0.0035121266
2.475918e-07,-0.0035142808
2.476918e-07,-0.0035157169
2.477918e-07,-0.0035149989
2.478918e-07,-0.0035121266
2.479918e-07,-0.0035121266
2.480918e-07,-0.0035157169
2.481918e-07,-0.0035250517
2.482918e-07,-0.0035365407
2.483918e-07,-0.0035465935
2.484918e-07,-0.0035501838
2.485918e-07,-0.0035473116
2.486918e-07,-0.0035415671
2.487918e-07,-0.0035365407
2.488918e-07,-0.0035386949
2.489918e-07,-0.0035480296
2.490918e-07,-0.0035616728
2.491918e-07,-0.0035753159
2.492918e-07,-0.0035846507
2.493918e-07,-0.0035889591
2.494918e-07,-0.0035903952
2.495918e-07,-0.0035961397
2.496918e-07,-0.0036076287
2.497918e-07,-0.0036248621
2.498918e-07,-0.0036428136
2.499918e-07,-0.0036543026
2.500918e-07,-0.0036535846
2.501918e-07,-0.0036413775
2.502918e-07,-0.003623426
2.503918e-07,-0.0036097829
2.504918e-07,-0.0036076287
2.505918e-07,-0.0036191176
2.506918e-07,-0.0036399414
2.507918e-07,-0.0036622013
2.508918e-07,-0.0036765625
2.509918e-07,-0.0036794347
2.510918e-07,-0.0036736903
2.511918e-07,-0.0036665097
2.512918e-07,-0.0036650735
2.513918e-07,-0.0036729722
2.514918e-07,-0.0036880515
2.515918e-07,-0.0037031307
2.516918e-07,-0.0037110294
2.517918e-07,-0.0037074391
2.518918e-07,-0.003694514
2.519918e-07,-0.0036779986
2.520918e-07,-0.0036650735
2.521918e-07,-0.0036600471
2.522918e-07,-0.0036629193
2.523918e-07,-0.0036701
2.524918e-07,-0.0036765625
2.525918e-07,-0.0036808709
2.526918e-07,-0.0036837431
2.527918e-07,-0.0036894876
2.528918e-07,-0.0036995404
2.529918e-07,-0.0037139017
2.530918e-07,-0.0037289809
2.531918e-07,-0.0037368796
2.532918e-07,-0.0037340074
2.533918e-07,-0.0037210823
2.534918e-07,-0.0037038488
2.535918e-07,-0.0036902057
2.536918e-07,-0.0036880515
2.537918e-07,-0.0036988224
2.538918e-07,-0.0037167739
2.539918e-07,-0.0037354435
2.540918e-07,-0.0037454963
2.541918e-07,-0.0037447783
2.542918e-07,-0.0037354435
2.543918e-07,-0.0037261087
2.544918e-07,-0.0037225184
2.545918e-07,-0.0037268267
2.546918e-07,-0.0037354435
2.547918e-07,-0.0037397518
2.548918e-07,-0.0037340074
2.549918e-07,-0.0037160558
2.550918e-07,-0.0036902057
2.551918e-07,-0.0036665097
2.552918e-07,-0.0036535846
2.553918e-07,-0.0036564568
2.554918e-07,-0.003670818
2.555918e-07,-0.0036887695
2.556918e-07,-0.0036995404
2.557918e-07,-0.0036966682
2.558918e-07,-0.0036794347
2.559918e-07,-0.0036550207
2.560918e-07,-0.0036306066
2.561918e-07,-0.0036126551
2.562918e-07,-0.0036011661
2.563918e-07,-0.0035932675
2.564918e-07,-0.0035846507
2.565918e-07,-0.0035710076
2.566918e-07,-0.0035544922
2.567918e-07,-0.0035379768
2.568918e-07,-0.0035272059
2.569918e-07,-0.0035236156
2.570918e-07,-0.0035250517
2.571918e-07,-0.0035243336
2.572918e-07,-0.0035157169
2.573918e-07,-0.0034963293
2.574918e-07,-0.0034668888
2.575918e-07,-0.0034331399
2.576918e-07,-0.0034008272
2.577918e-07,-0.0033713867
2.578918e-07,-0.0033441004
2.579918e-07,-0.0033132238
2.580918e-07,-0.0032744485
2.581918e-07,-0.0032270565
2.582918e-07,-0.0031746381
2.583918e-07,-0.0031236558
2.584918e-07,-0.003079136
2.585918e-07,-0.003043233
2.586918e-07,-0.0030130744
2.587918e-07,-0.0029807617
2.588918e-07,-0.0029412684
2.589918e-07,-0.0028917222
2.590918e-07,-0.0028349954
2.591918e-07,-0.0027768325
2.592918e-07,-0.0027229779
2.593918e-07,-0.0026755859
2.594918e-07,-0.0026310662
2.595918e-07,-0.0025836742
2.596918e-07,-0.0025276654
2.597918e-07,-0.0024616039
2.598918e-07,-0.0023905159
2.599918e-07,-0.002321582
2.600918e-07,-0.0022634191
2.601918e-07,-0.0022167452
2.602918e-07,-0.002178688
2.603918e-07,-0.0021391946
2.604918e-07,-0.0020910846
2.605918e-07,-0.0020300494
2.606918e-07,-0.0019596795
2.607918e-07,-0.0018885915
2.608918e-07,-0.0018268382
2.609918e-07,-0.0017801643
2.610918e-07,-0.0017464154
2.611918e-07,-0.0017198472
2.612918e-07,-0.0016889706
2.613918e-07,-0.0016487592
2.614918e-07,-0.0015977769
2.615918e-07,-0.0015432043
2.616918e-07,-0.0014936581
2.617918e-07,-0.0014563189
2.618918e-07,-0.001433341
2.619918e-07,-0.001421134
2.620918e-07,-0.0014132353
2.621918e-07,-0.0014031824
2.622918e-07,-0.0013888212
2.623918e-07,-0.0013715878
2.624918e-07,-0.0013557904
2.625918e-07,-0.0013457376
2.626918e-07,-0.0013421473
2.627918e-07,-0.0013435834
2.628918e-07,-0.0013443015
2.629918e-07,-0.0013421473
2.630918e-07,-0.0013356847
2.631918e-07,-0.0013277861
2.632918e-07,-0.0013213235
2.633918e-07,-0.0013184513
2.634918e-07,-0.0013198874
2.635918e-07,-0.0013220416
2.636918e-07,-0.0013213235
2.637918e-07,-0.0013170152
2.638918e-07,-0.0013091165
2.639918e-07,-0.0013019359
2.640918e-07,-0.0012983456
2.641918e-07,-0.0013004998
2.642918e-07,-0.0013062443
2.643918e-07,-0.0013112707
2.644918e-07,-0.0013098346
2.645918e-07,-0.0012997817
2.646918e-07,-0.0012818302
2.647918e-07,-0.0012602884
2.648918e-07,-0.0012409007
2.649918e-07,-0.0012279756
2.650918e-07,-0.0012229492
2.651918e-07,-0.0012251034
2.652918e-07,-0.0012294118
2.653918e-07,-0.0012337201
2.654918e-07,-0.0012344382
2.655918e-07,-0.0012330021
2.656918e-07,-0.0012294118
2.657918e-07,-0.0012236673
2.658918e-07,-0.0012164867
2.659918e-07,-0.0012064338
2.660918e-07,-0.0011949449
2.661918e-07,-0.0011827378
2.662918e-07,-0.0011719669
2.663918e-07,-0.0011647863
2.664918e-07,-0.0011604779
2.665918e-07,-0.0011568876
2.666918e-07,-0.0011511432
2.667918e-07,-0.0011403722
2.668918e-07,-0.001126011
2.669918e-07,-0.0011123679
2.670918e-07,-0.0011059053
2.671918e-07,-0.0011102137
2.672918e-07,-0.001126011
2.673918e-07,-0.0011475528
2.674918e-07,-0.0011655044
2.675918e-07,-0.0011712489
2.676918e-07,-0.0011604779
2.677918e-07,-0.0011360639
2.678918e-07,-0.0011073415
2.679918e-07,-0.0010865177
2.680918e-07,-0.0010800551
2.681918e-07,-0.0010893899
2.682918e-07,-0.0011066234
2.683918e-07,-0.0011217027
2.684918e-07,-0.001126011
2.685918e-07,-0.0011166762
2.686918e-07,-0.0010994428
2.687918e-07,-0.0010843635
2.688918e-07,-0.0010800551
2.689918e-07,-0.0010908261
2.690918e-07,-0.0011123679
2.691918e-07,-0.0011353458
2.692918e-07,-0.001148989
2.693918e-07,-0.0011482709
2.694918e-07,-0.0011346278
2.695918e-07,-0.0011159582
2.696918e-07,-0.0011030331
2.697918e-07,-0.001102315
2.698918e-07,-0.0011159582
2.699918e-07,-0.0011375
2.700918e-07,-0.0011604779
2.701918e-07,-0.0011777114
2.702918e-07,-0.0011870462
2.703918e-07,-0.0011913545
2.704918e-07,-0.0011949449
2.705918e-07,-0.0012014074
2.706918e-07,-0.0012114602
2.707918e-07,-0.0012215131
2.708918e-07,-0.0012294118
2.709918e-07,-0.001232284
2.710918e-07,-0.0012308479
2.711918e-07,-0.0012286937
2.712918e-07,-0.0012294118
2.713918e-07,-0.0012358743
2.714918e-07,-0.0012459272
2.715918e-07,-0.00125598
2.716918e-07,-0.0012638787
2.717918e-07,-0.001267469
2.718918e-07,-0.0012689051
2.719918e-07,-0.0012703412
2.720918e-07,-0.0012753676
2.721918e-07,-0.0012825483
2.722918e-07,-0.0012890108
2.723918e-07,-0.001291165
2.724918e-07,-0.0012868566
2.725918e-07,-0.0012782399
2.726918e-07,-0.0012717773
2.727918e-07,-0.0012732135
2.728918e-07,-0.0012868566
2.729918e-07,-0.0013098346
2.730918e-07,-0.0013328125
2.731918e-07,-0.0013471737
2.732918e-07,-0.0013443015
2.733918e-07,-0.0013241958
2.734918e-07,-0.0012947553
2.735918e-07,-0.001267469
2.736918e-07,-0.0012523897
2.737918e-07,-0.0012552619
2.738918e-07,-0.0012724954
2.739918e-07,-0.0012940372
2.740918e-07,-0.0013098346
2.741918e-07,-0.0013134249
2.742918e-07,-0.0013040901
2.743918e-07,-0.0012890108
2.744918e-07,-0.0012753676
2.745918e-07,-0.0012689051
2.746918e-07,-0.0012689051
2.747918e-07,-0.0012732135
2.748918e-07,-0.0012753676
2.749918e-07,-0.0012732135
2.750918e-07,-0.001267469
2.751918e-07,-0.0012624426
2.752918e-07,-0.0012638787
2.753918e-07,-0.0012717773
2.754918e-07,-0.0012832663
2.755918e-07,-0.0012904469
2.756918e-07,-0.0012868566
2.757918e-07,-0.0012710593
2.758918e-07,-0.0012466452
2.759918e-07,-0.0012222312
2.760918e-07,-0.0012064338
2.761918e-07,-0.0012049977
2.762918e-07,-0.0012164867
2.763918e-07,-0.0012351563
2.764918e-07,-0.0012523897
2.765918e-07,-0.0012617245
2.766918e-07,-0.0012624426
2.767918e-07,-0.0012581342
2.768918e-07,-0.0012523897
2.769918e-07,-0.0012502355
2.770918e-07,-0.0012516716
2.771918e-07,-0.0012531078
2.772918e-07,-0.0012523897
2.773918e-07,-0.0012466452
2.774918e-07,-0.0012387466
2.775918e-07,-0.0012315659
2.776918e-07,-0.0012294118
2.777918e-07,-0.0012337201
2.778918e-07,-0.0012416188
2.779918e-07,-0.0012487994
2.780918e-07,-0.0012523897
2.781918e-07,-0.0012509536
2.782918e-07,-0.0012487994
2.783918e-07,-0.0012516716
2.784918e-07,-0.0012638787
2.785918e-07,-0.0012861386
2.786918e-07,-0.0013134249
2.787918e-07,-0.001339275
2.788918e-07,-0.0013557904
2.789918e-07,-0.0013615349
2.790918e-07,-0.0013608169
2.791918e-07,-0.0013600988
2.792918e-07,-0.0013672794
2.793918e-07,-0.0013852309
2.794918e-07,-0.0014110811
2.795918e-07,-0.0014383674
2.796918e-07,-0.0014591912
2.797918e-07,-0.001469244
2.798918e-07,-0.0014699621
2.799918e-07,-0.001468526
2.800918e-07,-0.0014706801
2.801918e-07,-0.001480733
2.802918e-07,-0.0014979665
2.803918e-07,-0.001515918
2.804918e-07,-0.001528125
2.805918e-07,-0.0015295611
2.806918e-07,-0.0015223805
2.807918e-07,-0.0015116096
2.808918e-07,-0.0015051471
2.809918e-07,-0.0015080193
2.810918e-07,-0.0015195083
2.811918e-07,-0.0015360237
2.812918e-07,-0.0015511029
2.813918e-07,-0.0015590016
2.814918e-07,-0.0015590016
2.815918e-07,-0.0015546932
2.816918e-07,-0.0015511029
2.817918e-07,-0.001551821
2.818918e-07,-0.0015561294
2.819918e-07,-0.0015618739
2.820918e-07,-0.0015625919
2.821918e-07,-0.0015554113
2.822918e-07,-0.001539614
2.823918e-07,-0.0015209444
2.824918e-07,-0.0015051471
2.825918e-07,-0.0014986845
2.826918e-07,-0.001504429
2.827918e-07,-0.0015195083
2.828918e-07,-0.001539614
2.829918e-07,-0.0015590016
2.830918e-07,-0.0015733628
2.831918e-07,-0.0015819795
2.832918e-07,-0.0015855699
2.833918e-07,-0.0015855699
2.834918e-07,-0.0015826976
2.835918e-07,-0.0015791073
2.836918e-07,-0.0015740809
2.837918e-07,-0.0015690545
2.838918e-07,-0.0015661822
2.839918e-07,-0.0015676183
2.840918e-07,-0.0015740809
2.841918e-07,-0.0015855699
2.842918e-07,-0.0015977769
2.843918e-07,-0.0016063936
2.844918e-07,-0.0016085478
2.845918e-07,-0.0016028033
2.846918e-07,-0.0015913143
2.847918e-07,-0.0015805434
2.848918e-07,-0.0015740809
2.849918e-07,-0.0015747989
2.850918e-07,-0.0015819795
2.851918e-07,-0.0015913143
2.852918e-07,-0.0015970588
2.853918e-07,-0.0015970588
2.854918e-07,-0.0015927505
2.855918e-07,-0.001587006
2.856918e-07,-0.0015855699
2.857918e-07,-0.0015913143
2.858918e-07,-0.0016056756
2.859918e-07,-0.0016243451
2.860918e-07,-0.0016430147
2.861918e-07,-0.0016573759
2.862918e-07,-0.0016645565
2.863918e-07,-0.0016667107
2.864918e-07,-0.0016659926
2.865918e-07,-0.0016659926
2.866918e-07,-0.0016681468
2.867918e-07,-0.0016724552
2.868918e-07,-0.0016774816
2.869918e-07,-0.00168179
2.870918e-07,-0.0016860983
2.871918e-07,-0.0016918428
2.872918e-07,-0.0017004596
2.873918e-07,-0.0017141027
2.874918e-07,-0.0017313362
2.875918e-07,-0.0017507238
2.876918e-07,-0.0017693934
2.877918e-07,-0.0017837546
2.878918e-07,-0.0017938074
2.879918e-07,-0.0017995519
2.880918e-07,-0.0018038603
2.881918e-07,-0.0018081687
2.882918e-07,-0.0018139131
2.883918e-07,-0.0018203757
2.884918e-07,-0.0018268382
2.885918e-07,-0.0018318647
2.886918e-07,-0.001835455
2.887918e-07,-0.0018368911
2.888918e-07,-0.0018383272
2.889918e-07,-0.0018411994
2.890918e-07,-0.001847662
2.891918e-07,-0.0018577148
2.892918e-07,-0.0018727941
2.893918e-07,-0.0018914637
2.894918e-07,-0.0019130055
2.895918e-07,-0.0019345473
2.896918e-07,-0.0019532169
2.897918e-07,-0.0019654239
2.898918e-07,-0.0019704504
2.899918e-07,-0.0019682962
2.900918e-07,-0.0019647059
2.901918e-07,-0.0019647059
2.902918e-07,-0.0019733226
2.903918e-07,-0.0019934283
2.904918e-07,-0.0020221507
2.905918e-07,-0.0020537454
2.906918e-07,-0.0020803136
2.907918e-07,-0.002096829
2.908918e-07,-0.0021025735
2.909918e-07,-0.0021018555
2.910918e-07,-0.0021011374
2.911918e-07,-0.002108318
2.912918e-07,-0.0021255515
2.913918e-07,-0.0021478114
2.914918e-07,-0.002167917
2.915918e-07,-0.0021772518
2.916918e-07,-0.0021715074
2.917918e-07,-0.0021535558
2.918918e-07,-0.0021334501
2.919918e-07,-0.0021212431
2.920918e-07,-0.0021255515
2.921918e-07,-0.0021470933
2.922918e-07,-0.002179406
2.923918e-07,-0.0022102826
2.924918e-07,-0.0022289522
2.925918e-07,-0.0022303883
2.926918e-07,-0.0022153091
2.927918e-07,-0.0021930492
2.928918e-07,-0.0021715074
2.929918e-07,-0.0021578642
2.930918e-07,-0.0021528378
2.931918e-07,-0.0021521197
2.932918e-07,-0.0021485294
2.933918e-07,-0.0021377585
2.934918e-07,-0.002119807
2.935918e-07,-0.0020982652
2.936918e-07,-0.0020795956
2.937918e-07,-0.0020681066
2.938918e-07,-0.0020659524
2.939918e-07,-0.0020709789
2.940918e-07,-0.0020795956
2.941918e-07,-0.0020889304
2.942918e-07,-0.0020982652
2.943918e-07,-0.0021061638
2.944918e-07,-0.0021140625
2.945918e-07,-0.002119807
2.946918e-07,-0.0021219612
2.947918e-07,-0.0021162167
2.948918e-07,-0.0021025735
2.949918e-07,-0.002083904
2.950918e-07,-0.0020652344
2.951918e-07,-0.0020544635
2.952918e-07,-0.0020566176
2.953918e-07,-0.002072415
2.954918e-07,-0.0020975471
2.955918e-07,-0.0021255515
2.956918e-07,-0.0021485294
2.957918e-07,-0.0021636087
2.958918e-07,-0.0021715074
2.959918e-07,-0.0021765338
2.960918e-07,-0.0021829963
2.961918e-07,-0.0021916131
2.962918e-07,-0.0022009478
2.963918e-07,-0.0022066923
2.964918e-07,-0.0022059743
2.965918e-07,-0.0021995117
2.966918e-07,-0.0021916131
2.967918e-07,-0.0021887408
2.968918e-07,-0.0021944853
2.969918e-07,-0.0022102826
2.970918e-07,-0.0022311064
2.971918e-07,-0.0022512121
2.972918e-07,-0.0022634191
2.973918e-07,-0.0022670094
2.974918e-07,-0.0022641372
2.975918e-07,-0.0022612649
2.976918e-07,-0.0022634191
2.977918e-07,-0.0022713178
2.978918e-07,-0.0022813706
2.979918e-07,-0.0022878332
2.980918e-07,-0.0022863971
2.981918e-07,-0.0022756261
2.982918e-07,-0.002261983
2.983918e-07,-0.0022519301
2.984918e-07,-0.0022519301
2.985918e-07,-0.0022641372
2.986918e-07,-0.0022828068
2.987918e-07,-0.0023007583
2.988918e-07,-0.002309375
2.989918e-07,-0.0023065028
2.990918e-07,-0.0022957318
2.991918e-07,-0.0022863971
2.992918e-07,-0.0022863971
2.993918e-07,-0.0023000402
2.994918e-07,-0.0023237362
2.995918e-07,-0.0023488683
2.996918e-07,-0.0023668199
2.997918e-07,-0.0023704102
2.998918e-07,-0.0023610754
2.999918e-07,-0.002345278
3.000918e-07,-0.0023323529
3.001918e-07,-0.0023301988
3.002918e-07,-0.0023416877
3.003918e-07,-0.0023639476
3.004918e-07,-0.0023897978
3.005918e-07,-0.0024127757
3.006918e-07,-0.002427855
3.007918e-07,-0.0024350356
3.008918e-07,-0.0024357537
3.009918e-07,-0.0024314453
3.010918e-07,-0.0024235466
3.011918e-07,-0.0024127757
3.012918e-07,-0.0024012868
3.013918e-07,-0.0023912339
3.014918e-07,-0.0023883617
3.015918e-07,-0.0023948242
3.016918e-07,-0.0024127757
3.017918e-07,-0.0024371898
3.018918e-07,-0.0024601677
3.019918e-07,-0.0024723748
3.020918e-07,-0.0024702206
3.021918e-07,-0.0024537052
3.022918e-07,-0.0024300092
3.023918e-07,-0.0024099035
3.024918e-07,-0.0024012868
3.025918e-07,-0.0024055951
3.026918e-07,-0.0024170841
3.027918e-07,-0.0024264189
3.028918e-07,-0.0024242647
3.029918e-07,-0.0024070313
3.030918e-07,-0.0023775908
3.031918e-07,-0.002345278
3.032918e-07,-0.002320864
3.033918e-07,-0.0023100931
3.034918e-07,-0.0023136834
3.035918e-07,-0.0023237362
3.036918e-07,-0.0023323529
3.037918e-07,-0.0023323529
3.038918e-07,-0.0023223001
3.039918e-07,-0.0023050666
3.040918e-07,-0.0022863971
3.041918e-07,-0.0022713178
3.042918e-07,-0.0022612649
3.043918e-07,-0.0022555205
3.044918e-07,-0.0022519301
3.045918e-07,-0.0022483398
3.046918e-07,-0.0022461857
3.047918e-07,-0.0022469037
3.048918e-07,-0.0022519301
3.049918e-07,-0.0022605469
3.050918e-07,-0.0022698817
3.051918e-07,-0.0022749081
3.052918e-07,-0.0022749081
3.053918e-07,-0.0022713178
3.054918e-07,-0.0022705997
3.055918e-07,-0.0022784984
3.056918e-07,-0.002297886
3.057918e-07,-0.0023266085
3.058918e-07,-0.0023574851
3.059918e-07,-0.002380463
3.060918e-07,-0.0023897978
3.061918e-07,-0.0023854894
3.062918e-07,-0.0023740005
3.063918e-07,-0.0023646657
3.064918e-07,-0.0023668199
3.065918e-07,-0.0023818991
3.066918e-07,-0.0024063132
3.067918e-07,-0.0024307273
3.068918e-07,-0.0024472426
3.069918e-07,-0.0024529871
3.070918e-07,-0.0024501149
3.071918e-07,-0.0024465246
3.072918e-07,-0.0024472426
3.073918e-07,-0.0024544233
3.074918e-07,-0.002463758
3.075918e-07,-0.0024673483
3.076918e-07,-0.0024587316
3.077918e-07,-0.0024364717
3.078918e-07,-0.0024055951
3.079918e-07,-0.0023754366
3.080918e-07,-0.0023553309
3.081918e-07,-0.0023481503
3.082918e-07,-0.0023524586
3.083918e-07,-0.0023603573
3.084918e-07,-0.0023668199
3.085918e-07,-0.0023675379
3.086918e-07,-0.0023653837
3.087918e-07,-0.0023639476
3.088918e-07,-0.0023668199
3.089918e-07,-0.0023725643
3.090918e-07,-0.0023747185
3.091918e-07,-0.0023661018
3.092918e-07,-0.0023438419
3.093918e-07,-0.0023108111
3.094918e-07,-0.0022784984
3.095918e-07,-0.0022598288
3.096918e-07,-0.0022634191
3.097918e-07,-0.0022899874
3.098918e-07,-0.0023301988
3.099918e-07,-0.0023675379
3.100918e-07,-0.0023897978
3.101918e-07,-0.0023912339
3.102918e-07,-0.0023768727
3.103918e-07,-0.0023603573
3.104918e-07,-0.0023553309
3.105918e-07,-0.002368256
3.106918e-07,-0.0023976965
3.107918e-07,-0.0024321634
3.108918e-07,-0.0024587316
3.109918e-07,-0.0024702206
3.110918e-07,-0.0024680664
3.111918e-07,-0.0024601677
3.112918e-07,-0.0024587316
3.113918e-07,-0.0024709386
3.114918e-07,-0.0024967888
3.115918e-07,-0.0025269474
3.116918e-07,-0.0025506434
3.117918e-07,-0.0025599782
3.118918e-07,-0.0025542337
3.119918e-07,-0.0025398725
3.120918e-07,-0.0025276654
3.121918e-07,-0.0025269474
3.122918e-07,-0.0025398725
3.123918e-07,-0.0025621324
3.124918e-07,-0.0025851103
3.125918e-07,-0.0026016257
3.126918e-07,-0.0026073702
3.127918e-07,-0.0026037799
3.128918e-07,-0.0025965993
3.129918e-07,-0.0025894187
3.130918e-07,-0.0025843922
3.131918e-07,-0.0025800839
3.132918e-07,-0.0025736213
3.133918e-07,-0.0025642865
3.134918e-07,-0.0025527976
3.135918e-07,-0.0025434628
3.136918e-07,-0.0025391544
3.137918e-07,-0.0025413086
3.138918e-07,-0.002545617
3.139918e-07,-0.002546335
3.140918e-07,-0.0025391544
3.141918e-07,-0.002521921
3.142918e-07,-0.002498225
3.143918e-07,-0.002475247
3.144918e-07,-0.0024587316
3.145918e-07,-0.0024522691
3.146918e-07,-0.0024537052
3.147918e-07,-0.0024580136
3.148918e-07,-0.0024587316
3.149918e-07,-0.0024529871
3.150918e-07,-0.0024422162
3.151918e-07,-0.0024314453
3.152918e-07,-0.0024242647
3.153918e-07,-0.0024221105
3.154918e-07,-0.0024228286
3.155918e-07,-0.0024206744
3.156918e-07,-0.0024127757
3.157918e-07,-0.0023991326
3.158918e-07,-0.0023840533
3.159918e-07,-0.0023754366
3.160918e-07,-0.0023783088
3.161918e-07,-0.0023933881
3.162918e-07,-0.0024149299
3.163918e-07,-0.0024350356
3.164918e-07,-0.0024472426
3.165918e-07,-0.0024479607
3.166918e-07,-0.002440062
3.167918e-07,-0.0024307273
3.168918e-07,-0.0024242647
3.169918e-07,-0.0024235466
3.170918e-07,-0.0024264189
3.171918e-07,-0.002427855
3.172918e-07,-0.0024242647
3.173918e-07,-0.002416366
3.174918e-07,-0.0024099035
3.175918e-07,-0.0024113396
3.176918e-07,-0.0024242647
3.177918e-07,-0.0024465246
3.178918e-07,-0.0024687845
3.179918e-07,-0.0024831457
3.180918e-07,-0.0024817096
3.181918e-07,-0.0024659122
3.182918e-07,-0.0024436523
3.183918e-07,-0.0024271369
3.184918e-07,-0.0024242647
3.185918e-07,-0.0024357537
3.186918e-07,-0.0024551413
3.187918e-07,-0.0024695025
3.188918e-07,-0.0024702206
3.189918e-07,-0.0024551413
3.190918e-07,-0.0024314453
3.191918e-07,-0.0024134938
3.192918e-07,-0.0024127757
3.193918e-07,-0.0024328814
3.194918e-07,-0.0024680664
3.195918e-07,-0.0025046875
3.196918e-07,-0.0025276654
3.197918e-07,-0.0025291016
3.198918e-07,-0.002510432
3.199918e-07,-0.0024824276
3.200918e-07,-0.0024587316
3.201918e-07,-0.0024486788
3.202918e-07,-0.0024537052
3.203918e-07,-0.0024680664
3.204918e-07,-0.0024817096
3.205918e-07,-0.002487454
3.206918e-07,-0.0024845818
3.207918e-07,-0.0024759651
3.208918e-07,-0.0024702206
3.209918e-07,-0.0024716567
3.210918e-07,-0.0024788373
3.211918e-07,-0.0024888902
3.212918e-07,-0.0024931985
3.213918e-07,-0.0024888902
3.214918e-07,-0.0024781193
3.215918e-07,-0.0024659122
3.216918e-07,-0.0024587316
3.217918e-07,-0.0024608858
3.218918e-07,-0.0024695025
3.219918e-07,-0.0024788373
3.220918e-07,-0.0024817096
3.221918e-07,-0.0024738109
3.222918e-07,-0.0024565774
3.223918e-07,-0.0024379079
3.224918e-07,-0.0024242647
3.225918e-07,-0.0024213925
3.226918e-07,-0.0024300092
3.227918e-07,-0.0024443704
3.228918e-07,-0.0024587316
3.229918e-07,-0.0024695025
3.230918e-07,-0.0024774012
3.231918e-07,-0.0024838637
3.232918e-07,-0.0024931985
3.233918e-07,-0.0025046875
3.234918e-07,-0.0025154584
3.235918e-07,-0.0025204848
3.236918e-07,-0.0025161765
3.237918e-07,-0.0025046875
3.238918e-07,-0.0024917624
3.239918e-07,-0.0024860179
3.240918e-07,-0.0024931985
3.241918e-07,-0.0025140223
3.242918e-07,-0.0025427447
3.243918e-07,-0.002569313
3.244918e-07,-0.0025851103
3.245918e-07,-0.0025872645
3.246918e-07,-0.0025808019
3.247918e-07,-0.0025736213
3.248918e-07,-0.0025736213
3.249918e-07,-0.0025836742
3.250918e-07,-0.0026001896
3.251918e-07,-0.0026145508
3.252918e-07,-0.0026195772
3.253918e-07,-0.0026116785
3.254918e-07,-0.0025958812
3.255918e-07,-0.0025800839
3.256918e-07,-0.0025736213
3.257918e-07,-0.0025793658
3.258918e-07,-0.0025944451
3.259918e-07,-0.0026102424
3.260918e-07,-0.0026195772
3.261918e-07,-0.0026181411
3.262918e-07,-0.0026088063
3.263918e-07,-0.0025994715
3.264918e-07,-0.0025965993
3.265918e-07,-0.0026037799
3.266918e-07,-0.002617423
3.267918e-07,-0.002628912
3.268918e-07,-0.0026310662
3.269918e-07,-0.0026202953
3.270918e-07,-0.0026009076
3.271918e-07,-0.0025822381
3.272918e-07,-0.0025736213
3.273918e-07,-0.0025808019
3.274918e-07,-0.0026023437
3.275918e-07,-0.0026296301
3.276918e-07,-0.0026540441
3.277918e-07,-0.0026705595
3.278918e-07,-0.0026806124
3.279918e-07,-0.002687793
3.280918e-07,-0.0027
3.281918e-07,-0.0027193876
3.282918e-07,-0.0027438017
3.283918e-07,-0.0027667796
3.284918e-07,-0.0027804228
3.285918e-07,-0.002782577
3.286918e-07,-0.0027753964
3.287918e-07,-0.0027682158
3.288918e-07,-0.0027689338
3.289918e-07,-0.0027811409
3.290918e-07,-0.0028034007
3.291918e-07,-0.0028292509
3.292918e-07,-0.0028493566
3.293918e-07,-0.0028608456
3.294918e-07,-0.0028644359
3.295918e-07,-0.002865872
3.296918e-07,-0.0028723346
3.297918e-07,-0.0028866958
3.298918e-07,-0.0029053653
3.299918e-07,-0.0029225988
3.300918e-07,-0.0029297794
3.301918e-07,-0.0029240349
3.302918e-07,-0.0029089557
3.303918e-07,-0.0028924403
3.304918e-07,-0.0028838235
3.305918e-07,-0.00288885
3.306918e-07,-0.0029068015
3.307918e-07,-0.0029312155
3.308918e-07,-0.0029527574
3.309918e-07,-0.0029656824
3.310918e-07,-0.0029671186
3.311918e-07,-0.0029613741
3.312918e-07,-0.0029527574
3.313918e-07,-0.0029455767
3.314918e-07,-0.0029391142
3.315918e-07,-0.0029312155
3.316918e-07,-0.0029182904
3.317918e-07,-0.0028996209
3.318918e-07,-0.002877361
3.319918e-07,-0.0028586914
3.320918e-07,-0.0028493566
3.321918e-07,-0.0028515108
3.322918e-07,-0.0028644359
3.323918e-07,-0.0028809513
3.324918e-07,-0.0028953125
3.325918e-07,-0.0029039292
3.326918e-07,-0.0029068015
3.327918e-07,-0.0029068015
3.328918e-07,-0.0029068015
3.329918e-07,-0.0029075195
3.330918e-07,-0.0029060834
3.331918e-07,-0.0028989028
3.332918e-07,-0.0028838235
3.333918e-07,-0.0028637178
3.334918e-07,-0.0028443302
3.335918e-07,-0.0028335593
3.336918e-07,-0.0028378676
3.337918e-07,-0.0028572553
3.338918e-07,-0.0028866958
3.339918e-07,-0.0029168543
3.340918e-07,-0.0029412684
3.341918e-07,-0.0029556296
3.342918e-07,-0.0029628102
3.343918e-07,-0.0029678366
3.344918e-07,-0.0029757353
3.345918e-07,-0.0029865062
3.346918e-07,-0.0029972771
3.347918e-07,-0.0030023035
3.348918e-07,-0.0029987132
3.349918e-07,-0.0029893784
3.350918e-07,-0.0029807617
3.351918e-07,-0.0029821978
3.352918e-07,-0.0029987132
3.353918e-07,-0.0030288718
3.354918e-07,-0.0030647748
3.355918e-07,-0.0030956514
3.356918e-07,-0.0031136029
3.357918e-07,-0.0031171932
3.358918e-07,-0.0031121668
3.359918e-07,-0.0031085765
3.360918e-07,-0.0031136029
3.361918e-07,-0.0031286822
3.362918e-07,-0.0031473518
3.363918e-07,-0.0031595588
3.364918e-07,-0.0031595588
3.365918e-07,-0.0031466337
3.366918e-07,-0.0031308364
3.367918e-07,-0.0031236558
3.368918e-07,-0.0031365809
3.369918e-07,-0.0031710478
3.370918e-07,-0.0032184398
3.371918e-07,-0.0032658318
3.372918e-07,-0.0032974265
3.373918e-07,-0.0033081974
3.374918e-07,-0.0033017348
3.375918e-07,-0.0032902459
3.376918e-07,-0.0032859375
3.377918e-07,-0.0032974265
3.378918e-07,-0.0033225586
3.379918e-07,-0.0033534352
3.380918e-07,-0.0033778493
3.381918e-07,-0.0033893382
3.382918e-07,-0.0033886202
3.383918e-07,-0.0033814396
3.384918e-07,-0.0033778493
3.385918e-07,-0.0033828757
3.386918e-07,-0.0033965188
3.387918e-07,-0.0034130342
3.388918e-07,-0.0034238051
3.389918e-07,-0.0034259593
3.390918e-07,-0.0034202148
3.391918e-07,-0.0034137523
3.392918e-07,-0.0034123162
3.393918e-07,-0.0034180607
3.394918e-07,-0.0034266774
3.395918e-07,-0.0034309858
3.396918e-07,-0.0034238051
3.397918e-07,-0.0034044175
3.398918e-07,-0.0033792854
3.399918e-07,-0.0033591797
3.400918e-07,-0.0033548713
3.401918e-07,-0.0033699506
3.402918e-07,-0.003398673
3.403918e-07,-0.0034288316
3.404918e-07,-0.0034467831
3.405918e-07,-0.0034446289
3.406918e-07,-0.0034238051
3.407918e-07,-0.0033936466
3.408918e-07,-0.0033663603
3.409918e-07,-0.003351281
3.410918e-07,-0.0033491268
3.411918e-07,-0.0033534352
3.412918e-07,-0.0033548713
3.413918e-07,-0.0033455365
3.414918e-07,-0.0033239947
3.415918e-07,-0.0032967084
3.416918e-07,-0.0032744485
3.417918e-07,-0.0032658318
3.418918e-07,-0.0032730124
3.419918e-07,-0.0032945542
3.420918e-07,-0.0033204044
3.421918e-07,-0.0033433824
3.422918e-07,-0.0033584616
3.423918e-07,-0.0033649242
3.424918e-07,-0.0033663603
3.425918e-07,-0.0033663603
3.426918e-07,-0.0033663603
3.427918e-07,-0.0033670784
3.428918e-07,-0.0033663603
3.429918e-07,-0.0033649242
3.430918e-07,-0.0033642061
3.431918e-07,-0.0033677964
3.432918e-07,-0.0033778493
3.433918e-07,-0.0033943647
3.434918e-07,-0.0034130342
3.435918e-07,-0.0034281135
3.436918e-07,-0.0034352941
3.437918e-07,-0.003433858
3.438918e-07,-0.0034288316
3.439918e-07,-0.0034273955
3.440918e-07,-0.0034352941
3.441918e-07,-0.0034539637
3.442918e-07,-0.0034798139
3.443918e-07,-0.0035035099
3.444918e-07,-0.0035157169
3.445918e-07,-0.0035121266
3.446918e-07,-0.0034941751
3.447918e-07,-0.003469043
3.448918e-07,-0.0034467831
3.449918e-07,-0.0034345761
3.450918e-07,-0.0034345761
3.451918e-07,-0.0034446289
3.452918e-07,-0.0034582721
3.453918e-07,-0.0034704791
3.454918e-07,-0.0034776597
3.455918e-07,-0.0034805319
3.456918e-07,-0.00348125
3.457918e-07,-0.0034805319
3.458918e-07,-0.0034769416
3.459918e-07,-0.0034704791
3.460918e-07,-0.0034582721
3.461918e-07,-0.0034424747
3.462918e-07,-0.0034259593
3.463918e-07,-0.0034144704
3.464918e-07,-0.0034123162
3.465918e-07,-0.0034194968
3.466918e-07,-0.003433858
3.467918e-07,-0.0034482192
3.468918e-07,-0.0034582721
3.469918e-07,-0.0034618624
3.470918e-07,-0.0034604262
3.471918e-07,-0.0034582721
3.472918e-07,-0.0034582721
3.473918e-07,-0.0034611443
3.474918e-07,-0.0034640165
3.475918e-07,-0.0034604262
3.476918e-07,-0.0034467831
3.477918e-07,-0.0034230871
3.478918e-07,-0.0033950827
3.479918e-07,-0.0033699506
3.480918e-07,-0.0033548713
3.481918e-07,-0.0033527171
3.482918e-07,-0.0033598977
3.483918e-07,-0.0033706687
3.484918e-07,-0.0033778493
3.485918e-07,-0.0033771312
3.486918e-07,-0.0033699506
3.487918e-07,-0.0033606158
3.488918e-07,-0.0033548713
3.489918e-07,-0.0033548713
3.490918e-07,-0.0033577436
3.491918e-07,-0.0033598977
3.492918e-07,-0.0033548713
3.493918e-07,-0.0033412282
3.494918e-07,-0.0033225586
3.495918e-07,-0.0033060432
3.496918e-07,-0.0032974265
3.497918e-07,-0.0033017348
3.498918e-07,-0.0033175322
3.499918e-07,-0.0033376379
3.500918e-07,-0.0033548713
3.501918e-07,-0.00336277
3.502918e-07,-0.0033606158
3.503918e-07,-0.0033519991
3.504918e-07,-0.0033433824
3.505918e-07,-0.003339074
3.506918e-07,-0.0033412282
3.507918e-07,-0.0033484088
3.508918e-07,-0.0033548713
3.509918e-07,-0.0033584616
3.510918e-07,-0.0033577436
3.511918e-07,-0.0033555894
3.512918e-07,-0.0033548713
3.513918e-07,-0.0033577436
3.514918e-07,-0.0033642061
3.515918e-07,-0.0033721048
3.516918e-07,-0.0033778493
3.517918e-07,-0.0033792854
3.518918e-07,-0.0033778493
3.519918e-07,-0.0033764131
3.520918e-07,-0.0033778493
3.521918e-07,-0.0033843118
3.522918e-07,-0.0033943647
3.523918e-07,-0.0034051356
3.524918e-07,-0.0034123162
3.525918e-07,-0.0034137523
3.526918e-07,-0.0034115981
3.527918e-07,-0.0034094439
3.528918e-07,-0.0034123162
3.529918e-07,-0.003422369
3.530918e-07,-0.0034396025
3.531918e-07,-0.0034611443
3.532918e-07,-0.00348125
3.533918e-07,-0.0034977654
3.534918e-07,-0.0035092544
3.535918e-07,-0.0035178711
3.536918e-07,-0.0035272059
3.537918e-07,-0.0035386949
3.538918e-07,-0.0035516199
3.539918e-07,-0.003563827
3.540918e-07,-0.0035731618
3.541918e-07,-0.0035774701
3.542918e-07,-0.0035774701
3.543918e-07,-0.0035753159
3.544918e-07,-0.0035731618
3.545918e-07,-0.0035738798
3.546918e-07,-0.0035767521
3.547918e-07,-0.0035803424
3.548918e-07,-0.0035846507
3.549918e-07,-0.003587523
3.550918e-07,-0.0035903952
3.551918e-07,-0.0035932675
3.552918e-07,-0.0035961397
3.553918e-07,-0.0035982939
3.554918e-07,-0.0035975758
3.555918e-07,-0.0035932675
3.556918e-07,-0.0035846507
3.557918e-07,-0.0035753159
3.558918e-07,-0.0035702895
3.559918e-07,-0.0035731618
3.560918e-07,-0.0035846507
3.561918e-07,-0.0036011661
3.562918e-07,-0.0036162454
3.563918e-07,-0.003623426
3.564918e-07,-0.0036191176
3.565918e-07,-0.0036054745
3.566918e-07,-0.0035889591
3.567918e-07,-0.0035767521
3.568918e-07,-0.0035731618
3.569918e-07,-0.0035789062
3.570918e-07,-0.0035896772
3.571918e-07,-0.0035968578
3.572918e-07,-0.0035961397
3.573918e-07,-0.0035860869
3.574918e-07,-0.0035702895
3.575918e-07,-0.0035566464
3.576918e-07,-0.0035501838
3.577918e-07,-0.0035530561
3.578918e-07,-0.0035616728
3.579918e-07,-0.0035702895
3.580918e-07,-0.0035731618
3.581918e-07,-0.0035695715
3.582918e-07,-0.0035623909
3.583918e-07,-0.0035580825
3.584918e-07,-0.0035616728
3.585918e-07,-0.0035745979
3.586918e-07,-0.0035932675
3.587918e-07,-0.0036097829
3.588918e-07,-0.0036191176
3.589918e-07,-0.0036191176
3.590918e-07,-0.0036126551
3.591918e-07,-0.0036061926
3.592918e-07,-0.0036076287
3.593918e-07,-0.0036183996
3.594918e-07,-0.003634915
3.595918e-07,-0.0036528665
3.596918e-07,-0.0036650735
3.597918e-07,-0.0036693819
3.598918e-07,-0.0036686638
3.599918e-07,-0.0036693819
3.600918e-07,-0.0036765625
3.601918e-07,-0.0036930779
3.602918e-07,-0.0037153378
3.603918e-07,-0.0037390338
3.604918e-07,-0.0037569853
3.605918e-07,-0.0037677562
3.606918e-07,-0.0037742188
3.607918e-07,-0.0037806813
3.608918e-07,-0.0037914522
3.609918e-07,-0.0038079676
3.610918e-07,-0.003824483
3.611918e-07,-0.00383669
3.612918e-07,-0.0038374081
3.613918e-07,-0.0038273552
3.614918e-07,-0.003812276
3.615918e-07,-0.0038015051
3.616918e-07,-0.0038029412
3.617918e-07,-0.0038187385
3.618918e-07,-0.0038445887
3.619918e-07,-0.0038690028
3.620918e-07,-0.003883364
3.621918e-07,-0.0038812098
3.622918e-07,-0.0038646944
3.623918e-07,-0.0038424345
3.624918e-07,-0.0038259191
3.625918e-07,-0.0038223288
3.626918e-07,-0.0038323817
3.627918e-07,-0.0038524874
3.628918e-07,-0.003871875
3.629918e-07,-0.003884082
3.630918e-07,-0.0038862362
3.631918e-07,-0.0038797737
3.632918e-07,-0.003871875
3.633918e-07,-0.0038682847
3.634918e-07,-0.0038711569
3.635918e-07,-0.0038812098
3.636918e-07,-0.0038948529
3.637918e-07,-0.0039084961
3.638918e-07,-0.0039207031
3.639918e-07,-0.003931474
3.640918e-07,-0.0039408088
3.641918e-07,-0.0039487075
3.642918e-07,-0.0039522978
3.643918e-07,-0.0039501436
3.644918e-07,-0.0039408088
3.645918e-07,-0.0039264476
3.646918e-07,-0.0039120864
3.647918e-07,-0.0039041877
3.648918e-07,-0.0039063419
3.649918e-07,-0.003919267
3.650918e-07,-0.0039379366
3.651918e-07,-0.00395517
3.652918e-07,-0.0039637868
3.653918e-07,-0.0039616326
3.654918e-07,-0.0039515797
3.655918e-07,-0.0039386546
3.656918e-07,-0.0039293199
3.657918e-07,-0.0039264476
3.658918e-07,-0.0039278837
3.659918e-07,-0.0039300379
3.660918e-07,-0.0039293199
3.661918e-07,-0.0039235754
3.662918e-07,-0.0039149586
3.663918e-07,-0.003907778
3.664918e-07,-0.0039063419
3.665918e-07,-0.0039106503
3.666918e-07,-0.0039178309
3.667918e-07,-0.0039214212
3.668918e-07,-0.0039178309
3.669918e-07,-0.0039056239
3.670918e-07,-0.0038898265
3.671918e-07,-0.0038761834
3.672918e-07,-0.003871875
3.673918e-07,-0.0038776195
3.674918e-07,-0.0038891085
3.675918e-07,-0.0039013155
3.676918e-07,-0.0039063419
3.677918e-07,-0.0039027516
3.678918e-07,-0.0038919807
3.679918e-07,-0.0038797737
3.680918e-07,-0.003871875
3.681918e-07,-0.0038704389
3.682918e-07,-0.0038725931
3.683918e-07,-0.0038747472
3.684918e-07,-0.003871875
3.685918e-07,-0.0038632583
3.686918e-07,-0.0038510512
3.687918e-07,-0.0038417165
3.688918e-07,-0.0038374081
3.689918e-07,-0.0038388442
3.690918e-07,-0.0038409984
3.691918e-07,-0.0038381261
3.692918e-07,-0.0038259191
3.693918e-07,-0.0038065315
3.694918e-07,-0.0037871438
3.695918e-07,-0.0037763729
3.696918e-07,-0.0037799632
3.697918e-07,-0.0037979148
3.698918e-07,-0.0038230469
3.699918e-07,-0.0038438706
3.700918e-07,-0.0038488971
3.701918e-07,-0.0038352539
3.702918e-07,-0.0038079676
3.703918e-07,-0.0037778091
3.704918e-07,-0.0037569853
3.705918e-07,-0.0037519589
3.706918e-07,-0.0037627298
3.707918e-07,-0.0037828355
3.708918e-07,-0.0038029412
3.709918e-07,-0.0038165843
3.710918e-07,-0.0038237649
3.711918e-07,-0.0038287914
3.712918e-07,-0.0038374081
3.713918e-07,-0.0038524874
3.714918e-07,-0.003871875
3.715918e-07,-0.0038883904
3.716918e-07,-0.0038948529
3.717918e-07,-0.0038869543
3.718918e-07,-0.0038690028
3.719918e-07,-0.0038488971
3.720918e-07,-0.0038374081
3.721918e-07,-0.0038417165
3.722918e-07,-0.0038618222
3.723918e-07,-0.0038905446
3.724918e-07,-0.0039178309
3.725918e-07,-0.0039343463
3.726918e-07,-0.0039372185
3.727918e-07,-0.0039293199
3.728918e-07,-0.0039178309
3.729918e-07,-0.0039113683
3.730918e-07,-0.0039142406
3.731918e-07,-0.0039257295
3.732918e-07,-0.0039408088
3.733918e-07,-0.003954452
3.734918e-07,-0.0039623506
3.735918e-07,-0.0039645048
3.736918e-07,-0.0039637868
3.737918e-07,-0.0039645048
3.738918e-07,-0.0039688132
3.739918e-07,-0.0039767119
3.740918e-07,-0.0039867647
3.741918e-07,-0.0039953814
3.742918e-07,-0.0040004079
3.743918e-07,-0.0040011259
3.744918e-07,-0.0039982537
3.745918e-07,-0.0039917911
3.746918e-07,-0.0039831744
3.747918e-07,-0.0039731216
3.748918e-07,-0.0039637868
3.749918e-07,-0.0039580423
3.750918e-07,-0.0039587603
3.751918e-07,-0.0039688132
3.752918e-07,-0.0039867647
3.753918e-07,-0.0040090246
3.754918e-07,-0.0040284122
3.755918e-07,-0.004037747
3.756918e-07,-0.0040327206
3.757918e-07,-0.0040147691
3.758918e-07,-0.0039882008
3.759918e-07,-0.0039616326
3.760918e-07,-0.0039408088
3.761918e-07,-0.0039300379
3.762918e-07,-0.0039286018
3.763918e-07,-0.0039336282
3.764918e-07,-0.0039408088
3.765918e-07,-0.0039494256
3.766918e-07,-0.0039587603
3.767918e-07,-0.0039716854
3.768918e-07,-0.0039867647
3.769918e-07,-0.004001844
3.770918e-07,-0.004013333
3.771918e-07,-0.0040162052
3.772918e-07,-0.0040097426
3.773918e-07,-0.0039975356
3.774918e-07,-0.0039853286
3.775918e-07,-0.0039803022
3.776918e-07,-0.0039867647
3.777918e-07,-0.004002562
3.778918e-07,-0.0040212316
3.779918e-07,-0.0040363109
3.780918e-07,-0.0040442096
3.781918e-07,-0.0040456457
3.782918e-07,-0.0040463637
3.783918e-07,-0.0040521082
3.784918e-07,-0.0040671875
3.785918e-07,-0.0040880113
3.786918e-07,-0.0041073989
3.787918e-07,-0.0041174517
3.788918e-07,-0.0041131434
3.789918e-07,-0.0040995002
3.790918e-07,-0.004085139
3.791918e-07,-0.0040837029
3.792918e-07,-0.0041016544
3.793918e-07,-0.0041375574
3.794918e-07,-0.0041813591
3.795918e-07,-0.0042194164
3.796918e-07,-0.0042395221
3.797918e-07,-0.0042395221
3.798918e-07,-0.004226597
3.799918e-07,-0.004215108
3.800918e-07,-0.0042165441
3.801918e-07,-0.0042373679
3.802918e-07,-0.0042732709
3.803918e-07,-0.0043127642
3.804918e-07,-0.0043429228
3.805918e-07,-0.0043558479
3.806918e-07,-0.0043522576
3.807918e-07,-0.0043400506
3.808918e-07,-0.0043314338
3.809918e-07,-0.0043328699
3.810918e-07,-0.0043443589
3.811918e-07,-0.0043623104
3.812918e-07,-0.0043773897
3.813918e-07,-0.0043852884
3.814918e-07,-0.0043867245
3.815918e-07,-0.0043860064
3.816918e-07,-0.0043888787
3.817918e-07,-0.0043989315
3.818918e-07,-0.0044132927
3.819918e-07,-0.0044269359
3.820918e-07,-0.0044348346
3.821918e-07,-0.0044341165
3.822918e-07,-0.004427654
3.823918e-07,-0.0044226275
3.824918e-07,-0.0044233456
3.825918e-07,-0.0044319623
3.826918e-07,-0.0044456055
3.827918e-07,-0.0044556583
3.828918e-07,-0.0044578125
3.829918e-07,-0.0044506319
3.830918e-07,-0.004439861
3.831918e-07,-0.0044319623
3.832918e-07,-0.0044348346
3.833918e-07,-0.0044477597
3.834918e-07,-0.0044657112
3.835918e-07,-0.0044793543
3.836918e-07,-0.0044807904
3.837918e-07,-0.0044685834
3.838918e-07,-0.0044491958
3.839918e-07,-0.0044312443
3.840918e-07,-0.0044233456
3.841918e-07,-0.004428372
3.842918e-07,-0.0044412971
3.843918e-07,-0.0044535041
3.844918e-07,-0.0044578125
3.845918e-07,-0.0044527861
3.846918e-07,-0.0044434513
3.847918e-07,-0.0044391429
3.848918e-07,-0.0044463235
3.849918e-07,-0.004464275
3.850918e-07,-0.0044858169
3.851918e-07,-0.0044980239
3.852918e-07,-0.0044922794
3.853918e-07,-0.0044671473
3.854918e-07,-0.0044312443
3.855918e-07,-0.0044010857
3.856918e-07,-0.0043888787
3.857918e-07,-0.0044018038
3.858918e-07,-0.0044341165
3.859918e-07,-0.0044728918
3.860918e-07,-0.0045037684
3.861918e-07,-0.0045166935
3.862918e-07,-0.004510949
3.863918e-07,-0.0044951517
3.864918e-07,-0.0044807904
3.865918e-07,-0.004475046
3.866918e-07,-0.0044786363
3.867918e-07,-0.0044865349
3.868918e-07,-0.0044922794
3.869918e-07,-0.0044915614
3.870918e-07,-0.004487253
3.871918e-07,-0.0044850988
3.872918e-07,-0.0044922794
3.873918e-07,-0.0045102309
3.874918e-07,-0.0045332089
3.875918e-07,-0.0045533146
3.876918e-07,-0.0045612132
3.877918e-07,-0.0045540326
3.878918e-07,-0.0045367992
3.879918e-07,-0.0045202838
3.880918e-07,-0.0045152574
3.881918e-07,-0.0045260283
3.882918e-07,-0.0045475701
3.883918e-07,-0.0045712661
3.884918e-07,-0.0045841912
3.885918e-07,-0.0045806009
3.886918e-07,-0.0045633674
3.887918e-07,-0.0045418256
3.888918e-07,-0.0045267463
3.889918e-07,-0.0045253102
3.890918e-07,-0.0045360811
3.891918e-07,-0.0045518784
3.892918e-07,-0.0045612132
3.893918e-07,-0.0045576229
3.894918e-07,-0.0045418256
3.895918e-07,-0.0045210018
3.896918e-07,-0.0045037684
3.897918e-07,-0.0044980239
3.898918e-07,-0.0045037684
3.899918e-07,-0.0045159754
3.900918e-07,-0.0045267463
3.901918e-07,-0.0045303366
3.902918e-07,-0.0045260283
3.903918e-07,-0.0045188477
3.904918e-07,-0.0045152574
3.905918e-07,-0.0045188477
3.906918e-07,-0.0045296186
3.907918e-07,-0.0045418256
3.908918e-07,-0.0045497243
3.909918e-07,-0.0045490062
3.910918e-07,-0.0045425437
3.911918e-07,-0.0045367992
3.912918e-07,-0.0045382353
3.913918e-07,-0.0045518784
3.914918e-07,-0.0045748564
3.915918e-07,-0.0045999885
3.916918e-07,-0.0046186581
3.917918e-07,-0.0046244026
3.918918e-07,-0.0046165039
3.919918e-07,-0.0045999885
3.920918e-07,-0.0045841912
3.921918e-07,-0.0045748564
3.922918e-07,-0.0045755744
3.923918e-07,-0.0045841912
3.924918e-07,-0.0045956801
3.925918e-07,-0.0046071691
3.926918e-07,-0.0046157858
3.927918e-07,-0.0046236845
3.928918e-07,-0.0046301471
3.929918e-07,-0.0046351735
3.930918e-07,-0.0046351735
3.931918e-07,-0.0046265568
3.932918e-07,-0.0046071691
3.933918e-07,-0.0045784467
3.934918e-07,-0.0045482881
3.935918e-07,-0.0045245921
3.936918e-07,-0.0045152574
3.937918e-07,-0.0045217199
3.938918e-07,-0.0045382353
3.939918e-07,-0.0045547507
3.940918e-07,-0.0045612132
3.941918e-07,-0.0045518784
3.942918e-07,-0.0045274644
3.943918e-07,-0.0044965878
3.944918e-07,-0.0044693015
3.945918e-07,-0.0044527861
3.946918e-07,-0.0044499138
3.947918e-07,-0.0044570944
3.948918e-07,-0.0044693015
3.949918e-07,-0.0044800724
3.950918e-07,-0.004487253
3.951918e-07,-0.0044908433
3.952918e-07,-0.0044922794
3.953918e-07,-0.0044929975
3.954918e-07,-0.0044929975
3.955918e-07,-0.0044894072
3.956918e-07,-0.0044807904
3.957918e-07,-0.0044693015
3.958918e-07,-0.0044585306
3.959918e-07,-0.0044535041
3.960918e-07,-0.0044578125
3.961918e-07,-0.0044714557
3.962918e-07,-0.0044894072
3.963918e-07,-0.0045059226
3.964918e-07,-0.0045152574
3.965918e-07,-0.0045166935
3.966918e-07,-0.0045145393
3.967918e-07,-0.0045159754
3.968918e-07,-0.0045267463
3.969918e-07,-0.0045475701
3.970918e-07,-0.0045748564
3.971918e-07,-0.0046014246
3.972918e-07,-0.0046186581
3.973918e-07,-0.0046244026
3.974918e-07,-0.0046200942
3.975918e-07,-0.0046121955
3.976918e-07,-0.0046071691
3.977918e-07,-0.0046100414
3.978918e-07,-0.0046193761
3.979918e-07,-0.0046315832
3.980918e-07,-0.004641636
3.981918e-07,-0.0046473805
3.982918e-07,-0.0046488166
3.983918e-07,-0.0046495347
3.984918e-07,-0.004653125
3.985918e-07,-0.0046595875
3.986918e-07,-0.0046674862
3.987918e-07,-0.0046739488
3.988918e-07,-0.0046761029
3.989918e-07,-0.0046746668
3.990918e-07,-0.0046732307
3.991918e-07,-0.0046732307
3.992918e-07,-0.0046761029
3.993918e-07,-0.0046782571
3.994918e-07,-0.0046753849
3.995918e-07,-0.0046631778
3.996918e-07,-0.004641636
3.997918e-07,-0.00461794
3.998918e-07,-0.0046021427
3.999918e-07,-0.0046014246
4.000918e-07,-0.0046186581
4.001918e-07,-0.0046452263
4.002918e-07,-0.0046682043
4.003918e-07,-0.0046732307
4.004918e-07,-0.004653125
4.005918e-07,-0.0046121955
4.006918e-07,-0.0045648035
4.007918e-07,-0.0045281824
4.008918e-07,-0.0045152574
4.009918e-07,-0.0045274644
4.010918e-07,-0.0045540326
4.011918e-07,-0.0045777286
4.012918e-07,-0.0045841912
4.013918e-07,-0.0045669577
4.014918e-07,-0.0045324908
4.015918e-07,-0.0044951517
4.016918e-07,-0.0044693015
4.017918e-07,-0.0044621209
4.018918e-07,-0.0044714557
4.019918e-07,-0.0044850988
4.020918e-07,-0.0044922794
4.021918e-07,-0.0044865349
4.022918e-07,-0.0044700195
4.023918e-07,-0.0044527861
4.024918e-07,-0.0044463235
4.025918e-07,-0.0044542222
4.026918e-07,-0.0044721737
4.027918e-07,-0.0044886891
4.028918e-07,-0.0044922794
4.029918e-07,-0.0044764821
4.030918e-07,-0.0044456055
4.031918e-07,-0.0044111386
4.032918e-07,-0.0043888787
4.033918e-07,-0.0043867245
4.034918e-07,-0.004404676
4.035918e-07,-0.0044333984
4.036918e-07,-0.0044578125
4.037918e-07,-0.0044685834
4.038918e-07,-0.004464275
4.039918e-07,-0.0044491958
4.040918e-07,-0.0044348346
4.041918e-07,-0.0044298081
4.042918e-07,-0.0044369887
4.043918e-07,-0.0044527861
4.044918e-07,-0.0044693015
4.045918e-07,-0.0044800724
4.046918e-07,-0.0044822266
4.047918e-07,-0.0044807904
4.048918e-07,-0.0044807904
4.049918e-07,-0.0044865349
4.050918e-07,-0.004498742
4.051918e-07,-0.0045138212
4.052918e-07,-0.0045267463
4.053918e-07,-0.004534645
4.054918e-07,-0.0045382353
4.055918e-07,-0.0045418256
4.056918e-07,-0.0045497243
4.057918e-07,-0.0045626494
4.058918e-07,-0.0045762925
4.059918e-07,-0.0045856273
4.060918e-07,-0.0045841912
4.061918e-07,-0.0045712661
4.062918e-07,-0.0045518784
4.063918e-07,-0.004534645
4.064918e-07,-0.0045267463
4.065918e-07,-0.0045317727
4.066918e-07,-0.004546134
4.067918e-07,-0.0045626494
4.068918e-07,-0.0045727022
4.069918e-07,-0.0045727022
4.070918e-07,-0.0045648035
4.071918e-07,-0.0045547507
4.072918e-07,-0.0045497243
4.073918e-07,-0.0045533146
4.074918e-07,-0.0045633674
4.075918e-07,-0.0045755744
4.076918e-07,-0.0045841912
4.077918e-07,-0.0045870634
4.078918e-07,-0.0045870634
4.079918e-07,-0.0045892176
4.080918e-07,-0.0045956801
4.081918e-07,-0.0046071691
4.082918e-07,-0.0046186581
4.083918e-07,-0.0046244026
4.084918e-07,-0.0046186581
4.085918e-07,-0.0046042969
4.086918e-07,-0.0045877815
4.087918e-07,-0.0045791648
4.088918e-07,-0.0045841912
4.089918e-07,-0.0046021427
4.090918e-07,-0.0046244026
4.091918e-07,-0.004640918
4.092918e-07,-0.004641636
4.093918e-07,-0.0046258387
4.094918e-07,-0.0046014246
4.095918e-07,-0.0045798828
4.096918e-07,-0.0045727022
4.097918e-07,-0.0045834731
4.098918e-07,-0.004605733
4.099918e-07,-0.004629429
4.100918e-07,-0.004641636
4.101918e-07,-0.0046366096
4.102918e-07,-0.004617222
4.103918e-07,-0.0045928079
4.104918e-07,-0.0045727022
4.105918e-07,-0.0045640855
4.106918e-07,-0.0045655216
4.107918e-07,-0.0045712661
4.108918e-07,-0.0045727022
4.109918e-07,-0.0045676758
4.110918e-07,-0.0045576229
4.111918e-07,-0.0045497243
4.112918e-07,-0.0045497243
4.113918e-07,-0.0045590591
4.114918e-07,-0.0045719841
4.115918e-07,-0.0045791648
4.116918e-07,-0.0045727022
4.117918e-07,-0.0045511604
4.118918e-07,-0.0045217199
4.119918e-07,-0.0044944336
4.120918e-07,-0.0044807904
4.121918e-07,-0.0044843807
4.122918e-07,-0.0045008961
4.123918e-07,-0.0045188477
4.124918e-07,-0.0045267463
4.125918e-07,-0.0045181296
4.126918e-07,-0.0044973058
4.127918e-07,-0.0044728918
4.128918e-07,-0.0044578125
4.129918e-07,-0.0044592486
4.130918e-07,-0.004475046
4.131918e-07,-0.0044973058
4.132918e-07,-0.0045152574
4.133918e-07,-0.0045202838
4.134918e-07,-0.004511667
4.135918e-07,-0.0044951517
4.136918e-07,-0.0044807904
4.137918e-07,-0.004475046
4.138918e-07,-0.0044800724
4.139918e-07,-0.0044922794
4.140918e-07,-0.0045037684
4.141918e-07,-0.004510949
4.142918e-07,-0.0045123851
4.143918e-07,-0.0045123851
4.144918e-07,-0.0045152574
4.145918e-07,-0.004523156
4.146918e-07,-0.0045339269
4.147918e-07,-0.0045446978
4.148918e-07,-0.0045497243
4.149918e-07,-0.0045490062
4.150918e-07,-0.0045454159
4.151918e-07,-0.0045439798
4.152918e-07,-0.0045497243
4.153918e-07,-0.0045626494
4.154918e-07,-0.0045784467
4.155918e-07,-0.0045906537
4.156918e-07,-0.0045956801
4.157918e-07,-0.004594244
4.158918e-07,-0.0045928079
4.159918e-07,-0.0045992705
4.160918e-07,-0.0046186581
4.161918e-07,-0.0046488166
4.162918e-07,-0.0046811294
4.163918e-07,-0.0047041073
4.164918e-07,-0.0047105699
4.165918e-07,-0.0046990809
4.166918e-07,-0.0046775391
4.167918e-07,-0.0046588695
4.168918e-07,-0.004653125
4.169918e-07,-0.0046638959
4.170918e-07,-0.0046861558
4.171918e-07,-0.0047091337
4.172918e-07,-0.0047220588
4.173918e-07,-0.0047213408
4.174918e-07,-0.0047112879
4.175918e-07,-0.004700517
4.176918e-07,-0.0046990809
4.177918e-07,-0.0047098518
4.178918e-07,-0.0047292394
4.179918e-07,-0.004747909
4.180918e-07,-0.0047565257
4.181918e-07,-0.0047529354
4.182918e-07,-0.0047421645
4.183918e-07,-0.0047328297
4.184918e-07,-0.0047335478
4.185918e-07,-0.0047471909
4.186918e-07,-0.0047680147
4.187918e-07,-0.0047859662
4.188918e-07,-0.0047909926
4.189918e-07,-0.0047809398
4.190918e-07,-0.0047608341
4.191918e-07,-0.0047414465
4.192918e-07,-0.0047335478
4.193918e-07,-0.0047400103
4.194918e-07,-0.0047572438
4.195918e-07,-0.0047737592
4.196918e-07,-0.0047795037
4.197918e-07,-0.0047694508
4.198918e-07,-0.0047464729
4.199918e-07,-0.0047199046
4.200918e-07,-0.0046990809
4.201918e-07,-0.0046897461
4.202918e-07,-0.004689028
4.203918e-07,-0.0046904642
4.204918e-07,-0.0046875919
4.205918e-07,-0.0046775391
4.206918e-07,-0.0046631778
4.207918e-07,-0.0046538431
4.208918e-07,-0.004653125
4.209918e-07,-0.0046617417
4.210918e-07,-0.0046725126
4.211918e-07,-0.0046761029
4.212918e-07,-0.004664614
4.213918e-07,-0.0046394818
4.214918e-07,-0.0046100414
4.215918e-07,-0.0045884995
4.216918e-07,-0.0045841912
4.217918e-07,-0.0045985524
4.218918e-07,-0.0046215303
4.219918e-07,-0.0046401999
4.220918e-07,-0.004641636
4.221918e-07,-0.0046229665
4.222918e-07,-0.0045928079
4.223918e-07,-0.0045640855
4.224918e-07,-0.0045497243
4.225918e-07,-0.0045554687
4.226918e-07,-0.0045748564
4.227918e-07,-0.0045963982
4.228918e-07,-0.0046071691
4.229918e-07,-0.0046035788
4.230918e-07,-0.0045899357
4.231918e-07,-0.0045798828
4.232918e-07,-0.0045841912
4.233918e-07,-0.004605733
4.234918e-07,-0.0046380457
4.235918e-07,-0.0046660501
4.236918e-07,-0.0046761029
4.237918e-07,-0.0046631778
4.238918e-07,-0.0046351735
4.239918e-07,-0.0046071691
4.240918e-07,-0.0045956801
4.241918e-07,-0.0046107594
4.242918e-07,-0.0046480986
4.243918e-07,-0.0046947725
4.244918e-07,-0.0047335478
4.245918e-07,-0.0047522174
4.246918e-07,-0.0047493451
4.247918e-07,-0.0047349839
4.248918e-07,-0.0047220588
4.249918e-07,-0.0047220588
4.250918e-07,-0.00473642
4.251918e-07,-0.004759398
4.252918e-07,-0.0047795037
4.253918e-07,-0.0047881204
4.254918e-07,-0.0047852482
4.255918e-07,-0.0047751953
4.256918e-07,-0.0047680147
4.257918e-07,-0.0047708869
4.258918e-07,-0.004783094
4.259918e-07,-0.0048003274
4.260918e-07,-0.0048139706
4.261918e-07,-0.004818279
4.262918e-07,-0.0048132525
4.263918e-07,-0.0048053539
4.264918e-07,-0.0048024816
4.265918e-07,-0.0048089442
4.266918e-07,-0.0048233054
4.267918e-07,-0.0048391027
4.268918e-07,-0.0048484375
4.269918e-07,-0.0048470014
4.270918e-07,-0.0048362305
4.271918e-07,-0.0048225873
4.272918e-07,-0.0048139706
4.273918e-07,-0.0048132525
4.274918e-07,-0.004818997
4.275918e-07,-0.0048254596
4.276918e-07,-0.0048254596
4.277918e-07,-0.0048168428
4.278918e-07,-0.0048031997
4.279918e-07,-0.0047924288
4.280918e-07,-0.0047909926
4.281918e-07,-0.0048003274
4.282918e-07,-0.0048161248
4.283918e-07,-0.0048276137
4.284918e-07,-0.0048254596
4.285918e-07,-0.00480679
4.286918e-07,-0.0047759134
4.287918e-07,-0.0047436006
4.288918e-07,-0.0047220588
4.289918e-07,-0.0047184685
4.290918e-07,-0.0047306756
4.291918e-07,-0.0047507813
4.292918e-07,-0.0047680147
4.293918e-07,-0.0047751953
4.294918e-07,-0.0047708869
4.295918e-07,-0.0047622702
4.296918e-07,-0.0047565257
4.297918e-07,-0.004760116
4.298918e-07,-0.0047730411
4.299918e-07,-0.0047902746
4.300918e-07,-0.0048024816
4.301918e-07,-0.0048046358
4.302918e-07,-0.0047960191
4.303918e-07,-0.0047816579
4.304918e-07,-0.0047680147
4.305918e-07,-0.004760116
4.306918e-07,-0.004760116
4.307918e-07,-0.0047637063
4.308918e-07,-0.0047680147
4.309918e-07,-0.0047701689
4.310918e-07,-0.0047701689
4.311918e-07,-0.0047723231
4.312918e-07,-0.0047795037
4.313918e-07,-0.0047909926
4.314918e-07,-0.0048046358
4.315918e-07,-0.0048139706
4.316918e-07,-0.0048139706
4.317918e-07,-0.0048046358
4.318918e-07,-0.0047895565
4.319918e-07,-0.0047759134
4.320918e-07,-0.0047680147
4.321918e-07,-0.0047680147
4.322918e-07,-0.0047730411
4.323918e-07,-0.0047780676
4.324918e-07,-0.0047795037
4.325918e-07,-0.0047773495
4.326918e-07,-0.0047773495
4.327918e-07,-0.0047845301
4.328918e-07,-0.0048024816
4.329918e-07,-0.0048283318
4.330918e-07,-0.0048527459
4.331918e-07,-0.004865671
4.332918e-07,-0.0048599265
4.333918e-07,-0.0048355124
4.334918e-07,-0.0047996094
4.335918e-07,-0.0047658605
4.336918e-07,-0.0047450368
4.337918e-07,-0.0047414465
4.338918e-07,-0.0047514993
4.339918e-07,-0.0047672966
4.340918e-07,-0.0047795037
4.341918e-07,-0.0047845301
4.342918e-07,-0.0047845301
4.343918e-07,-0.0047852482
4.344918e-07,-0.0047909926
4.345918e-07,-0.0048024816
4.346918e-07,-0.0048146886
4.347918e-07,-0.0048204331
4.348918e-07,-0.0048139706
4.349918e-07,-0.0047967371
4.350918e-07,-0.0047751953
4.351918e-07,-0.004759398
4.352918e-07,-0.0047565257
4.353918e-07,-0.0047658605
4.354918e-07,-0.0047809398
4.355918e-07,-0.0047917107
4.356918e-07,-0.0047909926
4.357918e-07,-0.0047795037
4.358918e-07,-0.0047644244
4.359918e-07,-0.0047579619
4.360918e-07,-0.0047680147
4.361918e-07,-0.0047931468
4.362918e-07,-0.0048233054
4.363918e-07,-0.0048448472
4.364918e-07,-0.0048484375
4.365918e-07,-0.0048326402
4.366918e-07,-0.0048082261
4.367918e-07,-0.0047895565
4.368918e-07,-0.0047909926
4.369918e-07,-0.0048154067
4.370918e-07,-0.004854182
4.371918e-07,-0.0048936753
4.372918e-07,-0.0049173713
4.373918e-07,-0.0049202436
4.374918e-07,-0.0049058824
4.375918e-07,-0.004889367
4.376918e-07,-0.0048829044
4.377918e-07,-0.0048951114
4.378918e-07,-0.0049223977
4.379918e-07,-0.0049532744
4.380918e-07,-0.0049748162
4.381918e-07,-0.0049798426
4.382918e-07,-0.0049690717
4.383918e-07,-0.0049525563
4.384918e-07,-0.0049403493
4.385918e-07,-0.0049381951
4.386918e-07,-0.0049432215
4.387918e-07,-0.0049468118
4.388918e-07,-0.0049403493
4.389918e-07,-0.0049209616
4.390918e-07,-0.0048936753
4.391918e-07,-0.0048692613
4.392918e-07,-0.0048599265
4.393918e-07,-0.0048692613
4.394918e-07,-0.0048922392
4.395918e-07,-0.0049166533
4.396918e-07,-0.0049288603
4.397918e-07,-0.0049223977
4.398918e-07,-0.0048987017
4.399918e-07,-0.0048699793
4.400918e-07,-0.0048484375
4.401918e-07,-0.0048405388
4.402918e-07,-0.0048462833
4.403918e-07,-0.0048563362
4.404918e-07,-0.0048599265
4.405918e-07,-0.0048513097
4.406918e-07,-0.0048326402
4.407918e-07,-0.0048132525
4.408918e-07,-0.0048024816
4.409918e-07,-0.00480679
4.410918e-07,-0.0048240234
4.411918e-07,-0.0048448472
4.412918e-07,-0.0048599265
4.413918e-07,-0.0048620807
4.414918e-07,-0.0048534639
4.415918e-07,-0.004841975
4.416918e-07,-0.0048369485
4.417918e-07,-0.0048441291
4.418918e-07,-0.0048620807
4.419918e-07,-0.0048821864
4.420918e-07,-0.0048943934
4.421918e-07,-0.0048936753
4.422918e-07,-0.0048814683
4.423918e-07,-0.0048671071
4.424918e-07,-0.0048599265
4.425918e-07,-0.004865671
4.426918e-07,-0.0048829044
4.427918e-07,-0.0049037282
4.428918e-07,-0.0049173713
4.429918e-07,-0.0049188074
4.430918e-07,-0.0049101907
4.431918e-07,-0.0048979837
4.432918e-07,-0.0048943934
4.433918e-07,-0.0049044462
4.434918e-07,-0.0049267061
4.435918e-07,-0.0049539924
4.436918e-07,-0.0049748162
4.437918e-07,-0.0049819968
4.438918e-07,-0.0049755342
4.439918e-07,-0.0049618911
4.440918e-07,-0.0049518382
4.441918e-07,-0.0049532744
4.442918e-07,-0.0049690717
4.443918e-07,-0.0049942038
4.444918e-07,-0.0050207721
4.445918e-07,-0.0050401597
4.446918e-07,-0.0050487764
4.447918e-07,-0.0050480584
4.448918e-07,-0.00504375
4.449918e-07,-0.0050401597
4.450918e-07,-0.0050401597
4.451918e-07,-0.0050423139
4.452918e-07,-0.00504375
4.453918e-07,-0.0050423139
4.454918e-07,-0.0050380055
4.455918e-07,-0.0050336972
4.456918e-07,-0.005032261
4.457918e-07,-0.0050351333
4.458918e-07,-0.0050401597
4.459918e-07,-0.00504375
4.460918e-07,-0.00504375
4.461918e-07,-0.0050387236
4.462918e-07,-0.005032261
4.463918e-07,-0.0050286707
4.464918e-07,-0.005032261
4.465918e-07,-0.00504375
4.466918e-07,-0.0050595473
4.467918e-07,-0.0050724724
4.468918e-07,-0.0050782169
4.469918e-07,-0.0050753447
4.470918e-07,-0.0050667279
4.471918e-07,-0.0050581112
4.472918e-07,-0.005055239
4.473918e-07,-0.0050588293
4.474918e-07,-0.0050652918
4.475918e-07,-0.0050696002
4.476918e-07,-0.0050667279
4.477918e-07,-0.005055957
4.478918e-07,-0.0050415958
4.479918e-07,-0.005032261
4.480918e-07,-0.005032261
4.481918e-07,-0.00504375
4.482918e-07,-0.0050624196
4.483918e-07,-0.005079653
4.484918e-07,-0.0050897059
4.485918e-07,-0.0050904239
4.486918e-07,-0.0050853975
4.487918e-07,-0.0050832433
4.488918e-07,-0.0050897059
4.489918e-07,-0.0051069393
4.490918e-07,-0.0051306353
4.491918e-07,-0.005150741
4.492918e-07,-0.0051586397
4.493918e-07,-0.005150741
4.494918e-07,-0.0051299173
4.495918e-07,-0.0051062213
4.496918e-07,-0.0050897059
4.497918e-07,-0.0050875517
4.498918e-07,-0.0050990407
4.499918e-07,-0.0051177102
4.500918e-07,-0.0051356618
4.501918e-07,-0.0051457146
4.502918e-07,-0.0051457146
4.503918e-07,-0.0051406882
4.504918e-07,-0.0051356618
4.505918e-07,-0.0051363798
4.506918e-07,-0.0051435604
4.507918e-07,-0.0051564855
4.508918e-07,-0.0051701287
4.509918e-07,-0.0051816176
4.510918e-07,-0.0051902344
4.511918e-07,-0.005197415
4.512918e-07,-0.0052045956
4.513918e-07,-0.0052124943
4.514918e-07,-0.0052189568
4.515918e-07,-0.005221111
4.516918e-07,-0.0052160846
4.517918e-07,-0.0052060317
4.518918e-07,-0.0051952608
4.519918e-07,-0.0051902344
4.520918e-07,-0.0051931066
4.521918e-07,-0.0052045956
4.522918e-07,-0.0052196749
4.523918e-07,-0.0052326
4.524918e-07,-0.0052390625
4.525918e-07,-0.0052383444
4.526918e-07,-0.0052354722
4.527918e-07,-0.0052347541
4.528918e-07,-0.0052390625
4.529918e-07,-0.0052476792
4.530918e-07,-0.0052541418
4.531918e-07,-0.0052519876
4.532918e-07,-0.0052390625
4.533918e-07,-0.0052175207
4.534918e-07,-0.0051952608
4.535918e-07,-0.0051816176
4.536918e-07,-0.0051816176
4.537918e-07,-0.0051931066
4.538918e-07,-0.0052067498
4.539918e-07,-0.0052132123
4.540918e-07,-0.0052045956
4.541918e-07,-0.0051816176
4.542918e-07,-0.0051521772
4.543918e-07,-0.005126327
4.544918e-07,-0.0051126838
4.545918e-07,-0.0051112477
4.546918e-07,-0.005114838
4.547918e-07,-0.0051141199
4.548918e-07,-0.0051011949
4.549918e-07,-0.0050774989
4.550918e-07,-0.0050516487
4.551918e-07,-0.0050336972
4.552918e-07,-0.005032261
4.553918e-07,-0.0050459042
4.554918e-07,-0.0050645738
4.555918e-07,-0.0050746266
4.556918e-07,-0.0050667279
4.557918e-07,-0.0050401597
4.558918e-07,-0.0050042567
4.559918e-07,-0.0049748162
4.560918e-07,-0.0049633272
4.561918e-07,-0.0049740981
4.562918e-07,-0.0049985122
4.563918e-07,-0.0050222082
4.564918e-07,-0.005032261
4.565918e-07,-0.0050236443
4.566918e-07,-0.0050006664
4.567918e-07,-0.0049769704
4.568918e-07,-0.0049633272
4.569918e-07,-0.0049654814
4.570918e-07,-0.0049791245
4.571918e-07,-0.0049934858
4.572918e-07,-0.0049977941
4.573918e-07,-0.0049891774
4.574918e-07,-0.004972662
4.575918e-07,-0.004961173
4.576918e-07,-0.0049633272
4.577918e-07,-0.0049827148
4.578918e-07,-0.0050107192
4.579918e-07,-0.0050351333
4.580918e-07,-0.00504375
4.581918e-07,-0.0050329791
4.582918e-07,-0.0050107192
4.583918e-07,-0.0049906135
4.584918e-07,-0.0049863051
4.585918e-07,-0.0050035386
4.586918e-07,-0.0050358513
4.587918e-07,-0.0050696002
4.588918e-07,-0.0050897059
4.589918e-07,-0.0050897059
4.590918e-07,-0.0050739085
4.591918e-07,-0.0050538028
4.592918e-07,-0.00504375
4.593918e-07,-0.0050494945
4.594918e-07,-0.0050688821
4.595918e-07,-0.0050904239
4.596918e-07,-0.0051011949
4.597918e-07,-0.0050961684
4.598918e-07,-0.005078935
4.599918e-07,-0.0050617015
4.600918e-07,-0.005055239
4.601918e-07,-0.005067446
4.602918e-07,-0.0050940142
4.603918e-07,-0.0051248909
4.604918e-07,-0.0051471507
4.605918e-07,-0.0051536133
4.606918e-07,-0.0051457146
4.607918e-07,-0.0051327895
4.608918e-07,-0.0051241728
4.609918e-07,-0.0051256089
4.610918e-07,-0.0051349437
4.611918e-07,-0.0051442785
4.612918e-07,-0.0051471507
4.613918e-07,-0.0051414062
4.614918e-07,-0.0051327895
4.615918e-07,-0.0051313534
4.616918e-07,-0.0051471507
4.617918e-07,-0.0051801815
4.618918e-07,-0.005221829
4.619918e-07,-0.005257014
4.620918e-07,-0.0052735294
4.621918e-07,-0.0052663488
4.622918e-07,-0.0052426528
4.623918e-07,-0.0052168026
4.624918e-07,-0.0052045956
4.625918e-07,-0.0052139304
4.626918e-07,-0.0052404986
4.627918e-07,-0.0052728114
4.628918e-07,-0.0052965074
4.629918e-07,-0.005303688
4.630918e-07,-0.0052950712
