LECROYHDO6104B,11090,Waveform
Segments,1,SegmentSize,5002
Segment,TrigTime,TimeSinceSegment1
#1,04-May-2026 18:26:17,0                 
Time,Ampl
-3.709829e-08,-0.0052613224
-3.699829e-08,-0.0052462431
-3.689829e-08,-0.0052268555
-3.679829e-08,-0.0052160846
-3.669829e-08,-0.0052232652
-3.659829e-08,-0.0052476792
-3.649829e-08,-0.005279992
-3.639829e-08,-0.0053079963
-3.629829e-08,-0.0053223575
-3.619829e-08,-0.0053223575
-3.609829e-08,-0.0053144589
-3.599829e-08,-0.0053079963
-3.589829e-08,-0.0053094324
-3.579829e-08,-0.0053180492
-3.569829e-08,-0.005328102
-3.559829e-08,-0.0053309743
-3.549829e-08,-0.0053237937
-3.539829e-08,-0.0053094324
-3.529829e-08,-0.0052965074
-3.519829e-08,-0.0052965074
-3.509829e-08,-0.0053137408
-3.499829e-08,-0.0053460535
-3.489829e-08,-0.0053826746
-3.479829e-08,-0.0054113971
-3.469829e-08,-0.0054243222
-3.459829e-08,-0.0054192957
-3.449829e-08,-0.0054042165
-3.439829e-08,-0.0053884191
-3.429829e-08,-0.0053790843
-3.419829e-08,-0.0053783663
-3.409829e-08,-0.0053833927
-3.399829e-08,-0.0053884191
-3.389829e-08,-0.0053898552
-3.379829e-08,-0.0053891372
-3.369829e-08,-0.0053912914
-3.359829e-08,-0.0053999081
-3.349829e-08,-0.0054164235
-3.339829e-08,-0.0054365292
-3.329829e-08,-0.0054530446
-3.319829e-08,-0.0054573529
-3.309829e-08,-0.0054480182
-3.299829e-08,-0.0054300666
-3.289829e-08,-0.005410679
-3.279829e-08,-0.0053999081
-3.269829e-08,-0.0054006261
-3.259829e-08,-0.0054099609
-3.249829e-08,-0.0054200138
-3.239829e-08,-0.005422886
-3.229829e-08,-0.0054157054
-3.219829e-08,-0.0054020623
-3.209829e-08,-0.0053905733
-3.199829e-08,-0.0053884191
-3.189829e-08,-0.0053999081
-3.179829e-08,-0.0054207318
-3.169829e-08,-0.0054429917
-3.159829e-08,-0.0054573529
-3.149829e-08,-0.0054595071
-3.139829e-08,-0.0054516085
-3.129829e-08,-0.0054408375
-3.119829e-08,-0.005434375
-3.109829e-08,-0.0054365292
-3.099829e-08,-0.0054451459
-3.089829e-08,-0.0054544807
-3.079829e-08,-0.0054573529
-3.069829e-08,-0.0054523265
-3.059829e-08,-0.0054422737
-3.049829e-08,-0.005434375
-3.039829e-08,-0.005434375
-3.029829e-08,-0.0054444278
-3.019829e-08,-0.0054602252
-3.009829e-08,-0.0054738683
-2.999829e-08,-0.0054803309
-2.989829e-08,-0.0054774586
-2.979829e-08,-0.0054717142
-2.969829e-08,-0.005470278
-2.959829e-08,-0.0054803309
-2.949829e-08,-0.0055011546
-2.939829e-08,-0.0055262868
-2.929829e-08,-0.0055449563
-2.919829e-08,-0.0055492647
-2.909829e-08,-0.0055370577
-2.899829e-08,-0.0055155159
-2.889829e-08,-0.0054968463
-2.879829e-08,-0.0054918199
-2.869829e-08,-0.0055033088
-2.859829e-08,-0.0055262868
-2.849829e-08,-0.0055492647
-2.839829e-08,-0.0055607537
-2.829829e-08,-0.0055564453
-2.819829e-08,-0.005540648
-2.809829e-08,-0.0055226965
-2.799829e-08,-0.0055147978
-2.789829e-08,-0.0055212603
-2.779829e-08,-0.0055399299
-2.769829e-08,-0.0055607537
-2.759829e-08,-0.0055722426
-2.749829e-08,-0.0055693704
-2.739829e-08,-0.005552855
-2.729829e-08,-0.0055313132
-2.719829e-08,-0.0055147978
-2.709829e-08,-0.0055090533
-2.699829e-08,-0.0055126436
-2.689829e-08,-0.0055212603
-2.679829e-08,-0.0055262868
-2.669829e-08,-0.0055248506
-2.659829e-08,-0.00551767
-2.649829e-08,-0.0055126436
-2.639829e-08,-0.0055147978
-2.629829e-08,-0.0055262868
-2.619829e-08,-0.0055428022
-2.609829e-08,-0.0055564453
-2.599829e-08,-0.0055607537
-2.589829e-08,-0.005552855
-2.579829e-08,-0.0055384938
-2.569829e-08,-0.0055270048
-2.559829e-08,-0.0055262868
-2.549829e-08,-0.0055399299
-2.539829e-08,-0.0055621898
-2.529829e-08,-0.0055844497
-2.519829e-08,-0.0055952206
-2.509829e-08,-0.0055909122
-2.499829e-08,-0.005575833
-2.489829e-08,-0.0055585995
-2.479829e-08,-0.0055492647
-2.469829e-08,-0.0055535731
-2.459829e-08,-0.0055693704
-2.449829e-08,-0.0055901942
-2.439829e-08,-0.0056067096
-2.429829e-08,-0.0056153263
-2.419829e-08,-0.0056160443
-2.409829e-08,-0.0056153263
-2.399829e-08,-0.0056181985
-2.389829e-08,-0.0056268153
-2.379829e-08,-0.0056375862
-2.369829e-08,-0.0056440487
-2.359829e-08,-0.0056411765
-2.349829e-08,-0.0056289694
-2.339829e-08,-0.0056146082
-2.329829e-08,-0.0056045554
-2.319829e-08,-0.0056067096
-2.309829e-08,-0.0056196347
-2.299829e-08,-0.0056368681
-2.289829e-08,-0.005646921
-2.279829e-08,-0.0056411765
-2.269829e-08,-0.0056196347
-2.259829e-08,-0.0055894761
-2.249829e-08,-0.0055629079
-2.239829e-08,-0.0055492647
-2.229829e-08,-0.0055514189
-2.219829e-08,-0.0055629079
-2.209829e-08,-0.0055729607
-2.199829e-08,-0.0055722426
-2.189829e-08,-0.0055585995
-2.179829e-08,-0.0055392119
-2.169829e-08,-0.0055248506
-2.159829e-08,-0.0055262868
-2.149829e-08,-0.0055442383
-2.139829e-08,-0.0055708065
-2.129829e-08,-0.0055923483
-2.119829e-08,-0.0055952206
-2.109829e-08,-0.005575833
-2.099829e-08,-0.005540648
-2.089829e-08,-0.0055033088
-2.079829e-08,-0.0054803309
-2.069829e-08,-0.0054781767
-2.059829e-08,-0.0054954102
-2.049829e-08,-0.0055198242
-2.039829e-08,-0.0055377757
-2.029829e-08,-0.005540648
-2.019829e-08,-0.0055284409
-2.009829e-08,-0.0055090533
-1.999829e-08,-0.0054918199
-1.989829e-08,-0.0054846392
-1.979829e-08,-0.0054860754
-1.969829e-08,-0.0054911018
-1.959829e-08,-0.0054918199
-1.949829e-08,-0.0054839212
-1.939829e-08,-0.0054709961
-1.929829e-08,-0.0054595071
-1.919829e-08,-0.0054573529
-1.909829e-08,-0.0054659697
-1.899829e-08,-0.0054810489
-1.889829e-08,-0.0054925379
-1.879829e-08,-0.0054918199
-1.869829e-08,-0.0054767406
-1.859829e-08,-0.0054523265
-1.849829e-08,-0.0054315028
-1.839829e-08,-0.005422886
-1.829829e-08,-0.0054315028
-1.819829e-08,-0.0054523265
-1.809829e-08,-0.0054724322
-1.799829e-08,-0.0054803309
-1.789829e-08,-0.005470278
-1.779829e-08,-0.005445864
-1.769829e-08,-0.0054178596
-1.759829e-08,-0.0053999081
-1.749829e-08,-0.00539919
-1.739829e-08,-0.0054149874
-1.729829e-08,-0.0054386834
-1.719829e-08,-0.0054573529
-1.709829e-08,-0.0054638155
-1.699829e-08,-0.0054559168
-1.689829e-08,-0.0054394014
-1.679829e-08,-0.005422886
-1.669829e-08,-0.0054113971
-1.659829e-08,-0.0054049345
-1.649829e-08,-0.00539919
-1.639829e-08,-0.0053884191
-1.629829e-08,-0.0053704676
-1.619829e-08,-0.0053489258
-1.609829e-08,-0.0053295381
-1.599829e-08,-0.0053194853
-1.589829e-08,-0.0053202034
-1.579829e-08,-0.005328102
-1.569829e-08,-0.0053338465
-1.559829e-08,-0.0053309743
-1.549829e-08,-0.0053187672
-1.539829e-08,-0.0053022518
-1.529829e-08,-0.005292199
-1.519829e-08,-0.0052965074
-1.509829e-08,-0.0053166131
-1.499829e-08,-0.0053453355
-1.489829e-08,-0.0053697495
-1.479829e-08,-0.0053769301
-1.469829e-08,-0.0053618509
-1.459829e-08,-0.005327384
-1.449829e-08,-0.0052857364
-1.439829e-08,-0.0052505515
-1.429829e-08,-0.0052304458
-1.419829e-08,-0.0052268555
-1.409829e-08,-0.0052326
-1.399829e-08,-0.0052390625
-1.389829e-08,-0.0052390625
-1.379829e-08,-0.005233318
-1.369829e-08,-0.0052268555
-1.359829e-08,-0.0052275735
-1.349829e-08,-0.0052390625
-1.339829e-08,-0.0052591682
-1.329829e-08,-0.0052814281
-1.319829e-08,-0.0052965074
-1.309829e-08,-0.0052993796
-1.299829e-08,-0.0052900448
-1.289829e-08,-0.0052756836
-1.279829e-08,-0.0052620404
-1.269829e-08,-0.0052548598
-1.259829e-08,-0.0052527057
-1.249829e-08,-0.0052534237
-1.239829e-08,-0.0052505515
-1.229829e-08,-0.0052440889
-1.219829e-08,-0.0052361903
-1.209829e-08,-0.0052326
-1.199829e-08,-0.0052390625
-1.189829e-08,-0.0052548598
-1.179829e-08,-0.0052749655
-1.169829e-08,-0.0052914809
-1.159829e-08,-0.0052965074
-1.149829e-08,-0.0052893267
-1.139829e-08,-0.0052756836
-1.129829e-08,-0.0052641946
-1.119829e-08,-0.0052620404
-1.109829e-08,-0.0052720933
-1.099829e-08,-0.0052886087
-1.089829e-08,-0.005303688
-1.079829e-08,-0.0053079963
-1.069829e-08,-0.0052986615
-1.059829e-08,-0.00528071
-1.049829e-08,-0.0052620404
-1.039829e-08,-0.0052505515
-1.029829e-08,-0.0052491153
-1.019829e-08,-0.0052541418
-1.009829e-08,-0.005257014
-9.99829e-09,-0.0052505515
-9.89829e-09,-0.0052326
-9.79829e-09,-0.005208904
-9.69829e-09,-0.0051887983
-9.59829e-09,-0.0051816176
-9.49829e-09,-0.0051887983
-9.39829e-09,-0.0052053136
-9.29829e-09,-0.0052175207
-9.19829e-09,-0.0052160846
-9.09829e-09,-0.0051959789
-8.99829e-09,-0.0051615119
-8.89829e-09,-0.0051256089
-8.79829e-09,-0.0051011949
-8.69829e-09,-0.0050947323
-8.59829e-09,-0.0051047852
-8.49829e-09,-0.0051227367
-8.39829e-09,-0.0051356618
-8.29829e-09,-0.0051356618
-8.19829e-09,-0.0051213006
-8.09829e-09,-0.0050990407
-7.99829e-09,-0.0050782169
-7.89829e-09,-0.0050660099
-7.79829e-09,-0.0050631376
-7.69829e-09,-0.0050652918
-7.59829e-09,-0.0050667279
-7.49829e-09,-0.0050617015
-7.39829e-09,-0.0050509306
-7.29829e-09,-0.0050394416
-7.19829e-09,-0.005032261
-7.09829e-09,-0.0050336972
-6.99829e-09,-0.0050408778
-6.89829e-09,-0.0050502125
-6.79829e-09,-0.005055239
-6.69829e-09,-0.0050523667
-6.59829e-09,-0.0050423139
-6.49829e-09,-0.0050301068
-6.39829e-09,-0.0050207721
-6.29829e-09,-0.0050164637
-6.19829e-09,-0.0050157456
-6.09829e-09,-0.0050143095
-5.99829e-09,-0.0050092831
-5.89829e-09,-0.0049999483
-5.79829e-09,-0.0049906135
-5.69829e-09,-0.004984869
-5.59829e-09,-0.0049863051
-5.49829e-09,-0.0049927677
-5.39829e-09,-0.0049977941
-5.29829e-09,-0.0049970761
-5.19829e-09,-0.0049863051
-5.09829e-09,-0.0049697898
-4.99829e-09,-0.0049561466
-4.89829e-09,-0.0049525563
-4.79829e-09,-0.0049633272
-4.69829e-09,-0.004984869
-4.59829e-09,-0.0050064108
-4.49829e-09,-0.0050164637
-4.39829e-09,-0.0050092831
-4.29829e-09,-0.0049877413
-4.19829e-09,-0.0049633272
-4.09829e-09,-0.004948966
-3.99829e-09,-0.0049518382
-3.89829e-09,-0.0049705078
-3.79829e-09,-0.0049913316
-3.69829e-09,-0.0050006664
-3.59829e-09,-0.0049863051
-3.49829e-09,-0.0049496841
-3.39829e-09,-0.0049037282
-3.29829e-09,-0.0048649529
-3.19829e-09,-0.0048484375
-3.09829e-09,-0.0048556181
-2.99829e-09,-0.0048750057
-2.89829e-09,-0.0048864947
-2.79829e-09,-0.0048714154
-2.69829e-09,-0.0048211512
-2.59829e-09,-0.0047421645
-2.49829e-09,-0.0046495347
-2.39829e-09,-0.0045612132
-2.29829e-09,-0.004487971
-2.19829e-09,-0.0044269359
-2.09829e-09,-0.0043644646
-1.99829e-09,-0.0042854779
-1.89829e-09,-0.0041777688
-1.79829e-09,-0.0040413373
-1.69829e-09,-0.0038855182
-1.59829e-09,-0.0037225184
-1.49829e-09,-0.0035623909
-1.39829e-09,-0.0034051356
-1.29829e-09,-0.0032435719
-1.19829e-09,-0.0030676471
-1.09829e-09,-0.0028701804
-9.9829e-10,-0.0026533261
-8.9829e-10,-0.0024249828
-7.9829e-10,-0.0021944853
-6.9829e-10,-0.0019690142
-5.9829e-10,-0.0017478516
-4.9829e-10,-0.0015230986
-3.9829e-10,-0.0012868566
-2.9829e-10,-0.0010348173
-1.9829e-10,-0.000770571
-9.829003e-11,-0.00050273438
1.709971e-12,-0.00024136029
1.0171e-10,9.2428768e-06
2.0171e-10,0.00025194738
3.0171e-10,0.00049465188
4.0171e-10,0.00074669118
5.0171e-10,0.0010109375
6.0171e-10,0.0012830825
7.0171e-10,0.0015509191
8.0171e-10,0.0018036765
9.0171e-10,0.0020334559
1.00171e-09,0.0022424115
1.10171e-09,0.0024384421
1.20171e-09,0.0026308824
1.30171e-09,0.0028254768
1.40171e-09,0.0030207893
1.50171e-09,0.0032082031
1.60171e-09,0.0033776654
1.70171e-09,0.0035255859
1.80171e-09,0.0036541188
1.90171e-09,0.0037740349
2.00171e-09,0.0038946691
2.10171e-09,0.0040224839
2.20171e-09,0.0041553251
2.30171e-09,0.0042845761
2.40171e-09,0.0044001838
2.50171e-09,0.0044956859
2.60171e-09,0.0045703642
2.70171e-09,0.0046321174
2.80171e-09,0.0046874081
2.90171e-09,0.0047419807
3.00171e-09,0.0047951172
3.10171e-09,0.0048396369
3.20171e-09,0.0048712316
3.30171e-09,0.0048863109
3.40171e-09,0.0048891831
3.50171e-09,0.0048884651
3.60171e-09,0.0048942096
3.70171e-09,0.0049100069
3.80171e-09,0.0049337029
3.90171e-09,0.004958117
4.00171e-09,0.0049746324
4.10171e-09,0.0049789407
4.20171e-09,0.0049731962
4.30171e-09,0.0049652976
4.40171e-09,0.0049631434
4.50171e-09,0.0049717601
4.60171e-09,0.0049875574
4.70171e-09,0.0050026367
4.80171e-09,0.0050090993
4.90171e-09,0.0050019187
5.00171e-09,0.004982531
5.10171e-09,0.004958835
5.20171e-09,0.0049401654
5.30171e-09,0.0049315487
5.40171e-09,0.004934421
5.50171e-09,0.0049430377
5.60171e-09,0.0049516544
5.70171e-09,0.0049573989
5.80171e-09,0.0049602711
5.90171e-09,0.0049645795
6.00171e-09,0.0049746324
6.10171e-09,0.0049904297
6.20171e-09,0.0050090993
6.30171e-09,0.0050248966
6.40171e-09,0.0050320772
6.50171e-09,0.0050313591
6.60171e-09,0.0050284869
6.70171e-09,0.0050306411
6.80171e-09,0.0050435662
6.90171e-09,0.0050672622
7.00171e-09,0.0050959846
7.10171e-09,0.0051203987
7.20171e-09,0.0051354779
7.30171e-09,0.0051397863
7.40171e-09,0.0051390682
7.50171e-09,0.0051433766
7.60171e-09,0.0051584559
7.70171e-09,0.0051850241
7.80171e-09,0.0052159007
7.90171e-09,0.0052403148
8.00171e-09,0.0052503676
8.10171e-09,0.0052439051
8.20171e-09,0.0052288258
8.30171e-09,0.0052159007
8.40171e-09,0.0052159007
8.50171e-09,0.00523098
8.60171e-09,0.0052568302
8.70171e-09,0.0052819623
8.80171e-09,0.0052963235
8.90171e-09,0.0052970416
9.00171e-09,0.0052884249
9.10171e-09,0.0052819623
9.20171e-09,0.0052848346
9.30171e-09,0.0053006319
9.40171e-09,0.0053236098
9.50171e-09,0.0053408433
9.60171e-09,0.0053422794
9.70171e-09,0.0053243279
9.80171e-09,0.0052920152
9.90171e-09,0.0052597024
1.000171e-08,0.0052388787
1.010171e-08,0.0052374426
1.020171e-08,0.0052525218
1.030171e-08,0.0052726275
1.040171e-08,0.0052848346
1.050171e-08,0.0052812443
1.060171e-08,0.0052632927
1.070171e-08,0.0052374426
1.080171e-08,0.0052159007
1.090171e-08,0.0052051298
1.100171e-08,0.0052044118
1.110171e-08,0.0052080021
1.120171e-08,0.0052044118
1.130171e-08,0.0051893325
1.140171e-08,0.0051627642
1.150171e-08,0.0051340418
1.160171e-08,0.0051125
1.170171e-08,0.0051053194
1.180171e-08,0.0051132181
1.190171e-08,0.0051304515
1.200171e-08,0.0051469669
1.210171e-08,0.0051563017
1.220171e-08,0.0051570198
1.230171e-08,0.0051519933
1.240171e-08,0.0051469669
1.250171e-08,0.0051440947
1.260171e-08,0.0051433766
1.270171e-08,0.0051383502
1.280171e-08,0.005123989
1.290171e-08,0.0050988568
1.300171e-08,0.0050672622
1.310171e-08,0.0050378217
1.320171e-08,0.0050205882
1.330171e-08,0.0050205882
1.340171e-08,0.0050371036
1.350171e-08,0.0050629538
1.360171e-08,0.0050895221
1.370171e-08,0.0051096278
1.380171e-08,0.0051218348
1.390171e-08,0.0051290154
1.400171e-08,0.0051354779
1.410171e-08,0.0051433766
1.420171e-08,0.0051512753
1.430171e-08,0.0051534295
1.440171e-08,0.0051469669
1.450171e-08,0.0051304515
1.460171e-08,0.0051096278
1.470171e-08,0.0050931124
1.480171e-08,0.0050895221
1.490171e-08,0.0051024472
1.500171e-08,0.0051282973
1.510171e-08,0.0051584559
1.520171e-08,0.0051814338
1.530171e-08,0.0051914867
1.540171e-08,0.0051878964
1.550171e-08,0.0051778435
1.560171e-08,0.0051699449
1.570171e-08,0.005172099
1.580171e-08,0.0051843061
1.590171e-08,0.0052022576
1.600171e-08,0.0052159007
1.610171e-08,0.005218773
1.620171e-08,0.005207284
1.630171e-08,0.0051843061
1.640171e-08,0.0051584559
1.650171e-08,0.0051369141
1.660171e-08,0.0051254251
1.670171e-08,0.0051261432
1.680171e-08,0.0051354779
1.690171e-08,0.0051505572
1.700171e-08,0.0051670726
1.710171e-08,0.0051814338
1.720171e-08,0.0051929228
1.730171e-08,0.0051986673
1.740171e-08,0.0051972312
1.750171e-08,0.0051878964
1.760171e-08,0.0051699449
1.770171e-08,0.0051469669
1.780171e-08,0.0051225528
1.790171e-08,0.0051031652
1.800171e-08,0.0050895221
1.810171e-08,0.0050823415
1.820171e-08,0.0050787511
1.830171e-08,0.0050737247
1.840171e-08,0.0050665441
1.850171e-08,0.0050579274
1.860171e-08,0.0050507468
1.870171e-08,0.0050493107
1.880171e-08,0.0050550551
1.890171e-08,0.0050636719
1.900171e-08,0.0050679802
1.910171e-08,0.0050622358
1.920171e-08,0.0050435662
1.930171e-08,0.0050155618
1.940171e-08,0.0049868394
1.950171e-08,0.0049674517
1.960171e-08,0.0049631434
1.970171e-08,0.0049724782
1.980171e-08,0.0049882755
1.990171e-08,0.0049990464
2.000171e-08,0.0049976103
2.010171e-08,0.004982531
2.020171e-08,0.0049595531
2.030171e-08,0.0049387293
2.040171e-08,0.0049286765
2.050171e-08,0.0049315487
2.060171e-08,0.0049408835
2.070171e-08,0.004946628
2.080171e-08,0.0049401654
2.090171e-08,0.0049171875
2.100171e-08,0.0048834386
2.110171e-08,0.0048489717
2.120171e-08,0.0048252757
2.130171e-08,0.0048188132
2.140171e-08,0.0048274299
2.150171e-08,0.0048446634
2.160171e-08,0.0048597426
2.170171e-08,0.0048669233
2.180171e-08,0.0048654871
2.190171e-08,0.0048604607
2.200171e-08,0.0048597426
2.210171e-08,0.0048654871
2.220171e-08,0.004876258
2.230171e-08,0.0048848748
2.240171e-08,0.0048827206
2.250171e-08,0.0048662052
2.260171e-08,0.0048374828
2.270171e-08,0.00480517
2.280171e-08,0.0047793199
2.290171e-08,0.0047678309
2.300171e-08,0.0047714212
2.310171e-08,0.0047857824
2.320171e-08,0.0048022978
2.330171e-08,0.0048130687
2.340171e-08,0.0048152229
2.350171e-08,0.0048094784
2.360171e-08,0.0048022978
2.370171e-08,0.0047979894
2.380171e-08,0.0047972714
2.390171e-08,0.0048001436
2.400171e-08,0.0048022978
2.410171e-08,0.0047994256
2.420171e-08,0.0047893727
2.430171e-08,0.0047742934
2.440171e-08,0.0047563419
2.450171e-08,0.0047376723
2.460171e-08,0.0047190028
2.470171e-08,0.0047024874
2.480171e-08,0.0046874081
2.490171e-08,0.0046766372
2.500171e-08,0.0046723288
2.510171e-08,0.0046766372
2.520171e-08,0.0046874081
2.530171e-08,0.0046996151
2.540171e-08,0.0047060777
2.550171e-08,0.0046988971
2.560171e-08,0.0046759191
2.570171e-08,0.0046407341
2.580171e-08,0.0046026769
2.590171e-08,0.0045739545
2.600171e-08,0.0045610294
2.610171e-08,0.0045660558
2.620171e-08,0.0045825712
2.630171e-08,0.0045990866
2.640171e-08,0.0046069853
2.650171e-08,0.0046012408
2.660171e-08,0.0045847254
2.670171e-08,0.0045646197
2.680171e-08,0.0045495404
2.690171e-08,0.004543796
2.700171e-08,0.0045459501
2.710171e-08,0.0045502585
2.720171e-08,0.0045495404
2.730171e-08,0.0045402057
2.740171e-08,0.0045244083
2.750171e-08,0.0045064568
2.760171e-08,0.0044920956
2.770171e-08,0.0044841969
2.780171e-08,0.0044820427
2.790171e-08,0.0044813247
2.800171e-08,0.0044806066
2.810171e-08,0.0044784524
2.820171e-08,0.0044770163
2.830171e-08,0.0044813247
2.840171e-08,0.0044920956
2.850171e-08,0.0045057387
2.860171e-08,0.0045150735
2.870171e-08,0.0045122013
2.880171e-08,0.0044920956
2.890171e-08,0.0044576287
2.900171e-08,0.0044181353
2.910171e-08,0.0043843865
2.920171e-08,0.0043657169
2.930171e-08,0.0043635627
2.940171e-08,0.0043714614
2.950171e-08,0.0043793601
2.960171e-08,0.0043772059
2.970171e-08,0.0043621266
2.980171e-08,0.0043398667
2.990171e-08,0.004319043
3.000171e-08,0.0043082721
3.010171e-08,0.0043104262
3.020171e-08,0.0043183249
3.030171e-08,0.0043211972
3.040171e-08,0.0043082721
3.050171e-08,0.0042745232
3.060171e-08,0.004224977
3.070171e-08,0.0041704044
3.080171e-08,0.0041244485
3.090171e-08,0.0040964442
3.100171e-08,0.0040856733
3.110171e-08,0.0040871094
3.120171e-08,0.0040899816
3.130171e-08,0.0040885455
3.140171e-08,0.0040806468
3.150171e-08,0.004071312
3.160171e-08,0.0040670037
3.170171e-08,0.0040698759
3.180171e-08,0.0040777746
3.190171e-08,0.004082801
3.200171e-08,0.0040784926
3.210171e-08,0.0040598231
3.220171e-08,0.0040303826
3.230171e-08,0.0039987879
3.240171e-08,0.0039750919
3.250171e-08,0.0039664752
3.260171e-08,0.0039722197
3.270171e-08,0.0039858628
3.280171e-08,0.0039980699
3.290171e-08,0.0040023782
3.300171e-08,0.0039959157
3.310171e-08,0.0039844267
3.320171e-08,0.0039750919
3.330171e-08,0.0039736558
3.340171e-08,0.0039822725
3.350171e-08,0.0039959157
3.360171e-08,0.0040095588
3.370171e-08,0.0040160214
3.380171e-08,0.0040145852
3.390171e-08,0.0040066866
3.400171e-08,0.0039980699
3.410171e-08,0.0039937615
3.420171e-08,0.0039951976
3.430171e-08,0.0040016602
3.440171e-08,0.0040095588
3.450171e-08,0.0040153033
3.460171e-08,0.0040181756
3.470171e-08,0.0040196117
3.480171e-08,0.0040210478
3.490171e-08,0.00402392
3.500171e-08,0.0040260742
3.510171e-08,0.0040260742
3.520171e-08,0.0040210478
3.530171e-08,0.0040109949
3.540171e-08,0.0039973518
3.550171e-08,0.0039844267
3.560171e-08,0.0039750919
3.570171e-08,0.0039693474
3.580171e-08,0.0039657571
3.590171e-08,0.0039607307
3.600171e-08,0.003952114
3.610171e-08,0.0039420611
3.620171e-08,0.0039341625
3.630171e-08,0.0039327263
3.640171e-08,0.003940625
3.650171e-08,0.0039549862
3.660171e-08,0.0039693474
3.670171e-08,0.0039779642
3.680171e-08,0.0039750919
3.690171e-08,0.0039621668
3.700171e-08,0.0039456514
3.710171e-08,0.0039327263
3.720171e-08,0.003929136
3.730171e-08,0.0039341625
3.740171e-08,0.0039427792
3.750171e-08,0.0039463695
3.760171e-08,0.003940625
3.770171e-08,0.0039255457
3.780171e-08,0.0039068761
3.790171e-08,0.0038946691
3.800171e-08,0.0038946691
3.810171e-08,0.0039068761
3.820171e-08,0.0039241096
3.830171e-08,0.0039348805
3.840171e-08,0.003929136
3.850171e-08,0.0039040039
3.860171e-08,0.0038645106
3.870171e-08,0.0038228631
3.880171e-08,0.0037912684
3.890171e-08,0.0037761891
3.900171e-08,0.0037769072
3.910171e-08,0.0037855239
3.920171e-08,0.0037912684
3.930171e-08,0.0037876781
3.940171e-08,0.0037733169
3.950171e-08,0.0037532112
3.960171e-08,0.0037338235
3.970171e-08,0.0037201804
3.980171e-08,0.0037115636
3.990171e-08,0.0037029469
4.000171e-08,0.0036878676
4.010171e-08,0.0036620175
4.020171e-08,0.0036282686
4.030171e-08,0.0035916475
4.040171e-08,0.003561489
4.050171e-08,0.0035421013
4.060171e-08,0.0035349207
4.070171e-08,0.0035356388
4.080171e-08,0.003538511
4.090171e-08,0.003538511
4.100171e-08,0.0035356388
4.110171e-08,0.0035306124
4.120171e-08,0.0035270221
4.130171e-08,0.0035248679
4.140171e-08,0.0035219956
4.150171e-08,0.0035126608
4.160171e-08,0.0034925551
4.170171e-08,0.0034616785
4.180171e-08,0.0034236213
4.190171e-08,0.003384846
4.200171e-08,0.0033546875
4.210171e-08,0.0033360179
4.220171e-08,0.0033288373
4.230171e-08,0.0033288373
4.240171e-08,0.0033317096
4.250171e-08,0.0033338637
4.260171e-08,0.0033345818
4.270171e-08,0.003337454
4.280171e-08,0.0033431985
4.290171e-08,0.0033503791
4.300171e-08,0.0033539694
4.310171e-08,0.003348943
4.320171e-08,0.0033317096
4.330171e-08,0.0033037052
4.340171e-08,0.0032713925
4.350171e-08,0.0032441062
4.360171e-08,0.0032283088
4.370171e-08,0.0032254366
4.380171e-08,0.0032297449
4.390171e-08,0.0032333352
4.400171e-08,0.0032283088
4.410171e-08,0.0032125115
4.420171e-08,0.0031902516
4.430171e-08,0.0031701459
4.440171e-08,0.003159375
4.450171e-08,0.0031615292
4.460171e-08,0.003171582
4.470171e-08,0.0031816349
4.480171e-08,0.0031823529
4.490171e-08,0.0031679917
4.500171e-08,0.0031407054
4.510171e-08,0.0031076746
4.520171e-08,0.0030789522
4.530171e-08,0.0030602826
4.540171e-08,0.0030516659
4.550171e-08,0.0030487937
4.560171e-08,0.0030444853
4.570171e-08,0.0030344324
4.580171e-08,0.0030186351
4.590171e-08,0.0030014017
4.600171e-08,0.0029870404
4.610171e-08,0.0029798598
4.620171e-08,0.0029784237
4.630171e-08,0.0029791418
4.640171e-08,0.0029755515
4.650171e-08,0.0029654986
4.660171e-08,0.0029489832
4.670171e-08,0.0029317498
4.680171e-08,0.0029181066
4.690171e-08,0.002910926
4.700171e-08,0.0029094899
4.710171e-08,0.0029094899
4.720171e-08,0.0029066176
4.730171e-08,0.0029001551
4.740171e-08,0.0028929745
4.750171e-08,0.0028893842
4.760171e-08,0.0028951287
4.770171e-08,0.002910926
4.780171e-08,0.0029324678
4.790171e-08,0.0029525735
4.800171e-08,0.0029640625
4.810171e-08,0.0029640625
4.820171e-08,0.0029532916
4.830171e-08,0.0029396484
4.840171e-08,0.0029295956
4.850171e-08,0.0029281595
4.860171e-08,0.002934622
4.870171e-08,0.0029446749
4.880171e-08,0.0029525735
4.890171e-08,0.0029554458
4.900171e-08,0.0029540097
4.910171e-08,0.0029511374
4.920171e-08,0.0029525735
4.930171e-08,0.0029597541
4.940171e-08,0.0029719612
4.950171e-08,0.0029827321
4.960171e-08,0.0029870404
4.970171e-08,0.002981296
4.980171e-08,0.0029669347
4.990171e-08,0.0029475471
5.000171e-08,0.0029295956
5.010171e-08,0.0029166705
5.020171e-08,0.002910208
5.030171e-08,0.0029080538
5.040171e-08,0.0029066176
5.050171e-08,0.0029044635
5.060171e-08,0.0029030273
5.070171e-08,0.0029030273
5.080171e-08,0.0029066176
5.090171e-08,0.0029116441
5.100171e-08,0.0029145163
5.110171e-08,0.002910208
5.120171e-08,0.0028951287
5.130171e-08,0.0028699966
5.140171e-08,0.002839838
5.150171e-08,0.0028118336
5.160171e-08,0.0027917279
5.170171e-08,0.0027816751
5.180171e-08,0.002780239
5.190171e-08,0.002780957
5.200171e-08,0.002780239
5.210171e-08,0.0027752125
5.220171e-08,0.0027673139
5.230171e-08,0.0027608513
5.240171e-08,0.002757261
5.250171e-08,0.002756543
5.260171e-08,0.0027536707
5.270171e-08,0.0027436179
5.280171e-08,0.0027227941
5.290171e-08,0.0026933536
5.300171e-08,0.002661759
5.310171e-08,0.0026351907
5.320171e-08,0.0026193934
5.330171e-08,0.002614367
5.340171e-08,0.002614367
5.350171e-08,0.0026100586
5.360171e-08,0.0025964154
5.370171e-08,0.0025720014
5.380171e-08,0.0025418428
5.390171e-08,0.0025167107
5.400171e-08,0.0025045037
5.410171e-08,0.0025066579
5.420171e-08,0.0025181468
5.430171e-08,0.0025281997
5.440171e-08,0.0025274816
5.450171e-08,0.0025109662
5.460171e-08,0.0024822438
5.470171e-08,0.0024499311
5.480171e-08,0.0024240809
5.490171e-08,0.0024104377
5.500171e-08,0.0024090016
5.510171e-08,0.0024125919
5.520171e-08,0.0024125919
5.530171e-08,0.0024032571
5.540171e-08,0.0023845875
5.550171e-08,0.0023623277
5.560171e-08,0.0023436581
5.570171e-08,0.0023350414
5.580171e-08,0.0023357594
5.590171e-08,0.0023415039
5.600171e-08,0.0023436581
5.610171e-08,0.0023371955
5.620171e-08,0.0023213982
5.630171e-08,0.0022984203
5.640171e-08,0.0022747243
5.650171e-08,0.0022560547
5.660171e-08,0.0022431296
5.670171e-08,0.002235949
5.680171e-08,0.0022287684
5.690171e-08,0.0022201517
5.700171e-08,0.0022100988
5.710171e-08,0.002200046
5.720171e-08,0.0021943015
5.730171e-08,0.0021935834
5.740171e-08,0.0021964557
5.750171e-08,0.0021978918
5.760171e-08,0.0021943015
5.770171e-08,0.0021835306
5.780171e-08,0.0021677332
5.790171e-08,0.0021504998
5.800171e-08,0.0021368566
5.810171e-08,0.002129676
5.820171e-08,0.0021275218
5.830171e-08,0.0021275218
5.840171e-08,0.0021253676
5.850171e-08,0.0021196232
5.860171e-08,0.0021117245
5.870171e-08,0.0021052619
5.880171e-08,0.0021023897
5.890171e-08,0.0021038258
5.900171e-08,0.0021052619
5.910171e-08,0.0021023897
5.920171e-08,0.0020909007
5.930171e-08,0.002070077
5.940171e-08,0.0020427907
5.950171e-08,0.0020176585
5.960171e-08,0.001998989
5.970171e-08,0.0019910903
5.980171e-08,0.0019918084
5.990171e-08,0.0019961167
6.000171e-08,0.001998989
6.010171e-08,0.0019975528
6.020171e-08,0.0019932445
6.030171e-08,0.0019889361
6.040171e-08,0.0019875
6.050171e-08,0.0019903722
6.060171e-08,0.0019946806
6.070171e-08,0.0019946806
6.080171e-08,0.0019875
6.090171e-08,0.0019717027
6.100171e-08,0.001951597
6.110171e-08,0.0019314913
6.120171e-08,0.0019185662
6.130171e-08,0.0019135398
6.140171e-08,0.0019128217
6.150171e-08,0.0019128217
6.160171e-08,0.0019070772
6.170171e-08,0.0018948702
6.180171e-08,0.0018797909
6.190171e-08,0.0018661477
6.200171e-08,0.0018611213
6.210171e-08,0.0018647116
6.220171e-08,0.0018740464
6.230171e-08,0.0018826631
6.240171e-08,0.0018840993
6.250171e-08,0.0018754825
6.260171e-08,0.0018589671
6.270171e-08,0.0018402976
6.280171e-08,0.0018266544
6.290171e-08,0.0018201919
6.300171e-08,0.0018194738
6.310171e-08,0.0018194738
6.320171e-08,0.0018151654
6.330171e-08,0.0018051126
6.340171e-08,0.0017921875
6.350171e-08,0.0017821347
6.360171e-08,0.0017806985
6.370171e-08,0.0017893153
6.380171e-08,0.0018051126
6.390171e-08,0.0018201919
6.400171e-08,0.0018266544
6.410171e-08,0.0018209099
6.420171e-08,0.0018029584
6.430171e-08,0.0017792624
6.440171e-08,0.0017577206
6.450171e-08,0.0017440774
6.460171e-08,0.001739051
6.470171e-08,0.0017419233
6.480171e-08,0.0017462316
6.490171e-08,0.0017491039
6.500171e-08,0.0017491039
6.510171e-08,0.0017476677
6.520171e-08,0.0017462316
6.530171e-08,0.0017462316
6.540171e-08,0.0017462316
6.550171e-08,0.0017433594
6.560171e-08,0.0017347426
6.570171e-08,0.0017203814
6.580171e-08,0.001703148
6.590171e-08,0.0016873506
6.600171e-08,0.0016772978
6.610171e-08,0.0016729894
6.620171e-08,0.0016708352
6.630171e-08,0.0016665269
6.640171e-08,0.0016543199
6.650171e-08,0.0016342142
6.660171e-08,0.0016098001
6.670171e-08,0.0015875402
6.680171e-08,0.0015738971
6.690171e-08,0.0015717429
6.700171e-08,0.0015789235
6.710171e-08,0.0015896944
6.720171e-08,0.001596875
6.730171e-08,0.0015961569
6.740171e-08,0.0015875402
6.750171e-08,0.0015746151
6.760171e-08,0.0015624081
6.770171e-08,0.0015537914
6.780171e-08,0.0015487649
6.790171e-08,0.0015451746
6.800171e-08,0.0015394301
6.810171e-08,0.0015308134
6.820171e-08,0.0015207606
6.830171e-08,0.0015150161
6.840171e-08,0.0015164522
6.850171e-08,0.001525787
6.860171e-08,0.0015401482
6.870171e-08,0.0015502011
6.880171e-08,0.0015509191
6.890171e-08,0.001537994
6.900171e-08,0.00151358
6.910171e-08,0.0014841395
6.920171e-08,0.0014590074
6.930171e-08,0.0014439281
6.940171e-08,0.0014403378
6.950171e-08,0.0014439281
6.960171e-08,0.0014475184
6.970171e-08,0.0014446461
6.980171e-08,0.001431721
6.990171e-08,0.0014123334
7.000171e-08,0.0013900735
7.010171e-08,0.001372122
7.020171e-08,0.001360633
7.030171e-08,0.0013563247
7.040171e-08,0.0013556066
7.050171e-08,0.0013534524
7.060171e-08,0.0013455538
7.070171e-08,0.0013304745
7.080171e-08,0.0013096507
7.090171e-08,0.0012852367
7.100171e-08,0.0012601045
7.110171e-08,0.0012371266
7.120171e-08,0.001217739
7.130171e-08,0.0012033778
7.140171e-08,0.001194761
7.150171e-08,0.0011926068
7.160171e-08,0.001194761
7.170171e-08,0.0011990694
7.180171e-08,0.0012012236
7.190171e-08,0.0011961972
7.200171e-08,0.0011832721
7.210171e-08,0.0011617302
7.220171e-08,0.0011358801
7.230171e-08,0.0011107479
7.240171e-08,0.0010913603
7.250171e-08,0.0010798713
7.260171e-08,0.001076281
7.270171e-08,0.0010777171
7.280171e-08,0.0010798713
7.290171e-08,0.0010805894
7.300171e-08,0.0010791533
7.310171e-08,0.0010748449
7.320171e-08,0.0010683824
7.330171e-08,0.0010604837
7.340171e-08,0.0010497128
7.350171e-08,0.0010367877
7.360171e-08,0.0010224265
7.370171e-08,0.0010095014
7.380171e-08,0.0010008847
7.390171e-08,0.0010016027
7.400171e-08,0.0010109375
7.410171e-08,0.0010267348
7.420171e-08,0.0010432502
7.430171e-08,0.0010547392
7.440171e-08,0.0010568934
7.450171e-08,0.0010489947
7.460171e-08,0.0010353516
7.470171e-08,0.0010209903
7.480171e-08,0.0010109375
7.490171e-08,0.0010080653
7.500171e-08,0.0010095014
7.510171e-08,0.0010116556
7.520171e-08,0.0010109375
7.530171e-08,0.001005193
7.540171e-08,0.00099514017
7.550171e-08,0.00098436926
7.560171e-08,0.00097647059
7.570171e-08,0.00097144416
7.580171e-08,0.00096785386
7.590171e-08,0.00096210937
7.600171e-08,0.00095349265
7.610171e-08,0.00094128562
7.620171e-08,0.00092907858
7.630171e-08,0.00092046186
7.640171e-08,0.00091902574
7.650171e-08,0.00092405216
7.660171e-08,0.00093195083
7.670171e-08,0.00093554113
7.680171e-08,0.00093051471
7.690171e-08,0.00091543543
7.700171e-08,0.00089317555
7.710171e-08,0.00086876149
7.720171e-08,0.00085009191
7.730171e-08,0.00084003906
7.740171e-08,0.00083860294
7.750171e-08,0.00084291131
7.760171e-08,0.00085009191
7.770171e-08,0.00085727252
7.780171e-08,0.00086517119
7.790171e-08,0.00087378791
7.800171e-08,0.00088455882
7.810171e-08,0.00089532973
7.820171e-08,0.00090394646
7.830171e-08,0.00090466452
7.840171e-08,0.00089604779
7.850171e-08,0.00088096852
7.860171e-08,0.00086373506
7.870171e-08,0.00085224609
7.880171e-08,0.00085009191
7.890171e-08,0.00085799058
7.900171e-08,0.00087163373
7.910171e-08,0.00088240464
7.920171e-08,0.00088455882
7.930171e-08,0.00087737822
7.940171e-08,0.00086373506
7.950171e-08,0.00085224609
7.960171e-08,0.00085009191
7.970171e-08,0.00085870864
7.980171e-08,0.00087522403
7.990171e-08,0.00089102137
8.000171e-08,0.00089604779
8.010171e-08,0.00088527688
8.020171e-08,0.0008594267
8.030171e-08,0.00082567785
8.040171e-08,0.00079264706
8.050171e-08,0.00076895106
8.060171e-08,0.00075674403
8.070171e-08,0.0007553079
8.080171e-08,0.00075818015
8.090171e-08,0.00075961627
8.100171e-08,0.00075746209
8.110171e-08,0.0007517176
8.120171e-08,0.00074669118
8.130171e-08,0.00074453699
8.140171e-08,0.00074740924
8.150171e-08,0.00075315372
8.160171e-08,0.00075818015
8.170171e-08,0.00075889821
8.180171e-08,0.00075458984
8.190171e-08,0.00074525506
8.200171e-08,0.00073520221
8.210171e-08,0.00072730354
8.220171e-08,0.00072299517
8.230171e-08,0.00072227711
8.240171e-08,0.00072371324
8.250171e-08,0.00072658548
8.260171e-08,0.00072873966
8.270171e-08,0.0007316119
8.280171e-08,0.00073520221
8.290171e-08,0.00073879251
8.300171e-08,0.00074238281
8.310171e-08,0.00074525506
8.320171e-08,0.00074669118
8.330171e-08,0.0007481273
8.340171e-08,0.00075243566
8.350171e-08,0.00075961627
8.360171e-08,0.00076966912
8.370171e-08,0.00078044003
8.380171e-08,0.00078833869
8.390171e-08,0.00078905676
8.400171e-08,0.00078115809
8.410171e-08,0.00076751494
8.420171e-08,0.0007517176
8.430171e-08,0.00074022863
8.440171e-08,0.00073520221
8.450171e-08,0.00073520221
8.460171e-08,0.00073520221
8.470171e-08,0.00072873966
8.480171e-08,0.00071222426
8.490171e-08,0.00068637408
8.500171e-08,0.00065549747
8.510171e-08,0.00062821117
8.520171e-08,0.00060882353
8.530171e-08,0.00059948874
8.540171e-08,0.00059733456
8.550171e-08,0.00059446232
8.560171e-08,0.00058584559
8.570171e-08,0.00056789407
8.580171e-08,0.00054276195
8.590171e-08,0.0005161937
8.600171e-08,0.00049393382
8.610171e-08,0.00047885455
8.620171e-08,0.00047095588
8.630171e-08,0.00046664752
8.640171e-08,0.00045946691
8.650171e-08,0.00044725988
8.660171e-08,0.00043074449
8.670171e-08,0.00041063879
8.680171e-08,0.00039053309
8.690171e-08,0.00037186351
8.700171e-08,0.00035319393
8.710171e-08,0.00033308824
8.720171e-08,0.00031011029
8.730171e-08,0.00028569623
8.740171e-08,0.00026343635
8.750171e-08,0.00024763902
8.760171e-08,0.00024117647
8.770171e-08,0.00024333065
8.780171e-08,0.00024763902
8.790171e-08,0.00024907514
8.800171e-08,0.00024117647
8.810171e-08,0.00022394301
8.820171e-08,0.00020168313
8.830171e-08,0.0001822955
8.840171e-08,0.00017224265
8.850171e-08,0.00017296071
8.860171e-08,0.0001822955
8.870171e-08,0.00019163028
8.880171e-08,0.00019522059
8.890171e-08,0.00018875804
8.900171e-08,0.00017439683
8.910171e-08,0.00015859949
8.920171e-08,0.00014926471
8.930171e-08,0.00014998277
8.940171e-08,0.00016075368
8.950171e-08,0.00017439683
8.960171e-08,0.00018373162
8.970171e-08,0.00018373162
8.980171e-08,0.00017439683
8.990171e-08,0.00016075368
9.000171e-08,0.00014926471
9.010171e-08,0.0001456744
9.020171e-08,0.00014998277
9.030171e-08,0.00015788143
9.040171e-08,0.00016075368
9.050171e-08,0.00015285501
9.060171e-08,0.00013274931
9.070171e-08,0.00010546301
9.080171e-08,8.0330882e-05
9.090171e-08,6.5969669e-05
9.100171e-08,6.5251608e-05
9.110171e-08,7.745864e-05
9.120171e-08,9.1819853e-05
9.130171e-08,9.900046e-05
9.140171e-08,9.1819853e-05
9.150171e-08,6.8123851e-05
9.160171e-08,3.4375e-05
9.170171e-08,-8.0997243e-07
9.180171e-08,-2.9532399e-05
9.190171e-08,-4.7483915e-05
9.200171e-08,-5.7536765e-05
9.210171e-08,-6.6153493e-05
9.220171e-08,-7.9078585e-05
9.230171e-08,-0.0001006204
9.240171e-08,-0.00012647059
9.250171e-08,-0.00015088465
9.260171e-08,-0.00016596392
9.270171e-08,-0.00016883617
9.280171e-08,-0.0001609375
9.290171e-08,-0.00015088465
9.300171e-08,-0.00014801241
9.310171e-08,-0.00015878332
9.320171e-08,-0.00018391544
9.330171e-08,-0.00021622817
9.340171e-08,-0.00024423254
9.350171e-08,-0.00025787569
9.360171e-08,-0.00025284926
9.370171e-08,-0.00023274357
9.380171e-08,-0.0002083295
9.390171e-08,-0.00018894187
9.400171e-08,-0.00018391544
9.410171e-08,-0.00019253217
9.420171e-08,-0.00020761144
9.430171e-08,-0.00021910041
9.440171e-08,-0.00021838235
9.450171e-08,-0.00020330308
9.460171e-08,-0.00017817096
9.470171e-08,-0.00015303883
9.480171e-08,-0.00013795956
9.490171e-08,-0.00013795956
9.500171e-08,-0.00015088465
9.510171e-08,-0.00016955423
9.520171e-08,-0.00018391544
9.530171e-08,-0.00018678768
9.540171e-08,-0.00017601677
9.550171e-08,-0.0001573472
9.560171e-08,-0.00013795956
9.570171e-08,-0.00012431641
9.580171e-08,-0.00011928998
9.590171e-08,-0.00012216222
9.600171e-08,-0.00012647059
9.610171e-08,-0.00012934283
9.620171e-08,-0.00012862477
9.630171e-08,-0.00012575253
9.640171e-08,-0.00012647059
9.650171e-08,-0.00013365119
9.660171e-08,-0.00014801241
9.670171e-08,-0.00016668199
9.680171e-08,-0.00018391544
9.690171e-08,-0.00019540441
9.700171e-08,-0.00019755859
9.710171e-08,-0.00019253217
9.720171e-08,-0.00018391544
9.730171e-08,-0.0001774529
9.740171e-08,-0.0001774529
9.750171e-08,-0.00018391544
9.760171e-08,-0.00019540441
9.770171e-08,-0.00020976563
9.780171e-08,-0.00022412684
9.790171e-08,-0.00023776999
9.800171e-08,-0.00025284926
9.810171e-08,-0.00027008272
9.820171e-08,-0.00029018842
9.830171e-08,-0.0003124483
9.840171e-08,-0.00033327206
9.850171e-08,-0.00034978745
9.860171e-08,-0.00036055836
9.870171e-08,-0.00036558479
9.880171e-08,-0.00036773897
9.890171e-08,-0.00036917509
9.900171e-08,-0.00037348346
9.910171e-08,-0.00038066406
9.920171e-08,-0.00039071691
9.930171e-08,-0.00040148782
9.940171e-08,-0.00041297679
9.950171e-08,-0.00042446576
9.960171e-08,-0.00043667279
9.970171e-08,-0.00045103401
9.980171e-08,-0.00046683134
9.990171e-08,-0.00048191062
1.000017e-07,-0.00049411765
1.001017e-07,-0.00049986213
1.002017e-07,-0.00049842601
1.003017e-07,-0.0004912454
1.004017e-07,-0.00048262868
1.005017e-07,-0.00047688419
1.006017e-07,-0.00047903837
1.007017e-07,-0.00048909122
1.008017e-07,-0.00050560662
1.009017e-07,-0.00052355813
1.010017e-07,-0.00053648323
1.011017e-07,-0.00054222771
1.012017e-07,-0.00054007353
1.013017e-07,-0.00053289292
1.014017e-07,-0.00052643038
1.015017e-07,-0.00052427619
1.016017e-07,-0.00052858456
1.017017e-07,-0.00053720129
1.018017e-07,-0.00054653608
1.019017e-07,-0.00055228056
1.020017e-07,-0.0005515625
1.021017e-07,-0.00054438189
1.022017e-07,-0.00053361098
1.023017e-07,-0.00052355813
1.024017e-07,-0.00051709559
1.025017e-07,-0.00051637753
1.026017e-07,-0.00051924977
1.027017e-07,-0.00052427619
1.028017e-07,-0.00052858456
1.029017e-07,-0.00053073874
1.030017e-07,-0.00053073874
1.031017e-07,-0.00053002068
1.032017e-07,-0.00052858456
1.033017e-07,-0.00052714844
1.034017e-07,-0.00052499426
1.035017e-07,-0.00052140395
1.036017e-07,-0.00051709559
1.037017e-07,-0.00051350528
1.038017e-07,-0.00051350528
1.039017e-07,-0.00051853171
1.040017e-07,-0.00052858456
1.041017e-07,-0.00054007353
1.042017e-07,-0.00054869026
1.043017e-07,-0.00054869026
1.044017e-07,-0.00054007353
1.045017e-07,-0.00052284007
1.046017e-07,-0.00050273438
1.047017e-07,-0.0004840648
1.048017e-07,-0.00047113971
1.049017e-07,-0.00046324104
1.050017e-07,-0.00045749655
1.051017e-07,-0.00044959789
1.052017e-07,-0.00043667279
1.053017e-07,-0.0004201574
1.054017e-07,-0.00040507812
1.055017e-07,-0.00039789752
1.056017e-07,-0.00040220588
1.057017e-07,-0.00041872128
1.058017e-07,-0.00044313534
1.059017e-07,-0.00046683134
1.060017e-07,-0.00048262868
1.061017e-07,-0.00048621898
1.062017e-07,-0.00047760225
1.063017e-07,-0.00046252298
1.064017e-07,-0.00044816176
1.065017e-07,-0.00043954504
1.066017e-07,-0.0004402631
1.067017e-07,-0.0004474437
1.068017e-07,-0.00045965074
1.069017e-07,-0.00047329389
1.070017e-07,-0.00048693704
1.071017e-07,-0.00050201631
1.072017e-07,-0.00051709559
1.073017e-07,-0.00053289292
1.074017e-07,-0.00054725414
1.075017e-07,-0.00055802505
1.076017e-07,-0.00056305147
1.077017e-07,-0.00056376953
1.078017e-07,-0.00056305147
1.079017e-07,-0.00056520565
1.080017e-07,-0.00057454044
1.081017e-07,-0.00059033778
1.082017e-07,-0.00060828929
1.083017e-07,-0.00062408663
1.084017e-07,-0.00063198529
1.085017e-07,-0.00063054917
1.086017e-07,-0.00062193244
1.087017e-07,-0.00061331572
1.088017e-07,-0.00060900735
1.089017e-07,-0.00061331572
1.090017e-07,-0.00062624081
1.091017e-07,-0.00064132008
1.092017e-07,-0.00065496324
1.093017e-07,-0.00066214384
1.094017e-07,-0.00066214384
1.095017e-07,-0.00065783548
1.096017e-07,-0.00065496324
1.097017e-07,-0.00065711742
1.098017e-07,-0.00066717027
1.099017e-07,-0.00068224954
1.100017e-07,-0.00070091912
1.101017e-07,-0.00071887063
1.102017e-07,-0.00073251379
1.103017e-07,-0.00074184858
1.104017e-07,-0.000746875
1.105017e-07,-0.00074759306
1.106017e-07,-0.00074472082
1.107017e-07,-0.00073969439
1.108017e-07,-0.00073538603
1.109017e-07,-0.00073394991
1.110017e-07,-0.00073969439
1.111017e-07,-0.00075190142
1.112017e-07,-0.00076985294
1.113017e-07,-0.00078852252
1.114017e-07,-0.00080072955
1.115017e-07,-0.00080288373
1.116017e-07,-0.00079283088
1.117017e-07,-0.00077559743
1.118017e-07,-0.00075908203
1.119017e-07,-0.00075190142
1.120017e-07,-0.00075836397
1.121017e-07,-0.00077775161
1.122017e-07,-0.00080503791
1.123017e-07,-0.00083160616
1.124017e-07,-0.00085027574
1.125017e-07,-0.00086032858
1.126017e-07,-0.00086391889
1.127017e-07,-0.00086679113
1.128017e-07,-0.00087325368
1.129017e-07,-0.00088258847
1.130017e-07,-0.00089120519
1.131017e-07,-0.00089335937
1.132017e-07,-0.00088474265
1.133017e-07,-0.00086679113
1.134017e-07,-0.00084596737
1.135017e-07,-0.00083017004
1.136017e-07,-0.00082729779
1.137017e-07,-0.00083878676
1.138017e-07,-0.00085961052
1.139017e-07,-0.00088115234
1.140017e-07,-0.00089623162
1.141017e-07,-0.0009019761
1.142017e-07,-0.00090053998
1.143017e-07,-0.00089982192
1.144017e-07,-0.00090772059
1.145017e-07,-0.00092639017
1.146017e-07,-0.00095295841
1.147017e-07,-0.00098024472
1.148017e-07,-0.00099963235
1.149017e-07,-0.001006813
1.150017e-07,-0.0010025046
1.151017e-07,-0.00099388787
1.152017e-07,-0.00098814338
1.153017e-07,-0.00099173369
1.154017e-07,-0.0010053768
1.155017e-07,-0.0010254825
1.156017e-07,-0.0010455882
1.157017e-07,-0.0010621036
1.158017e-07,-0.0010735926
1.159017e-07,-0.0010822093
1.160017e-07,-0.0010915441
1.161017e-07,-0.0011037511
1.162017e-07,-0.0011173943
1.163017e-07,-0.0011296013
1.164017e-07,-0.0011375
1.165017e-07,-0.0011396542
1.166017e-07,-0.0011396542
1.167017e-07,-0.0011410903
1.168017e-07,-0.001148989
1.169017e-07,-0.0011633502
1.170017e-07,-0.0011820198
1.171017e-07,-0.0011978171
1.172017e-07,-0.0012064338
1.173017e-07,-0.0012057158
1.174017e-07,-0.0011978171
1.175017e-07,-0.0011884823
1.176017e-07,-0.0011834559
1.177017e-07,-0.0011856101
1.178017e-07,-0.0011935087
1.179017e-07,-0.0012021255
1.180017e-07,-0.0012064338
1.181017e-07,-0.0012057158
1.182017e-07,-0.0012014074
1.183017e-07,-0.0011999713
1.184017e-07,-0.0012064338
1.185017e-07,-0.0012222312
1.186017e-07,-0.0012459272
1.187017e-07,-0.0012689051
1.188017e-07,-0.0012868566
1.189017e-07,-0.0012947553
1.190017e-07,-0.0012947553
1.191017e-07,-0.0012897289
1.192017e-07,-0.0012868566
1.193017e-07,-0.0012882927
1.194017e-07,-0.0012933192
1.195017e-07,-0.0012976275
1.196017e-07,-0.0012983456
1.197017e-07,-0.0012933192
1.198017e-07,-0.0012861386
1.199017e-07,-0.0012818302
1.200017e-07,-0.0012868566
1.201017e-07,-0.001302654
1.202017e-07,-0.001327068
1.203017e-07,-0.0013550724
1.204017e-07,-0.0013787684
1.205017e-07,-0.0013952838
1.206017e-07,-0.0014039005
1.207017e-07,-0.0014082089
1.208017e-07,-0.0014132353
1.209017e-07,-0.0014204159
1.210017e-07,-0.0014290326
1.211017e-07,-0.0014354952
1.212017e-07,-0.0014362132
1.213017e-07,-0.0014304688
1.214017e-07,-0.0014225701
1.215017e-07,-0.0014182617
1.216017e-07,-0.0014247243
1.217017e-07,-0.0014433938
1.218017e-07,-0.0014713982
1.219017e-07,-0.0015022748
1.220017e-07,-0.001528125
1.221017e-07,-0.0015432043
1.222017e-07,-0.0015467946
1.223017e-07,-0.0015439223
1.224017e-07,-0.001539614
1.225017e-07,-0.0015388959
1.226017e-07,-0.0015432043
1.227017e-07,-0.0015489488
1.228017e-07,-0.0015511029
1.229017e-07,-0.0015467946
1.230017e-07,-0.0015374598
1.231017e-07,-0.0015252528
1.232017e-07,-0.001516636
1.233017e-07,-0.001516636
1.234017e-07,-0.001528125
1.235017e-07,-0.0015482307
1.236017e-07,-0.0015740809
1.237017e-07,-0.0016013672
1.238017e-07,-0.0016264993
1.239017e-07,-0.0016487592
1.240017e-07,-0.0016659926
1.241017e-07,-0.0016781997
1.242017e-07,-0.0016846622
1.243017e-07,-0.0016839442
1.244017e-07,-0.0016774816
1.245017e-07,-0.0016681468
1.246017e-07,-0.0016602482
1.247017e-07,-0.001658812
1.248017e-07,-0.0016659926
1.249017e-07,-0.0016810719
1.250017e-07,-0.0016990234
1.251017e-07,-0.0017148208
1.252017e-07,-0.0017234375
1.253017e-07,-0.0017248736
1.254017e-07,-0.0017227194
1.255017e-07,-0.0017205653
1.256017e-07,-0.0017234375
1.257017e-07,-0.0017313362
1.258017e-07,-0.001740671
1.259017e-07,-0.0017464154
1.260017e-07,-0.0017464154
1.261017e-07,-0.0017399529
1.262017e-07,-0.0017313362
1.263017e-07,-0.0017284639
1.264017e-07,-0.0017349265
1.265017e-07,-0.001752878
1.266017e-07,-0.001776574
1.267017e-07,-0.00180027
1.268017e-07,-0.0018153493
1.269017e-07,-0.0018196576
1.270017e-07,-0.0018153493
1.271017e-07,-0.0018074506
1.272017e-07,-0.0018038603
1.273017e-07,-0.0018067325
1.274017e-07,-0.0018153493
1.275017e-07,-0.001823966
1.276017e-07,-0.0018268382
1.277017e-07,-0.0018218118
1.278017e-07,-0.0018103228
1.279017e-07,-0.0017981158
1.280017e-07,-0.0017923713
1.281017e-07,-0.0017966797
1.282017e-07,-0.0018096048
1.283017e-07,-0.0018254021
1.284017e-07,-0.0018383272
1.285017e-07,-0.0018426356
1.286017e-07,-0.0018368911
1.287017e-07,-0.0018261202
1.288017e-07,-0.0018153493
1.289017e-07,-0.0018103228
1.290017e-07,-0.001812477
1.291017e-07,-0.0018196576
1.292017e-07,-0.0018268382
1.293017e-07,-0.0018297105
1.294017e-07,-0.0018254021
1.295017e-07,-0.0018160673
1.296017e-07,-0.0018038603
1.297017e-07,-0.0017930894
1.298017e-07,-0.0017873449
1.299017e-07,-0.0017873449
1.300017e-07,-0.0017923713
1.301017e-07,-0.0018017061
1.302017e-07,-0.0018131951
1.303017e-07,-0.0018261202
1.304017e-07,-0.0018383272
1.305017e-07,-0.0018469439
1.306017e-07,-0.0018483801
1.307017e-07,-0.0018419175
1.308017e-07,-0.0018268382
1.309017e-07,-0.0018074506
1.310017e-07,-0.0017902171
1.311017e-07,-0.0017801643
1.312017e-07,-0.0017808824
1.313017e-07,-0.0017916533
1.314017e-07,-0.0018081687
1.315017e-07,-0.0018254021
1.316017e-07,-0.0018383272
1.317017e-07,-0.0018469439
1.318017e-07,-0.0018526884
1.319017e-07,-0.0018613051
1.320017e-07,-0.0018727941
1.321017e-07,-0.0018871553
1.322017e-07,-0.0018986443
1.323017e-07,-0.0019029527
1.324017e-07,-0.0018957721
1.325017e-07,-0.0018792567
1.326017e-07,-0.0018584329
1.327017e-07,-0.0018426356
1.328017e-07,-0.0018383272
1.329017e-07,-0.0018469439
1.330017e-07,-0.0018648955
1.331017e-07,-0.0018871553
1.332017e-07,-0.001907261
1.333017e-07,-0.0019230584
1.334017e-07,-0.0019359835
1.335017e-07,-0.0019489085
1.336017e-07,-0.0019647059
1.337017e-07,-0.0019826574
1.338017e-07,-0.0019970186
1.339017e-07,-0.0020041992
1.340017e-07,-0.0019991728
1.341017e-07,-0.0019848116
1.342017e-07,-0.0019690142
1.343017e-07,-0.0019596795
1.344017e-07,-0.0019647059
1.345017e-07,-0.0019840935
1.346017e-07,-0.0020120979
1.347017e-07,-0.0020393842
1.348017e-07,-0.0020566176
1.349017e-07,-0.002060208
1.350017e-07,-0.0020523093
1.351017e-07,-0.0020408203
1.352017e-07,-0.0020336397
1.353017e-07,-0.0020350758
1.354017e-07,-0.0020429745
1.355017e-07,-0.0020523093
1.356017e-07,-0.0020566176
1.357017e-07,-0.0020537454
1.358017e-07,-0.0020451287
1.359017e-07,-0.0020365119
1.360017e-07,-0.0020336397
1.361017e-07,-0.0020393842
1.362017e-07,-0.0020523093
1.363017e-07,-0.0020673886
1.364017e-07,-0.0020795956
1.365017e-07,-0.0020882123
1.366017e-07,-0.0020939568
1.367017e-07,-0.0021018555
1.368017e-07,-0.0021140625
1.369017e-07,-0.0021291418
1.370017e-07,-0.0021413488
1.371017e-07,-0.0021456572
1.372017e-07,-0.0021370404
1.373017e-07,-0.0021190889
1.374017e-07,-0.0020989832
1.375017e-07,-0.0020867762
1.376017e-07,-0.0020910846
1.377017e-07,-0.0021119083
1.378017e-07,-0.002143503
1.379017e-07,-0.0021736615
1.380017e-07,-0.0021944853
1.381017e-07,-0.0022016659
1.382017e-07,-0.0021980756
1.383017e-07,-0.0021930492
1.384017e-07,-0.0021944853
1.385017e-07,-0.0022045381
1.386017e-07,-0.0022196174
1.387017e-07,-0.0022303883
1.388017e-07,-0.0022289522
1.389017e-07,-0.0022131549
1.390017e-07,-0.0021873047
1.391017e-07,-0.0021621726
1.392017e-07,-0.0021485294
1.393017e-07,-0.0021521197
1.394017e-07,-0.0021715074
1.395017e-07,-0.0022002298
1.396017e-07,-0.0022289522
1.397017e-07,-0.0022512121
1.398017e-07,-0.0022670094
1.399017e-07,-0.0022770623
1.400017e-07,-0.0022863971
1.401017e-07,-0.0022957318
1.402017e-07,-0.0023014763
1.403017e-07,-0.0022993222
1.404017e-07,-0.0022863971
1.405017e-07,-0.0022648552
1.406017e-07,-0.0022411592
1.407017e-07,-0.002226798
1.408017e-07,-0.0022289522
1.409017e-07,-0.0022476218
1.410017e-07,-0.0022763442
1.411017e-07,-0.0023043486
1.412017e-07,-0.002320864
1.413017e-07,-0.0023223001
1.414017e-07,-0.0023122472
1.415017e-07,-0.0023007583
1.416017e-07,-0.002297886
1.417017e-07,-0.0023072208
1.418017e-07,-0.0023258904
1.419017e-07,-0.002345278
1.420017e-07,-0.0023553309
1.421017e-07,-0.0023524586
1.422017e-07,-0.0023395335
1.423017e-07,-0.0023258904
1.424017e-07,-0.002320864
1.425017e-07,-0.0023294807
1.426017e-07,-0.0023495864
1.427017e-07,-0.0023732824
1.428017e-07,-0.0023897978
1.429017e-07,-0.0023941062
1.430017e-07,-0.0023869256
1.431017e-07,-0.0023747185
1.432017e-07,-0.0023668199
1.433017e-07,-0.002368256
1.434017e-07,-0.0023783088
1.435017e-07,-0.0023912339
1.436017e-07,-0.0024012868
1.437017e-07,-0.0024027229
1.438017e-07,-0.0023976965
1.439017e-07,-0.0023912339
1.440017e-07,-0.0023897978
1.441017e-07,-0.0023969784
1.442017e-07,-0.0024113396
1.443017e-07,-0.0024264189
1.444017e-07,-0.0024357537
1.445017e-07,-0.0024364717
1.446017e-07,-0.0024307273
1.447017e-07,-0.0024249828
1.448017e-07,-0.0024242647
1.449017e-07,-0.0024321634
1.450017e-07,-0.0024450885
1.451017e-07,-0.0024565774
1.452017e-07,-0.0024587316
1.453017e-07,-0.0024479607
1.454017e-07,-0.002427855
1.455017e-07,-0.0024055951
1.456017e-07,-0.0023897978
1.457017e-07,-0.0023854894
1.458017e-07,-0.00239267
1.459017e-07,-0.002404159
1.460017e-07,-0.0024127757
1.461017e-07,-0.0024134938
1.462017e-07,-0.0024063132
1.463017e-07,-0.0023969784
1.464017e-07,-0.0023897978
1.465017e-07,-0.0023890797
1.466017e-07,-0.002391952
1.467017e-07,-0.0023948242
1.468017e-07,-0.0023897978
1.469017e-07,-0.0023754366
1.470017e-07,-0.0023560489
1.471017e-07,-0.0023380974
1.472017e-07,-0.0023323529
1.473017e-07,-0.0023431239
1.474017e-07,-0.0023696921
1.475017e-07,-0.002404159
1.476017e-07,-0.0024357537
1.477017e-07,-0.0024565774
1.478017e-07,-0.00246304
1.479017e-07,-0.0024580136
1.480017e-07,-0.0024472426
1.481017e-07,-0.0024371898
1.482017e-07,-0.0024314453
1.483017e-07,-0.002427855
1.484017e-07,-0.0024242647
1.485017e-07,-0.0024178022
1.486017e-07,-0.0024091854
1.487017e-07,-0.0024027229
1.488017e-07,-0.0024012868
1.489017e-07,-0.0024091854
1.490017e-07,-0.0024249828
1.491017e-07,-0.0024436523
1.492017e-07,-0.0024587316
1.493017e-07,-0.0024659122
1.494017e-07,-0.002463758
1.495017e-07,-0.0024551413
1.496017e-07,-0.0024472426
1.497017e-07,-0.0024450885
1.498017e-07,-0.002451551
1.499017e-07,-0.0024651942
1.500017e-07,-0.0024817096
1.501017e-07,-0.0024960708
1.502017e-07,-0.0025054056
1.503017e-07,-0.0025075597
1.504017e-07,-0.0025046875
1.505017e-07,-0.0025003791
1.506017e-07,-0.0024975069
1.507017e-07,-0.002498943
1.508017e-07,-0.0025046875
1.509017e-07,-0.0025154584
1.510017e-07,-0.0025305377
1.511017e-07,-0.0025470531
1.512017e-07,-0.0025621324
1.513017e-07,-0.0025721852
1.514017e-07,-0.0025736213
1.515017e-07,-0.0025657227
1.516017e-07,-0.0025506434
1.517017e-07,-0.002534128
1.518017e-07,-0.002521921
1.519017e-07,-0.0025190487
1.520017e-07,-0.0025276654
1.521017e-07,-0.0025434628
1.522017e-07,-0.0025599782
1.523017e-07,-0.0025714671
1.524017e-07,-0.0025736213
1.525017e-07,-0.0025685949
1.526017e-07,-0.0025614143
1.527017e-07,-0.002558542
1.528017e-07,-0.0025621324
1.529017e-07,-0.0025707491
1.530017e-07,-0.0025779297
1.531017e-07,-0.0025757755
1.532017e-07,-0.0025621324
1.533017e-07,-0.0025377183
1.534017e-07,-0.0025118681
1.535017e-07,-0.0024946347
1.536017e-07,-0.0024931985
1.537017e-07,-0.002510432
1.538017e-07,-0.0025398725
1.539017e-07,-0.0025721852
1.540017e-07,-0.0025965993
1.541017e-07,-0.0026073702
1.542017e-07,-0.002605216
1.543017e-07,-0.0025951631
1.544017e-07,-0.0025851103
1.545017e-07,-0.0025793658
1.546017e-07,-0.0025779297
1.547017e-07,-0.0025772116
1.548017e-07,-0.0025736213
1.549017e-07,-0.0025664407
1.550017e-07,-0.002557824
1.551017e-07,-0.0025549517
1.552017e-07,-0.0025621324
1.553017e-07,-0.0025808019
1.554017e-07,-0.0026073702
1.555017e-07,-0.0026339384
1.556017e-07,-0.0026540441
1.557017e-07,-0.0026633789
1.558017e-07,-0.002664097
1.559017e-07,-0.0026626608
1.560017e-07,-0.0026655331
1.561017e-07,-0.002676304
1.562017e-07,-0.0026921013
1.563017e-07,-0.0027064625
1.564017e-07,-0.002711489
1.565017e-07,-0.0027028722
1.566017e-07,-0.0026827665
1.567017e-07,-0.0026590705
1.568017e-07,-0.0026425551
1.569017e-07,-0.0026418371
1.570017e-07,-0.0026583525
1.571017e-07,-0.002688511
1.572017e-07,-0.0027229779
1.573017e-07,-0.0027517004
1.574017e-07,-0.0027674977
1.575017e-07,-0.0027682158
1.576017e-07,-0.0027574449
1.577017e-07,-0.0027394933
1.578017e-07,-0.0027201057
1.579017e-07,-0.0027028722
1.580017e-07,-0.002688511
1.581017e-07,-0.0026777401
1.582017e-07,-0.0026705595
1.583017e-07,-0.0026662511
1.584017e-07,-0.0026655331
1.585017e-07,-0.0026669692
1.586017e-07,-0.0026684053
1.587017e-07,-0.0026684053
1.588017e-07,-0.0026655331
1.589017e-07,-0.0026605067
1.590017e-07,-0.0026547622
1.591017e-07,-0.002652608
1.592017e-07,-0.0026540441
1.593017e-07,-0.0026590705
1.594017e-07,-0.002664815
1.595017e-07,-0.0026676873
1.596017e-07,-0.0026655331
1.597017e-07,-0.0026597886
1.598017e-07,-0.0026533261
1.599017e-07,-0.0026504538
1.600017e-07,-0.0026540441
1.601017e-07,-0.0026633789
1.602017e-07,-0.002676304
1.603017e-07,-0.0026892291
1.604017e-07,-0.0027
1.605017e-07,-0.0027093348
1.606017e-07,-0.0027193876
1.607017e-07,-0.0027315947
1.608017e-07,-0.0027459559
1.609017e-07,-0.002758881
1.610017e-07,-0.0027646255
1.611017e-07,-0.0027603171
1.612017e-07,-0.0027459559
1.613017e-07,-0.0027287224
1.614017e-07,-0.0027179515
1.615017e-07,-0.0027229779
1.616017e-07,-0.0027459559
1.617017e-07,-0.0027840131
1.618017e-07,-0.0028263787
1.619017e-07,-0.0028615636
1.620017e-07,-0.0028838235
1.621017e-07,-0.0028917222
1.622017e-07,-0.0028931583
1.623017e-07,-0.0028960306
1.624017e-07,-0.0029068015
1.625017e-07,-0.0029240349
1.626017e-07,-0.0029412684
1.627017e-07,-0.002948449
1.628017e-07,-0.0029412684
1.629017e-07,-0.0029211627
1.630017e-07,-0.0028989028
1.631017e-07,-0.0028874138
1.632017e-07,-0.0028953125
1.633017e-07,-0.0029233169
1.634017e-07,-0.0029620921
1.635017e-07,-0.0029951229
1.636017e-07,-0.0030102022
1.637017e-07,-0.0030008674
1.638017e-07,-0.0029714269
1.639017e-07,-0.0029355239
1.640017e-07,-0.0029068015
1.641017e-07,-0.0028931583
1.642017e-07,-0.0028938764
1.643017e-07,-0.002901775
1.644017e-07,-0.0029068015
1.645017e-07,-0.0029039292
1.646017e-07,-0.0028938764
1.647017e-07,-0.0028845416
1.648017e-07,-0.0028838235
1.649017e-07,-0.0028953125
1.650017e-07,-0.0029147001
1.651017e-07,-0.0029333697
1.652017e-07,-0.0029412684
1.653017e-07,-0.0029333697
1.654017e-07,-0.002912546
1.655017e-07,-0.00288885
1.656017e-07,-0.0028723346
1.657017e-07,-0.0028708984
1.658017e-07,-0.0028823874
1.659017e-07,-0.0028981847
1.660017e-07,-0.0029068015
1.661017e-07,-0.002901057
1.662017e-07,-0.0028795152
1.663017e-07,-0.0028507927
1.664017e-07,-0.0028263787
1.665017e-07,-0.0028156078
1.666017e-07,-0.0028235064
1.667017e-07,-0.0028450483
1.668017e-07,-0.0028723346
1.669017e-07,-0.0028960306
1.670017e-07,-0.0029111098
1.671017e-07,-0.0029168543
1.672017e-07,-0.0029182904
1.673017e-07,-0.0029197266
1.674017e-07,-0.0029225988
1.675017e-07,-0.0029269072
1.676017e-07,-0.0029297794
1.677017e-07,-0.0029276252
1.678017e-07,-0.0029218807
1.679017e-07,-0.002913264
1.680017e-07,-0.0029068015
1.681017e-07,-0.0029046473
1.682017e-07,-0.0029082376
1.683017e-07,-0.002913264
1.684017e-07,-0.0029182904
1.685017e-07,-0.0029211627
1.686017e-07,-0.0029225988
1.687017e-07,-0.002924753
1.688017e-07,-0.0029297794
1.689017e-07,-0.00293696
1.690017e-07,-0.0029419864
1.691017e-07,-0.0029412684
1.692017e-07,-0.0029297794
1.693017e-07,-0.0029089557
1.694017e-07,-0.0028838235
1.695017e-07,-0.0028615636
1.696017e-07,-0.0028493566
1.697017e-07,-0.0028507927
1.698017e-07,-0.0028629998
1.699017e-07,-0.0028802332
1.700017e-07,-0.0028953125
1.701017e-07,-0.0029039292
1.702017e-07,-0.0029068015
1.703017e-07,-0.0029060834
1.704017e-07,-0.0029068015
1.705017e-07,-0.0029103918
1.706017e-07,-0.0029161363
1.707017e-07,-0.0029197266
1.708017e-07,-0.0029182904
1.709017e-07,-0.0029111098
1.710017e-07,-0.002901057
1.711017e-07,-0.0028938764
1.712017e-07,-0.0028953125
1.713017e-07,-0.0029068015
1.714017e-07,-0.002925471
1.715017e-07,-0.0029470129
1.716017e-07,-0.0029642463
1.717017e-07,-0.0029750172
1.718017e-07,-0.0029800437
1.719017e-07,-0.0029829159
1.720017e-07,-0.0029872243
1.721017e-07,-0.0029951229
1.722017e-07,-0.0030037397
1.723017e-07,-0.0030102022
1.724017e-07,-0.0030102022
1.725017e-07,-0.0030037397
1.726017e-07,-0.0029944049
1.727017e-07,-0.0029872243
1.728017e-07,-0.0029872243
1.729017e-07,-0.002995841
1.730017e-07,-0.0030094841
1.731017e-07,-0.0030238454
1.732017e-07,-0.0030331801
1.733017e-07,-0.0030353343
1.734017e-07,-0.003031744
1.735017e-07,-0.0030259995
1.736017e-07,-0.0030216912
1.737017e-07,-0.0030202551
1.738017e-07,-0.003019537
1.739017e-07,-0.0030166648
1.740017e-07,-0.0030102022
1.741017e-07,-0.0030023035
1.742017e-07,-0.0029979952
1.743017e-07,-0.0030037397
1.744017e-07,-0.0030216912
1.745017e-07,-0.0030496955
1.746017e-07,-0.0030805722
1.747017e-07,-0.0031042682
1.748017e-07,-0.0031136029
1.749017e-07,-0.0031078585
1.750017e-07,-0.0030920611
1.751017e-07,-0.0030762638
1.752017e-07,-0.0030676471
1.753017e-07,-0.0030698012
1.754017e-07,-0.003079136
1.755017e-07,-0.0030884708
1.756017e-07,-0.003090625
1.757017e-07,-0.0030841625
1.758017e-07,-0.0030741096
1.759017e-07,-0.0030698012
1.760017e-07,-0.003079136
1.761017e-07,-0.0031049862
1.762017e-07,-0.0031416073
1.763017e-07,-0.0031789465
1.764017e-07,-0.0032055147
1.765017e-07,-0.0032134134
1.766017e-07,-0.0032033605
1.767017e-07,-0.0031818187
1.768017e-07,-0.0031595588
1.769017e-07,-0.0031437615
1.770017e-07,-0.0031372989
1.771017e-07,-0.0031372989
1.772017e-07,-0.0031365809
1.773017e-07,-0.0031315545
1.774017e-07,-0.0031207835
1.775017e-07,-0.0031092946
1.776017e-07,-0.003102114
1.777017e-07,-0.003102832
1.778017e-07,-0.0031121668
1.779017e-07,-0.00312581
1.780017e-07,-0.0031365809
1.781017e-07,-0.0031408892
1.782017e-07,-0.0031387351
1.783017e-07,-0.0031315545
1.784017e-07,-0.0031250919
1.785017e-07,-0.0031222197
1.786017e-07,-0.0031236558
1.787017e-07,-0.00312581
1.788017e-07,-0.0031250919
1.789017e-07,-0.0031200655
1.790017e-07,-0.0031114488
1.791017e-07,-0.0031042682
1.792017e-07,-0.003102114
1.793017e-07,-0.0031078585
1.794017e-07,-0.0031200655
1.795017e-07,-0.0031351448
1.796017e-07,-0.0031480699
1.797017e-07,-0.0031559685
1.798017e-07,-0.0031581227
1.799017e-07,-0.0031581227
1.800017e-07,-0.0031595588
1.801017e-07,-0.0031645852
1.802017e-07,-0.003173202
1.803017e-07,-0.0031832548
1.804017e-07,-0.0031940257
1.805017e-07,-0.0032047966
1.806017e-07,-0.0032170037
1.807017e-07,-0.003232083
1.808017e-07,-0.0032514706
1.809017e-07,-0.0032730124
1.810017e-07,-0.003291682
1.811017e-07,-0.003303889
1.812017e-07,-0.0033089154
1.813017e-07,-0.0033081974
1.814017e-07,-0.0033081974
1.815017e-07,-0.003315378
1.816017e-07,-0.0033318934
1.817017e-07,-0.0033563074
1.818017e-07,-0.0033807215
1.819017e-07,-0.0033972369
1.820017e-07,-0.0034008272
1.821017e-07,-0.0033922105
1.822017e-07,-0.0033778493
1.823017e-07,-0.0033670784
1.824017e-07,-0.0033663603
1.825017e-07,-0.0033771312
1.826017e-07,-0.0033943647
1.827017e-07,-0.0034087259
1.828017e-07,-0.0034123162
1.829017e-07,-0.0034036994
1.830017e-07,-0.0033879021
1.831017e-07,-0.0033728228
1.832017e-07,-0.0033663603
1.833017e-07,-0.0033706687
1.834017e-07,-0.0033814396
1.835017e-07,-0.0033900563
1.836017e-07,-0.0033893382
1.837017e-07,-0.0033764131
1.838017e-07,-0.0033563074
1.839017e-07,-0.0033383559
1.840017e-07,-0.0033318934
1.841017e-07,-0.0033419462
1.842017e-07,-0.0033656422
1.843017e-07,-0.0033929285
1.844017e-07,-0.0034123162
1.845017e-07,-0.0034166245
1.846017e-07,-0.0034044175
1.847017e-07,-0.0033807215
1.848017e-07,-0.0033548713
1.849017e-07,-0.0033340476
1.850017e-07,-0.0033204044
1.851017e-07,-0.0033139419
1.852017e-07,-0.0033089154
1.853017e-07,-0.003303889
1.854017e-07,-0.0032981445
1.855017e-07,-0.0032945542
1.856017e-07,-0.0032974265
1.857017e-07,-0.0033074793
1.858017e-07,-0.0033218405
1.859017e-07,-0.0033354837
1.860017e-07,-0.0033433824
1.861017e-07,-0.0033433824
1.862017e-07,-0.0033362017
1.863017e-07,-0.003327585
1.864017e-07,-0.0033204044
1.865017e-07,-0.0033168141
1.866017e-07,-0.0033146599
1.867017e-07,-0.0033089154
1.868017e-07,-0.0032974265
1.869017e-07,-0.003279475
1.870017e-07,-0.0032615234
1.871017e-07,-0.0032500345
1.872017e-07,-0.0032514706
1.873017e-07,-0.0032672679
1.874017e-07,-0.0032924
1.875017e-07,-0.0033168141
1.876017e-07,-0.0033318934
1.877017e-07,-0.0033340476
1.878017e-07,-0.0033247128
1.879017e-07,-0.0033139419
1.880017e-07,-0.0033089154
1.881017e-07,-0.003316096
1.882017e-07,-0.0033354837
1.883017e-07,-0.0033584616
1.884017e-07,-0.0033778493
1.885017e-07,-0.0033871841
1.886017e-07,-0.0033857479
1.887017e-07,-0.0033800034
1.888017e-07,-0.0033778493
1.889017e-07,-0.003386466
1.890017e-07,-0.0034065717
1.891017e-07,-0.003433858
1.892017e-07,-0.0034582721
1.893017e-07,-0.0034733513
1.894017e-07,-0.0034755055
1.895017e-07,-0.0034683249
1.896017e-07,-0.0034582721
1.897017e-07,-0.0034532456
1.898017e-07,-0.0034561179
1.899017e-07,-0.0034676068
1.900017e-07,-0.00348125
1.901017e-07,-0.0034913028
1.902017e-07,-0.003493457
1.903017e-07,-0.0034891487
1.904017e-07,-0.00348125
1.905017e-07,-0.0034762236
1.906017e-07,-0.0034790958
1.907017e-07,-0.0034891487
1.908017e-07,-0.0035042279
1.909017e-07,-0.0035185892
1.910017e-07,-0.0035264878
1.911017e-07,-0.0035250517
1.912017e-07,-0.0035157169
1.913017e-07,-0.0035013557
1.914017e-07,-0.0034862764
1.915017e-07,-0.0034747875
1.916017e-07,-0.003469761
1.917017e-07,-0.0034711972
1.918017e-07,-0.0034783778
1.919017e-07,-0.0034898667
1.920017e-07,-0.0035042279
1.921017e-07,-0.0035185892
1.922017e-07,-0.0035322323
1.923017e-07,-0.0035430032
1.924017e-07,-0.0035501838
1.925017e-07,-0.0035530561
1.926017e-07,-0.0035516199
1.927017e-07,-0.0035465935
1.928017e-07,-0.0035386949
1.929017e-07,-0.0035279239
1.930017e-07,-0.0035157169
1.931017e-07,-0.0035035099
1.932017e-07,-0.003492739
1.933017e-07,-0.0034862764
1.934017e-07,-0.0034862764
1.935017e-07,-0.003492739
1.936017e-07,-0.0035042279
1.937017e-07,-0.003517153
1.938017e-07,-0.0035279239
1.939017e-07,-0.0035315142
1.940017e-07,-0.0035272059
1.941017e-07,-0.003517153
1.942017e-07,-0.0035056641
1.943017e-07,-0.0034963293
1.944017e-07,-0.003492739
1.945017e-07,-0.0034948932
1.946017e-07,-0.0034999196
1.947017e-07,-0.0035035099
1.948017e-07,-0.0035042279
1.949017e-07,-0.0035006376
1.950017e-07,-0.0034956112
1.951017e-07,-0.0034920209
1.952017e-07,-0.003492739
1.953017e-07,-0.0034984835
1.954017e-07,-0.0035063821
1.955017e-07,-0.0035128447
1.956017e-07,-0.0035157169
1.957017e-07,-0.0035128447
1.958017e-07,-0.0035063821
1.959017e-07,-0.0034984835
1.960017e-07,-0.003492739
1.961017e-07,-0.0034905848
1.962017e-07,-0.0034920209
1.963017e-07,-0.0034970473
1.964017e-07,-0.0035042279
1.965017e-07,-0.0035142808
1.966017e-07,-0.0035272059
1.967017e-07,-0.0035437213
1.968017e-07,-0.0035616728
1.969017e-07,-0.0035789062
1.970017e-07,-0.0035911133
1.971017e-07,-0.0035968578
1.972017e-07,-0.0035961397
1.973017e-07,-0.0035932675
1.974017e-07,-0.0035947036
1.975017e-07,-0.0036026023
1.976017e-07,-0.0036191176
1.977017e-07,-0.0036392233
1.978017e-07,-0.0036571749
1.979017e-07,-0.0036657916
1.980017e-07,-0.0036650735
1.981017e-07,-0.0036578929
1.982017e-07,-0.0036507123
1.983017e-07,-0.0036521484
1.984017e-07,-0.0036650735
1.985017e-07,-0.0036866153
1.986017e-07,-0.0037103114
1.987017e-07,-0.0037275448
1.988017e-07,-0.0037340074
1.989017e-07,-0.003730417
1.990017e-07,-0.0037232364
1.991017e-07,-0.0037189281
1.992017e-07,-0.0037225184
1.993017e-07,-0.0037311351
1.994017e-07,-0.0037390338
1.995017e-07,-0.0037375977
1.996017e-07,-0.0037225184
1.997017e-07,-0.0036981043
1.998017e-07,-0.0036736903
1.999017e-07,-0.0036600471
2.000017e-07,-0.0036650735
2.001017e-07,-0.0036873334
2.002017e-07,-0.00371821
2.003017e-07,-0.0037440602
2.004017e-07,-0.0037569853
2.005017e-07,-0.003753395
2.006017e-07,-0.0037397518
2.007017e-07,-0.0037268267
2.008017e-07,-0.0037225184
2.009017e-07,-0.0037282629
2.010017e-07,-0.0037390338
2.011017e-07,-0.0037433421
2.012017e-07,-0.0037340074
2.013017e-07,-0.0037110294
2.014017e-07,-0.003682307
2.015017e-07,-0.0036636374
2.016017e-07,-0.0036650735
2.017017e-07,-0.0036909237
2.018017e-07,-0.0037325712
2.019017e-07,-0.0037756549
2.020017e-07,-0.0038029412
2.021017e-07,-0.0038058134
2.022017e-07,-0.0037871438
2.023017e-07,-0.0037577034
2.024017e-07,-0.0037340074
2.025017e-07,-0.0037268267
2.026017e-07,-0.0037375977
2.027017e-07,-0.0037598575
2.028017e-07,-0.0037799632
2.029017e-07,-0.003789298
2.030017e-07,-0.0037842716
2.031017e-07,-0.0037699104
2.032017e-07,-0.0037569853
2.033017e-07,-0.003753395
2.034017e-07,-0.0037612937
2.035017e-07,-0.0037763729
2.036017e-07,-0.0037914522
2.037017e-07,-0.0037979148
2.038017e-07,-0.0037928883
2.039017e-07,-0.0037806813
2.040017e-07,-0.0037684743
2.041017e-07,-0.0037627298
2.042017e-07,-0.0037670381
2.043017e-07,-0.0037785271
2.044017e-07,-0.0037914522
2.045017e-07,-0.0038000689
2.046017e-07,-0.0038022231
2.047017e-07,-0.0037979148
2.048017e-07,-0.0037914522
2.049017e-07,-0.0037871438
2.050017e-07,-0.0037871438
2.051017e-07,-0.003789298
2.052017e-07,-0.0037914522
2.053017e-07,-0.0037914522
2.054017e-07,-0.0037900161
2.055017e-07,-0.003789298
2.056017e-07,-0.0037914522
2.057017e-07,-0.0037979148
2.058017e-07,-0.0038058134
2.059017e-07,-0.003812994
2.060017e-07,-0.0038144301
2.061017e-07,-0.0038094037
2.062017e-07,-0.003800787
2.063017e-07,-0.0037936064
2.064017e-07,-0.0037914522
2.065017e-07,-0.0037979148
2.066017e-07,-0.0038108398
2.067017e-07,-0.0038259191
2.068017e-07,-0.0038374081
2.069017e-07,-0.0038431526
2.070017e-07,-0.0038424345
2.071017e-07,-0.0038395623
2.072017e-07,-0.0038374081
2.073017e-07,-0.0038381261
2.074017e-07,-0.0038402803
2.075017e-07,-0.0038409984
2.076017e-07,-0.0038374081
2.077017e-07,-0.0038287914
2.078017e-07,-0.0038187385
2.079017e-07,-0.003812276
2.080017e-07,-0.0038144301
2.081017e-07,-0.0038252011
2.082017e-07,-0.0038424345
2.083017e-07,-0.003859668
2.084017e-07,-0.003871875
2.085017e-07,-0.0038761834
2.086017e-07,-0.0038740292
2.087017e-07,-0.0038711569
2.088017e-07,-0.003871875
2.089017e-07,-0.0038783375
2.090017e-07,-0.0038891085
2.091017e-07,-0.0038998794
2.092017e-07,-0.0039063419
2.093017e-07,-0.003907778
2.094017e-07,-0.0039084961
2.095017e-07,-0.0039135225
2.096017e-07,-0.0039293199
2.097017e-07,-0.0039566062
2.098017e-07,-0.0039925092
2.099017e-07,-0.0040284122
2.100017e-07,-0.0040556985
2.101017e-07,-0.0040693417
2.102017e-07,-0.0040700597
2.103017e-07,-0.0040628791
2.104017e-07,-0.0040556985
2.105017e-07,-0.0040556985
2.106017e-07,-0.0040650333
2.107017e-07,-0.0040815487
2.108017e-07,-0.0041016544
2.109017e-07,-0.0041196059
2.110017e-07,-0.004132531
2.111017e-07,-0.0041411477
2.112017e-07,-0.0041476103
2.113017e-07,-0.0041533548
2.114017e-07,-0.0041598173
2.115017e-07,-0.0041662799
2.116017e-07,-0.0041705882
2.117017e-07,-0.0041727424
2.118017e-07,-0.0041727424
2.119017e-07,-0.0041713063
2.120017e-07,-0.0041705882
2.121017e-07,-0.0041698702
2.122017e-07,-0.0041684341
2.123017e-07,-0.0041648437
2.124017e-07,-0.0041590993
2.125017e-07,-0.0041526367
2.126017e-07,-0.0041497645
2.127017e-07,-0.0041512006
2.128017e-07,-0.0041590993
2.129017e-07,-0.0041698702
2.130017e-07,-0.0041777688
2.131017e-07,-0.0041784869
2.132017e-07,-0.0041705882
2.133017e-07,-0.004156227
2.134017e-07,-0.0041418658
2.135017e-07,-0.0041339671
2.136017e-07,-0.0041361213
2.137017e-07,-0.0041468922
2.138017e-07,-0.0041605354
2.139017e-07,-0.0041698702
2.140017e-07,-0.0041705882
2.141017e-07,-0.0041626896
2.142017e-07,-0.0041519187
2.143017e-07,-0.0041454561
2.144017e-07,-0.0041476103
2.145017e-07,-0.0041583812
2.146017e-07,-0.0041720244
2.147017e-07,-0.0041813591
2.148017e-07,-0.0041820772
2.149017e-07,-0.0041734605
2.150017e-07,-0.0041605354
2.151017e-07,-0.0041504825
2.152017e-07,-0.0041476103
2.153017e-07,-0.0041504825
2.154017e-07,-0.0041540728
2.155017e-07,-0.0041504825
2.156017e-07,-0.0041361213
2.157017e-07,-0.0041124253
2.158017e-07,-0.0040887293
2.159017e-07,-0.0040750862
2.160017e-07,-0.0040786765
2.161017e-07,-0.0040980641
2.162017e-07,-0.0041246324
2.163017e-07,-0.0041447381
2.164017e-07,-0.0041476103
2.165017e-07,-0.0041310949
2.166017e-07,-0.0041023725
2.167017e-07,-0.004072932
2.168017e-07,-0.0040556985
2.169017e-07,-0.0040564166
2.170017e-07,-0.0040707778
2.171017e-07,-0.0040901654
2.172017e-07,-0.0041016544
2.173017e-07,-0.0040995002
2.174017e-07,-0.0040837029
2.175017e-07,-0.0040621611
2.176017e-07,-0.0040442096
2.177017e-07,-0.0040348748
2.178017e-07,-0.0040341567
2.179017e-07,-0.0040355928
2.180017e-07,-0.0040327206
2.181017e-07,-0.0040219497
2.182017e-07,-0.0040047162
2.183017e-07,-0.0039867647
2.184017e-07,-0.0039752757
2.185017e-07,-0.0039724035
2.186017e-07,-0.0039752757
2.187017e-07,-0.003978148
2.188017e-07,-0.0039752757
2.189017e-07,-0.0039652229
2.190017e-07,-0.0039515797
2.191017e-07,-0.0039408088
2.192017e-07,-0.0039408088
2.193017e-07,-0.0039515797
2.194017e-07,-0.0039680951
2.195017e-07,-0.0039824563
2.196017e-07,-0.0039867647
2.197017e-07,-0.0039795841
2.198017e-07,-0.0039637868
2.199017e-07,-0.0039487075
2.200017e-07,-0.0039408088
2.201017e-07,-0.003942963
2.202017e-07,-0.0039530159
2.203017e-07,-0.0039652229
2.204017e-07,-0.0039752757
2.205017e-07,-0.0039831744
2.206017e-07,-0.0039925092
2.207017e-07,-0.0040083065
2.208017e-07,-0.0040327206
2.209017e-07,-0.004060725
2.210017e-07,-0.0040829848
2.211017e-07,-0.0040901654
2.212017e-07,-0.0040786765
2.213017e-07,-0.0040542624
2.214017e-07,-0.0040291303
2.215017e-07,-0.0040197955
2.216017e-07,-0.0040327206
2.217017e-07,-0.0040664694
2.218017e-07,-0.0041066808
2.219017e-07,-0.0041382755
2.220017e-07,-0.0041476103
2.221017e-07,-0.0041354033
2.222017e-07,-0.0041131434
2.223017e-07,-0.004097346
2.224017e-07,-0.0041016544
2.225017e-07,-0.0041289407
2.226017e-07,-0.0041684341
2.227017e-07,-0.0042021829
2.228017e-07,-0.0042165441
2.229017e-07,-0.0042057732
2.230017e-07,-0.0041770508
2.231017e-07,-0.0041490464
2.232017e-07,-0.0041361213
2.233017e-07,-0.0041461742
2.234017e-07,-0.0041741785
2.235017e-07,-0.0042057732
2.236017e-07,-0.0042280331
2.237017e-07,-0.0042337776
2.238017e-07,-0.004227315
2.239017e-07,-0.0042215705
2.240017e-07,-0.0042280331
2.241017e-07,-0.004251011
2.242017e-07,-0.0042847599
2.243017e-07,-0.0043156365
2.244017e-07,-0.0043314338
2.245017e-07,-0.0043271255
2.246017e-07,-0.0043091739
2.247017e-07,-0.0042912224
2.248017e-07,-0.0042854779
2.249017e-07,-0.004297685
2.250017e-07,-0.004322099
2.251017e-07,-0.004345077
2.252017e-07,-0.0043544118
2.253017e-07,-0.004345795
2.254017e-07,-0.0043271255
2.255017e-07,-0.0043142004
2.256017e-07,-0.0043199449
2.257017e-07,-0.0043508215
2.258017e-07,-0.0043989315
2.259017e-07,-0.0044477597
2.260017e-07,-0.0044807904
2.261017e-07,-0.0044886891
2.262017e-07,-0.0044764821
2.263017e-07,-0.0044570944
2.264017e-07,-0.0044463235
2.265017e-07,-0.0044535041
2.266017e-07,-0.004475764
2.267017e-07,-0.0045008961
2.268017e-07,-0.0045152574
2.269017e-07,-0.0045102309
2.270017e-07,-0.004487971
2.271017e-07,-0.0044621209
2.272017e-07,-0.0044463235
2.273017e-07,-0.0044499138
2.274017e-07,-0.0044721737
2.275017e-07,-0.0045023323
2.276017e-07,-0.0045267463
2.277017e-07,-0.0045360811
2.278017e-07,-0.0045303366
2.279017e-07,-0.0045159754
2.280017e-07,-0.0045037684
2.281017e-07,-0.00449946
2.282017e-07,-0.0045030503
2.283017e-07,-0.0045066406
2.284017e-07,-0.0045037684
2.285017e-07,-0.0044915614
2.286017e-07,-0.0044736098
2.287017e-07,-0.0044599667
2.288017e-07,-0.0044578125
2.289017e-07,-0.0044685834
2.290017e-07,-0.0044850988
2.291017e-07,-0.0044958697
2.292017e-07,-0.0044922794
2.293017e-07,-0.0044721737
2.294017e-07,-0.0044427332
2.295017e-07,-0.0044190372
2.296017e-07,-0.0044118566
2.297017e-07,-0.0044240636
2.298017e-07,-0.0044477597
2.299017e-07,-0.0044671473
2.300017e-07,-0.0044693015
2.301017e-07,-0.0044491958
2.302017e-07,-0.0044140108
2.303017e-07,-0.00438098
2.304017e-07,-0.0043659007
2.305017e-07,-0.0043773897
2.306017e-07,-0.0044104205
2.307017e-07,-0.0044506319
2.308017e-07,-0.0044807904
2.309017e-07,-0.0044894072
2.310017e-07,-0.0044772001
2.311017e-07,-0.0044542222
2.312017e-07,-0.0044348346
2.313017e-07,-0.0044298081
2.314017e-07,-0.0044391429
2.315017e-07,-0.0044563764
2.316017e-07,-0.0044693015
2.317017e-07,-0.0044714557
2.318017e-07,-0.0044628389
2.319017e-07,-0.00445135
2.320017e-07,-0.0044463235
2.321017e-07,-0.0044535041
2.322017e-07,-0.0044707376
2.323017e-07,-0.0044901252
2.324017e-07,-0.0045037684
2.325017e-07,-0.0045059226
2.326017e-07,-0.004498742
2.327017e-07,-0.0044915614
2.328017e-07,-0.0044922794
2.329017e-07,-0.0045052045
2.330017e-07,-0.0045267463
2.331017e-07,-0.0045482881
2.332017e-07,-0.0045612132
2.333017e-07,-0.0045604952
2.334017e-07,-0.0045490062
2.335017e-07,-0.0045353631
2.336017e-07,-0.0045267463
2.337017e-07,-0.0045274644
2.338017e-07,-0.0045324908
2.339017e-07,-0.004534645
2.340017e-07,-0.0045267463
2.341017e-07,-0.0045073587
2.342017e-07,-0.0044829446
2.343017e-07,-0.004464275
2.344017e-07,-0.0044578125
2.345017e-07,-0.0044657112
2.346017e-07,-0.0044800724
2.347017e-07,-0.0044886891
2.348017e-07,-0.0044807904
2.349017e-07,-0.0044549403
2.350017e-07,-0.0044183192
2.351017e-07,-0.0043838523
2.352017e-07,-0.0043659007
2.353017e-07,-0.0043680549
2.354017e-07,-0.0043845703
2.355017e-07,-0.0044032399
2.356017e-07,-0.0044118566
2.357017e-07,-0.004403958
2.358017e-07,-0.0043824161
2.359017e-07,-0.0043587201
2.360017e-07,-0.0043429228
2.361017e-07,-0.0043400506
2.362017e-07,-0.0043472312
2.363017e-07,-0.0043544118
2.364017e-07,-0.0043544118
2.365017e-07,-0.0043436409
2.366017e-07,-0.0043278435
2.367017e-07,-0.0043170726
2.368017e-07,-0.0043199449
2.369017e-07,-0.0043386144
2.370017e-07,-0.0043666188
2.371017e-07,-0.0043903148
2.372017e-07,-0.0044003676
2.373017e-07,-0.004393187
2.374017e-07,-0.0043766716
2.375017e-07,-0.0043630285
2.376017e-07,-0.0043659007
2.377017e-07,-0.0043874426
2.378017e-07,-0.0044211914
2.379017e-07,-0.0044527861
2.380017e-07,-0.0044693015
2.381017e-07,-0.0044649931
2.382017e-07,-0.0044470416
2.383017e-07,-0.004427654
2.384017e-07,-0.0044233456
2.385017e-07,-0.004439861
2.386017e-07,-0.0044736098
2.387017e-07,-0.004510949
2.388017e-07,-0.0045382353
2.389017e-07,-0.004546134
2.390017e-07,-0.0045353631
2.391017e-07,-0.0045174115
2.392017e-07,-0.0045037684
2.393017e-07,-0.0045023323
2.394017e-07,-0.0045131032
2.395017e-07,-0.0045289005
2.396017e-07,-0.0045382353
2.397017e-07,-0.0045367992
2.398017e-07,-0.0045260283
2.399017e-07,-0.0045123851
2.400017e-07,-0.0045037684
2.401017e-07,-0.0045037684
2.402017e-07,-0.0045087948
2.403017e-07,-0.004510949
2.404017e-07,-0.0045037684
2.405017e-07,-0.0044858169
2.406017e-07,-0.004464275
2.407017e-07,-0.0044484777
2.408017e-07,-0.0044463235
2.409017e-07,-0.0044585306
2.410017e-07,-0.0044772001
2.411017e-07,-0.004487971
2.412017e-07,-0.0044807904
2.413017e-07,-0.0044535041
2.414017e-07,-0.0044140108
2.415017e-07,-0.0043766716
2.416017e-07,-0.0043544118
2.417017e-07,-0.0043522576
2.418017e-07,-0.0043637466
2.419017e-07,-0.0043766716
2.420017e-07,-0.0043773897
2.421017e-07,-0.0043615924
2.422017e-07,-0.0043350241
2.423017e-07,-0.0043091739
2.424017e-07,-0.0042969669
2.425017e-07,-0.0043019933
2.426017e-07,-0.0043185087
2.427017e-07,-0.0043321519
2.428017e-07,-0.0043314338
2.429017e-07,-0.0043106101
2.430017e-07,-0.0042768612
2.431017e-07,-0.0042445485
2.432017e-07,-0.0042280331
2.433017e-07,-0.0042344956
2.434017e-07,-0.0042596278
2.435017e-07,-0.0042890682
2.436017e-07,-0.0043084559
2.437017e-07,-0.0043077378
2.438017e-07,-0.0042883502
2.439017e-07,-0.0042610639
2.440017e-07,-0.0042395221
2.441017e-07,-0.0042330595
2.442017e-07,-0.0042402401
2.443017e-07,-0.0042538833
2.444017e-07,-0.0042625
2.445017e-07,-0.0042603458
2.446017e-07,-0.0042495749
2.447017e-07,-0.0042395221
2.448017e-07,-0.0042395221
2.449017e-07,-0.0042553194
2.450017e-07,-0.0042833238
2.451017e-07,-0.0043127642
2.452017e-07,-0.0043314338
2.453017e-07,-0.0043328699
2.454017e-07,-0.0043185087
2.455017e-07,-0.004298403
2.456017e-07,-0.0042854779
2.457017e-07,-0.0042869141
2.458017e-07,-0.0043041475
2.459017e-07,-0.0043292796
2.460017e-07,-0.0043544118
2.461017e-07,-0.0043723633
2.462017e-07,-0.0043831342
2.463017e-07,-0.0043903148
2.464017e-07,-0.0044003676
2.465017e-07,-0.0044140108
2.466017e-07,-0.0044290901
2.467017e-07,-0.0044377068
2.468017e-07,-0.0044348346
2.469017e-07,-0.0044204733
2.470017e-07,-0.0044018038
2.471017e-07,-0.0043881606
2.472017e-07,-0.0043888787
2.473017e-07,-0.0044053941
2.474017e-07,-0.0044312443
2.475017e-07,-0.0044556583
2.476017e-07,-0.0044693015
2.477017e-07,-0.0044678653
2.478017e-07,-0.0044578125
2.479017e-07,-0.0044477597
2.480017e-07,-0.0044463235
2.481017e-07,-0.0044563764
2.482017e-07,-0.0044721737
2.483017e-07,-0.0044829446
2.484017e-07,-0.0044807904
2.485017e-07,-0.0044649931
2.486017e-07,-0.0044434513
2.487017e-07,-0.0044298081
2.488017e-07,-0.0044348346
2.489017e-07,-0.0044599667
2.490017e-07,-0.0044973058
2.491017e-07,-0.0045317727
2.492017e-07,-0.0045497243
2.493017e-07,-0.0045446978
2.494017e-07,-0.004522438
2.495017e-07,-0.0044965878
2.496017e-07,-0.0044807904
2.497017e-07,-0.0044836627
2.498017e-07,-0.0045016142
2.499017e-07,-0.0045238741
2.500017e-07,-0.0045382353
2.501017e-07,-0.0045375172
2.502017e-07,-0.004523156
2.503017e-07,-0.0045044864
2.504017e-07,-0.0044922794
2.505017e-07,-0.0044915614
2.506017e-07,-0.00449946
2.507017e-07,-0.0045066406
2.508017e-07,-0.0045037684
2.509017e-07,-0.004487253
2.510017e-07,-0.0044628389
2.511017e-07,-0.0044412971
2.512017e-07,-0.0044348346
2.513017e-07,-0.0044491958
2.514017e-07,-0.0044800724
2.515017e-07,-0.0045145393
2.516017e-07,-0.0045382353
2.517017e-07,-0.0045425437
2.518017e-07,-0.0045281824
2.519017e-07,-0.0045037684
2.520017e-07,-0.0044807904
2.521017e-07,-0.0044685834
2.522017e-07,-0.0044678653
2.523017e-07,-0.0044743279
2.524017e-07,-0.0044807904
2.525017e-07,-0.0044815085
2.526017e-07,-0.0044764821
2.527017e-07,-0.0044707376
2.528017e-07,-0.0044693015
2.529017e-07,-0.0044736098
2.530017e-07,-0.0044793543
2.531017e-07,-0.0044800724
2.532017e-07,-0.0044693015
2.533017e-07,-0.0044470416
2.534017e-07,-0.0044197553
2.535017e-07,-0.0043974954
2.536017e-07,-0.0043888787
2.537017e-07,-0.0043953412
2.538017e-07,-0.0044104205
2.539017e-07,-0.0044226275
2.540017e-07,-0.0044233456
2.541017e-07,-0.0044082663
2.542017e-07,-0.0043824161
2.543017e-07,-0.004357284
2.544017e-07,-0.0043429228
2.545017e-07,-0.0043429228
2.546017e-07,-0.0043536937
2.547017e-07,-0.0043644646
2.548017e-07,-0.0043659007
2.549017e-07,-0.0043529756
2.550017e-07,-0.0043307158
2.551017e-07,-0.0043091739
2.552017e-07,-0.0042969669
2.553017e-07,-0.004298403
2.554017e-07,-0.0043091739
2.555017e-07,-0.0043192268
2.556017e-07,-0.0043199449
2.557017e-07,-0.0043084559
2.558017e-07,-0.0042897863
2.559017e-07,-0.0042754251
2.560017e-07,-0.004273989
2.561017e-07,-0.0042883502
2.562017e-07,-0.0043134823
2.563017e-07,-0.0043350241
2.564017e-07,-0.0043429228
2.565017e-07,-0.0043314338
2.566017e-07,-0.0043041475
2.567017e-07,-0.0042732709
2.568017e-07,-0.004251011
2.569017e-07,-0.0042438304
2.570017e-07,-0.004251011
2.571017e-07,-0.0042639361
2.572017e-07,-0.004273989
2.573017e-07,-0.0042768612
2.574017e-07,-0.004274707
2.575017e-07,-0.0042754251
2.576017e-07,-0.0042854779
2.577017e-07,-0.0043063017
2.578017e-07,-0.0043321519
2.579017e-07,-0.0043508215
2.580017e-07,-0.0043544118
2.581017e-07,-0.0043393325
2.582017e-07,-0.0043113281
2.583017e-07,-0.0042818876
2.584017e-07,-0.0042625
2.585017e-07,-0.0042581916
2.586017e-07,-0.0042646542
2.587017e-07,-0.0042725528
2.588017e-07,-0.004273989
2.589017e-07,-0.0042653722
2.590017e-07,-0.0042517291
2.591017e-07,-0.0042438304
2.592017e-07,-0.004251011
2.593017e-07,-0.0042754251
2.594017e-07,-0.0043091739
2.595017e-07,-0.0043393325
2.596017e-07,-0.0043544118
2.597017e-07,-0.0043486673
2.598017e-07,-0.0043285616
2.599017e-07,-0.0043070198
2.600017e-07,-0.0042969669
2.601017e-07,-0.0043055836
2.602017e-07,-0.0043299977
2.603017e-07,-0.0043580021
2.604017e-07,-0.0043773897
2.605017e-07,-0.0043802619
2.606017e-07,-0.0043680549
2.607017e-07,-0.0043522576
2.608017e-07,-0.0043429228
2.609017e-07,-0.0043493853
2.610017e-07,-0.0043702091
2.611017e-07,-0.0043982135
2.612017e-07,-0.0044233456
2.613017e-07,-0.0044391429
2.614017e-07,-0.0044441693
2.615017e-07,-0.0044448874
2.616017e-07,-0.0044463235
2.617017e-07,-0.004452068
2.618017e-07,-0.0044599667
2.619017e-07,-0.004463557
2.620017e-07,-0.0044578125
2.621017e-07,-0.0044434513
2.622017e-07,-0.0044262178
2.623017e-07,-0.0044176011
2.624017e-07,-0.0044233456
2.625017e-07,-0.0044448874
2.626017e-07,-0.0044736098
2.627017e-07,-0.0044973058
2.628017e-07,-0.0045037684
2.629017e-07,-0.0044894072
2.630017e-07,-0.0044606847
2.631017e-07,-0.0044305262
2.632017e-07,-0.0044118566
2.633017e-07,-0.0044104205
2.634017e-07,-0.0044247817
2.635017e-07,-0.0044441693
2.636017e-07,-0.0044578125
2.637017e-07,-0.0044599667
2.638017e-07,-0.004452068
2.639017e-07,-0.0044412971
2.640017e-07,-0.0044348346
2.641017e-07,-0.0044362707
2.642017e-07,-0.0044412971
2.643017e-07,-0.0044427332
2.644017e-07,-0.0044348346
2.645017e-07,-0.004416883
2.646017e-07,-0.0043960593
2.647017e-07,-0.0043838523
2.648017e-07,-0.0043888787
2.649017e-07,-0.0044125747
2.650017e-07,-0.0044463235
2.651017e-07,-0.0044772001
2.652017e-07,-0.0044922794
2.653017e-07,-0.0044886891
2.654017e-07,-0.0044714557
2.655017e-07,-0.0044535041
2.656017e-07,-0.0044463235
2.657017e-07,-0.0044542222
2.658017e-07,-0.0044721737
2.659017e-07,-0.0044886891
2.660017e-07,-0.0044922794
2.661017e-07,-0.0044793543
2.662017e-07,-0.0044563764
2.663017e-07,-0.0044333984
2.664017e-07,-0.0044233456
2.665017e-07,-0.0044305262
2.666017e-07,-0.0044506319
2.667017e-07,-0.0044707376
2.668017e-07,-0.0044807904
2.669017e-07,-0.004475046
2.670017e-07,-0.0044578125
2.671017e-07,-0.004440579
2.672017e-07,-0.0044348346
2.673017e-07,-0.0044456055
2.674017e-07,-0.0044685834
2.675017e-07,-0.0044922794
2.676017e-07,-0.0045037684
2.677017e-07,-0.0044980239
2.678017e-07,-0.0044772001
2.679017e-07,-0.0044527861
2.680017e-07,-0.0044348346
2.681017e-07,-0.0044290901
2.682017e-07,-0.0044333984
2.683017e-07,-0.0044377068
2.684017e-07,-0.0044348346
2.685017e-07,-0.0044204733
2.686017e-07,-0.0043996496
2.687017e-07,-0.0043816981
2.688017e-07,-0.0043773897
2.689017e-07,-0.0043888787
2.690017e-07,-0.0044111386
2.691017e-07,-0.0044341165
2.692017e-07,-0.0044463235
2.693017e-07,-0.0044448874
2.694017e-07,-0.0044348346
2.695017e-07,-0.0044247817
2.696017e-07,-0.0044233456
2.697017e-07,-0.0044333984
2.698017e-07,-0.0044484777
2.699017e-07,-0.0044592486
2.700017e-07,-0.0044578125
2.701017e-07,-0.0044441693
2.702017e-07,-0.0044269359
2.703017e-07,-0.0044204733
2.704017e-07,-0.0044348346
2.705017e-07,-0.0044707376
2.706017e-07,-0.0045181296
2.707017e-07,-0.0045604952
2.708017e-07,-0.0045841912
2.709017e-07,-0.0045834731
2.710017e-07,-0.0045662397
2.711017e-07,-0.004546134
2.712017e-07,-0.0045382353
2.713017e-07,-0.0045490062
2.714017e-07,-0.0045741383
2.715017e-07,-0.0046014246
2.716017e-07,-0.0046186581
2.717017e-07,-0.0046208123
2.718017e-07,-0.0046129136
2.719017e-07,-0.0046042969
2.720017e-07,-0.0046071691
2.721017e-07,-0.0046236845
2.722017e-07,-0.0046480986
2.723017e-07,-0.0046696404
2.724017e-07,-0.0046761029
2.725017e-07,-0.0046660501
2.726017e-07,-0.0046466625
2.727017e-07,-0.0046315832
2.728017e-07,-0.0046301471
2.729017e-07,-0.0046459444
2.730017e-07,-0.0046717946
2.731017e-07,-0.0046933364
2.732017e-07,-0.0046990809
2.733017e-07,-0.0046868739
2.734017e-07,-0.004664614
2.735017e-07,-0.0046459444
2.736017e-07,-0.004641636
2.737017e-07,-0.004653125
2.738017e-07,-0.0046710765
2.739017e-07,-0.0046789752
2.740017e-07,-0.004664614
2.741017e-07,-0.0046265568
2.742017e-07,-0.0045762925
2.743017e-07,-0.0045339269
2.744017e-07,-0.0045152574
2.745017e-07,-0.0045260283
2.746017e-07,-0.0045554687
2.747017e-07,-0.0045849092
2.748017e-07,-0.0045956801
2.749017e-07,-0.0045791648
2.750017e-07,-0.0045418256
2.751017e-07,-0.0045030503
2.752017e-07,-0.0044807904
2.753017e-07,-0.0044865349
2.754017e-07,-0.0045166935
2.755017e-07,-0.0045554687
2.756017e-07,-0.0045841912
2.757017e-07,-0.0045920898
2.758017e-07,-0.0045806009
2.759017e-07,-0.0045619313
2.760017e-07,-0.0045497243
2.761017e-07,-0.0045540326
2.762017e-07,-0.0045734203
2.763017e-07,-0.0045956801
2.764017e-07,-0.0046071691
2.765017e-07,-0.0046014246
2.766017e-07,-0.0045813189
2.767017e-07,-0.0045590591
2.768017e-07,-0.0045497243
2.769017e-07,-0.0045612132
2.770017e-07,-0.0045906537
2.771017e-07,-0.0046258387
2.772017e-07,-0.004653125
2.773017e-07,-0.0046624598
2.774017e-07,-0.0046567153
2.775017e-07,-0.0046452263
2.776017e-07,-0.004641636
2.777017e-07,-0.0046524069
2.778017e-07,-0.0046746668
2.779017e-07,-0.0046983628
2.780017e-07,-0.0047105699
2.781017e-07,-0.0047048254
2.782017e-07,-0.0046847197
2.783017e-07,-0.0046631778
2.784017e-07,-0.004653125
2.785017e-07,-0.0046631778
2.786017e-07,-0.0046919003
2.787017e-07,-0.0047278033
2.788017e-07,-0.0047565257
2.789017e-07,-0.0047687328
2.790017e-07,-0.0047651425
2.791017e-07,-0.0047529354
2.792017e-07,-0.0047450368
2.793017e-07,-0.0047486271
2.794017e-07,-0.0047651425
2.795017e-07,-0.0047859662
2.796017e-07,-0.0048024816
2.797017e-07,-0.0048082261
2.798017e-07,-0.0048053539
2.799017e-07,-0.0048003274
2.800017e-07,-0.0048024816
2.801017e-07,-0.0048161248
2.802017e-07,-0.0048362305
2.803017e-07,-0.0048549
2.804017e-07,-0.0048599265
2.805017e-07,-0.0048470014
2.806017e-07,-0.0048204331
2.807017e-07,-0.0047895565
2.808017e-07,-0.0047680147
2.809017e-07,-0.0047629883
2.810017e-07,-0.0047730411
2.811017e-07,-0.0047895565
2.812017e-07,-0.0048024816
2.813017e-07,-0.0048031997
2.814017e-07,-0.0047917107
2.815017e-07,-0.0047730411
2.816017e-07,-0.0047565257
2.817017e-07,-0.0047471909
2.818017e-07,-0.0047450368
2.819017e-07,-0.0047464729
2.820017e-07,-0.0047450368
2.821017e-07,-0.0047378562
2.822017e-07,-0.0047263672
2.823017e-07,-0.0047155963
2.824017e-07,-0.0047105699
2.825017e-07,-0.004712006
2.826017e-07,-0.0047163143
2.827017e-07,-0.0047177505
2.828017e-07,-0.0047105699
2.829017e-07,-0.0046969267
2.830017e-07,-0.0046818474
2.831017e-07,-0.0046732307
2.832017e-07,-0.0046761029
2.833017e-07,-0.0046875919
2.834017e-07,-0.0046990809
2.835017e-07,-0.0047012351
2.836017e-07,-0.0046875919
2.837017e-07,-0.0046624598
2.838017e-07,-0.0046358915
2.839017e-07,-0.0046222484
2.840017e-07,-0.0046301471
2.841017e-07,-0.0046574334
2.842017e-07,-0.0046926183
2.843017e-07,-0.0047184685
2.844017e-07,-0.0047220588
2.845017e-07,-0.0047019531
2.846017e-07,-0.0046689223
2.847017e-07,-0.0046394818
2.848017e-07,-0.0046301471
2.849017e-07,-0.0046459444
2.850017e-07,-0.0046789752
2.851017e-07,-0.0047134421
2.852017e-07,-0.0047335478
2.853017e-07,-0.0047313936
2.854017e-07,-0.0047105699
2.855017e-07,-0.0046840016
2.856017e-07,-0.004664614
2.857017e-07,-0.0046610237
2.858017e-07,-0.0046703585
2.859017e-07,-0.0046825655
2.860017e-07,-0.0046875919
2.861017e-07,-0.0046796932
2.862017e-07,-0.0046624598
2.863017e-07,-0.0046466625
2.864017e-07,-0.004641636
2.865017e-07,-0.0046509708
2.866017e-07,-0.0046674862
2.867017e-07,-0.0046796932
2.868017e-07,-0.0046761029
2.869017e-07,-0.0046538431
2.870017e-07,-0.0046193761
2.871017e-07,-0.0045877815
2.872017e-07,-0.0045727022
2.873017e-07,-0.0045798828
2.874017e-07,-0.0046035788
2.875017e-07,-0.004629429
2.876017e-07,-0.004641636
2.877017e-07,-0.0046330193
2.878017e-07,-0.004605733
2.879017e-07,-0.0045734203
2.880017e-07,-0.0045497243
2.881017e-07,-0.0045446978
2.882017e-07,-0.0045569049
2.883017e-07,-0.0045777286
2.884017e-07,-0.0045956801
2.885017e-07,-0.0046028608
2.886017e-07,-0.0045999885
2.887017e-07,-0.004594244
2.888017e-07,-0.0045956801
2.889017e-07,-0.0046086052
2.890017e-07,-0.0046287109
2.891017e-07,-0.0046473805
2.892017e-07,-0.004653125
2.893017e-07,-0.004641636
2.894017e-07,-0.0046165039
2.895017e-07,-0.0045899357
2.896017e-07,-0.0045727022
2.897017e-07,-0.0045734203
2.898017e-07,-0.0045906537
2.899017e-07,-0.0046165039
2.900017e-07,-0.004641636
2.901017e-07,-0.0046595875
2.902017e-07,-0.0046717946
2.903017e-07,-0.0046832835
2.904017e-07,-0.0046990809
2.905017e-07,-0.0047213408
2.906017e-07,-0.0047450368
2.907017e-07,-0.0047629883
2.908017e-07,-0.0047680147
2.909017e-07,-0.0047615522
2.910017e-07,-0.0047522174
2.911017e-07,-0.0047514993
2.912017e-07,-0.0047680147
2.913017e-07,-0.0048024816
2.914017e-07,-0.0048448472
2.915017e-07,-0.0048800322
2.916017e-07,-0.0048943934
2.917017e-07,-0.0048850586
2.918017e-07,-0.0048584903
2.919017e-07,-0.0048297679
2.920017e-07,-0.0048139706
2.921017e-07,-0.0048175609
2.922017e-07,-0.0048362305
2.923017e-07,-0.0048584903
2.924017e-07,-0.0048714154
2.925017e-07,-0.0048678251
2.926017e-07,-0.0048520278
2.927017e-07,-0.0048333582
2.928017e-07,-0.0048254596
2.929017e-07,-0.0048326402
2.930017e-07,-0.0048527459
2.931017e-07,-0.0048728516
2.932017e-07,-0.0048829044
2.933017e-07,-0.0048757238
2.934017e-07,-0.0048556181
2.935017e-07,-0.004831204
2.936017e-07,-0.0048139706
2.937017e-07,-0.0048103803
2.938017e-07,-0.004818997
2.939017e-07,-0.004830486
2.940017e-07,-0.0048369485
2.941017e-07,-0.0048333582
2.942017e-07,-0.0048233054
2.943017e-07,-0.0048139706
2.944017e-07,-0.0048139706
2.945017e-07,-0.0048240234
2.946017e-07,-0.0048398208
2.947017e-07,-0.0048505917
2.948017e-07,-0.0048484375
2.949017e-07,-0.0048319221
2.950017e-07,-0.0048082261
2.951017e-07,-0.0047874023
2.952017e-07,-0.0047795037
2.953017e-07,-0.0047859662
2.954017e-07,-0.0048003274
2.955017e-07,-0.0048125345
2.956017e-07,-0.0048139706
2.957017e-07,-0.0048031997
2.958017e-07,-0.0047888385
2.959017e-07,-0.0047816579
2.960017e-07,-0.0047909926
2.961017e-07,-0.0048161248
2.962017e-07,-0.0048470014
2.963017e-07,-0.0048692613
2.964017e-07,-0.0048714154
2.965017e-07,-0.0048527459
2.966017e-07,-0.0048225873
2.967017e-07,-0.0047981733
2.968017e-07,-0.0047909926
2.969017e-07,-0.0048053539
2.970017e-07,-0.004831204
2.971017e-07,-0.004854182
2.972017e-07,-0.0048599265
2.973017e-07,-0.0048448472
2.974017e-07,-0.0048161248
2.975017e-07,-0.0047902746
2.976017e-07,-0.0047795037
2.977017e-07,-0.0047888385
2.978017e-07,-0.0048089442
2.979017e-07,-0.0048261776
2.980017e-07,-0.0048254596
2.981017e-07,-0.0048039177
2.982017e-07,-0.0047701689
2.983017e-07,-0.0047414465
2.984017e-07,-0.0047335478
2.985017e-07,-0.0047507813
2.986017e-07,-0.0047859662
2.987017e-07,-0.0048204331
2.988017e-07,-0.0048369485
2.989017e-07,-0.0048283318
2.990017e-07,-0.0048010455
2.991017e-07,-0.004771605
2.992017e-07,-0.0047565257
2.993017e-07,-0.0047651425
2.994017e-07,-0.0047917107
2.995017e-07,-0.0048218693
2.996017e-07,-0.0048369485
2.997017e-07,-0.0048290499
2.998017e-07,-0.0048017636
2.999017e-07,-0.004771605
3.000017e-07,-0.0047565257
3.001017e-07,-0.0047680147
3.002017e-07,-0.0048031997
3.003017e-07,-0.0048477194
3.004017e-07,-0.0048829044
3.005017e-07,-0.0048951114
3.006017e-07,-0.0048829044
3.007017e-07,-0.0048584903
3.008017e-07,-0.0048369485
3.009017e-07,-0.0048326402
3.010017e-07,-0.0048491556
3.011017e-07,-0.004877878
3.012017e-07,-0.0049058824
3.013017e-07,-0.0049202436
3.014017e-07,-0.0049173713
3.015017e-07,-0.004901574
3.016017e-07,-0.0048829044
3.017017e-07,-0.0048699793
3.018017e-07,-0.0048671071
3.019017e-07,-0.0048692613
3.020017e-07,-0.0048714154
3.021017e-07,-0.0048678251
3.022017e-07,-0.0048592084
3.023017e-07,-0.0048505917
3.024017e-07,-0.0048484375
3.025017e-07,-0.0048556181
3.026017e-07,-0.0048685432
3.027017e-07,-0.0048807502
3.028017e-07,-0.0048829044
3.029017e-07,-0.0048728516
3.030017e-07,-0.0048534639
3.031017e-07,-0.0048347943
3.032017e-07,-0.0048254596
3.033017e-07,-0.0048297679
3.034017e-07,-0.0048455653
3.035017e-07,-0.0048627987
3.036017e-07,-0.0048714154
3.037017e-07,-0.004866389
3.038017e-07,-0.0048498736
3.039017e-07,-0.0048297679
3.040017e-07,-0.0048139706
3.041017e-07,-0.0048082261
3.042017e-07,-0.0048110983
3.043017e-07,-0.0048154067
3.044017e-07,-0.0048139706
3.045017e-07,-0.0048039177
3.046017e-07,-0.0047881204
3.047017e-07,-0.0047737592
3.048017e-07,-0.0047680147
3.049017e-07,-0.0047737592
3.050017e-07,-0.0047866843
3.051017e-07,-0.0047988913
3.052017e-07,-0.0048024816
3.053017e-07,-0.004795301
3.054017e-07,-0.0047802217
3.055017e-07,-0.0047651425
3.056017e-07,-0.0047565257
3.057017e-07,-0.0047558077
3.058017e-07,-0.0047586799
3.059017e-07,-0.0047572438
3.060017e-07,-0.0047450368
3.061017e-07,-0.0047227769
3.062017e-07,-0.0046976448
3.063017e-07,-0.0046796932
3.064017e-07,-0.0046761029
3.065017e-07,-0.0046875919
3.066017e-07,-0.0047062615
3.067017e-07,-0.0047213408
3.068017e-07,-0.0047220588
3.069017e-07,-0.0047076976
3.070017e-07,-0.0046854377
3.071017e-07,-0.0046682043
3.072017e-07,-0.004664614
3.073017e-07,-0.0046782571
3.074017e-07,-0.0047026712
3.075017e-07,-0.0047249311
3.076017e-07,-0.0047335478
3.077017e-07,-0.0047249311
3.078017e-07,-0.0047048254
3.079017e-07,-0.0046847197
3.080017e-07,-0.0046761029
3.081017e-07,-0.0046818474
3.082017e-07,-0.0046976448
3.083017e-07,-0.0047105699
3.084017e-07,-0.0047105699
3.085017e-07,-0.0046947725
3.086017e-07,-0.0046689223
3.087017e-07,-0.0046466625
3.088017e-07,-0.004641636
3.089017e-07,-0.0046581514
3.090017e-07,-0.0046904642
3.091017e-07,-0.004724213
3.092017e-07,-0.0047450368
3.093017e-07,-0.0047443187
3.094017e-07,-0.004724213
3.095017e-07,-0.0046969267
3.096017e-07,-0.0046761029
3.097017e-07,-0.0046717946
3.098017e-07,-0.0046840016
3.099017e-07,-0.0047048254
3.100017e-07,-0.0047220588
3.101017e-07,-0.0047270852
3.102017e-07,-0.0047206227
3.103017e-07,-0.0047076976
3.104017e-07,-0.0046990809
3.105017e-07,-0.0047012351
3.106017e-07,-0.0047141602
3.107017e-07,-0.0047313936
3.108017e-07,-0.0047450368
3.109017e-07,-0.0047486271
3.110017e-07,-0.0047414465
3.111017e-07,-0.0047306756
3.112017e-07,-0.0047220588
3.113017e-07,-0.0047206227
3.114017e-07,-0.0047256491
3.115017e-07,-0.0047313936
3.116017e-07,-0.0047335478
3.117017e-07,-0.0047306756
3.118017e-07,-0.0047270852
3.119017e-07,-0.0047299575
3.120017e-07,-0.0047450368
3.121017e-07,-0.0047730411
3.122017e-07,-0.00480679
3.123017e-07,-0.0048347943
3.124017e-07,-0.0048484375
3.125017e-07,-0.0048434111
3.126017e-07,-0.0048247415
3.127017e-07,-0.0048039177
3.128017e-07,-0.0047909926
3.129017e-07,-0.0047924288
3.130017e-07,-0.0048060719
3.131017e-07,-0.0048240234
3.132017e-07,-0.0048369485
3.133017e-07,-0.0048398208
3.134017e-07,-0.0048362305
3.135017e-07,-0.0048326402
3.136017e-07,-0.0048369485
3.137017e-07,-0.0048534639
3.138017e-07,-0.004877878
3.139017e-07,-0.004902292
3.140017e-07,-0.0049173713
3.141017e-07,-0.0049188074
3.142017e-07,-0.0049101907
3.143017e-07,-0.0048987017
3.144017e-07,-0.0048943934
3.145017e-07,-0.0049008559
3.146017e-07,-0.0049152171
3.147017e-07,-0.0049310145
3.148017e-07,-0.0049403493
3.149017e-07,-0.0049403493
3.150017e-07,-0.0049331687
3.151017e-07,-0.0049274242
3.152017e-07,-0.0049288603
3.153017e-07,-0.0049410673
3.154017e-07,-0.0049597369
3.155017e-07,-0.0049769704
3.156017e-07,-0.0049863051
3.157017e-07,-0.004984869
3.158017e-07,-0.0049769704
3.159017e-07,-0.0049712259
3.160017e-07,-0.0049748162
3.161017e-07,-0.0049884593
3.162017e-07,-0.0050064108
3.163017e-07,-0.005020054
3.164017e-07,-0.0050207721
3.165017e-07,-0.0050071289
3.166017e-07,-0.0049855871
3.167017e-07,-0.0049676356
3.168017e-07,-0.0049633272
3.169017e-07,-0.0049762523
3.170017e-07,-0.0050013844
3.171017e-07,-0.0050272346
3.172017e-07,-0.00504375
3.173017e-07,-0.0050459042
3.174017e-07,-0.0050380055
3.175017e-07,-0.0050293888
3.176017e-07,-0.005032261
3.177017e-07,-0.0050502125
3.178017e-07,-0.0050803711
3.179017e-07,-0.0051126838
3.180017e-07,-0.0051356618
3.181017e-07,-0.0051442785
3.182017e-07,-0.0051406882
3.183017e-07,-0.0051342256
3.184017e-07,-0.0051356618
3.185017e-07,-0.005150023
3.186017e-07,-0.0051765912
3.187017e-07,-0.0052053136
3.188017e-07,-0.0052275735
3.189017e-07,-0.0052361903
3.190017e-07,-0.0052318819
3.191017e-07,-0.0052225471
3.192017e-07,-0.0052160846
3.193017e-07,-0.0052182387
3.194017e-07,-0.0052268555
3.195017e-07,-0.0052361903
3.196017e-07,-0.0052390625
3.197017e-07,-0.0052304458
3.198017e-07,-0.0052132123
3.199017e-07,-0.0051938247
3.200017e-07,-0.0051816176
3.201017e-07,-0.0051808996
3.202017e-07,-0.0051895163
3.203017e-07,-0.0052002872
3.204017e-07,-0.0052045956
3.205017e-07,-0.005197415
3.206017e-07,-0.0051794635
3.207017e-07,-0.0051564855
3.208017e-07,-0.0051356618
3.209017e-07,-0.0051213006
3.210017e-07,-0.0051141199
3.211017e-07,-0.0051083755
3.212017e-07,-0.0051011949
3.213017e-07,-0.0050897059
3.214017e-07,-0.0050767808
3.215017e-07,-0.0050681641
3.216017e-07,-0.0050667279
3.217017e-07,-0.0050731905
3.218017e-07,-0.0050818072
3.219017e-07,-0.0050853975
3.220017e-07,-0.0050782169
3.221017e-07,-0.0050602654
3.222017e-07,-0.0050387236
3.223017e-07,-0.0050229262
3.224017e-07,-0.0050207721
3.225017e-07,-0.0050336972
3.226017e-07,-0.0050545209
3.227017e-07,-0.0050731905
3.228017e-07,-0.0050782169
3.229017e-07,-0.0050667279
3.230017e-07,-0.0050423139
3.231017e-07,-0.0050157456
3.232017e-07,-0.0049977941
3.233017e-07,-0.0049934858
3.234017e-07,-0.0050006664
3.235017e-07,-0.0050128734
3.236017e-07,-0.0050207721
3.237017e-07,-0.005020054
3.238017e-07,-0.0050121553
3.239017e-07,-0.0050028205
3.240017e-07,-0.0049977941
3.241017e-07,-0.0049992302
3.242017e-07,-0.0050035386
3.243017e-07,-0.0050042567
3.244017e-07,-0.0049977941
3.245017e-07,-0.0049827148
3.246017e-07,-0.0049647633
3.247017e-07,-0.0049525563
3.248017e-07,-0.0049518382
3.249017e-07,-0.0049626091
3.250017e-07,-0.0049784065
3.251017e-07,-0.0049884593
3.252017e-07,-0.0049863051
3.253017e-07,-0.0049705078
3.254017e-07,-0.0049482479
3.255017e-07,-0.0049310145
3.256017e-07,-0.0049288603
3.257017e-07,-0.0049425034
3.258017e-07,-0.0049647633
3.259017e-07,-0.0049834329
3.260017e-07,-0.0049863051
3.261017e-07,-0.0049697898
3.262017e-07,-0.0049410673
3.263017e-07,-0.0049116268
3.264017e-07,-0.0048943934
3.265017e-07,-0.0048965476
3.266017e-07,-0.0049144991
3.267017e-07,-0.004936759
3.268017e-07,-0.0049518382
3.269017e-07,-0.0049525563
3.270017e-07,-0.0049410673
3.271017e-07,-0.00492527
3.272017e-07,-0.0049173713
3.273017e-07,-0.0049223977
3.274017e-07,-0.004937477
3.275017e-07,-0.0049547105
3.276017e-07,-0.0049633272
3.277017e-07,-0.0049561466
3.278017e-07,-0.0049360409
3.279017e-07,-0.0049116268
3.280017e-07,-0.0048943934
3.281017e-07,-0.0048929573
3.282017e-07,-0.0049066004
3.283017e-07,-0.0049302964
3.284017e-07,-0.0049518382
3.285017e-07,-0.0049640453
3.286017e-07,-0.0049654814
3.287017e-07,-0.0049590188
3.288017e-07,-0.0049518382
3.289017e-07,-0.0049482479
3.290017e-07,-0.0049482479
3.291017e-07,-0.0049475299
3.292017e-07,-0.0049403493
3.293017e-07,-0.0049245519
3.294017e-07,-0.0049030101
3.295017e-07,-0.0048829044
3.296017e-07,-0.0048714154
3.297017e-07,-0.0048728516
3.298017e-07,-0.0048843405
3.299017e-07,-0.0048987017
3.300017e-07,-0.0049058824
3.301017e-07,-0.0049008559
3.302017e-07,-0.0048836225
3.303017e-07,-0.0048599265
3.304017e-07,-0.0048369485
3.305017e-07,-0.0048218693
3.306017e-07,-0.0048146886
3.307017e-07,-0.0048139706
3.308017e-07,-0.0048139706
3.309017e-07,-0.0048125345
3.310017e-07,-0.0048103803
3.311017e-07,-0.0048096622
3.312017e-07,-0.0048139706
3.313017e-07,-0.0048225873
3.314017e-07,-0.0048319221
3.315017e-07,-0.0048340763
3.316017e-07,-0.0048254596
3.317017e-07,-0.0048046358
3.318017e-07,-0.0047766314
3.319017e-07,-0.0047507813
3.320017e-07,-0.0047335478
3.321017e-07,-0.0047292394
3.322017e-07,-0.0047342659
3.323017e-07,-0.0047421645
3.324017e-07,-0.0047450368
3.325017e-07,-0.0047400103
3.326017e-07,-0.0047278033
3.327017e-07,-0.0047163143
3.328017e-07,-0.0047105699
3.329017e-07,-0.0047141602
3.330017e-07,-0.0047249311
3.331017e-07,-0.0047371381
3.332017e-07,-0.0047450368
3.333017e-07,-0.0047471909
3.334017e-07,-0.0047443187
3.335017e-07,-0.0047428826
3.336017e-07,-0.0047450368
3.337017e-07,-0.0047522174
3.338017e-07,-0.004759398
3.339017e-07,-0.0047622702
3.340017e-07,-0.0047565257
3.341017e-07,-0.0047436006
3.342017e-07,-0.0047306756
3.343017e-07,-0.0047249311
3.344017e-07,-0.0047335478
3.345017e-07,-0.0047550896
3.346017e-07,-0.004783812
3.347017e-07,-0.0048096622
3.348017e-07,-0.0048254596
3.349017e-07,-0.0048297679
3.350017e-07,-0.0048276137
3.351017e-07,-0.0048276137
3.352017e-07,-0.0048369485
3.353017e-07,-0.0048563362
3.354017e-07,-0.0048800322
3.355017e-07,-0.0048987017
3.356017e-07,-0.0049058824
3.357017e-07,-0.004901574
3.358017e-07,-0.0048929573
3.359017e-07,-0.0048915211
3.360017e-07,-0.0049058824
3.361017e-07,-0.004936759
3.362017e-07,-0.0049769704
3.363017e-07,-0.0050121553
3.364017e-07,-0.005032261
3.365017e-07,-0.005032261
3.366017e-07,-0.0050186179
3.367017e-07,-0.0050028205
3.368017e-07,-0.0049977941
3.369017e-07,-0.0050100011
3.370017e-07,-0.0050344152
3.371017e-07,-0.0050617015
3.372017e-07,-0.0050782169
3.373017e-07,-0.0050782169
3.374017e-07,-0.0050631376
3.375017e-07,-0.00504375
3.376017e-07,-0.005032261
3.377017e-07,-0.0050380055
3.378017e-07,-0.0050602654
3.379017e-07,-0.0050925781
3.380017e-07,-0.0051241728
3.381017e-07,-0.0051457146
3.382017e-07,-0.0051536133
3.383017e-07,-0.0051521772
3.384017e-07,-0.0051471507
3.385017e-07,-0.0051442785
3.386017e-07,-0.0051442785
3.387017e-07,-0.0051464327
3.388017e-07,-0.0051471507
3.389017e-07,-0.0051457146
3.390017e-07,-0.0051457146
3.391017e-07,-0.0051528952
3.392017e-07,-0.0051701287
3.393017e-07,-0.005197415
3.394017e-07,-0.0052282916
3.395017e-07,-0.0052519876
3.396017e-07,-0.0052620404
3.397017e-07,-0.0052548598
3.398017e-07,-0.0052369083
3.399017e-07,-0.0052168026
3.400017e-07,-0.0052045956
3.401017e-07,-0.0052045956
3.402017e-07,-0.0052139304
3.403017e-07,-0.0052247013
3.404017e-07,-0.0052275735
3.405017e-07,-0.0052189568
3.406017e-07,-0.0052002872
3.407017e-07,-0.0051816176
3.408017e-07,-0.0051701287
3.409017e-07,-0.0051708467
3.410017e-07,-0.0051823357
3.411017e-07,-0.0051959789
3.412017e-07,-0.0052045956
3.413017e-07,-0.0052024414
3.414017e-07,-0.0051902344
3.415017e-07,-0.0051730009
3.416017e-07,-0.0051586397
3.417017e-07,-0.005150023
3.418017e-07,-0.0051457146
3.419017e-07,-0.0051428424
3.420017e-07,-0.0051356618
3.421017e-07,-0.0051241728
3.422017e-07,-0.0051112477
3.423017e-07,-0.005102631
3.424017e-07,-0.0051011949
3.425017e-07,-0.0051069393
3.426017e-07,-0.0051141199
3.427017e-07,-0.0051134019
3.428017e-07,-0.0051011949
3.429017e-07,-0.0050782169
3.430017e-07,-0.0050516487
3.431017e-07,-0.0050336972
3.432017e-07,-0.005032261
3.433017e-07,-0.0050480584
3.434017e-07,-0.0050724724
3.435017e-07,-0.0050940142
3.436017e-07,-0.0051011949
3.437017e-07,-0.0050904239
3.438017e-07,-0.005067446
3.439017e-07,-0.0050444681
3.440017e-07,-0.005032261
3.441017e-07,-0.0050372875
3.442017e-07,-0.005055957
3.443017e-07,-0.0050774989
3.444017e-07,-0.0050897059
3.445017e-07,-0.0050868336
3.446017e-07,-0.0050696002
3.447017e-07,-0.0050480584
3.448017e-07,-0.005032261
3.449017e-07,-0.0050293888
3.450017e-07,-0.0050394416
3.451017e-07,-0.0050545209
3.452017e-07,-0.0050667279
3.453017e-07,-0.0050688821
3.454017e-07,-0.0050617015
3.455017e-07,-0.0050509306
3.456017e-07,-0.00504375
3.457017e-07,-0.0050451861
3.458017e-07,-0.005055239
3.459017e-07,-0.0050681641
3.460017e-07,-0.0050782169
3.461017e-07,-0.0050810892
3.462017e-07,-0.0050767808
3.463017e-07,-0.0050703182
3.464017e-07,-0.0050667279
3.465017e-07,-0.0050688821
3.466017e-07,-0.0050753447
3.467017e-07,-0.0050832433
3.468017e-07,-0.0050897059
3.469017e-07,-0.0050947323
3.470017e-07,-0.0051011949
3.471017e-07,-0.005114838
3.472017e-07,-0.0051356618
3.473017e-07,-0.0051607939
3.474017e-07,-0.0051808996
3.475017e-07,-0.0051895163
3.476017e-07,-0.0051816176
3.477017e-07,-0.0051615119
3.478017e-07,-0.0051399701
3.479017e-07,-0.0051284812
3.480017e-07,-0.0051356618
3.481017e-07,-0.0051586397
3.482017e-07,-0.0051880802
3.483017e-07,-0.0052103401
3.484017e-07,-0.0052160846
3.485017e-07,-0.0052045956
3.486017e-07,-0.005185926
3.487017e-07,-0.005174437
3.488017e-07,-0.0051816176
3.489017e-07,-0.005208904
3.490017e-07,-0.0052469612
3.491017e-07,-0.00528071
3.492017e-07,-0.0052965074
3.493017e-07,-0.0052886087
3.494017e-07,-0.0052634766
3.495017e-07,-0.0052347541
3.496017e-07,-0.0052160846
3.497017e-07,-0.0052153665
3.498017e-07,-0.0052297277
3.499017e-07,-0.0052491153
3.500017e-07,-0.0052620404
3.501017e-07,-0.0052620404
3.502017e-07,-0.0052527057
3.503017e-07,-0.0052419347
3.504017e-07,-0.0052390625
3.505017e-07,-0.0052476792
3.506017e-07,-0.0052627585
3.507017e-07,-0.0052742475
3.508017e-07,-0.0052735294
3.509017e-07,-0.0052577321
3.510017e-07,-0.0052311638
3.511017e-07,-0.0052067498
3.512017e-07,-0.0051931066
3.513017e-07,-0.0051938247
3.514017e-07,-0.0052031595
3.515017e-07,-0.0052103401
3.516017e-07,-0.0052045956
3.517017e-07,-0.0051837718
3.518017e-07,-0.0051550494
3.519017e-07,-0.0051313534
3.520017e-07,-0.0051241728
3.521017e-07,-0.0051378159
3.522017e-07,-0.0051658203
3.523017e-07,-0.0051923886
3.524017e-07,-0.0052045956
3.525017e-07,-0.0051938247
3.526017e-07,-0.0051643842
3.527017e-07,-0.0051291992
3.528017e-07,-0.0051011949
3.529017e-07,-0.0050897059
3.530017e-07,-0.0050940142
3.531017e-07,-0.0051047852
3.532017e-07,-0.0051126838
3.533017e-07,-0.0051112477
3.534017e-07,-0.005102631
3.535017e-07,-0.0050961684
3.536017e-07,-0.0051011949
3.537017e-07,-0.0051213006
3.538017e-07,-0.0051514591
3.539017e-07,-0.0051794635
3.540017e-07,-0.0051931066
3.541017e-07,-0.005185208
3.542017e-07,-0.0051593578
3.543017e-07,-0.005126327
3.544017e-07,-0.0051011949
3.545017e-07,-0.0050918601
3.546017e-07,-0.0050997587
3.547017e-07,-0.0051177102
3.548017e-07,-0.0051356618
3.549017e-07,-0.0051464327
3.550017e-07,-0.005150023
3.551017e-07,-0.0051521772
3.552017e-07,-0.0051586397
3.553017e-07,-0.0051730009
3.554017e-07,-0.0051909524
3.555017e-07,-0.0052045956
3.556017e-07,-0.0052045956
3.557017e-07,-0.0051887983
3.558017e-07,-0.0051607939
3.559017e-07,-0.0051320715
3.560017e-07,-0.0051126838
3.561017e-07,-0.0051083755
3.562017e-07,-0.0051169922
3.563017e-07,-0.0051291992
3.564017e-07,-0.0051356618
3.565017e-07,-0.0051313534
3.566017e-07,-0.0051205825
3.567017e-07,-0.0051105296
3.568017e-07,-0.0051126838
3.569017e-07,-0.0051299173
3.570017e-07,-0.0051586397
3.571017e-07,-0.0051873621
3.572017e-07,-0.0052045956
3.573017e-07,-0.0052024414
3.574017e-07,-0.0051837718
3.575017e-07,-0.0051572036
3.576017e-07,-0.0051356618
3.577017e-07,-0.005127045
3.578017e-07,-0.0051327895
3.579017e-07,-0.0051464327
3.580017e-07,-0.0051586397
3.581017e-07,-0.00516223
3.582017e-07,-0.0051579216
3.583017e-07,-0.005150023
3.584017e-07,-0.0051471507
3.585017e-07,-0.0051543313
3.586017e-07,-0.0051715648
3.587017e-07,-0.0051909524
3.588017e-07,-0.0052045956
3.589017e-07,-0.0052053136
3.590017e-07,-0.0051916705
3.591017e-07,-0.0051701287
3.592017e-07,-0.0051471507
3.593017e-07,-0.0051306353
3.594017e-07,-0.0051227367
3.595017e-07,-0.0051220186
3.596017e-07,-0.0051241728
3.597017e-07,-0.0051256089
3.598017e-07,-0.0051248909
3.599017e-07,-0.0051241728
3.600017e-07,-0.0051241728
3.601017e-07,-0.0051248909
3.602017e-07,-0.0051248909
3.603017e-07,-0.0051213006
3.604017e-07,-0.0051126838
3.605017e-07,-0.0051019129
3.606017e-07,-0.0050940142
3.607017e-07,-0.0050932962
3.608017e-07,-0.0051011949
3.609017e-07,-0.0051141199
3.610017e-07,-0.0051241728
3.611017e-07,-0.0051248909
3.612017e-07,-0.0051126838
3.613017e-07,-0.0050925781
3.614017e-07,-0.0050746266
3.615017e-07,-0.0050681641
3.616017e-07,-0.0050782169
3.617017e-07,-0.0051011949
3.618017e-07,-0.005126327
3.619017e-07,-0.0051399701
3.620017e-07,-0.0051356618
3.621017e-07,-0.0051141199
3.622017e-07,-0.0050846795
3.623017e-07,-0.0050624196
3.624017e-07,-0.005055239
3.625017e-07,-0.0050638557
3.626017e-07,-0.0050782169
3.627017e-07,-0.0050861156
3.628017e-07,-0.0050782169
3.629017e-07,-0.0050545209
3.630017e-07,-0.0050265165
3.631017e-07,-0.005007847
3.632017e-07,-0.0050092831
3.633017e-07,-0.005031543
3.634017e-07,-0.0050638557
3.635017e-07,-0.0050875517
3.636017e-07,-0.0050897059
3.637017e-07,-0.0050660099
3.638017e-07,-0.0050250804
3.639017e-07,-0.0049855871
3.640017e-07,-0.0049633272
3.641017e-07,-0.0049654814
3.642017e-07,-0.0049863051
3.643017e-07,-0.0050107192
3.644017e-07,-0.0050207721
3.645017e-07,-0.005008565
3.646017e-07,-0.0049776884
3.647017e-07,-0.0049417854
3.648017e-07,-0.0049173713
3.649017e-07,-0.0049144991
3.650017e-07,-0.0049324506
3.651017e-07,-0.0049618911
3.652017e-07,-0.0049863051
3.653017e-07,-0.004996358
3.654017e-07,-0.0049906135
3.655017e-07,-0.0049762523
3.656017e-07,-0.0049633272
3.657017e-07,-0.0049597369
3.658017e-07,-0.0049647633
3.659017e-07,-0.0049733801
3.660017e-07,-0.0049748162
3.661017e-07,-0.0049654814
3.662017e-07,-0.004948966
3.663017e-07,-0.0049331687
3.664017e-07,-0.0049288603
3.665017e-07,-0.0049417854
3.666017e-07,-0.0049683536
3.667017e-07,-0.0049992302
3.668017e-07,-0.0050207721
3.669017e-07,-0.0050265165
3.670017e-07,-0.0050164637
3.671017e-07,-0.0049992302
3.672017e-07,-0.0049863051
3.673017e-07,-0.0049855871
3.674017e-07,-0.0049970761
3.675017e-07,-0.0050157456
3.676017e-07,-0.005032261
3.677017e-07,-0.0050401597
3.678017e-07,-0.0050408778
3.679017e-07,-0.0050387236
3.680017e-07,-0.00504375
3.681017e-07,-0.0050595473
3.682017e-07,-0.0050853975
3.683017e-07,-0.0051141199
3.684017e-07,-0.0051356618
3.685017e-07,-0.0051449966
3.686017e-07,-0.0051421243
3.687017e-07,-0.0051327895
3.688017e-07,-0.0051241728
3.689017e-07,-0.0051213006
3.690017e-07,-0.0051248909
3.691017e-07,-0.0051313534
3.692017e-07,-0.0051356618
3.693017e-07,-0.0051363798
3.694017e-07,-0.0051363798
3.695017e-07,-0.0051421243
3.696017e-07,-0.0051586397
3.697017e-07,-0.005185208
3.698017e-07,-0.0052160846
3.699017e-07,-0.0052412167
3.700017e-07,-0.0052505515
3.701017e-07,-0.0052404986
3.702017e-07,-0.0052160846
3.703017e-07,-0.0051844899
3.704017e-07,-0.0051586397
3.705017e-07,-0.0051435604
3.706017e-07,-0.0051406882
3.707017e-07,-0.0051442785
3.708017e-07,-0.0051471507
3.709017e-07,-0.0051457146
3.710017e-07,-0.0051406882
3.711017e-07,-0.0051356618
3.712017e-07,-0.0051356618
3.713017e-07,-0.0051414062
3.714017e-07,-0.0051485869
3.715017e-07,-0.0051528952
3.716017e-07,-0.0051471507
3.717017e-07,-0.0051327895
3.718017e-07,-0.0051134019
3.719017e-07,-0.0050968865
3.720017e-07,-0.0050897059
3.721017e-07,-0.005091142
3.722017e-07,-0.0050947323
3.723017e-07,-0.0050925781
3.724017e-07,-0.0050782169
3.725017e-07,-0.0050523667
3.726017e-07,-0.0050236443
3.727017e-07,-0.0050021025
3.728017e-07,-0.0049977941
3.729017e-07,-0.0050121553
3.730017e-07,-0.0050387236
3.731017e-07,-0.0050645738
3.732017e-07,-0.0050782169
3.733017e-07,-0.0050753447
3.734017e-07,-0.0050602654
3.735017e-07,-0.0050423139
3.736017e-07,-0.005032261
3.737017e-07,-0.0050344152
3.738017e-07,-0.0050466222
3.739017e-07,-0.0050602654
3.740017e-07,-0.0050667279
3.741017e-07,-0.0050617015
3.742017e-07,-0.0050487764
3.743017e-07,-0.0050358513
3.744017e-07,-0.005032261
3.745017e-07,-0.0050408778
3.746017e-07,-0.0050588293
3.747017e-07,-0.0050782169
3.748017e-07,-0.0050897059
3.749017e-07,-0.0050904239
3.750017e-07,-0.0050839614
3.751017e-07,-0.0050774989
3.752017e-07,-0.0050782169
3.753017e-07,-0.0050889878
3.754017e-07,-0.0051055032
3.755017e-07,-0.0051198644
3.756017e-07,-0.0051241728
3.757017e-07,-0.0051169922
3.758017e-07,-0.005102631
3.759017e-07,-0.005091142
3.760017e-07,-0.0050897059
3.761017e-07,-0.0051011949
3.762017e-07,-0.0051198644
3.763017e-07,-0.0051378159
3.764017e-07,-0.0051471507
3.765017e-07,-0.0051449966
3.766017e-07,-0.0051370979
3.767017e-07,-0.0051313534
3.768017e-07,-0.0051356618
3.769017e-07,-0.005150023
3.770017e-07,-0.0051672564
3.771017e-07,-0.0051765912
3.772017e-07,-0.0051701287
3.773017e-07,-0.0051464327
3.774017e-07,-0.0051134019
3.775017e-07,-0.0050832433
3.776017e-07,-0.0050667279
3.777017e-07,-0.005067446
3.778017e-07,-0.0050782169
3.779017e-07,-0.0050897059
3.780017e-07,-0.0050897059
3.781017e-07,-0.0050760627
3.782017e-07,-0.005055239
3.783017e-07,-0.0050372875
3.784017e-07,-0.005032261
3.785017e-07,-0.0050423139
3.786017e-07,-0.0050617015
3.787017e-07,-0.0050767808
3.788017e-07,-0.0050782169
3.789017e-07,-0.0050617015
3.790017e-07,-0.0050344152
3.791017e-07,-0.0050092831
3.792017e-07,-0.0049977941
3.793017e-07,-0.0050035386
3.794017e-07,-0.0050214901
3.795017e-07,-0.0050387236
3.796017e-07,-0.00504375
3.797017e-07,-0.0050308249
3.798017e-07,-0.0050056928
3.799017e-07,-0.0049791245
3.800017e-07,-0.0049633272
3.801017e-07,-0.0049633272
3.802017e-07,-0.0049748162
3.803017e-07,-0.0049863051
3.804017e-07,-0.0049863051
3.805017e-07,-0.0049705078
3.806017e-07,-0.0049446576
3.807017e-07,-0.0049188074
3.808017e-07,-0.0049058824
3.809017e-07,-0.0049109088
3.810017e-07,-0.0049288603
3.811017e-07,-0.0049504021
3.812017e-07,-0.0049633272
3.813017e-07,-0.0049633272
3.814017e-07,-0.0049547105
3.815017e-07,-0.0049475299
3.816017e-07,-0.0049518382
3.817017e-07,-0.0049705078
3.818017e-07,-0.0049977941
3.819017e-07,-0.0050214901
3.820017e-07,-0.005032261
3.821017e-07,-0.0050257985
3.822017e-07,-0.0050100011
3.823017e-07,-0.004996358
3.824017e-07,-0.0049977941
3.825017e-07,-0.0050186179
3.826017e-07,-0.0050523667
3.827017e-07,-0.0050846795
3.828017e-07,-0.0051011949
3.829017e-07,-0.0050947323
3.830017e-07,-0.0050696002
3.831017e-07,-0.0050401597
3.832017e-07,-0.0050207721
3.833017e-07,-0.0050214901
3.834017e-07,-0.0050401597
3.835017e-07,-0.005067446
3.836017e-07,-0.0050897059
3.837017e-07,-0.0050983226
3.838017e-07,-0.0050940142
3.839017e-07,-0.0050839614
3.840017e-07,-0.0050782169
3.841017e-07,-0.0050832433
3.842017e-07,-0.0050983226
3.843017e-07,-0.005114838
3.844017e-07,-0.0051241728
3.845017e-07,-0.0051213006
3.846017e-07,-0.0051090935
3.847017e-07,-0.0050954504
3.848017e-07,-0.0050897059
3.849017e-07,-0.0050954504
3.850017e-07,-0.0051090935
3.851017e-07,-0.0051220186
3.852017e-07,-0.0051241728
3.853017e-07,-0.0051126838
3.854017e-07,-0.0050918601
3.855017e-07,-0.0050731905
3.856017e-07,-0.0050667279
3.857017e-07,-0.0050782169
3.858017e-07,-0.0051040671
3.859017e-07,-0.0051342256
3.860017e-07,-0.0051586397
3.861017e-07,-0.0051708467
3.862017e-07,-0.0051715648
3.863017e-07,-0.0051686926
3.864017e-07,-0.0051701287
3.865017e-07,-0.0051787454
3.866017e-07,-0.0051916705
3.867017e-07,-0.0052024414
3.868017e-07,-0.0052045956
3.869017e-07,-0.0051966969
3.870017e-07,-0.005185926
3.871017e-07,-0.0051816176
3.872017e-07,-0.0051931066
3.873017e-07,-0.0052203929
3.874017e-07,-0.005257014
3.875017e-07,-0.0052900448
3.876017e-07,-0.0053079963
3.877017e-07,-0.0053065602
3.878017e-07,-0.0052907629
3.879017e-07,-0.0052720933
3.880017e-07,-0.0052620404
3.881017e-07,-0.0052649127
3.882017e-07,-0.0052778378
3.883017e-07,-0.0052914809
3.884017e-07,-0.0052965074
3.885017e-07,-0.0052900448
3.886017e-07,-0.0052756836
3.887017e-07,-0.0052634766
3.888017e-07,-0.0052620404
3.889017e-07,-0.0052728114
3.890017e-07,-0.0052914809
3.891017e-07,-0.0053058421
3.892017e-07,-0.0053079963
3.893017e-07,-0.0052965074
3.894017e-07,-0.0052771197
3.895017e-07,-0.0052627585
3.896017e-07,-0.0052620404
3.897017e-07,-0.0052764017
3.898017e-07,-0.0052993796
3.899017e-07,-0.0053173311
3.900017e-07,-0.0053194853
3.901017e-07,-0.0053029699
3.902017e-07,-0.0052735294
3.903017e-07,-0.005244807
3.904017e-07,-0.0052275735
3.905017e-07,-0.0052239832
3.906017e-07,-0.0052275735
3.907017e-07,-0.0052247013
3.908017e-07,-0.0052045956
3.909017e-07,-0.0051643842
3.910017e-07,-0.0051112477
3.911017e-07,-0.0050588293
3.912017e-07,-0.0050207721
3.913017e-07,-0.0049992302
3.914017e-07,-0.004984869
3.915017e-07,-0.0049626091
3.916017e-07,-0.0049173713
3.917017e-07,-0.004842693
3.918017e-07,-0.0047471909
3.919017e-07,-0.0046473805
3.920017e-07,-0.0045612132
3.921017e-07,-0.004498742
3.922017e-07,-0.0044578125
3.923017e-07,-0.0044233456
3.924017e-07,-0.0043773897
3.925017e-07,-0.0043084559
3.926017e-07,-0.0042165441
3.927017e-07,-0.0041117073
3.928017e-07,-0.0040097426
3.929017e-07,-0.0039228573
3.930017e-07,-0.0038546415
3.931017e-07,-0.0037993509
3.932017e-07,-0.0037454963
3.933017e-07,-0.0036837431
3.934017e-07,-0.003611937
3.935017e-07,-0.0035343865
3.936017e-07,-0.0034582721
3.937017e-07,-0.0033900563
3.938017e-07,-0.0033311753
3.939017e-07,-0.0032751666
3.940017e-07,-0.0032170037
3.941017e-07,-0.0031538143
3.942017e-07,-0.0030877528
3.943017e-07,-0.0030259995
3.944017e-07,-0.0029757353
3.945017e-07,-0.0029383961
3.946017e-07,-0.0029089557
3.947017e-07,-0.0028787971
3.948017e-07,-0.0028378676
3.949017e-07,-0.0027840131
3.950017e-07,-0.0027222599
3.951017e-07,-0.0026633789
3.952017e-07,-0.0026195772
3.953017e-07,-0.0025958812
3.954017e-07,-0.0025908548
3.955017e-07,-0.0025951631
3.956017e-07,-0.0025965993
3.957017e-07,-0.0025894187
3.958017e-07,-0.0025736213
3.959017e-07,-0.0025542337
3.960017e-07,-0.0025391544
3.961017e-07,-0.0025312557
3.962017e-07,-0.0025276654
3.963017e-07,-0.0025212029
3.964017e-07,-0.0025046875
3.965017e-07,-0.0024774012
3.966017e-07,-0.0024436523
3.967017e-07,-0.0024149299
3.968017e-07,-0.0024012868
3.969017e-07,-0.0024070313
3.970017e-07,-0.0024292911
3.971017e-07,-0.0024580136
3.972017e-07,-0.0024817096
3.973017e-07,-0.0024946347
3.974017e-07,-0.0024967888
3.975017e-07,-0.0024939166
3.976017e-07,-0.0024931985
3.977017e-07,-0.002498225
3.978017e-07,-0.0025061236
3.979017e-07,-0.002510432
3.980017e-07,-0.0025046875
3.981017e-07,-0.002487454
3.982017e-07,-0.002463758
3.983017e-07,-0.0024436523
3.984017e-07,-0.0024357537
3.985017e-07,-0.0024429343
3.986017e-07,-0.0024594497
3.987017e-07,-0.0024759651
3.988017e-07,-0.0024817096
3.989017e-07,-0.0024723748
3.990017e-07,-0.002450833
3.991017e-07,-0.002427855
3.992017e-07,-0.0024127757
3.993017e-07,-0.0024113396
3.994017e-07,-0.0024206744
3.995017e-07,-0.0024321634
3.996017e-07,-0.0024357537
3.997017e-07,-0.0024271369
3.998017e-07,-0.0024077493
3.999017e-07,-0.0023883617
4.000017e-07,-0.0023783088
4.001017e-07,-0.0023847714
4.002017e-07,-0.0024055951
4.003017e-07,-0.0024343176
4.004017e-07,-0.0024587316
4.005017e-07,-0.0024716567
4.006017e-07,-0.0024723748
4.007017e-07,-0.0024659122
4.008017e-07,-0.0024587316
4.009017e-07,-0.0024572955
4.010017e-07,-0.0024616039
4.011017e-07,-0.0024680664
4.012017e-07,-0.0024702206
4.013017e-07,-0.0024659122
4.014017e-07,-0.0024558594
4.015017e-07,-0.0024472426
4.016017e-07,-0.0024472426
4.017017e-07,-0.0024587316
4.018017e-07,-0.0024802734
4.019017e-07,-0.0025061236
4.020017e-07,-0.0025276654
4.021017e-07,-0.0025405905
4.022017e-07,-0.0025434628
4.023017e-07,-0.0025420267
4.024017e-07,-0.0025391544
4.025017e-07,-0.0025384364
4.026017e-07,-0.0025391544
4.027017e-07,-0.0025370002
4.028017e-07,-0.0025276654
4.029017e-07,-0.0025118681
4.030017e-07,-0.0024946347
4.031017e-07,-0.0024824276
4.032017e-07,-0.0024817096
4.033017e-07,-0.0024939166
4.034017e-07,-0.0025147403
4.035017e-07,-0.0025362822
4.036017e-07,-0.0025506434
4.037017e-07,-0.0025542337
4.038017e-07,-0.0025492073
4.039017e-07,-0.0025420267
4.040017e-07,-0.0025391544
4.041017e-07,-0.0025427447
4.042017e-07,-0.0025499253
4.043017e-07,-0.0025542337
4.044017e-07,-0.0025506434
4.045017e-07,-0.0025377183
4.046017e-07,-0.0025204848
4.047017e-07,-0.0025068417
4.048017e-07,-0.0025046875
4.049017e-07,-0.0025161765
4.050017e-07,-0.0025370002
4.051017e-07,-0.0025592601
4.052017e-07,-0.0025736213
4.053017e-07,-0.0025757755
4.054017e-07,-0.0025671588
4.055017e-07,-0.0025563879
4.056017e-07,-0.0025506434
4.057017e-07,-0.0025535156
4.058017e-07,-0.0025635685
4.059017e-07,-0.0025729033
4.060017e-07,-0.0025736213
4.061017e-07,-0.0025621324
4.062017e-07,-0.0025413086
4.063017e-07,-0.0025183307
4.064017e-07,-0.0025046875
4.065017e-07,-0.0025061236
4.066017e-07,-0.0025240751
4.067017e-07,-0.0025535156
4.068017e-07,-0.0025851103
4.069017e-07,-0.0026116785
4.070017e-07,-0.0026303481
4.071017e-07,-0.0026389648
4.072017e-07,-0.0026425551
4.073017e-07,-0.0026425551
4.074017e-07,-0.002640401
4.075017e-07,-0.0026360926
4.076017e-07,-0.0026310662
4.077017e-07,-0.0026267578
4.078017e-07,-0.0026267578
4.079017e-07,-0.0026360926
4.080017e-07,-0.0026540441
4.081017e-07,-0.0026784582
4.082017e-07,-0.0027007181
4.083017e-07,-0.0027129251
4.084017e-07,-0.002711489
4.085017e-07,-0.0026971278
4.086017e-07,-0.002676304
4.087017e-07,-0.0026597886
4.088017e-07,-0.0026540441
4.089017e-07,-0.0026590705
4.090017e-07,-0.0026691234
4.091017e-07,-0.0026741498
4.092017e-07,-0.0026655331
4.093017e-07,-0.0026432732
4.094017e-07,-0.0026131147
4.095017e-07,-0.0025865464
4.096017e-07,-0.0025736213
4.097017e-07,-0.0025793658
4.098017e-07,-0.0025994715
4.099017e-07,-0.0026246036
4.100017e-07,-0.0026425551
4.101017e-07,-0.0026475816
4.102017e-07,-0.0026389648
4.103017e-07,-0.0026238856
4.104017e-07,-0.0026080882
4.105017e-07,-0.0025965993
4.106017e-07,-0.0025894187
4.107017e-07,-0.0025793658
4.108017e-07,-0.0025621324
4.109017e-07,-0.0025362822
4.110017e-07,-0.0025061236
4.111017e-07,-0.0024809915
4.112017e-07,-0.0024702206
4.113017e-07,-0.0024781193
4.114017e-07,-0.0025025333
4.115017e-07,-0.002534128
4.116017e-07,-0.0025621324
4.117017e-07,-0.0025779297
4.118017e-07,-0.0025779297
4.119017e-07,-0.0025671588
4.120017e-07,-0.0025506434
4.121017e-07,-0.0025334099
4.122017e-07,-0.0025176126
4.123017e-07,-0.0025010972
4.124017e-07,-0.0024817096
4.125017e-07,-0.0024587316
4.126017e-07,-0.0024364717
4.127017e-07,-0.0024192383
4.128017e-07,-0.0024127757
4.129017e-07,-0.0024185202
4.130017e-07,-0.0024328814
4.131017e-07,-0.0024486788
4.132017e-07,-0.0024587316
4.133017e-07,-0.0024601677
4.134017e-07,-0.0024544233
4.135017e-07,-0.0024479607
4.136017e-07,-0.0024472426
4.137017e-07,-0.0024544233
4.138017e-07,-0.0024666303
4.139017e-07,-0.0024781193
4.140017e-07,-0.0024817096
4.141017e-07,-0.0024738109
4.142017e-07,-0.0024572955
4.143017e-07,-0.0024379079
4.144017e-07,-0.0024242647
4.145017e-07,-0.0024213925
4.146017e-07,-0.0024285731
4.147017e-07,-0.0024429343
4.148017e-07,-0.0024587316
4.149017e-07,-0.0024723748
4.150017e-07,-0.0024824276
4.151017e-07,-0.0024924805
4.152017e-07,-0.0025046875
4.153017e-07,-0.0025190487
4.154017e-07,-0.0025319738
4.155017e-07,-0.0025398725
4.156017e-07,-0.0025391544
4.157017e-07,-0.0025298196
4.158017e-07,-0.0025161765
4.159017e-07,-0.0025061236
4.160017e-07,-0.0025046875
4.161017e-07,-0.0025140223
4.162017e-07,-0.0025291016
4.163017e-07,-0.0025434628
4.164017e-07,-0.0025506434
4.165017e-07,-0.0025477711
4.166017e-07,-0.0025384364
4.167017e-07,-0.0025298196
4.168017e-07,-0.0025276654
4.169017e-07,-0.002534128
4.170017e-07,-0.002546335
4.171017e-07,-0.002557824
4.172017e-07,-0.0025621324
4.173017e-07,-0.002557824
4.174017e-07,-0.0025492073
4.175017e-07,-0.0025441808
4.176017e-07,-0.0025506434
4.177017e-07,-0.0025721852
4.178017e-07,-0.0026044979
4.179017e-07,-0.0026389648
4.180017e-07,-0.0026655331
4.181017e-07,-0.0026784582
4.182017e-07,-0.0026784582
4.183017e-07,-0.0026712776
4.184017e-07,-0.0026655331
4.185017e-07,-0.0026676873
4.186017e-07,-0.0026791762
4.187017e-07,-0.0026956916
4.188017e-07,-0.002711489
4.189017e-07,-0.0027222599
4.190017e-07,-0.0027272863
4.191017e-07,-0.0027301585
4.192017e-07,-0.0027344669
4.193017e-07,-0.0027438017
4.194017e-07,-0.0027574449
4.195017e-07,-0.002771088
4.196017e-07,-0.0027804228
4.197017e-07,-0.002783295
4.198017e-07,-0.0027818589
4.199017e-07,-0.0027789867
4.200017e-07,-0.0027804228
4.201017e-07,-0.0027883215
4.202017e-07,-0.0028019646
4.203017e-07,-0.0028163258
4.204017e-07,-0.0028263787
4.205017e-07,-0.0028292509
4.206017e-07,-0.0028256606
4.207017e-07,-0.0028199161
4.208017e-07,-0.0028148897
4.209017e-07,-0.0028127355
4.210017e-07,-0.0028127355
4.211017e-07,-0.0028105813
4.212017e-07,-0.0028034007
4.213017e-07,-0.0027904756
4.214017e-07,-0.0027739602
4.215017e-07,-0.0027581629
4.216017e-07,-0.0027459559
4.217017e-07,-0.0027380572
4.218017e-07,-0.0027323127
4.219017e-07,-0.0027244141
4.220017e-07,-0.002711489
4.221017e-07,-0.0026956916
4.222017e-07,-0.0026813304
4.223017e-07,-0.0026734318
4.224017e-07,-0.0026770221
4.225017e-07,-0.0026899472
4.226017e-07,-0.0027071806
4.227017e-07,-0.0027193876
4.228017e-07,-0.0027229779
4.229017e-07,-0.0027157973
4.230017e-07,-0.0027028722
4.231017e-07,-0.0026921013
4.232017e-07,-0.002688511
4.233017e-07,-0.0026935375
4.234017e-07,-0.0027035903
4.235017e-07,-0.0027107709
4.236017e-07,-0.002711489
4.237017e-07,-0.0027043084
4.238017e-07,-0.0026956916
4.239017e-07,-0.0026921013
4.240017e-07,-0.0027
4.241017e-07,-0.0027193876
4.242017e-07,-0.0027452378
4.243017e-07,-0.0027682158
4.244017e-07,-0.0027804228
4.245017e-07,-0.0027804228
4.246017e-07,-0.0027732422
4.247017e-07,-0.0027667796
4.248017e-07,-0.0027689338
4.249017e-07,-0.002782577
4.250017e-07,-0.0028019646
4.251017e-07,-0.0028191981
4.252017e-07,-0.0028263787
4.253017e-07,-0.0028206342
4.254017e-07,-0.002806991
4.255017e-07,-0.0027940659
4.256017e-07,-0.0027919118
4.257017e-07,-0.0028048369
4.258017e-07,-0.002830687
4.259017e-07,-0.0028601275
4.260017e-07,-0.0028838235
4.261017e-07,-0.0028967486
4.262017e-07,-0.0028989028
4.263017e-07,-0.0028960306
4.264017e-07,-0.0028953125
4.265017e-07,-0.0028996209
4.266017e-07,-0.0029082376
4.267017e-07,-0.0029161363
4.268017e-07,-0.0029182904
4.269017e-07,-0.002912546
4.270017e-07,-0.0029024931
4.271017e-07,-0.0028945944
4.272017e-07,-0.0028953125
4.273017e-07,-0.0029060834
4.274017e-07,-0.0029233169
4.275017e-07,-0.0029376781
4.276017e-07,-0.0029412684
4.277017e-07,-0.0029312155
4.278017e-07,-0.0029103918
4.279017e-07,-0.0028881319
4.280017e-07,-0.0028723346
4.281017e-07,-0.0028687443
4.282017e-07,-0.0028752068
4.283017e-07,-0.0028866958
4.284017e-07,-0.0028953125
4.285017e-07,-0.0028974667
4.286017e-07,-0.0028938764
4.287017e-07,-0.0028910041
4.288017e-07,-0.0028953125
4.289017e-07,-0.0029096737
4.290017e-07,-0.0029304975
4.291017e-07,-0.0029513212
4.292017e-07,-0.0029642463
4.293017e-07,-0.0029664005
4.294017e-07,-0.002960656
4.295017e-07,-0.0029534754
4.296017e-07,-0.0029527574
4.297017e-07,-0.0029628102
4.298017e-07,-0.0029814798
4.299017e-07,-0.0030001494
4.300017e-07,-0.0030102022
4.301017e-07,-0.0030066119
4.302017e-07,-0.0029900965
4.303017e-07,-0.0029692727
4.304017e-07,-0.0029527574
4.305017e-07,-0.002948449
4.306017e-07,-0.0029585018
4.307017e-07,-0.0029778895
4.308017e-07,-0.0029987132
4.309017e-07,-0.0030130744
4.310017e-07,-0.0030188189
4.311017e-07,-0.0030159467
4.312017e-07,-0.0030102022
4.313017e-07,-0.0030058938
4.314017e-07,-0.0030051758
4.315017e-07,-0.00300733
4.316017e-07,-0.0030102022
4.317017e-07,-0.0030116383
4.318017e-07,-0.0030123564
4.319017e-07,-0.0030145106
4.320017e-07,-0.0030216912
4.321017e-07,-0.0030338982
4.322017e-07,-0.0030482594
4.323017e-07,-0.0030611845
4.324017e-07,-0.0030676471
4.325017e-07,-0.003066929
4.326017e-07,-0.0030626206
4.327017e-07,-0.0030604665
4.328017e-07,-0.0030676471
4.329017e-07,-0.0030863166
4.330017e-07,-0.0031136029
4.331017e-07,-0.0031408892
4.332017e-07,-0.0031595588
4.333017e-07,-0.0031631491
4.334017e-07,-0.0031523782
4.335017e-07,-0.0031322725
4.336017e-07,-0.0031136029
4.337017e-07,-0.0031049862
4.338017e-07,-0.0031121668
4.339017e-07,-0.0031322725
4.340017e-07,-0.0031595588
4.341017e-07,-0.0031861271
4.342017e-07,-0.0032055147
4.343017e-07,-0.0032148495
4.344017e-07,-0.0032170037
4.345017e-07,-0.0032155676
4.346017e-07,-0.0032141314
4.347017e-07,-0.0032148495
4.348017e-07,-0.0032170037
4.349017e-07,-0.0032191579
4.350017e-07,-0.0032198759
4.351017e-07,-0.0032191579
4.352017e-07,-0.0032170037
4.353017e-07,-0.0032162856
4.354017e-07,-0.0032177217
4.355017e-07,-0.0032220301
4.356017e-07,-0.0032284926
4.357017e-07,-0.0032349552
4.358017e-07,-0.0032392636
4.359017e-07,-0.0032414177
4.360017e-07,-0.0032399816
4.361017e-07,-0.0032371094
4.362017e-07,-0.003232801
4.363017e-07,-0.0032299288
4.364017e-07,-0.0032284926
4.365017e-07,-0.0032306468
4.366017e-07,-0.0032356733
4.367017e-07,-0.0032428539
4.368017e-07,-0.0032514706
4.369017e-07,-0.0032579331
4.370017e-07,-0.0032600873
4.371017e-07,-0.0032579331
4.372017e-07,-0.0032514706
4.373017e-07,-0.003245008
4.374017e-07,-0.0032414177
4.375017e-07,-0.0032435719
4.376017e-07,-0.0032514706
4.377017e-07,-0.0032615234
4.378017e-07,-0.0032672679
4.379017e-07,-0.0032651137
4.380017e-07,-0.0032514706
4.381017e-07,-0.0032284926
4.382017e-07,-0.0032033605
4.383017e-07,-0.0031818187
4.384017e-07,-0.0031710478
4.385017e-07,-0.003173202
4.386017e-07,-0.003185409
4.387017e-07,-0.0032026425
4.388017e-07,-0.0032170037
4.389017e-07,-0.0032249023
4.390017e-07,-0.0032256204
4.391017e-07,-0.0032220301
4.392017e-07,-0.0032170037
4.393017e-07,-0.0032148495
4.394017e-07,-0.0032148495
4.395017e-07,-0.0032170037
4.396017e-07,-0.0032170037
4.397017e-07,-0.0032126953
4.398017e-07,-0.0032047966
4.399017e-07,-0.0031933077
4.400017e-07,-0.0031825368
4.401017e-07,-0.00317392
4.402017e-07,-0.0031681756
4.403017e-07,-0.0031638672
4.404017e-07,-0.0031595588
4.405017e-07,-0.0031538143
4.406017e-07,-0.0031466337
4.407017e-07,-0.0031401712
4.408017e-07,-0.0031365809
4.409017e-07,-0.0031365809
4.410017e-07,-0.0031401712
4.411017e-07,-0.0031444795
4.412017e-07,-0.0031480699
4.413017e-07,-0.0031487879
4.414017e-07,-0.0031473518
4.415017e-07,-0.0031459157
4.416017e-07,-0.0031480699
4.417017e-07,-0.0031566866
4.418017e-07,-0.003173202
4.419017e-07,-0.0031947438
4.420017e-07,-0.0032170037
4.421017e-07,-0.0032356733
4.422017e-07,-0.0032471622
4.423017e-07,-0.0032478803
4.424017e-07,-0.0032399816
4.425017e-07,-0.0032249023
4.426017e-07,-0.0032076689
4.427017e-07,-0.0031925896
4.428017e-07,-0.0031825368
4.429017e-07,-0.0031811006
4.430017e-07,-0.0031875632
4.431017e-07,-0.0032012063
4.432017e-07,-0.0032170037
4.433017e-07,-0.0032313649
4.434017e-07,-0.0032399816
4.435017e-07,-0.0032428539
4.436017e-07,-0.0032399816
4.437017e-07,-0.0032363913
4.438017e-07,-0.0032371094
4.439017e-07,-0.0032457261
4.440017e-07,-0.0032629596
4.441017e-07,-0.0032852194
4.442017e-07,-0.0033074793
4.443017e-07,-0.0033239947
4.444017e-07,-0.0033318934
4.445017e-07,-0.0033318934
4.446017e-07,-0.0033290211
4.447017e-07,-0.003326867
4.448017e-07,-0.0033318934
4.449017e-07,-0.0033433824
4.450017e-07,-0.0033598977
4.451017e-07,-0.0033764131
4.452017e-07,-0.0033893382
4.453017e-07,-0.0033958008
4.454017e-07,-0.003397955
4.455017e-07,-0.003398673
4.456017e-07,-0.0034008272
4.457017e-07,-0.0034058536
4.458017e-07,-0.0034123162
4.459017e-07,-0.0034194968
4.460017e-07,-0.0034238051
4.461017e-07,-0.0034259593
4.462017e-07,-0.0034266774
4.463017e-07,-0.0034295496
4.464017e-07,-0.0034352941
4.465017e-07,-0.0034446289
4.466017e-07,-0.0034532456
4.467017e-07,-0.0034589901
4.468017e-07,-0.0034582721
4.469017e-07,-0.0034518095
4.470017e-07,-0.0034424747
4.471017e-07,-0.0034352941
4.472017e-07,-0.0034352941
4.473017e-07,-0.0034424747
4.474017e-07,-0.0034539637
4.475017e-07,-0.0034647346
4.476017e-07,-0.003469761
4.477017e-07,-0.0034676068
4.478017e-07,-0.0034589901
4.479017e-07,-0.0034503734
4.480017e-07,-0.0034467831
4.481017e-07,-0.0034510915
4.482017e-07,-0.0034632985
4.483017e-07,-0.0034790958
4.484017e-07,-0.003492739
4.485017e-07,-0.0035006376
4.486017e-07,-0.0035020738
4.487017e-07,-0.0034977654
4.488017e-07,-0.003492739
4.489017e-07,-0.0034891487
4.490017e-07,-0.0034891487
4.491017e-07,-0.0034913028
4.492017e-07,-0.003492739
4.493017e-07,-0.003492739
4.494017e-07,-0.0034920209
4.495017e-07,-0.0034905848
4.496017e-07,-0.003492739
4.497017e-07,-0.0034977654
4.498017e-07,-0.0035056641
4.499017e-07,-0.0035128447
4.500017e-07,-0.0035157169
4.501017e-07,-0.0035135627
4.502017e-07,-0.0035063821
4.503017e-07,-0.0034977654
4.504017e-07,-0.003492739
4.505017e-07,-0.003492739
4.506017e-07,-0.0034992015
4.507017e-07,-0.0035078182
4.508017e-07,-0.0035157169
4.509017e-07,-0.0035193072
4.510017e-07,-0.003517153
4.511017e-07,-0.0035106905
4.512017e-07,-0.0035042279
4.513017e-07,-0.0035006376
4.514017e-07,-0.0035020738
4.515017e-07,-0.0035078182
4.516017e-07,-0.0035157169
4.517017e-07,-0.0035228975
4.518017e-07,-0.0035257698
4.519017e-07,-0.0035228975
4.520017e-07,-0.0035157169
4.521017e-07,-0.003504946
4.522017e-07,-0.003493457
4.523017e-07,-0.0034848403
4.524017e-07,-0.00348125
4.525017e-07,-0.0034841222
4.526017e-07,-0.003493457
4.527017e-07,-0.0035056641
4.528017e-07,-0.0035157169
4.529017e-07,-0.0035193072
4.530017e-07,-0.0035142808
4.531017e-07,-0.0034999196
4.532017e-07,-0.00348125
4.533017e-07,-0.0034654527
4.534017e-07,-0.0034597082
4.535017e-07,-0.0034661707
4.536017e-07,-0.00348125
4.537017e-07,-0.0034970473
4.538017e-07,-0.0035035099
4.539017e-07,-0.0034948932
4.540017e-07,-0.003469761
4.541017e-07,-0.0034360122
4.542017e-07,-0.0034051356
4.543017e-07,-0.0033879021
4.544017e-07,-0.0033893382
4.545017e-07,-0.0034065717
4.546017e-07,-0.0034295496
4.547017e-07,-0.0034496553
4.548017e-07,-0.0034582721
4.549017e-07,-0.0034568359
4.550017e-07,-0.0034503734
4.551017e-07,-0.0034496553
4.552017e-07,-0.0034582721
4.553017e-07,-0.0034769416
4.554017e-07,-0.0034977654
4.555017e-07,-0.0035128447
4.556017e-07,-0.0035157169
4.557017e-07,-0.0035071002
4.558017e-07,-0.0034941751
4.559017e-07,-0.0034869945
4.560017e-07,-0.003492739
4.561017e-07,-0.0035121266
4.562017e-07,-0.0035394129
4.563017e-07,-0.0035623909
4.564017e-07,-0.0035731618
4.565017e-07,-0.0035702895
4.566017e-07,-0.0035588006
4.567017e-07,-0.0035494658
4.568017e-07,-0.0035501838
4.569017e-07,-0.0035631089
4.570017e-07,-0.0035832146
4.571017e-07,-0.0036004481
4.572017e-07,-0.0036076287
4.573017e-07,-0.0036018842
4.574017e-07,-0.0035889591
4.575017e-07,-0.0035796243
4.576017e-07,-0.0035846507
4.577017e-07,-0.0036061926
4.578017e-07,-0.0036406595
4.579017e-07,-0.0036751264
4.580017e-07,-0.0036995404
4.581017e-07,-0.003706721
4.582017e-07,-0.0036995404
4.583017e-07,-0.0036866153
4.584017e-07,-0.0036765625
4.585017e-07,-0.0036751264
4.586017e-07,-0.0036808709
4.587017e-07,-0.0036837431
4.588017e-07,-0.0036765625
4.589017e-07,-0.0036543026
4.590017e-07,-0.0036198357
4.591017e-07,-0.0035853688
4.592017e-07,-0.0035616728
4.593017e-07,-0.0035573644
4.594017e-07,-0.0035717256
4.595017e-07,-0.0035961397
4.596017e-07,-0.0036191176
4.597017e-07,-0.0036306066
4.598017e-07,-0.0036270163
4.599017e-07,-0.0036133732
4.600017e-07,-0.0035961397
4.601017e-07,-0.0035839327
4.602017e-07,-0.0035803424
4.603017e-07,-0.0035824966
4.604017e-07,-0.0035846507
4.605017e-07,-0.0035817785
4.606017e-07,-0.0035731618
4.607017e-07,-0.0035602367
4.608017e-07,-0.0035501838
4.609017e-07,-0.0035465935
4.610017e-07,-0.0035509019
4.611017e-07,-0.0035616728
4.612017e-07,-0.0035731618
4.613017e-07,-0.0035817785
4.614017e-07,-0.0035860869
4.615017e-07,-0.0035860869
4.616017e-07,-0.0035846507
4.617017e-07,-0.0035824966
4.618017e-07,-0.0035796243
4.619017e-07,-0.0035731618
4.620017e-07,-0.0035616728
4.621017e-07,-0.0035473116
4.622017e-07,-0.0035351045
4.623017e-07,-0.0035307962
4.624017e-07,-0.0035386949
4.625017e-07,-0.0035573644
4.626017e-07,-0.0035810604
4.627017e-07,-0.0036004481
4.628017e-07,-0.0036076287
4.629017e-07,-0.0035990119
4.630017e-07,-0.0035781882
