LECROYHDO6104B,11090,Waveform
Segments,1,SegmentSize,5002
Segment,TrigTime,TimeSinceSegment1
#1,04-May-2026 18:21:14,0                 
Time,Ampl
-3.706979e-08,0.00073951057
-3.696979e-08,0.0007280216
-3.686979e-08,0.00072299517
-3.676979e-08,0.00072371324
-3.666979e-08,0.00072658548
-3.656979e-08,0.00073017578
-3.646979e-08,0.00073304802
-3.636979e-08,0.00073520221
-3.626979e-08,0.00073520221
-3.616979e-08,0.00073232996
-3.606979e-08,0.00072514936
-3.596979e-08,0.00071222426
-3.586979e-08,0.00069427275
-3.576979e-08,0.00067488511
-3.566979e-08,0.00065621553
-3.556979e-08,0.00064329044
-3.546979e-08,0.00063754596
-3.536979e-08,0.00063826402
-3.526979e-08,0.00064113626
-3.516979e-08,0.00064329044
-3.506979e-08,0.00063970014
-3.496979e-08,0.00062964729
-3.486979e-08,0.00061456801
-3.476979e-08,0.00059733456
-3.466979e-08,0.00058153722
-3.456979e-08,0.00056861213
-3.446979e-08,0.00055927734
-3.436979e-08,0.00055137868
-3.426979e-08,0.00054419807
-3.416979e-08,0.00053558134
-3.406979e-08,0.00052624655
-3.396979e-08,0.00051691176
-3.386979e-08,0.0005090131
-3.376979e-08,0.00050326861
-3.366979e-08,0.00049896025
-3.356979e-08,0.00049393382
-3.346979e-08,0.00048675322
-3.336979e-08,0.00047598231
-3.326979e-08,0.00046305722
-3.316979e-08,0.00044797794
-3.306979e-08,0.00043361673
-3.296979e-08,0.00042069164
-3.286979e-08,0.00041063879
-3.276979e-08,0.00040202206
-3.266979e-08,0.00039412339
-3.256979e-08,0.00038622472
-3.246979e-08,0.000377608
-3.236979e-08,0.00036755515
-3.226979e-08,0.00035678424
-3.216979e-08,0.00034673139
-3.206979e-08,0.00033883272
-3.196979e-08,0.00033308824
-3.186979e-08,0.00033093405
-3.176979e-08,0.00033308824
-3.166979e-08,0.00033811466
-3.156979e-08,0.00034457721
-3.146979e-08,0.00035103975
-3.136979e-08,0.00035463006
-3.126979e-08,0.00035606618
-3.116979e-08,0.00035606618
-3.106979e-08,0.00035534812
-3.096979e-08,0.00035678424
-3.086979e-08,0.0003610926
-3.076979e-08,0.00036755515
-3.066979e-08,0.00037401769
-3.056979e-08,0.00037904412
-3.046979e-08,0.00038048024
-3.036979e-08,0.00037904412
-3.026979e-08,0.00037688994
-3.016979e-08,0.000377608
-3.006979e-08,0.00038191636
-2.996979e-08,0.00039053309
-2.986979e-08,0.00039914982
-2.976979e-08,0.00040274012
-2.966979e-08,0.00039699563
-2.956979e-08,0.00037904412
-2.946979e-08,0.00035247587
-2.936979e-08,0.00032303539
-2.926979e-08,0.00029933938
-2.916979e-08,0.00028713235
-2.906979e-08,0.00028785041
-2.896979e-08,0.00029862132
-2.886979e-08,0.00031298254
-2.876979e-08,0.00032159926
-2.866979e-08,0.00032016314
-2.856979e-08,0.00030795611
-2.846979e-08,0.00028713235
-2.836979e-08,0.00026415441
-2.826979e-08,0.00024404871
-2.816979e-08,0.00023112362
-2.806979e-08,0.00022322495
-2.796979e-08,0.00021819853
-2.786979e-08,0.00021245404
-2.776979e-08,0.00020311926
-2.766979e-08,0.0001894761
-2.756979e-08,0.00017224265
-2.746979e-08,0.00015429113
-2.736979e-08,0.00013633961
-2.726979e-08,0.00011982422
-2.716979e-08,0.00010330882
-2.706979e-08,8.6075368e-05
-2.696979e-08,6.8123851e-05
-2.686979e-08,5.0890395e-05
-2.676979e-08,3.4375e-05
-2.666979e-08,2.1449908e-05
-2.656979e-08,1.1397059e-05
-2.646979e-08,4.9345129e-06
-2.636979e-08,-9.1911765e-08
-2.626979e-08,-5.8363971e-06
-2.616979e-08,-1.3735064e-05
-2.606979e-08,-2.3787914e-05
-2.596979e-08,-3.4558824e-05
-2.586979e-08,-4.4611673e-05
-2.576979e-08,-5.1792279e-05
-2.566979e-08,-5.6100643e-05
-2.556979e-08,-5.7536765e-05
-2.546979e-08,-5.6818704e-05
-2.536979e-08,-5.5382583e-05
-2.526979e-08,-5.5382583e-05
-2.516979e-08,-5.7536765e-05
-2.506979e-08,-6.2563189e-05
-2.496979e-08,-7.0461857e-05
-2.486979e-08,-8.1232767e-05
-2.476979e-08,-9.2003676e-05
-2.466979e-08,-0.0001006204
-2.456979e-08,-0.00010492877
-2.446979e-08,-0.00010205653
-2.436979e-08,-9.2003676e-05
-2.426979e-08,-7.6924403e-05
-2.416979e-08,-5.8972886e-05
-2.406979e-08,-4.3893612e-05
-2.396979e-08,-3.4558824e-05
-2.386979e-08,-3.2404642e-05
-2.376979e-08,-3.8149127e-05
-2.366979e-08,-4.7483915e-05
-2.356979e-08,-5.7536765e-05
-2.346979e-08,-6.4717371e-05
-2.336979e-08,-6.6871553e-05
-2.326979e-08,-6.3999311e-05
-2.316979e-08,-5.7536765e-05
-2.306979e-08,-5.0356158e-05
-2.296979e-08,-4.5329733e-05
-2.286979e-08,-4.3893612e-05
-2.276979e-08,-4.6047794e-05
-2.266979e-08,-5.1792279e-05
-2.256979e-08,-6.0409007e-05
-2.246979e-08,-7.0461857e-05
-2.236979e-08,-8.0514706e-05
-2.226979e-08,-8.9131434e-05
-2.216979e-08,-9.631204e-05
-2.206979e-08,-0.00010133847
-2.196979e-08,-0.00010349265
-2.186979e-08,-0.00010421071
-2.176979e-08,-0.00010349265
-2.166979e-08,-0.00010349265
-2.156979e-08,-0.00010349265
-2.146979e-08,-0.00010421071
-2.136979e-08,-0.00010636489
-2.126979e-08,-0.00010995519
-2.116979e-08,-0.00011498162
-2.106979e-08,-0.00012216222
-2.096979e-08,-0.00013077895
-2.086979e-08,-0.0001408318
-2.076979e-08,-0.00014944853
-2.066979e-08,-0.00015519301
-2.056979e-08,-0.00015591108
-2.046979e-08,-0.00015375689
-2.036979e-08,-0.00014944853
-2.026979e-08,-0.00014801241
-2.016979e-08,-0.00015232077
-2.006979e-08,-0.00016524586
-1.996979e-08,-0.00018391544
-1.986979e-08,-0.00020545726
-1.976979e-08,-0.00022412684
-1.966979e-08,-0.00023633387
-1.956979e-08,-0.00024136029
-1.946979e-08,-0.00024136029
-1.936979e-08,-0.00024136029
-1.926979e-08,-0.00024423254
-1.916979e-08,-0.00025284926
-1.906979e-08,-0.0002650563
-1.896979e-08,-0.00027654527
-1.886979e-08,-0.00028444393
-1.876979e-08,-0.00028731618
-1.866979e-08,-0.00028731618
-1.856979e-08,-0.00028803424
-1.846979e-08,-0.00029521484
-1.836979e-08,-0.00031029412
-1.826979e-08,-0.00033111788
-1.816979e-08,-0.0003526597
-1.806979e-08,-0.00036989315
-1.796979e-08,-0.00037922794
-1.786979e-08,-0.00038210018
-1.776979e-08,-0.00038281824
-1.766979e-08,-0.00038784467
-1.756979e-08,-0.00040220588
-1.746979e-08,-0.00042446576
-1.736979e-08,-0.00045175207
-1.726979e-08,-0.00047616613
-1.716979e-08,-0.00049411765
-1.706979e-08,-0.0005041705
-1.696979e-08,-0.00050991498
-1.686979e-08,-0.00051637753
-1.676979e-08,-0.00052858456
-1.666979e-08,-0.00054581801
-1.656979e-08,-0.00056520565
-1.646979e-08,-0.00058028493
-1.636979e-08,-0.00058602941
-1.626979e-08,-0.00058172105
-1.616979e-08,-0.0005716682
-1.606979e-08,-0.00056305147
-1.596979e-08,-0.00056305147
-1.586979e-08,-0.00057454044
-1.576979e-08,-0.0005953642
-1.566979e-08,-0.00062049632
-1.556979e-08,-0.00064347426
-1.546979e-08,-0.00065998966
-1.536979e-08,-0.00067147863
-1.526979e-08,-0.0006793773
-1.516979e-08,-0.00068943015
-1.506979e-08,-0.00070235524
-1.496979e-08,-0.00071671645
-1.486979e-08,-0.00072892348
-1.476979e-08,-0.00073538603
-1.466979e-08,-0.00073682215
-1.456979e-08,-0.00073538603
-1.446979e-08,-0.00073754021
-1.436979e-08,-0.000746875
-1.426979e-08,-0.00076482652
-1.416979e-08,-0.00078636834
-1.406979e-08,-0.00080575597
-1.396979e-08,-0.00081580882
-1.386979e-08,-0.00081365464
-1.376979e-08,-0.00080288373
-1.366979e-08,-0.00078995864
-1.356979e-08,-0.00078134191
-1.346979e-08,-0.00078277803
-1.336979e-08,-0.000794267
-1.326979e-08,-0.0008107824
-1.316979e-08,-0.00082729779
-1.306979e-08,-0.0008380687
-1.296979e-08,-0.00084237707
-1.286979e-08,-0.00084165901
-1.276979e-08,-0.00083878676
-1.266979e-08,-0.00083663258
-1.256979e-08,-0.0008344784
-1.246979e-08,-0.00083232422
-1.236979e-08,-0.00082729779
-1.226979e-08,-0.00082011719
-1.216979e-08,-0.0008143727
-1.206979e-08,-0.00081150046
-1.196979e-08,-0.00081580882
-1.186979e-08,-0.00082586167
-1.176979e-08,-0.00083735064
-1.166979e-08,-0.00084668543
-1.156979e-08,-0.00085027574
-1.146979e-08,-0.00084812155
-1.136979e-08,-0.00084453125
-1.126979e-08,-0.00084381319
-1.116979e-08,-0.00085027574
-1.106979e-08,-0.00086248277
-1.096979e-08,-0.00087612592
-1.086979e-08,-0.00088474265
-1.076979e-08,-0.00088474265
-1.066979e-08,-0.00087684398
-1.056979e-08,-0.00086679113
-1.046979e-08,-0.00086320083
-1.036979e-08,-0.00087325368
-1.026979e-08,-0.00089766774
-1.016979e-08,-0.00093141659
-1.006979e-08,-0.00096444738
-9.969791e-09,-0.00098814338
-9.869791e-09,-0.00099819623
-9.769791e-09,-0.00099747817
-9.669791e-09,-0.00099101563
-9.569791e-09,-0.00098814338
-9.469791e-09,-0.00099245175
-9.369791e-09,-0.0010025046
-9.269791e-09,-0.0010147116
-9.169791e-09,-0.0010226103
-9.069791e-09,-0.0010240464
-8.969791e-09,-0.0010211742
-8.869791e-09,-0.0010183019
-8.769791e-09,-0.0010226103
-8.669791e-09,-0.0010355354
-8.569791e-09,-0.0010556411
-8.469791e-09,-0.0010764648
-8.369791e-09,-0.0010915441
-8.269791e-09,-0.0010980067
-8.169791e-09,-0.0010965705
-8.069791e-09,-0.0010929802
-7.969791e-09,-0.0010915441
-7.869791e-09,-0.0010951344
-7.769791e-09,-0.0011037511
-7.669791e-09,-0.0011116498
-7.569791e-09,-0.0011145221
-7.469791e-09,-0.0011109318
-7.369791e-09,-0.0011030331
-7.269791e-09,-0.0010951344
-7.169791e-09,-0.0010915441
-7.069791e-09,-0.0010944164
-6.969791e-09,-0.0011008789
-6.869791e-09,-0.0011051873
-6.769791e-09,-0.0011030331
-6.669791e-09,-0.0010922622
-6.569791e-09,-0.0010757468
-6.469791e-09,-0.0010585133
-6.369791e-09,-0.0010455882
-6.269791e-09,-0.0010376896
-6.169791e-09,-0.0010319451
-6.069791e-09,-0.0010211742
-5.969791e-09,-0.00099963235
-5.869791e-09,-0.00096660156
-5.769791e-09,-0.00092423598
-5.669791e-09,-0.00087971622
-5.569791e-09,-0.00083878676
-5.469791e-09,-0.00080288373
-5.369791e-09,-0.00076769876
-5.269791e-09,-0.00072461512
-5.169791e-09,-0.00066645221
-5.069791e-09,-0.00058961972
-4.969791e-09,-0.00049842601
-4.869791e-09,-0.00040220588
-4.769791e-09,-0.00031029412
-4.669791e-09,-0.00022915326
-4.569791e-09,-0.00015806526
-4.469791e-09,-8.9131434e-05
-4.369791e-09,-1.1580882e-05
-4.269791e-09,8.1767004e-05
-4.169791e-09,0.00019378447
-4.069791e-09,0.00031872702
-3.969791e-09,0.00044797794
-3.869791e-09,0.00057363856
-3.769791e-09,0.00069140051
-3.669791e-09,0.00080413603
-3.569791e-09,0.00091902574
-3.469791e-09,0.0010425322
-3.369791e-09,0.0011789637
-3.269791e-09,0.0013276023
-3.169791e-09,0.0014819853
-3.069791e-09,0.0016356503
-2.969791e-09,0.0017821347
-2.869791e-09,0.0019214384
-2.769791e-09,0.0020564338
-2.669791e-09,0.0021914292
-2.569791e-09,0.0023292969
-2.469791e-09,0.002472909
-2.369791e-09,0.0026193934
-2.269791e-09,0.0027658778
-2.169791e-09,0.0029087718
-2.069791e-09,0.0030473575
-1.969791e-09,0.0031823529
-1.869791e-09,0.0033159122
-1.769791e-09,0.0034494715
-1.669791e-09,0.0035823127
-1.569791e-09,0.0037108456
-1.469791e-09,0.0038321978
-1.369791e-09,0.0039434972
-1.269791e-09,0.0040447438
-1.169791e-09,0.0041359375
-1.069791e-09,0.0042213867
-9.697913e-10,0.0043046818
-8.697913e-10,0.0043865407
-7.697913e-10,0.0044691176
-6.697913e-10,0.0045495404
-5.697913e-10,0.0046256549
-4.697913e-10,0.0046953068
-3.697913e-10,0.0047563419
-2.697913e-10,0.0048094784
-1.697913e-10,0.0048561523
-6.97913e-11,0.004899236
3.02087e-11,0.0049401654
1.302087e-10,0.004981813
2.302087e-10,0.0050234605
3.302087e-10,0.0050643899
4.302087e-10,0.005101011
5.302087e-10,0.0051297335
6.302087e-10,0.0051491211
7.302087e-10,0.0051577378
8.302087e-10,0.0051584559
9.302087e-10,0.0051555836
1.030209e-09,0.0051548656
1.130209e-09,0.0051591739
1.230209e-09,0.0051699449
1.330209e-09,0.0051850241
1.430209e-09,0.0051993853
1.530209e-09,0.0052108743
1.630209e-09,0.0052159007
1.730209e-09,0.0052159007
1.830209e-09,0.0052137466
1.930209e-09,0.0052130285
2.030209e-09,0.0052159007
2.130209e-09,0.0052223633
2.230209e-09,0.0052302619
2.330209e-09,0.0052367245
2.430209e-09,0.0052388787
2.530209e-09,0.0052367245
2.630209e-09,0.0052324161
2.730209e-09,0.0052281078
2.830209e-09,0.0052273897
2.930209e-09,0.0052295439
3.030209e-09,0.0052338523
3.130209e-09,0.0052374426
3.230209e-09,0.0052388787
3.330209e-09,0.0052388787
3.430209e-09,0.0052374426
3.530209e-09,0.0052374426
3.630209e-09,0.0052388787
3.730209e-09,0.0052410329
3.830209e-09,0.005242469
3.930209e-09,0.0052410329
4.030209e-09,0.0052388787
4.130209e-09,0.0052381606
4.230209e-09,0.005242469
4.330209e-09,0.005254676
4.430209e-09,0.0052733456
4.530209e-09,0.0052948874
4.630209e-09,0.0053121209
4.730209e-09,0.0053207376
4.830209e-09,0.0053193015
4.930209e-09,0.0053106847
5.030209e-09,0.005302068
5.130209e-09,0.0052999138
5.230209e-09,0.0053078125
5.330209e-09,0.0053236098
5.430209e-09,0.0053401252
5.530209e-09,0.0053516142
5.630209e-09,0.0053537684
5.730209e-09,0.0053480239
5.830209e-09,0.0053415614
5.930209e-09,0.0053422794
6.030209e-09,0.0053537684
6.130209e-09,0.0053753102
6.230209e-09,0.0053997243
6.330209e-09,0.0054176758
6.430209e-09,0.0054227022
6.530209e-09,0.0054148035
6.630209e-09,0.0054004423
6.730209e-09,0.0053889534
6.830209e-09,0.0053882353
6.930209e-09,0.0054004423
7.030209e-09,0.0054212661
7.130209e-09,0.0054428079
7.230209e-09,0.0054571691
7.330209e-09,0.0054629136
7.430209e-09,0.0054621955
7.530209e-09,0.0054621955
7.630209e-09,0.0054686581
7.730209e-09,0.0054830193
7.830209e-09,0.0055002528
7.930209e-09,0.0055124598
8.030209e-09,0.005514614
8.130209e-09,0.0055045611
8.230209e-09,0.0054880457
8.330209e-09,0.0054736845
8.430209e-09,0.0054686581
8.530209e-09,0.0054751206
8.630209e-09,0.0054873277
8.730209e-09,0.0054959444
8.830209e-09,0.005491636
8.930209e-09,0.0054722484
9.030209e-09,0.0054413718
9.130209e-09,0.0054097771
9.230209e-09,0.0053882353
9.330209e-09,0.0053810547
9.430209e-09,0.0053867992
9.530209e-09,0.005396134
9.630209e-09,0.0053997243
9.730209e-09,0.0053903895
9.830209e-09,0.0053688477
9.930209e-09,0.0053422794
1.003021e-08,0.0053193015
1.013021e-08,0.0053063764
1.023021e-08,0.0053042222
1.033021e-08,0.0053070944
1.043021e-08,0.0053078125
1.053021e-08,0.0052999138
1.063021e-08,0.0052848346
1.073021e-08,0.0052654469
1.083021e-08,0.0052503676
1.093021e-08,0.0052439051
1.103021e-08,0.0052453412
1.113021e-08,0.0052496496
1.123021e-08,0.0052503676
1.133021e-08,0.005242469
1.143021e-08,0.0052245175
1.153021e-08,0.0052022576
1.163021e-08,0.0051814338
1.173021e-08,0.0051677907
1.183021e-08,0.0051634823
1.193021e-08,0.0051656365
1.203021e-08,0.0051699449
1.213021e-08,0.005172099
1.223021e-08,0.005171381
1.233021e-08,0.0051699449
1.243021e-08,0.0051699449
1.253021e-08,0.0051735352
1.263021e-08,0.0051785616
1.273021e-08,0.0051828699
1.283021e-08,0.0051814338
1.293021e-08,0.0051742532
1.303021e-08,0.0051627642
1.313021e-08,0.0051519933
1.323021e-08,0.0051469669
1.333021e-08,0.0051491211
1.343021e-08,0.0051570198
1.353021e-08,0.0051649184
1.363021e-08,0.0051699449
1.373021e-08,0.0051692268
1.383021e-08,0.0051642004
1.393021e-08,0.0051591739
1.403021e-08,0.0051584559
1.413021e-08,0.0051634823
1.423021e-08,0.005171381
1.433021e-08,0.0051792796
1.443021e-08,0.0051814338
1.453021e-08,0.0051778435
1.463021e-08,0.0051699449
1.473021e-08,0.0051627642
1.483021e-08,0.0051584559
1.493021e-08,0.0051577378
1.503021e-08,0.0051570198
1.513021e-08,0.0051505572
1.523021e-08,0.0051354779
1.533021e-08,0.0051125
1.543021e-08,0.005088804
1.553021e-08,0.0050708525
1.563021e-08,0.0050665441
1.573021e-08,0.0050758789
1.583021e-08,0.0050945485
1.593021e-08,0.0051139361
1.603021e-08,0.005123989
1.613021e-08,0.0051218348
1.623021e-08,0.0051089097
1.633021e-08,0.0050916762
1.643021e-08,0.0050780331
1.653021e-08,0.0050722886
1.663021e-08,0.0050737247
1.673021e-08,0.005077315
1.683021e-08,0.0050780331
1.693021e-08,0.0050715705
1.703021e-08,0.0050593635
1.713021e-08,0.0050442842
1.723021e-08,0.0050320772
1.733021e-08,0.0050248966
1.743021e-08,0.0050205882
1.753021e-08,0.0050169979
1.763021e-08,0.0050090993
1.773021e-08,0.0049968922
1.783021e-08,0.004982531
1.793021e-08,0.004970324
1.803021e-08,0.0049631434
1.813021e-08,0.0049609892
1.823021e-08,0.0049602711
1.833021e-08,0.0049545267
1.843021e-08,0.0049401654
1.853021e-08,0.0049171875
1.863021e-08,0.0048913373
1.873021e-08,0.0048705136
1.883021e-08,0.0048597426
1.893021e-08,0.0048604607
1.903021e-08,0.0048683594
1.913021e-08,0.0048741039
1.923021e-08,0.0048712316
1.933021e-08,0.0048568704
1.943021e-08,0.0048360466
1.953021e-08,0.0048152229
1.963021e-08,0.0048022978
1.973021e-08,0.0048001436
1.983021e-08,0.004804452
1.993021e-08,0.0048073242
2.003021e-08,0.0048022978
2.013021e-08,0.0047850643
2.023021e-08,0.0047584961
2.033021e-08,0.0047312098
2.043021e-08,0.004710386
2.053021e-08,0.0047017693
2.063021e-08,0.0047053596
2.073021e-08,0.0047139763
2.083021e-08,0.004721875
2.093021e-08,0.0047240292
2.103021e-08,0.0047204389
2.113021e-08,0.0047146944
2.123021e-08,0.004710386
2.133021e-08,0.004709668
2.143021e-08,0.004710386
2.153021e-08,0.0047082318
2.163021e-08,0.0046988971
2.173021e-08,0.0046823817
2.183021e-08,0.004662994
2.193021e-08,0.0046471967
2.203021e-08,0.0046414522
2.213021e-08,0.0046479148
2.223021e-08,0.0046637121
2.233021e-08,0.0046823817
2.243021e-08,0.0046988971
2.253021e-08,0.0047089499
2.263021e-08,0.0047146944
2.273021e-08,0.0047182847
2.283021e-08,0.004721875
2.293021e-08,0.0047240292
2.303021e-08,0.0047204389
2.313021e-08,0.0047053596
2.323021e-08,0.0046759191
2.333021e-08,0.0046371438
2.343021e-08,0.0045976505
2.353021e-08,0.0045703642
2.363021e-08,0.0045610294
2.373021e-08,0.0045703642
2.383021e-08,0.0045897518
2.393021e-08,0.0046055492
2.403021e-08,0.0046069853
2.413021e-08,0.0045890338
2.423021e-08,0.004556721
2.433021e-08,0.0045201
2.443021e-08,0.0044920956
2.453021e-08,0.0044777344
2.463021e-08,0.0044748621
2.473021e-08,0.0044755802
2.483021e-08,0.0044691176
2.493021e-08,0.0044504481
2.503021e-08,0.0044195715
2.513021e-08,0.0043843865
2.523021e-08,0.0043542279
2.533021e-08,0.0043341222
2.543021e-08,0.0043255055
2.553021e-08,0.0043226333
2.563021e-08,0.004319761
2.573021e-08,0.0043118624
2.583021e-08,0.0042989373
2.593021e-08,0.0042845761
2.603021e-08,0.0042738051
2.613021e-08,0.0042673426
2.623021e-08,0.0042623162
2.633021e-08,0.0042544175
2.643021e-08,0.0042393382
2.653021e-08,0.0042170784
2.663021e-08,0.0041933824
2.673021e-08,0.0041754308
2.683021e-08,0.0041704044
2.693021e-08,0.0041783031
2.703021e-08,0.0041926643
2.713021e-08,0.0042048713
2.723021e-08,0.0042048713
2.733021e-08,0.004189792
2.743021e-08,0.004165378
2.753021e-08,0.0041402459
2.763021e-08,0.0041244485
2.773021e-08,0.0041230124
2.783021e-08,0.0041323472
2.793021e-08,0.0041438362
2.803021e-08,0.0041474265
2.813021e-08,0.0041366556
2.823021e-08,0.0041143957
2.833021e-08,0.0040878274
2.843021e-08,0.0040670037
2.853021e-08,0.004059105
2.863021e-08,0.0040634134
2.873021e-08,0.0040727482
2.883021e-08,0.0040784926
2.893021e-08,0.0040741843
2.903021e-08,0.0040605411
2.913021e-08,0.0040433077
2.923021e-08,0.0040325368
2.933021e-08,0.0040346909
2.943021e-08,0.0040490522
2.953021e-08,0.004071312
2.963021e-08,0.0040899816
2.973021e-08,0.0040964442
2.983021e-08,0.0040863913
2.993021e-08,0.0040626953
3.003021e-08,0.0040325368
3.013021e-08,0.0040052505
3.023021e-08,0.0039858628
3.033021e-08,0.0039772461
3.043021e-08,0.0039750919
3.053021e-08,0.003976528
3.063021e-08,0.0039779642
3.073021e-08,0.0039772461
3.083021e-08,0.0039750919
3.093021e-08,0.0039715016
3.103021e-08,0.0039650391
3.113021e-08,0.0039557043
3.123021e-08,0.003940625
3.133021e-08,0.0039219554
3.143021e-08,0.0039032858
3.153021e-08,0.0038889246
3.163021e-08,0.0038831801
3.173021e-08,0.0038874885
3.183021e-08,0.0038989775
3.193021e-08,0.0039111845
3.203021e-08,0.0039176471
3.213021e-08,0.0039154929
3.223021e-08,0.0039040039
3.233021e-08,0.0038874885
3.243021e-08,0.0038716912
3.253021e-08,0.0038609203
3.263021e-08,0.0038551758
3.273021e-08,0.0038523035
3.283021e-08,0.0038487132
3.293021e-08,0.0038400965
3.303021e-08,0.0038264534
3.313021e-08,0.0038092199
3.323021e-08,0.0037912684
3.333021e-08,0.003775471
3.343021e-08,0.003763264
3.353021e-08,0.0037532112
3.363021e-08,0.0037453125
3.373021e-08,0.0037381319
3.383021e-08,0.0037331055
3.393021e-08,0.0037316693
3.403021e-08,0.0037338235
3.413021e-08,0.00373885
3.423021e-08,0.0037431583
3.433021e-08,0.0037424403
3.443021e-08,0.0037338235
3.453021e-08,0.0037173081
3.463021e-08,0.0036950483
3.473021e-08,0.0036727884
3.483021e-08,0.0036534007
3.493021e-08,0.0036390395
3.503021e-08,0.0036289867
3.513021e-08,0.0036189338
3.523021e-08,0.0036074449
3.533021e-08,0.0035923656
3.543021e-08,0.0035758502
3.553021e-08,0.003561489
3.563021e-08,0.00355
3.573021e-08,0.0035421013
3.583021e-08,0.0035342027
3.593021e-08,0.0035227137
3.603021e-08,0.0035040441
3.613021e-08,0.003478912
3.623021e-08,0.0034509076
3.633021e-08,0.0034272116
3.643021e-08,0.0034121324
3.653021e-08,0.003407824
3.663021e-08,0.0034106962
3.673021e-08,0.0034142865
3.683021e-08,0.0034121324
3.693021e-08,0.0034006434
3.703021e-08,0.0033819738
3.713021e-08,0.003360432
3.723021e-08,0.0033431985
3.733021e-08,0.0033352999
3.743021e-08,0.003336736
3.753021e-08,0.0033446347
3.763021e-08,0.0033546875
3.773021e-08,0.00336115
3.783021e-08,0.003360432
3.793021e-08,0.0033539694
3.803021e-08,0.0033431985
3.813021e-08,0.0033302734
3.823021e-08,0.0033180664
3.833021e-08,0.0033065774
3.843021e-08,0.0032972426
3.853021e-08,0.0032914982
3.863021e-08,0.003289344
3.873021e-08,0.0032914982
3.883021e-08,0.0032972426
3.893021e-08,0.0033022691
3.903021e-08,0.0033029871
3.913021e-08,0.0032979607
3.923021e-08,0.0032857537
3.933021e-08,0.0032713925
3.943021e-08,0.0032606216
3.953021e-08,0.0032577493
3.963021e-08,0.0032627757
3.973021e-08,0.0032713925
3.983021e-08,0.0032764189
3.993021e-08,0.0032706744
4.003021e-08,0.0032512868
4.013021e-08,0.0032225643
4.023021e-08,0.0031916877
4.033021e-08,0.0031694278
4.043021e-08,0.003159375
4.053021e-08,0.0031608111
4.063021e-08,0.0031651195
4.073021e-08,0.0031636834
4.083021e-08,0.003147886
4.093021e-08,0.0031191636
4.103021e-08,0.0030832606
4.113021e-08,0.0030516659
4.123021e-08,0.0030329963
4.133021e-08,0.003028688
4.143021e-08,0.0030337144
4.153021e-08,0.0030380227
4.163021e-08,0.0030329963
4.173021e-08,0.0030136087
4.183021e-08,0.0029834501
4.193021e-08,0.0029489832
4.203021e-08,0.0029181066
4.213021e-08,0.0028958467
4.223021e-08,0.0028800494
4.233021e-08,0.0028656882
4.243021e-08,0.0028491728
4.253021e-08,0.002828349
4.263021e-08,0.0028060892
4.273021e-08,0.0027881376
4.283021e-08,0.002780239
4.293021e-08,0.002780957
4.303021e-08,0.0027867015
4.313021e-08,0.0027881376
4.323021e-08,0.002780239
4.333021e-08,0.0027622875
4.343021e-08,0.0027393095
4.353021e-08,0.0027206399
4.363021e-08,0.0027113051
4.373021e-08,0.0027127413
4.383021e-08,0.0027192038
4.393021e-08,0.002721358
4.403021e-08,0.0027113051
4.413021e-08,0.0026883272
4.423021e-08,0.0026581687
4.433021e-08,0.0026323185
4.443021e-08,0.0026193934
4.453021e-08,0.0026229837
4.463021e-08,0.0026366268
4.473021e-08,0.0026509881
4.483021e-08,0.0026538603
4.493021e-08,0.0026402171
4.503021e-08,0.002614367
4.513021e-08,0.0025842084
4.523021e-08,0.0025619485
4.533021e-08,0.0025526137
4.543021e-08,0.002555486
4.553021e-08,0.0025619485
4.563021e-08,0.0025619485
4.573021e-08,0.0025497415
4.583021e-08,0.0025267636
4.593021e-08,0.0025009134
4.603021e-08,0.0024815257
4.613021e-08,0.0024743451
4.623021e-08,0.0024793716
4.633021e-08,0.0024887063
4.643021e-08,0.0024930147
4.653021e-08,0.0024865522
4.663021e-08,0.0024700368
4.673021e-08,0.0024499311
4.683021e-08,0.0024355699
4.693021e-08,0.0024348518
4.703021e-08,0.0024470588
4.713021e-08,0.0024657284
4.723021e-08,0.0024815257
4.733021e-08,0.0024865522
4.743021e-08,0.0024779354
4.753021e-08,0.0024621381
4.763021e-08,0.0024470588
4.773021e-08,0.0024413143
4.783021e-08,0.0024484949
4.793021e-08,0.0024642923
4.803021e-08,0.0024815257
4.813021e-08,0.0024908605
4.823021e-08,0.0024887063
4.833021e-08,0.0024757812
4.843021e-08,0.0024585478
4.853021e-08,0.0024449046
4.863021e-08,0.0024405963
4.873021e-08,0.0024463408
4.883021e-08,0.0024585478
4.893021e-08,0.0024714729
4.903021e-08,0.0024800896
4.913021e-08,0.0024829619
4.923021e-08,0.0024815257
4.933021e-08,0.0024786535
4.943021e-08,0.0024772174
4.953021e-08,0.0024786535
4.963021e-08,0.0024815257
4.973021e-08,0.0024822438
4.983021e-08,0.0024793716
4.993021e-08,0.0024714729
5.003021e-08,0.0024585478
5.013021e-08,0.0024427505
5.023021e-08,0.002425517
5.033021e-08,0.0024075655
5.043021e-08,0.002389614
5.053021e-08,0.0023716625
5.063021e-08,0.0023537109
5.073021e-08,0.0023364775
5.083021e-08,0.0023206801
5.093021e-08,0.0023063189
5.103021e-08,0.0022933938
5.113021e-08,0.0022790326
5.123021e-08,0.0022632353
5.133021e-08,0.0022452838
5.143021e-08,0.0022258961
5.153021e-08,0.0022086627
5.163021e-08,0.0021943015
5.173021e-08,0.0021842486
5.183021e-08,0.002177068
5.193021e-08,0.0021698874
5.203021e-08,0.0021598346
5.213021e-08,0.0021433192
5.223021e-08,0.0021196232
5.233021e-08,0.0020894646
5.243021e-08,0.0020564338
5.253021e-08,0.002022685
5.263021e-08,0.0019918084
5.273021e-08,0.0019645221
5.283021e-08,0.0019415441
5.293021e-08,0.0019243107
5.303021e-08,0.0019128217
5.313021e-08,0.0019070772
5.323021e-08,0.0019070772
5.333021e-08,0.0019099494
5.343021e-08,0.0019135398
5.353021e-08,0.0019135398
5.363021e-08,0.0019070772
5.373021e-08,0.001892716
5.383021e-08,0.0018726103
5.393021e-08,0.0018489143
5.403021e-08,0.0018266544
5.413021e-08,0.0018087029
5.423021e-08,0.001797932
5.433021e-08,0.0017929056
5.443021e-08,0.0017921875
5.453021e-08,0.0017936236
5.463021e-08,0.0017950597
5.473021e-08,0.0017943417
5.483021e-08,0.0017921875
5.493021e-08,0.0017885972
5.503021e-08,0.0017842888
5.513021e-08,0.0017814166
5.523021e-08,0.0017806985
5.533021e-08,0.0017821347
5.543021e-08,0.001785725
5.553021e-08,0.0017900333
5.563021e-08,0.0017921875
5.573021e-08,0.0017900333
5.583021e-08,0.0017828527
5.593021e-08,0.0017706457
5.603021e-08,0.0017577206
5.613021e-08,0.0017476677
5.623021e-08,0.0017433594
5.633021e-08,0.0017476677
5.643021e-08,0.0017577206
5.653021e-08,0.0017699276
5.663021e-08,0.0017799805
5.673021e-08,0.0017835708
5.683021e-08,0.0017806985
5.693021e-08,0.001774954
5.703021e-08,0.0017692096
5.713021e-08,0.0017677734
5.723021e-08,0.0017692096
5.733021e-08,0.0017713637
5.743021e-08,0.0017692096
5.753021e-08,0.0017605928
5.763021e-08,0.0017462316
5.773021e-08,0.0017318704
5.783021e-08,0.0017225356
5.793021e-08,0.0017239717
5.803021e-08,0.0017347426
5.813021e-08,0.0017476677
5.823021e-08,0.0017548483
5.833021e-08,0.0017469497
5.843021e-08,0.0017232537
5.853021e-08,0.0016895048
5.863021e-08,0.001655756
5.873021e-08,0.0016349322
5.883021e-08,0.0016313419
5.893021e-08,0.0016435489
5.903021e-08,0.0016629366
5.913021e-08,0.0016765797
5.923021e-08,0.0016772978
5.933021e-08,0.0016629366
5.943021e-08,0.0016406767
5.953021e-08,0.0016198529
5.963021e-08,0.001608364
5.973021e-08,0.0016076459
5.983021e-08,0.0016112362
5.993021e-08,0.0016105182
6.003021e-08,0.001596875
6.013021e-08,0.0015703068
6.023021e-08,0.001537276
6.033021e-08,0.0015078355
6.043021e-08,0.0014934743
6.053021e-08,0.0014956284
6.063021e-08,0.0015099897
6.073021e-08,0.0015243509
6.083021e-08,0.0015279412
6.093021e-08,0.0015150161
6.103021e-08,0.0014891659
6.113021e-08,0.0014590074
6.123021e-08,0.0014360294
6.133021e-08,0.0014259766
6.143021e-08,0.0014281307
6.153021e-08,0.0014353114
6.163021e-08,0.0014360294
6.173021e-08,0.0014245404
6.183021e-08,0.0014008444
6.193021e-08,0.001371404
6.203021e-08,0.0013441176
6.213021e-08,0.0013268842
6.223021e-08,0.0013204216
6.233021e-08,0.0013211397
6.243021e-08,0.0013211397
6.253021e-08,0.0013146772
6.263021e-08,0.0013003159
6.273021e-08,0.0012816464
6.283021e-08,0.0012636949
6.293021e-08,0.0012500517
6.303021e-08,0.0012407169
6.313021e-08,0.0012313821
6.323021e-08,0.001217739
6.333021e-08,0.0011961972
6.343021e-08,0.0011696289
6.353021e-08,0.0011437787
6.363021e-08,0.0011258272
6.373021e-08,0.0011208008
6.383021e-08,0.0011265453
6.393021e-08,0.0011387523
6.403021e-08,0.0011488051
6.413021e-08,0.0011502413
6.423021e-08,0.0011423426
6.433021e-08,0.0011279814
6.443021e-08,0.0011143382
6.453021e-08,0.0011071576
6.463021e-08,0.0011078757
6.473021e-08,0.0011157744
6.483021e-08,0.0011258272
6.493021e-08,0.0011337259
6.503021e-08,0.0011365981
6.513021e-08,0.0011373162
6.523021e-08,0.0011373162
6.533021e-08,0.0011394704
6.543021e-08,0.0011437787
6.553021e-08,0.0011480871
6.563021e-08,0.0011488051
6.573021e-08,0.0011444968
6.583021e-08,0.001135162
6.593021e-08,0.001123673
6.603021e-08,0.0011143382
6.613021e-08,0.0011093118
6.623021e-08,0.0011085937
6.633021e-08,0.001111466
6.643021e-08,0.0011143382
6.653021e-08,0.0011157744
6.663021e-08,0.0011157744
6.673021e-08,0.0011150563
6.683021e-08,0.0011143382
6.693021e-08,0.0011129021
6.703021e-08,0.0011078757
6.713021e-08,0.0010978228
6.723021e-08,0.0010798713
6.733021e-08,0.0010568934
6.743021e-08,0.0010346335
6.753021e-08,0.0010174
6.763021e-08,0.0010109375
6.773021e-08,0.0010138097
6.783021e-08,0.0010217084
6.793021e-08,0.0010267348
6.803021e-08,0.0010224265
6.813021e-08,0.0010066291
6.823021e-08,0.00098149701
6.833021e-08,0.00095421071
6.843021e-08,0.00093051471
6.853021e-08,0.00091615349
6.863021e-08,0.00091040901
6.873021e-08,0.00090897289
6.883021e-08,0.00090753676
6.893021e-08,0.00090107422
6.903021e-08,0.00088958525
6.913021e-08,0.00087522403
6.923021e-08,0.00086158088
6.933021e-08,0.00085152803
6.943021e-08,0.00084578355
6.953021e-08,0.00084219324
6.963021e-08,0.00083860294
6.973021e-08,0.00083285846
6.983021e-08,0.00082567785
6.993021e-08,0.0008192153
7.003021e-08,0.000815625
7.013021e-08,0.00081418888
7.023021e-08,0.00081418888
7.033021e-08,0.00081131664
7.043021e-08,0.00080413603
7.053021e-08,0.00079264706
7.063021e-08,0.00078044003
7.073021e-08,0.0007718233
7.083021e-08,0.00076966912
7.093021e-08,0.00077469554
7.103021e-08,0.00078403033
7.113021e-08,0.00079121094
7.123021e-08,0.00079264706
7.133021e-08,0.00078618451
7.143021e-08,0.0007754136
7.153021e-08,0.00076392463
7.163021e-08,0.00075818015
7.173021e-08,0.00076033433
7.183021e-08,0.00076751494
7.193021e-08,0.00077684972
7.203021e-08,0.00078115809
7.213021e-08,0.00077756778
7.223021e-08,0.00076679687
7.233021e-08,0.00075099954
7.243021e-08,0.00073520221
7.253021e-08,0.00072155905
7.263021e-08,0.00071078814
7.273021e-08,0.00070073529
7.283021e-08,0.00068924632
7.293021e-08,0.00067560317
7.303021e-08,0.00066196002
7.313021e-08,0.00065047105
7.323021e-08,0.00064329044
7.333021e-08,0.00064113626
7.343021e-08,0.00064113626
7.353021e-08,0.00063898208
7.363021e-08,0.00063180147
7.373021e-08,0.00061959444
7.383021e-08,0.00060451517
7.393021e-08,0.00059159007
7.403021e-08,0.00058584559
7.413021e-08,0.00058728171
7.423021e-08,0.00059374426
7.433021e-08,0.00059877068
7.443021e-08,0.00059733456
7.453021e-08,0.00058584559
7.463021e-08,0.00056717601
7.473021e-08,0.00054563419
7.483021e-08,0.00052840074
7.493021e-08,0.00051906595
7.503021e-08,0.00051834789
7.513021e-08,0.00052265625
7.523021e-08,0.00052840074
7.533021e-08,0.00053127298
7.543021e-08,0.00053127298
7.553021e-08,0.00052983686
7.563021e-08,0.00052840074
7.573021e-08,0.0005291188
7.583021e-08,0.00053127298
7.593021e-08,0.00053199104
7.603021e-08,0.00052840074
7.613021e-08,0.00051906595
7.623021e-08,0.00050542279
7.633021e-08,0.00049177964
7.643021e-08,0.00048244485
7.653021e-08,0.00047957261
7.663021e-08,0.00048316291
7.673021e-08,0.0004889074
7.683021e-08,0.00049393382
7.693021e-08,0.00049536994
7.703021e-08,0.0004924977
7.713021e-08,0.00048747128
7.723021e-08,0.00048244485
7.733021e-08,0.00047741843
7.743021e-08,0.00047167394
7.753021e-08,0.00046233915
7.763021e-08,0.00044797794
7.773021e-08,0.0004285903
7.783021e-08,0.00040920267
7.793021e-08,0.00039412339
7.803021e-08,0.00039053309
7.813021e-08,0.00039914982
7.823021e-08,0.00041638327
7.833021e-08,0.00043577091
7.843021e-08,0.00044797794
7.853021e-08,0.00044725988
7.863021e-08,0.00043146255
7.873021e-08,0.00040633042
7.883021e-08,0.00037904412
7.893021e-08,0.00035822036
7.903021e-08,0.00035032169
7.913021e-08,0.00035463006
7.923021e-08,0.00036755515
7.933021e-08,0.0003811983
7.943021e-08,0.00038909697
7.953021e-08,0.0003847886
7.963021e-08,0.00036755515
7.973021e-08,0.00034026884
7.983021e-08,0.00030795611
7.993021e-08,0.00027636144
8.003021e-08,0.00025266544
8.013021e-08,0.00023974035
8.023021e-08,0.00023974035
8.033021e-08,0.00024907514
8.043021e-08,0.00026415441
8.053021e-08,0.00027851562
8.063021e-08,0.00028713235
8.073021e-08,0.00028569623
8.083021e-08,0.00027564338
8.093021e-08,0.00025984605
8.103021e-08,0.00024333065
8.113021e-08,0.00023255974
8.123021e-08,0.0002296875
8.133021e-08,0.00023399586
8.143021e-08,0.00024045841
8.153021e-08,0.00024404871
8.163021e-08,0.00024117647
8.173021e-08,0.00023040556
8.183021e-08,0.00021389017
8.193021e-08,0.00019665671
8.203021e-08,0.00018373162
8.213021e-08,0.00017655101
8.223021e-08,0.00017367877
8.233021e-08,0.00017367877
8.243021e-08,0.00017224265
8.253021e-08,0.00016793428
8.263021e-08,0.00016147174
8.273021e-08,0.00015429113
8.283021e-08,0.00014926471
8.293021e-08,0.0001456744
8.303021e-08,0.00014136604
8.313021e-08,0.00013203125
8.323021e-08,0.00011479779
8.333021e-08,8.894761e-05
8.343021e-08,5.8789063e-05
8.353021e-08,3.0784697e-05
8.363021e-08,1.1397059e-05
8.373021e-08,4.9345129e-06
8.383021e-08,9.9609375e-06
8.393021e-08,2.2886029e-05
8.403021e-08,3.4375e-05
8.413021e-08,3.8683364e-05
8.423021e-08,3.2938879e-05
8.433021e-08,1.8577665e-05
8.443021e-08,-9.1911765e-08
8.453021e-08,-1.6607307e-05
8.463021e-08,-2.7378217e-05
8.473021e-08,-3.2404642e-05
8.483021e-08,-3.4558824e-05
8.493021e-08,-3.9585248e-05
8.503021e-08,-5.1074219e-05
8.513021e-08,-6.9743796e-05
8.523021e-08,-9.2003676e-05
8.533021e-08,-0.00011282744
8.543021e-08,-0.00012647059
8.553021e-08,-0.00013077895
8.563021e-08,-0.00012647059
8.573021e-08,-0.0001171358
8.583021e-08,-0.00010780101
8.593021e-08,-0.00010277459
8.603021e-08,-0.00010349265
8.613021e-08,-0.00010851907
8.623021e-08,-0.0001135455
8.633021e-08,-0.00011641774
8.643021e-08,-0.00011498162
8.653021e-08,-0.00011067325
8.663021e-08,-0.00010636489
8.673021e-08,-0.00010708295
8.683021e-08,-0.00011498162
8.693021e-08,-0.00013006089
8.703021e-08,-0.00014944853
8.713021e-08,-0.00016883617
8.723021e-08,-0.00018391544
8.733021e-08,-0.00019181411
8.743021e-08,-0.00019181411
8.753021e-08,-0.00018822381
8.763021e-08,-0.00018391544
8.773021e-08,-0.00018391544
8.783021e-08,-0.00018965993
8.793021e-08,-0.00020258502
8.803021e-08,-0.00021838235
8.813021e-08,-0.00023489775
8.823021e-08,-0.00024925896
8.833021e-08,-0.00025859375
8.843021e-08,-0.00026433824
8.853021e-08,-0.00026721048
8.863021e-08,-0.0002686466
8.873021e-08,-0.00027151884
8.883021e-08,-0.00027582721
8.893021e-08,-0.00028157169
8.903021e-08,-0.0002887523
8.913021e-08,-0.00029449678
8.923021e-08,-0.00029880515
8.933021e-08,-0.00030024127
8.943021e-08,-0.00029880515
8.953021e-08,-0.00029449678
8.963021e-08,-0.00028731618
8.973021e-08,-0.00027869945
8.983021e-08,-0.00027151884
8.993021e-08,-0.00026577436
9.003021e-08,-0.00026433824
9.013021e-08,-0.00026792854
9.023021e-08,-0.00027654527
9.033021e-08,-0.00028803424
9.043021e-08,-0.00029880515
9.053021e-08,-0.00030526769
9.063021e-08,-0.00030526769
9.073021e-08,-0.00029880515
9.083021e-08,-0.00028731618
9.093021e-08,-0.00027510915
9.103021e-08,-0.00026721048
9.113021e-08,-0.00026649242
9.123021e-08,-0.00027582721
9.133021e-08,-0.0002923426
9.143021e-08,-0.00031316636
9.153021e-08,-0.00033183594
9.163021e-08,-0.00034476103
9.173021e-08,-0.00034978745
9.183021e-08,-0.00034691521
9.193021e-08,-0.00034045267
9.203021e-08,-0.00033327206
9.213021e-08,-0.00032968176
9.223021e-08,-0.00033039982
9.233021e-08,-0.00033686236
9.243021e-08,-0.00034476103
9.253021e-08,-0.0003526597
9.263021e-08,-0.00035912224
9.273021e-08,-0.00036343061
9.283021e-08,-0.00036773897
9.293021e-08,-0.00037420152
9.303021e-08,-0.00038569049
9.313021e-08,-0.00040292394
9.323021e-08,-0.00042518382
9.333021e-08,-0.00044887983
9.343021e-08,-0.00047042165
9.353021e-08,-0.00048621898
9.363021e-08,-0.00049411765
9.373021e-08,-0.00049339959
9.383021e-08,-0.00048550092
9.393021e-08,-0.00047329389
9.403021e-08,-0.00045965074
9.413021e-08,-0.00044816176
9.423021e-08,-0.0004402631
9.433021e-08,-0.00043595473
9.443021e-08,-0.00043667279
9.453021e-08,-0.0004402631
9.463021e-08,-0.00044600758
9.473021e-08,-0.00045247013
9.483021e-08,-0.00045965074
9.493021e-08,-0.00046611328
9.503021e-08,-0.00047257583
9.513021e-08,-0.00047760225
9.523021e-08,-0.00048262868
9.533021e-08,-0.00048693704
9.543021e-08,-0.00048980928
9.553021e-08,-0.00049268153
9.563021e-08,-0.00049411765
9.573021e-08,-0.00049483571
9.583021e-08,-0.00049411765
9.593021e-08,-0.00049411765
9.603021e-08,-0.00049411765
9.613021e-08,-0.00049555377
9.623021e-08,-0.00049842601
9.633021e-08,-0.00050201631
9.643021e-08,-0.00050560662
9.653021e-08,-0.0005077608
9.663021e-08,-0.00050632468
9.673021e-08,-0.00050129825
9.683021e-08,-0.00049411765
9.693021e-08,-0.00048621898
9.703021e-08,-0.00048191062
9.713021e-08,-0.00048334674
9.723021e-08,-0.00049411765
9.733021e-08,-0.00051278722
9.743021e-08,-0.00053576517
9.753021e-08,-0.00055802505
9.763021e-08,-0.00057454044
9.773021e-08,-0.00058100299
9.783021e-08,-0.00057669462
9.793021e-08,-0.00056448759
9.803021e-08,-0.0005515625
9.813021e-08,-0.00054366383
9.823021e-08,-0.00054509995
9.833021e-08,-0.00055658892
9.843021e-08,-0.00057454044
9.853021e-08,-0.0005917739
9.863021e-08,-0.00060326287
9.873021e-08,-0.00060469899
9.883021e-08,-0.00059751838
9.893021e-08,-0.00058746553
9.903021e-08,-0.00058100299
9.913021e-08,-0.00058387523
9.923021e-08,-0.00059751838
9.933021e-08,-0.0006190602
9.943021e-08,-0.00064203814
9.953021e-08,-0.0006592716
9.963021e-08,-0.00066645221
9.973021e-08,-0.00066357996
9.983021e-08,-0.00065424517
9.993021e-08,-0.00064634651
1.000302e-07,-0.00064347426
1.001302e-07,-0.00064921875
1.002302e-07,-0.00066142578
1.003302e-07,-0.00067650506
1.004302e-07,-0.00068943015
1.005302e-07,-0.00069804688
1.006302e-07,-0.0007030733
1.007302e-07,-0.0007066636
1.008302e-07,-0.00071240809
1.009302e-07,-0.00072174288
1.010302e-07,-0.00073394991
1.011302e-07,-0.00074759306
1.012302e-07,-0.00075836397
1.013302e-07,-0.00076410846
1.014302e-07,-0.00076482652
1.015302e-07,-0.00076267233
1.016302e-07,-0.00075836397
1.017302e-07,-0.00075549173
1.018302e-07,-0.00075405561
1.019302e-07,-0.00075549173
1.020302e-07,-0.00075836397
1.021302e-07,-0.0007633904
1.022302e-07,-0.000770571
1.023302e-07,-0.00078062385
1.024302e-07,-0.00079283088
1.025302e-07,-0.00080647403
1.026302e-07,-0.00081796301
1.027302e-07,-0.00082514361
1.028302e-07,-0.00082729779
1.029302e-07,-0.00082586167
1.030302e-07,-0.00082514361
1.031302e-07,-0.00082801585
1.032302e-07,-0.00083878676
1.033302e-07,-0.00085673828
1.034302e-07,-0.00087899816
1.035302e-07,-0.00090053998
1.036302e-07,-0.00091920956
1.037302e-07,-0.00093285271
1.038302e-07,-0.0009421875
1.039302e-07,-0.00095224035
1.040302e-07,-0.00096516544
1.041302e-07,-0.00098168084
1.042302e-07,-0.00099963235
1.043302e-07,-0.0010147116
1.044302e-07,-0.0010226103
1.045302e-07,-0.0010226103
1.046302e-07,-0.0010175839
1.047302e-07,-0.0010118394
1.048302e-07,-0.0010111213
1.049302e-07,-0.00101902
1.050302e-07,-0.0010348173
1.051302e-07,-0.0010527688
1.052302e-07,-0.0010685662
1.053302e-07,-0.0010757468
1.054302e-07,-0.0010743107
1.055302e-07,-0.0010656939
1.056302e-07,-0.0010570772
1.057302e-07,-0.0010534869
1.058302e-07,-0.0010585133
1.059302e-07,-0.0010728745
1.060302e-07,-0.0010915441
1.061302e-07,-0.0011109318
1.062302e-07,-0.001125293
1.063302e-07,-0.0011346278
1.064302e-07,-0.0011375
1.065302e-07,-0.0011375
1.066302e-07,-0.0011367819
1.067302e-07,-0.0011367819
1.068302e-07,-0.0011375
1.069302e-07,-0.0011389361
1.070302e-07,-0.0011396542
1.071302e-07,-0.0011389361
1.072302e-07,-0.0011375
1.073302e-07,-0.0011367819
1.074302e-07,-0.0011382181
1.075302e-07,-0.0011425264
1.076302e-07,-0.001148989
1.077302e-07,-0.0011576057
1.078302e-07,-0.0011676585
1.079302e-07,-0.0011762753
1.080302e-07,-0.0011834559
1.081302e-07,-0.0011884823
1.082302e-07,-0.0011913545
1.083302e-07,-0.0011927907
1.084302e-07,-0.0011949449
1.085302e-07,-0.0011978171
1.086302e-07,-0.0012035616
1.087302e-07,-0.0012100241
1.088302e-07,-0.0012179228
1.089302e-07,-0.0012243853
1.090302e-07,-0.0012279756
1.091302e-07,-0.0012294118
1.092302e-07,-0.0012294118
1.093302e-07,-0.0012315659
1.094302e-07,-0.0012373104
1.095302e-07,-0.0012487994
1.096302e-07,-0.0012638787
1.097302e-07,-0.001278958
1.098302e-07,-0.0012890108
1.099302e-07,-0.001291883
1.100302e-07,-0.0012868566
1.101302e-07,-0.0012775218
1.102302e-07,-0.0012703412
1.103302e-07,-0.001268187
1.104302e-07,-0.0012753676
1.105302e-07,-0.0012890108
1.106302e-07,-0.0013048081
1.107302e-07,-0.0013170152
1.108302e-07,-0.0013213235
1.109302e-07,-0.0013184513
1.110302e-07,-0.0013127068
1.111302e-07,-0.0013083984
1.112302e-07,-0.0013098346
1.113302e-07,-0.0013184513
1.114302e-07,-0.0013328125
1.115302e-07,-0.0013464557
1.116302e-07,-0.0013557904
1.117302e-07,-0.0013593807
1.118302e-07,-0.0013579446
1.119302e-07,-0.0013550724
1.120302e-07,-0.0013557904
1.121302e-07,-0.0013608169
1.122302e-07,-0.0013701517
1.123302e-07,-0.0013809226
1.124302e-07,-0.0013902574
1.125302e-07,-0.001397438
1.126302e-07,-0.0014039005
1.127302e-07,-0.0014117992
1.128302e-07,-0.0014247243
1.129302e-07,-0.0014419577
1.130302e-07,-0.0014613454
1.131302e-07,-0.0014800149
1.132302e-07,-0.0014936581
1.133302e-07,-0.0015015568
1.134302e-07,-0.0015058651
1.135302e-07,-0.0015094554
1.136302e-07,-0.001516636
1.137302e-07,-0.0015274069
1.138302e-07,-0.0015410501
1.139302e-07,-0.0015539752
1.140302e-07,-0.0015625919
1.141302e-07,-0.0015669003
1.142302e-07,-0.0015697725
1.143302e-07,-0.0015747989
1.144302e-07,-0.0015855699
1.145302e-07,-0.0016042394
1.146302e-07,-0.0016293716
1.147302e-07,-0.0016552217
1.148302e-07,-0.0016774816
1.149302e-07,-0.001693279
1.150302e-07,-0.0017026137
1.151302e-07,-0.0017076402
1.152302e-07,-0.0017119485
1.153302e-07,-0.001717693
1.154302e-07,-0.0017248736
1.155302e-07,-0.0017313362
1.156302e-07,-0.0017349265
1.157302e-07,-0.0017342084
1.158302e-07,-0.0017299
1.159302e-07,-0.0017255917
1.160302e-07,-0.0017234375
1.161302e-07,-0.0017255917
1.162302e-07,-0.0017306181
1.163302e-07,-0.0017385168
1.164302e-07,-0.0017464154
1.165302e-07,-0.0017543141
1.166302e-07,-0.0017622128
1.167302e-07,-0.0017708295
1.168302e-07,-0.0017808824
1.169302e-07,-0.001788781
1.170302e-07,-0.0017916533
1.171302e-07,-0.0017851907
1.172302e-07,-0.0017693934
1.173302e-07,-0.0017471335
1.174302e-07,-0.0017255917
1.175302e-07,-0.0017119485
1.176302e-07,-0.0017119485
1.177302e-07,-0.0017263097
1.178302e-07,-0.0017500057
1.179302e-07,-0.0017744198
1.180302e-07,-0.0017923713
1.181302e-07,-0.0017988339
1.182302e-07,-0.0017952436
1.183302e-07,-0.0017873449
1.184302e-07,-0.0017808824
1.185302e-07,-0.0017816004
1.186302e-07,-0.0017894991
1.187302e-07,-0.0018024242
1.188302e-07,-0.0018153493
1.189302e-07,-0.001823966
1.190302e-07,-0.0018282744
1.191302e-07,-0.0018282744
1.192302e-07,-0.0018268382
1.193302e-07,-0.0018268382
1.194302e-07,-0.0018275563
1.195302e-07,-0.0018275563
1.196302e-07,-0.0018268382
1.197302e-07,-0.001823966
1.198302e-07,-0.0018218118
1.199302e-07,-0.0018218118
1.200302e-07,-0.0018268382
1.201302e-07,-0.001835455
1.202302e-07,-0.0018447898
1.203302e-07,-0.0018505342
1.204302e-07,-0.0018498162
1.205302e-07,-0.0018426356
1.206302e-07,-0.0018333008
1.207302e-07,-0.0018261202
1.208302e-07,-0.0018268382
1.209302e-07,-0.001836173
1.210302e-07,-0.0018519704
1.211302e-07,-0.0018699219
1.212302e-07,-0.0018842831
1.213302e-07,-0.0018928998
1.214302e-07,-0.0018972082
1.215302e-07,-0.0019007985
1.216302e-07,-0.001907261
1.217302e-07,-0.0019180319
1.218302e-07,-0.0019316751
1.219302e-07,-0.0019438821
1.220302e-07,-0.0019532169
1.221302e-07,-0.0019575253
1.222302e-07,-0.0019603975
1.223302e-07,-0.0019654239
1.224302e-07,-0.0019761949
1.225302e-07,-0.0019948644
1.226302e-07,-0.0020192785
1.227302e-07,-0.0020451287
1.228302e-07,-0.0020681066
1.229302e-07,-0.0020867762
1.230302e-07,-0.0021011374
1.231302e-07,-0.0021133444
1.232302e-07,-0.0021255515
1.233302e-07,-0.0021370404
1.234302e-07,-0.0021449391
1.235302e-07,-0.0021492475
1.236302e-07,-0.0021485294
1.237302e-07,-0.0021463752
1.238302e-07,-0.0021492475
1.239302e-07,-0.0021607364
1.240302e-07,-0.0021829963
1.241302e-07,-0.0022117188
1.242302e-07,-0.0022404412
1.243302e-07,-0.0022591108
1.244302e-07,-0.0022634191
1.245302e-07,-0.0022555205
1.246302e-07,-0.0022433134
1.247302e-07,-0.0022361328
1.248302e-07,-0.0022404412
1.249302e-07,-0.0022569566
1.250302e-07,-0.0022784984
1.251302e-07,-0.0022950138
1.252302e-07,-0.002297886
1.253302e-07,-0.002285679
1.254302e-07,-0.0022634191
1.255302e-07,-0.0022411592
1.256302e-07,-0.0022289522
1.257302e-07,-0.0022318244
1.258302e-07,-0.0022461857
1.259302e-07,-0.0022634191
1.260302e-07,-0.0022749081
1.261302e-07,-0.00227419
1.262302e-07,-0.0022612649
1.263302e-07,-0.0022433134
1.264302e-07,-0.0022289522
1.265302e-07,-0.0022232077
1.266302e-07,-0.00222608
1.267302e-07,-0.0022339786
1.268302e-07,-0.0022404412
1.269302e-07,-0.0022404412
1.270302e-07,-0.0022346967
1.271302e-07,-0.0022253619
1.272302e-07,-0.0022174632
1.273302e-07,-0.0022138729
1.274302e-07,-0.002214591
1.275302e-07,-0.0022167452
1.276302e-07,-0.0022174632
1.277302e-07,-0.0022167452
1.278302e-07,-0.0022160271
1.279302e-07,-0.0022196174
1.280302e-07,-0.0022289522
1.281302e-07,-0.0022440315
1.282302e-07,-0.0022598288
1.283302e-07,-0.0022713178
1.284302e-07,-0.0022749081
1.285302e-07,-0.0022720358
1.286302e-07,-0.0022670094
1.287302e-07,-0.0022670094
1.288302e-07,-0.0022749081
1.289302e-07,-0.0022907054
1.290302e-07,-0.0023079389
1.291302e-07,-0.0023194278
1.292302e-07,-0.002320864
1.293302e-07,-0.0023122472
1.294302e-07,-0.0023007583
1.295302e-07,-0.0022942957
1.296302e-07,-0.002297886
1.297302e-07,-0.0023115292
1.298302e-07,-0.0023273265
1.299302e-07,-0.0023359432
1.300302e-07,-0.0023323529
1.301302e-07,-0.0023172737
1.302302e-07,-0.0022993222
1.303302e-07,-0.0022899874
1.304302e-07,-0.002297886
1.305302e-07,-0.0023244543
1.306302e-07,-0.0023610754
1.307302e-07,-0.0023941062
1.308302e-07,-0.0024127757
1.309302e-07,-0.0024134938
1.310302e-07,-0.0024020048
1.311302e-07,-0.0023897978
1.312302e-07,-0.0023897978
1.313302e-07,-0.0024055951
1.314302e-07,-0.0024328814
1.315302e-07,-0.0024587316
1.316302e-07,-0.0024702206
1.317302e-07,-0.0024616039
1.318302e-07,-0.0024371898
1.319302e-07,-0.0024077493
1.320302e-07,-0.0023897978
1.321302e-07,-0.00239267
1.322302e-07,-0.0024178022
1.323302e-07,-0.0024558594
1.324302e-07,-0.0024931985
1.325302e-07,-0.0025183307
1.326302e-07,-0.0025255113
1.327302e-07,-0.0025183307
1.328302e-07,-0.0025046875
1.329302e-07,-0.0024924805
1.330302e-07,-0.0024852999
1.331302e-07,-0.0024831457
1.332302e-07,-0.0024817096
1.333302e-07,-0.0024774012
1.334302e-07,-0.0024695025
1.335302e-07,-0.0024623219
1.336302e-07,-0.0024587316
1.337302e-07,-0.0024623219
1.338302e-07,-0.0024702206
1.339302e-07,-0.0024788373
1.340302e-07,-0.0024817096
1.341302e-07,-0.0024759651
1.342302e-07,-0.0024644761
1.343302e-07,-0.0024522691
1.344302e-07,-0.0024472426
1.345302e-07,-0.0024522691
1.346302e-07,-0.0024659122
1.347302e-07,-0.0024824276
1.348302e-07,-0.0024931985
1.349302e-07,-0.0024946347
1.350302e-07,-0.002486736
1.351302e-07,-0.0024759651
1.352302e-07,-0.0024702206
1.353302e-07,-0.002474529
1.354302e-07,-0.0024888902
1.355302e-07,-0.0025089959
1.356302e-07,-0.0025276654
1.357302e-07,-0.0025377183
1.358302e-07,-0.0025362822
1.359302e-07,-0.0025276654
1.360302e-07,-0.0025161765
1.361302e-07,-0.0025089959
1.362302e-07,-0.0025089959
1.363302e-07,-0.0025161765
1.364302e-07,-0.0025276654
1.365302e-07,-0.0025398725
1.366302e-07,-0.0025506434
1.367302e-07,-0.002557824
1.368302e-07,-0.0025621324
1.369302e-07,-0.0025642865
1.370302e-07,-0.0025642865
1.371302e-07,-0.0025628504
1.372302e-07,-0.0025621324
1.373302e-07,-0.0025635685
1.374302e-07,-0.002570031
1.375302e-07,-0.0025822381
1.376302e-07,-0.0025965993
1.377302e-07,-0.0026095244
1.378302e-07,-0.0026131147
1.379302e-07,-0.002605216
1.380302e-07,-0.0025851103
1.381302e-07,-0.0025592601
1.382302e-07,-0.0025355641
1.383302e-07,-0.0025240751
1.384302e-07,-0.0025276654
1.385302e-07,-0.0025427447
1.386302e-07,-0.0025606962
1.387302e-07,-0.0025729033
1.388302e-07,-0.0025736213
1.389302e-07,-0.0025635685
1.390302e-07,-0.0025499253
1.391302e-07,-0.0025398725
1.392302e-07,-0.0025391544
1.393302e-07,-0.0025448989
1.394302e-07,-0.0025506434
1.395302e-07,-0.002545617
1.396302e-07,-0.0025276654
1.397302e-07,-0.002498943
1.398302e-07,-0.0024702206
1.399302e-07,-0.0024544233
1.400302e-07,-0.0024587316
1.401302e-07,-0.0024824276
1.402302e-07,-0.0025140223
1.403302e-07,-0.0025405905
1.404302e-07,-0.0025506434
1.405302e-07,-0.0025413086
1.406302e-07,-0.0025197668
1.407302e-07,-0.0025003791
1.408302e-07,-0.0024931985
1.409302e-07,-0.0025032514
1.410302e-07,-0.0025240751
1.411302e-07,-0.0025441808
1.412302e-07,-0.0025506434
1.413302e-07,-0.0025398725
1.414302e-07,-0.0025161765
1.415302e-07,-0.0024924805
1.416302e-07,-0.0024817096
1.417302e-07,-0.0024910443
1.418302e-07,-0.0025168945
1.419302e-07,-0.0025484892
1.420302e-07,-0.0025736213
1.421302e-07,-0.0025836742
1.422302e-07,-0.0025793658
1.423302e-07,-0.0025685949
1.424302e-07,-0.0025621324
1.425302e-07,-0.0025664407
1.426302e-07,-0.0025822381
1.427302e-07,-0.0026030618
1.428302e-07,-0.0026195772
1.429302e-07,-0.0026253217
1.430302e-07,-0.0026217314
1.431302e-07,-0.0026131147
1.432302e-07,-0.0026080882
1.433302e-07,-0.0026116785
1.434302e-07,-0.0026224494
1.435302e-07,-0.0026346565
1.436302e-07,-0.0026425551
1.437302e-07,-0.002641119
1.438302e-07,-0.0026325023
1.439302e-07,-0.0026231675
1.440302e-07,-0.0026195772
1.441302e-07,-0.0026246036
1.442302e-07,-0.0026368107
1.443302e-07,-0.0026490177
1.444302e-07,-0.0026540441
1.445302e-07,-0.0026497358
1.446302e-07,-0.0026389648
1.447302e-07,-0.0026303481
1.448302e-07,-0.0026310662
1.449302e-07,-0.0026454274
1.450302e-07,-0.0026691234
1.451302e-07,-0.0026942555
1.452302e-07,-0.002711489
1.453302e-07,-0.0027150793
1.454302e-07,-0.0027057445
1.455302e-07,-0.0026899472
1.456302e-07,-0.0026770221
1.457302e-07,-0.0026712776
1.458302e-07,-0.0026734318
1.459302e-07,-0.0026770221
1.460302e-07,-0.0026770221
1.461302e-07,-0.0026691234
1.462302e-07,-0.0026547622
1.463302e-07,-0.002640401
1.464302e-07,-0.0026310662
1.465302e-07,-0.0026310662
1.466302e-07,-0.0026389648
1.467302e-07,-0.0026490177
1.468302e-07,-0.0026540441
1.469302e-07,-0.0026511719
1.470302e-07,-0.0026418371
1.471302e-07,-0.0026296301
1.472302e-07,-0.0026195772
1.473302e-07,-0.0026131147
1.474302e-07,-0.0026088063
1.475302e-07,-0.0026001896
1.476302e-07,-0.0025851103
1.477302e-07,-0.0025628504
1.478302e-07,-0.0025391544
1.479302e-07,-0.0025212029
1.480302e-07,-0.0025161765
1.481302e-07,-0.0025240751
1.482302e-07,-0.0025398725
1.483302e-07,-0.0025549517
1.484302e-07,-0.0025621324
1.485302e-07,-0.002557824
1.486302e-07,-0.002545617
1.487302e-07,-0.0025334099
1.488302e-07,-0.0025276654
1.489302e-07,-0.0025319738
1.490302e-07,-0.0025413086
1.491302e-07,-0.0025499253
1.492302e-07,-0.0025506434
1.493302e-07,-0.0025413086
1.494302e-07,-0.0025269474
1.495302e-07,-0.0025161765
1.496302e-07,-0.0025161765
1.497302e-07,-0.0025291016
1.498302e-07,-0.0025513614
1.499302e-07,-0.0025729033
1.500302e-07,-0.0025851103
1.501302e-07,-0.0025843922
1.502302e-07,-0.0025743394
1.503302e-07,-0.0025642865
1.504302e-07,-0.0025621324
1.505302e-07,-0.0025729033
1.506302e-07,-0.0025944451
1.507302e-07,-0.002616705
1.508302e-07,-0.0026310662
1.509302e-07,-0.0026325023
1.510302e-07,-0.0026238856
1.511302e-07,-0.0026123966
1.512302e-07,-0.0026080882
1.513302e-07,-0.0026159869
1.514302e-07,-0.0026353745
1.515302e-07,-0.0026590705
1.516302e-07,-0.0026770221
1.517302e-07,-0.0026842027
1.518302e-07,-0.0026798943
1.519302e-07,-0.0026712776
1.520302e-07,-0.0026655331
1.521302e-07,-0.0026698415
1.522302e-07,-0.0026849207
1.523302e-07,-0.0027050264
1.524302e-07,-0.0027229779
1.525302e-07,-0.0027330308
1.526302e-07,-0.0027330308
1.527302e-07,-0.0027272863
1.528302e-07,-0.0027229779
1.529302e-07,-0.0027251321
1.530302e-07,-0.002735185
1.531302e-07,-0.0027517004
1.532302e-07,-0.0027689338
1.533302e-07,-0.002783295
1.534302e-07,-0.0027926298
1.535302e-07,-0.0027983743
1.536302e-07,-0.0028034007
1.537302e-07,-0.0028098633
1.538302e-07,-0.0028170439
1.539302e-07,-0.0028235064
1.540302e-07,-0.0028263787
1.541302e-07,-0.0028256606
1.542302e-07,-0.0028227884
1.543302e-07,-0.0028220703
1.544302e-07,-0.0028263787
1.545302e-07,-0.0028349954
1.546302e-07,-0.0028457663
1.547302e-07,-0.0028551011
1.548302e-07,-0.0028608456
1.549302e-07,-0.0028637178
1.550302e-07,-0.0028673081
1.551302e-07,-0.002877361
1.552302e-07,-0.0028953125
1.553302e-07,-0.0029182904
1.554302e-07,-0.0029383961
1.555302e-07,-0.0029477309
1.556302e-07,-0.0029412684
1.557302e-07,-0.0029197266
1.558302e-07,-0.0028924403
1.559302e-07,-0.0028694623
1.560302e-07,-0.0028608456
1.561302e-07,-0.0028701804
1.562302e-07,-0.0028938764
1.563302e-07,-0.0029211627
1.564302e-07,-0.0029412684
1.565302e-07,-0.002948449
1.566302e-07,-0.0029434226
1.567302e-07,-0.0029304975
1.568302e-07,-0.0029182904
1.569302e-07,-0.0029118279
1.570302e-07,-0.0029111098
1.571302e-07,-0.0029147001
1.572302e-07,-0.0029182904
1.573302e-07,-0.0029197266
1.574302e-07,-0.0029197266
1.575302e-07,-0.0029225988
1.576302e-07,-0.0029297794
1.577302e-07,-0.0029412684
1.578302e-07,-0.0029541935
1.579302e-07,-0.0029628102
1.580302e-07,-0.0029642463
1.581302e-07,-0.002959938
1.582302e-07,-0.0029541935
1.583302e-07,-0.0029549115
1.584302e-07,-0.0029642463
1.585302e-07,-0.0029814798
1.586302e-07,-0.0029994313
1.587302e-07,-0.0030102022
1.588302e-07,-0.0030102022
1.589302e-07,-0.0030001494
1.590302e-07,-0.0029886604
1.591302e-07,-0.0029865062
1.592302e-07,-0.0029987132
1.593302e-07,-0.0030259995
1.594302e-07,-0.0030583123
1.595302e-07,-0.0030834444
1.596302e-07,-0.003090625
1.597302e-07,-0.0030776999
1.598302e-07,-0.0030518497
1.599302e-07,-0.0030252815
1.600302e-07,-0.0030102022
1.601302e-07,-0.0030130744
1.602302e-07,-0.0030295898
1.603302e-07,-0.0030518497
1.604302e-07,-0.0030676471
1.605302e-07,-0.0030719554
1.606302e-07,-0.0030654929
1.607302e-07,-0.0030575942
1.608302e-07,-0.0030561581
1.609302e-07,-0.003066929
1.610302e-07,-0.0030870347
1.611302e-07,-0.0031092946
1.612302e-07,-0.0031250919
1.613302e-07,-0.0031301183
1.614302e-07,-0.003126528
1.615302e-07,-0.0031222197
1.616302e-07,-0.0031250919
1.617302e-07,-0.0031387351
1.618302e-07,-0.0031609949
1.619302e-07,-0.0031825368
1.620302e-07,-0.0031940257
1.621302e-07,-0.0031911535
1.622302e-07,-0.0031753562
1.623302e-07,-0.0031574046
1.624302e-07,-0.0031480699
1.625302e-07,-0.0031545324
1.626302e-07,-0.0031767923
1.627302e-07,-0.003209105
1.628302e-07,-0.0032399816
1.629302e-07,-0.0032608054
1.630302e-07,-0.003267986
1.631302e-07,-0.0032629596
1.632302e-07,-0.0032514706
1.633302e-07,-0.0032392636
1.634302e-07,-0.0032292107
1.635302e-07,-0.0032220301
1.636302e-07,-0.0032170037
1.637302e-07,-0.0032141314
1.638302e-07,-0.0032141314
1.639302e-07,-0.0032191579
1.640302e-07,-0.0032284926
1.641302e-07,-0.0032399816
1.642302e-07,-0.0032471622
1.643302e-07,-0.00324429
1.644302e-07,-0.0032284926
1.645302e-07,-0.0032033605
1.646302e-07,-0.0031760742
1.647302e-07,-0.0031552505
1.648302e-07,-0.0031480699
1.649302e-07,-0.0031530963
1.650302e-07,-0.0031645852
1.651302e-07,-0.003173202
1.652302e-07,-0.0031710478
1.653302e-07,-0.0031588408
1.654302e-07,-0.0031408892
1.655302e-07,-0.0031279642
1.656302e-07,-0.0031250919
1.657302e-07,-0.0031329906
1.658302e-07,-0.0031459157
1.659302e-07,-0.0031530963
1.660302e-07,-0.0031480699
1.661302e-07,-0.0031301183
1.662302e-07,-0.0031071404
1.663302e-07,-0.0030913431
1.664302e-07,-0.003090625
1.665302e-07,-0.0031085765
1.666302e-07,-0.0031372989
1.667302e-07,-0.0031653033
1.668302e-07,-0.0031825368
1.669302e-07,-0.0031839729
1.670302e-07,-0.0031753562
1.671302e-07,-0.0031674575
1.672302e-07,-0.0031710478
1.673302e-07,-0.0031904354
1.674302e-07,-0.0032220301
1.675302e-07,-0.0032536248
1.676302e-07,-0.0032744485
1.677302e-07,-0.0032780388
1.678302e-07,-0.003268704
1.679302e-07,-0.003255779
1.680302e-07,-0.0032514706
1.681302e-07,-0.0032622415
1.682302e-07,-0.0032859375
1.683302e-07,-0.0033125057
1.684302e-07,-0.0033318934
1.685302e-07,-0.0033347656
1.686302e-07,-0.0033225586
1.687302e-07,-0.0033024529
1.688302e-07,-0.0032859375
1.689302e-07,-0.0032816291
1.690302e-07,-0.003291682
1.691302e-07,-0.0033110696
1.692302e-07,-0.0033318934
1.693302e-07,-0.0033476907
1.694302e-07,-0.0033563074
1.695302e-07,-0.0033606158
1.696302e-07,-0.0033663603
1.697302e-07,-0.0033771312
1.698302e-07,-0.0033922105
1.699302e-07,-0.0034058536
1.700302e-07,-0.0034123162
1.701302e-07,-0.0034094439
1.702302e-07,-0.0034001091
1.703302e-07,-0.0033900563
1.704302e-07,-0.0033893382
1.705302e-07,-0.0034008272
1.706302e-07,-0.0034238051
1.707302e-07,-0.0034496553
1.708302e-07,-0.003469761
1.709302e-07,-0.0034769416
1.710302e-07,-0.003469761
1.711302e-07,-0.0034532456
1.712302e-07,-0.0034352941
1.713302e-07,-0.0034230871
1.714302e-07,-0.0034187787
1.715302e-07,-0.0034209329
1.716302e-07,-0.0034238051
1.717302e-07,-0.0034238051
1.718302e-07,-0.0034194968
1.719302e-07,-0.0034144704
1.720302e-07,-0.0034123162
1.721302e-07,-0.0034151884
1.722302e-07,-0.0034230871
1.723302e-07,-0.0034317038
1.724302e-07,-0.0034352941
1.725302e-07,-0.0034317038
1.726302e-07,-0.003422369
1.727302e-07,-0.003410162
1.728302e-07,-0.0034008272
1.729302e-07,-0.0033972369
1.730302e-07,-0.0033993911
1.731302e-07,-0.0034022633
1.732302e-07,-0.0034008272
1.733302e-07,-0.0033922105
1.734302e-07,-0.0033764131
1.735302e-07,-0.0033584616
1.736302e-07,-0.0033433824
1.737302e-07,-0.0033354837
1.738302e-07,-0.0033369198
1.739302e-07,-0.0033441004
1.740302e-07,-0.0033548713
1.741302e-07,-0.0033642061
1.742302e-07,-0.0033713867
1.743302e-07,-0.0033756951
1.744302e-07,-0.0033778493
1.745302e-07,-0.0033771312
1.746302e-07,-0.0033713867
1.747302e-07,-0.0033606158
1.748302e-07,-0.0033433824
1.749302e-07,-0.0033239947
1.750302e-07,-0.0033081974
1.751302e-07,-0.0033017348
1.752302e-07,-0.0033089154
1.753302e-07,-0.0033290211
1.754302e-07,-0.0033563074
1.755302e-07,-0.0033828757
1.756302e-07,-0.0034008272
1.757302e-07,-0.0034080078
1.758302e-07,-0.0034065717
1.759302e-07,-0.0034022633
1.760302e-07,-0.0034008272
1.761302e-07,-0.0034058536
1.762302e-07,-0.0034151884
1.763302e-07,-0.0034230871
1.764302e-07,-0.0034238051
1.765302e-07,-0.0034151884
1.766302e-07,-0.003398673
1.767302e-07,-0.0033800034
1.768302e-07,-0.0033663603
1.769302e-07,-0.0033620519
1.770302e-07,-0.0033677964
1.771302e-07,-0.0033785673
1.772302e-07,-0.0033893382
1.773302e-07,-0.0033965188
1.774302e-07,-0.003398673
1.775302e-07,-0.0033993911
1.776302e-07,-0.0034008272
1.777302e-07,-0.0034058536
1.778302e-07,-0.0034144704
1.779302e-07,-0.003421651
1.780302e-07,-0.0034238051
1.781302e-07,-0.0034187787
1.782302e-07,-0.0034065717
1.783302e-07,-0.0033914924
1.784302e-07,-0.0033778493
1.785302e-07,-0.0033692325
1.786302e-07,-0.0033656422
1.787302e-07,-0.0033656422
1.788302e-07,-0.0033663603
1.789302e-07,-0.0033649242
1.790302e-07,-0.0033620519
1.791302e-07,-0.0033577436
1.792302e-07,-0.0033548713
1.793302e-07,-0.0033534352
1.794302e-07,-0.0033527171
1.795302e-07,-0.0033498449
1.796302e-07,-0.0033433824
1.797302e-07,-0.0033333295
1.798302e-07,-0.0033225586
1.799302e-07,-0.0033132238
1.800302e-07,-0.0033089154
1.801302e-07,-0.0033096335
1.802302e-07,-0.0033139419
1.803302e-07,-0.0033182502
1.804302e-07,-0.0033204044
1.805302e-07,-0.0033211225
1.806302e-07,-0.0033218405
1.807302e-07,-0.0033247128
1.808302e-07,-0.0033318934
1.809302e-07,-0.003339792
1.810302e-07,-0.0033426643
1.811302e-07,-0.0033369198
1.812302e-07,-0.0033204044
1.813302e-07,-0.0032959903
1.814302e-07,-0.0032722943
1.815302e-07,-0.0032586512
1.816302e-07,-0.0032629596
1.817302e-07,-0.0032852194
1.818302e-07,-0.0033182502
1.819302e-07,-0.0033527171
1.820302e-07,-0.0033778493
1.821302e-07,-0.0033871841
1.822302e-07,-0.0033814396
1.823302e-07,-0.0033677964
1.824302e-07,-0.0033548713
1.825302e-07,-0.0033491268
1.826302e-07,-0.003351281
1.827302e-07,-0.0033591797
1.828302e-07,-0.0033663603
1.829302e-07,-0.0033685145
1.830302e-07,-0.0033656422
1.831302e-07,-0.0033591797
1.832302e-07,-0.0033548713
1.833302e-07,-0.0033563074
1.834302e-07,-0.0033642061
1.835302e-07,-0.0033764131
1.836302e-07,-0.0033893382
1.837302e-07,-0.0033993911
1.838302e-07,-0.0034058536
1.839302e-07,-0.0034094439
1.840302e-07,-0.0034123162
1.841302e-07,-0.0034159065
1.842302e-07,-0.0034194968
1.843302e-07,-0.003422369
1.844302e-07,-0.0034238051
1.845302e-07,-0.0034230871
1.846302e-07,-0.0034238051
1.847302e-07,-0.0034273955
1.848302e-07,-0.0034352941
1.849302e-07,-0.0034467831
1.850302e-07,-0.0034589901
1.851302e-07,-0.0034676068
1.852302e-07,-0.003469761
1.853302e-07,-0.0034668888
1.854302e-07,-0.0034632985
1.855302e-07,-0.0034632985
1.856302e-07,-0.003469761
1.857302e-07,-0.0034819681
1.858302e-07,-0.0034956112
1.859302e-07,-0.0035042279
1.860302e-07,-0.0035042279
1.861302e-07,-0.0034970473
1.862302e-07,-0.0034862764
1.863302e-07,-0.0034790958
1.864302e-07,-0.00348125
1.865302e-07,-0.0034920209
1.866302e-07,-0.0035078182
1.867302e-07,-0.0035214614
1.868302e-07,-0.0035272059
1.869302e-07,-0.0035243336
1.870302e-07,-0.0035157169
1.871302e-07,-0.0035071002
1.872302e-07,-0.0035042279
1.873302e-07,-0.0035071002
1.874302e-07,-0.0035135627
1.875302e-07,-0.0035178711
1.876302e-07,-0.0035157169
1.877302e-07,-0.0035085363
1.878302e-07,-0.0034999196
1.879302e-07,-0.0034970473
1.880302e-07,-0.0035042279
1.881302e-07,-0.0035207433
1.882302e-07,-0.0035415671
1.883302e-07,-0.0035573644
1.884302e-07,-0.0035616728
1.885302e-07,-0.0035537741
1.886302e-07,-0.0035379768
1.887302e-07,-0.0035228975
1.888302e-07,-0.0035157169
1.889302e-07,-0.0035178711
1.890302e-07,-0.0035272059
1.891302e-07,-0.0035358226
1.892302e-07,-0.0035386949
1.893302e-07,-0.0035343865
1.894302e-07,-0.0035264878
1.895302e-07,-0.0035228975
1.896302e-07,-0.0035272059
1.897302e-07,-0.003540849
1.898302e-07,-0.0035580825
1.899302e-07,-0.0035710076
1.900302e-07,-0.0035731618
1.901302e-07,-0.003564545
1.902302e-07,-0.0035516199
1.903302e-07,-0.0035437213
1.904302e-07,-0.0035501838
1.905302e-07,-0.0035710076
1.906302e-07,-0.0036011661
1.907302e-07,-0.0036277344
1.908302e-07,-0.0036420956
1.909302e-07,-0.0036399414
1.910302e-07,-0.0036255802
1.911302e-07,-0.003611219
1.912302e-07,-0.0036076287
1.913302e-07,-0.0036212718
1.914302e-07,-0.0036478401
1.915302e-07,-0.0036787167
1.916302e-07,-0.0036995404
1.917302e-07,-0.0037038488
1.918302e-07,-0.0036909237
1.919302e-07,-0.0036701
1.920302e-07,-0.0036535846
1.921302e-07,-0.0036499943
1.922302e-07,-0.0036629193
1.923302e-07,-0.0036858973
1.924302e-07,-0.0037110294
1.925302e-07,-0.0037289809
1.926302e-07,-0.0037368796
1.927302e-07,-0.0037361615
1.928302e-07,-0.0037340074
1.929302e-07,-0.0037368796
1.930302e-07,-0.0037476505
1.931302e-07,-0.0037634478
1.932302e-07,-0.0037799632
1.933302e-07,-0.0037907341
1.934302e-07,-0.0037936064
1.935302e-07,-0.00378858
1.936302e-07,-0.0037799632
1.937302e-07,-0.0037720646
1.938302e-07,-0.0037670381
1.939302e-07,-0.003765602
1.940302e-07,-0.0037684743
1.941302e-07,-0.0037742188
1.942302e-07,-0.0037835535
1.943302e-07,-0.0037971967
1.944302e-07,-0.0038144301
1.945302e-07,-0.0038323817
1.946302e-07,-0.0038467429
1.947302e-07,-0.0038532054
1.948302e-07,-0.0038488971
1.949302e-07,-0.003835972
1.950302e-07,-0.0038194566
1.951302e-07,-0.0038072495
1.952302e-07,-0.0038029412
1.953302e-07,-0.0038079676
1.954302e-07,-0.0038180205
1.955302e-07,-0.0038287914
1.956302e-07,-0.0038374081
1.957302e-07,-0.0038438706
1.958302e-07,-0.0038524874
1.959302e-07,-0.0038690028
1.960302e-07,-0.0038948529
1.961302e-07,-0.0039278837
1.962302e-07,-0.0039594784
1.963302e-07,-0.0039810202
1.964302e-07,-0.0039867647
1.965302e-07,-0.0039774299
1.966302e-07,-0.0039609145
1.967302e-07,-0.0039458352
1.968302e-07,-0.0039408088
1.969302e-07,-0.0039472714
1.970302e-07,-0.0039601965
1.971302e-07,-0.0039716854
1.972302e-07,-0.0039752757
1.973302e-07,-0.0039709674
1.974302e-07,-0.0039637868
1.975302e-07,-0.0039630687
1.976302e-07,-0.0039752757
1.977302e-07,-0.0040004079
1.978302e-07,-0.0040327206
1.979302e-07,-0.004061443
1.980302e-07,-0.0040786765
1.981302e-07,-0.0040822668
1.982302e-07,-0.0040758042
1.983302e-07,-0.0040686236
1.984302e-07,-0.0040671875
1.985302e-07,-0.004072932
1.986302e-07,-0.0040808307
1.987302e-07,-0.004085139
1.988302e-07,-0.0040786765
1.989302e-07,-0.0040635972
1.990302e-07,-0.0040470818
1.991302e-07,-0.0040384651
1.992302e-07,-0.0040442096
1.993302e-07,-0.0040635972
1.994302e-07,-0.0040887293
1.995302e-07,-0.004108117
1.996302e-07,-0.0041131434
1.997302e-07,-0.0041045267
1.998302e-07,-0.0040901654
1.999302e-07,-0.0040822668
2.000302e-07,-0.0040901654
2.001302e-07,-0.0041138614
2.002302e-07,-0.00414402
2.003302e-07,-0.0041669979
2.004302e-07,-0.0041705882
2.005302e-07,-0.0041526367
2.006302e-07,-0.0041217601
2.007302e-07,-0.0040930377
2.008302e-07,-0.0040786765
2.009302e-07,-0.004085139
2.010302e-07,-0.0041052447
2.011302e-07,-0.0041267865
2.012302e-07,-0.0041361213
2.013302e-07,-0.0041260685
2.014302e-07,-0.0041016544
2.015302e-07,-0.00407365
2.016302e-07,-0.0040556985
2.017302e-07,-0.0040549805
2.018302e-07,-0.0040686236
2.019302e-07,-0.0040880113
2.020302e-07,-0.0041016544
2.021302e-07,-0.0041045267
2.022302e-07,-0.0040980641
2.023302e-07,-0.0040901654
2.024302e-07,-0.0040901654
2.025302e-07,-0.0041016544
2.026302e-07,-0.004121042
2.027302e-07,-0.0041389936
2.028302e-07,-0.0041476103
2.029302e-07,-0.0041447381
2.030302e-07,-0.0041354033
2.031302e-07,-0.0041296588
2.032302e-07,-0.0041361213
2.033302e-07,-0.0041576631
2.034302e-07,-0.0041878217
2.035302e-07,-0.0042143899
2.036302e-07,-0.0042280331
2.037302e-07,-0.0042251608
2.038302e-07,-0.0042122358
2.039302e-07,-0.0042014648
2.040302e-07,-0.0042050551
2.041302e-07,-0.0042258789
2.042302e-07,-0.0042589097
2.043302e-07,-0.0042905044
2.044302e-07,-0.0043084559
2.045302e-07,-0.0043084559
2.046302e-07,-0.0042948127
2.047302e-07,-0.0042790154
2.048302e-07,-0.004273989
2.049302e-07,-0.0042840418
2.050302e-07,-0.0043048656
2.051302e-07,-0.0043249713
2.052302e-07,-0.0043314338
2.053302e-07,-0.0043206629
2.054302e-07,-0.004297685
2.055302e-07,-0.0042775793
2.056302e-07,-0.004273989
2.057302e-07,-0.0042926585
2.058302e-07,-0.0043285616
2.059302e-07,-0.0043666188
2.060302e-07,-0.0043888787
2.061302e-07,-0.0043845703
2.062302e-07,-0.0043551298
2.063302e-07,-0.0043120462
2.064302e-07,-0.004273989
2.065302e-07,-0.0042553194
2.066302e-07,-0.0042596278
2.067302e-07,-0.0042818876
2.068302e-07,-0.0043084559
2.069302e-07,-0.0043264074
2.070302e-07,-0.0043299977
2.071302e-07,-0.004321381
2.072302e-07,-0.0043084559
2.073302e-07,-0.004298403
2.074302e-07,-0.0042955308
2.075302e-07,-0.0042969669
2.076302e-07,-0.0042969669
2.077302e-07,-0.0042905044
2.078302e-07,-0.0042761432
2.079302e-07,-0.0042574736
2.080302e-07,-0.0042395221
2.081302e-07,-0.004226597
2.082302e-07,-0.0042194164
2.083302e-07,-0.0042136719
2.084302e-07,-0.0042050551
2.085302e-07,-0.0041906939
2.086302e-07,-0.0041705882
2.087302e-07,-0.0041512006
2.088302e-07,-0.0041361213
2.089302e-07,-0.0041289407
2.090302e-07,-0.0041282227
2.091302e-07,-0.0041289407
2.092302e-07,-0.0041246324
2.093302e-07,-0.0041131434
2.094302e-07,-0.004096628
2.095302e-07,-0.0040793945
2.096302e-07,-0.0040671875
2.097302e-07,-0.0040621611
2.098302e-07,-0.0040621611
2.099302e-07,-0.004061443
2.100302e-07,-0.0040556985
2.101302e-07,-0.0040434915
2.102302e-07,-0.0040276942
2.103302e-07,-0.0040147691
2.104302e-07,-0.0040097426
2.105302e-07,-0.0040147691
2.106302e-07,-0.0040248219
2.107302e-07,-0.0040327206
2.108302e-07,-0.0040327206
2.109302e-07,-0.0040219497
2.110302e-07,-0.0040047162
2.111302e-07,-0.0039867647
2.112302e-07,-0.0039752757
2.113302e-07,-0.0039724035
2.114302e-07,-0.0039752757
2.115302e-07,-0.003978148
2.116302e-07,-0.0039752757
2.117302e-07,-0.0039652229
2.118302e-07,-0.0039515797
2.119302e-07,-0.0039415269
2.120302e-07,-0.0039408088
2.121302e-07,-0.0039501436
2.122302e-07,-0.0039637868
2.123302e-07,-0.0039745577
2.124302e-07,-0.0039752757
2.125302e-07,-0.0039637868
2.126302e-07,-0.0039451172
2.127302e-07,-0.0039271657
2.128302e-07,-0.0039178309
2.129302e-07,-0.003919267
2.130302e-07,-0.0039278837
2.131302e-07,-0.0039372185
2.132302e-07,-0.0039408088
2.133302e-07,-0.0039365005
2.134302e-07,-0.0039286018
2.135302e-07,-0.0039242934
2.136302e-07,-0.0039293199
2.137302e-07,-0.0039436811
2.138302e-07,-0.0039616326
2.139302e-07,-0.0039745577
2.140302e-07,-0.0039752757
2.141302e-07,-0.0039623506
2.142302e-07,-0.0039422449
2.143302e-07,-0.0039242934
2.144302e-07,-0.0039178309
2.145302e-07,-0.0039257295
2.146302e-07,-0.0039436811
2.147302e-07,-0.0039630687
2.148302e-07,-0.0039752757
2.149302e-07,-0.0039774299
2.150302e-07,-0.0039738396
2.151302e-07,-0.0039709674
2.152302e-07,-0.0039752757
2.153302e-07,-0.0039882008
2.154302e-07,-0.0040039982
2.155302e-07,-0.004013333
2.156302e-07,-0.0040097426
2.157302e-07,-0.0039925092
2.158302e-07,-0.0039688132
2.159302e-07,-0.0039522978
2.160302e-07,-0.0039522978
2.161302e-07,-0.0039724035
2.162302e-07,-0.0040075885
2.163302e-07,-0.0040434915
2.164302e-07,-0.0040671875
2.165302e-07,-0.0040722139
2.166302e-07,-0.0040592888
2.167302e-07,-0.0040384651
2.168302e-07,-0.0040212316
2.169302e-07,-0.0040147691
2.170302e-07,-0.0040205136
2.171302e-07,-0.0040327206
2.172302e-07,-0.0040442096
2.173302e-07,-0.0040506721
2.174302e-07,-0.0040513902
2.175302e-07,-0.0040513902
2.176302e-07,-0.0040556985
2.177302e-07,-0.0040650333
2.178302e-07,-0.0040750862
2.179302e-07,-0.0040815487
2.180302e-07,-0.0040786765
2.181302e-07,-0.0040679056
2.182302e-07,-0.0040549805
2.183302e-07,-0.0040485179
2.184302e-07,-0.0040556985
2.185302e-07,-0.0040750862
2.186302e-07,-0.0040987822
2.187302e-07,-0.0041145795
2.188302e-07,-0.0041131434
2.189302e-07,-0.0040937557
2.190302e-07,-0.0040628791
2.191302e-07,-0.0040348748
2.192302e-07,-0.0040212316
2.193302e-07,-0.0040269761
2.194302e-07,-0.0040485179
2.195302e-07,-0.00407365
2.196302e-07,-0.0040901654
2.197302e-07,-0.0040923196
2.198302e-07,-0.0040808307
2.199302e-07,-0.0040657514
2.200302e-07,-0.0040556985
2.201302e-07,-0.0040564166
2.202302e-07,-0.0040650333
2.203302e-07,-0.0040750862
2.204302e-07,-0.0040786765
2.205302e-07,-0.004072932
2.206302e-07,-0.004061443
2.207302e-07,-0.0040528263
2.208302e-07,-0.0040556985
2.209302e-07,-0.0040714959
2.210302e-07,-0.0040951919
2.211302e-07,-0.0041160156
2.212302e-07,-0.0041246324
2.213302e-07,-0.0041167337
2.214302e-07,-0.004097346
2.215302e-07,-0.0040772403
2.216302e-07,-0.0040671875
2.217302e-07,-0.0040714959
2.218302e-07,-0.0040858571
2.219302e-07,-0.0041002183
2.220302e-07,-0.0041016544
2.221302e-07,-0.0040837029
2.222302e-07,-0.0040485179
2.223302e-07,-0.0040047162
2.224302e-07,-0.0039637868
2.225302e-07,-0.0039321921
2.226302e-07,-0.0039092142
2.227302e-07,-0.0038883904
2.228302e-07,-0.003860386
2.229302e-07,-0.0038201746
2.230302e-07,-0.0037677562
2.231302e-07,-0.0037103114
2.232302e-07,-0.0036535846
2.233302e-07,-0.0036011661
2.234302e-07,-0.0035494658
2.235302e-07,-0.0034891487
2.236302e-07,-0.0034123162
2.237302e-07,-0.003315378
2.238302e-07,-0.0032026425
2.239302e-07,-0.0030855986
2.240302e-07,-0.0029757353
2.241302e-07,-0.0028802332
2.242302e-07,-0.0027976563
2.243302e-07,-0.0027186696
2.244302e-07,-0.0026310662
2.245302e-07,-0.0025262293
2.246302e-07,-0.002404159
2.247302e-07,-0.0022705997
2.248302e-07,-0.0021370404
2.249302e-07,-0.0020128159
2.250302e-07,-0.0019000804
2.251302e-07,-0.0017945255
2.252302e-07,-0.0016889706
2.253302e-07,-0.001575517
2.254302e-07,-0.0014527286
2.255302e-07,-0.0013234777
2.256302e-07,-0.0011949449
2.257302e-07,-0.0010750287
2.258302e-07,-0.00096731962
2.259302e-07,-0.00087109949
2.260302e-07,-0.00078134191
2.261302e-07,-0.00069445657
2.262302e-07,-0.00060757123
2.263302e-07,-0.00052140395
2.264302e-07,-0.00043667279
2.265302e-07,-0.00035553194
2.266302e-07,-0.00027798139
2.267302e-07,-0.00020186696
2.268302e-07,-0.00012647059
2.269302e-07,-5.251034e-05
2.270302e-07,1.7141544e-05
2.271302e-07,7.81767e-05
2.272302e-07,0.00012628676
2.273302e-07,0.00016290786
2.274302e-07,0.00019306641
2.275302e-07,0.00022107077
2.276302e-07,0.00025266544
2.277302e-07,0.00028785041
2.278302e-07,0.00032303539
2.279302e-07,0.00035175781
2.280302e-07,0.00036755515
2.281302e-07,0.00037042739
2.282302e-07,0.0003646829
2.283302e-07,0.0003575023
2.284302e-07,0.00035606618
2.285302e-07,0.00036324678
2.286302e-07,0.000377608
2.287302e-07,0.00039196921
2.288302e-07,0.00040202206
2.289302e-07,0.0004048943
2.290302e-07,0.00040417624
2.291302e-07,0.00040561236
2.292302e-07,0.00041351103
2.293302e-07,0.00043002642
2.294302e-07,0.00045013212
2.295302e-07,0.00046592946
2.296302e-07,0.00047095588
2.297302e-07,0.00046162109
2.298302e-07,0.0004415154
2.299302e-07,0.00041853745
2.300302e-07,0.00040202206
2.301302e-07,0.00039771369
2.302302e-07,0.00040776654
2.303302e-07,0.00042643612
2.304302e-07,0.00044797794
2.305302e-07,0.00046736558
2.306302e-07,0.00048316291
2.307302e-07,0.00049465188
2.308302e-07,0.00050542279
2.309302e-07,0.00051475758
2.310302e-07,0.00052122013
2.311302e-07,0.00052265625
2.312302e-07,0.00051691176
2.313302e-07,0.00050757698
2.314302e-07,0.00049967831
2.315302e-07,0.00050111443
2.316302e-07,0.00051691176
2.317302e-07,0.00054635225
2.318302e-07,0.00058369141
2.319302e-07,0.00061887638
2.320302e-07,0.00064329044
2.321302e-07,0.00065334329
2.322302e-07,0.00065118911
2.323302e-07,0.00064544462
2.324302e-07,0.00064329044
2.325302e-07,0.00065047105
2.326302e-07,0.00066555032
2.327302e-07,0.0006842199
2.328302e-07,0.00070073529
2.329302e-07,0.00071078814
2.330302e-07,0.00071437845
2.331302e-07,0.00071725069
2.332302e-07,0.00072371324
2.333302e-07,0.00073592027
2.334302e-07,0.00075243566
2.335302e-07,0.00076895106
2.336302e-07,0.00078115809
2.337302e-07,0.00078690257
2.338302e-07,0.00078977482
2.339302e-07,0.00079336512
2.340302e-07,0.00080413603
2.341302e-07,0.00082208755
2.342302e-07,0.00084219324
2.343302e-07,0.00085799058
2.344302e-07,0.00086158088
2.345302e-07,0.00085152803
2.346302e-07,0.00083070427
2.347302e-07,0.00080772633
2.348302e-07,0.00079264706
2.349302e-07,0.00078977482
2.350302e-07,0.00079767348
2.351302e-07,0.00080916245
2.352302e-07,0.000815625
2.353302e-07,0.00080988051
2.354302e-07,0.00079049288
2.355302e-07,0.00076320657
2.356302e-07,0.00073520221
2.357302e-07,0.00071437845
2.358302e-07,0.00070360754
2.359302e-07,0.00070073529
2.360302e-07,0.00070073529
2.361302e-07,0.00069786305
2.362302e-07,0.00068924632
2.363302e-07,0.00067775735
2.364302e-07,0.00066626838
2.365302e-07,0.00065980584
2.366302e-07,0.00065908778
2.367302e-07,0.00066267808
2.368302e-07,0.00066626838
2.369302e-07,0.00066555032
2.370302e-07,0.00065765165
2.371302e-07,0.00064544462
2.372302e-07,0.00063180147
2.373302e-07,0.0006203125
2.374302e-07,0.00061384995
2.375302e-07,0.00061097771
2.376302e-07,0.00060882353
2.377302e-07,0.00060451517
2.378302e-07,0.0005966165
2.379302e-07,0.00058512753
2.380302e-07,0.00057435662
2.381302e-07,0.00056573989
2.382302e-07,0.00056214959
2.383302e-07,0.00056214959
2.384302e-07,0.00056286765
2.385302e-07,0.00056214959
2.386302e-07,0.00055855928
2.387302e-07,0.00055066062
2.388302e-07,0.00053988971
2.389302e-07,0.00052840074
2.390302e-07,0.00051834789
2.391302e-07,0.00051044922
2.392302e-07,0.00050542279
2.393302e-07,0.00050255055
2.394302e-07,0.00050255055
2.395302e-07,0.00050326861
2.396302e-07,0.00050542279
2.397302e-07,0.00050757698
2.398302e-07,0.00050829504
2.399302e-07,0.00050685892
2.400302e-07,0.00050542279
2.401302e-07,0.00050542279
2.402302e-07,0.00050973116
2.403302e-07,0.00052122013
2.404302e-07,0.00053988971
2.405302e-07,0.00056214959
2.406302e-07,0.00058297335
2.407302e-07,0.00059589844
2.408302e-07,0.00059733456
2.409302e-07,0.00058584559
2.410302e-07,0.00056645795
2.411302e-07,0.00054491613
2.412302e-07,0.00052840074
2.413302e-07,0.00052193819
2.414302e-07,0.00052624655
2.415302e-07,0.00053845358
2.416302e-07,0.00055137868
2.417302e-07,0.00056143153
2.418302e-07,0.00056573989
2.419302e-07,0.00056502183
2.420302e-07,0.00056286765
2.421302e-07,0.00056214959
2.422302e-07,0.00056573989
2.423302e-07,0.00057076631
2.424302e-07,0.00057435662
2.425302e-07,0.0005729205
2.426302e-07,0.00056430377
2.427302e-07,0.00054778837
2.428302e-07,0.00052840074
2.429302e-07,0.00051044922
2.430302e-07,0.00049967831
2.431302e-07,0.00049752413
2.432302e-07,0.00050542279
2.433302e-07,0.00051906595
2.434302e-07,0.00053414522
2.435302e-07,0.00054563419
2.436302e-07,0.00055137868
2.437302e-07,0.00054922449
2.438302e-07,0.00054132583
2.439302e-07,0.00052983686
2.440302e-07,0.00051691176
2.441302e-07,0.00050542279
2.442302e-07,0.00049608801
2.443302e-07,0.00048818934
2.444302e-07,0.00048244485
2.445302e-07,0.00047670037
2.446302e-07,0.00047095588
2.447302e-07,0.0004652114
2.448302e-07,0.00045946691
2.449302e-07,0.00045515855
2.450302e-07,0.00045228631
2.451302e-07,0.00045013212
2.452302e-07,0.00044797794
2.453302e-07,0.0004451057
2.454302e-07,0.00044007927
2.455302e-07,0.00043361673
2.456302e-07,0.000425
2.457302e-07,0.00041638327
2.458302e-07,0.00040776654
2.459302e-07,0.00039986788
2.460302e-07,0.00039053309
2.461302e-07,0.00037904412
2.462302e-07,0.00036324678
2.463302e-07,0.00034314108
2.464302e-07,0.00032159926
2.465302e-07,0.00030221163
2.466302e-07,0.00028785041
2.467302e-07,0.00028282399
2.468302e-07,0.00028713235
2.469302e-07,0.00029790326
2.470302e-07,0.00031011029
2.471302e-07,0.00031872702
2.472302e-07,0.00032159926
2.473302e-07,0.0003172909
2.474302e-07,0.00030939223
2.475302e-07,0.00030221163
2.476302e-07,0.00029862132
2.477302e-07,0.00030005744
2.478302e-07,0.00030580193
2.479302e-07,0.00031011029
2.480302e-07,0.00031011029
2.481302e-07,0.00030292969
2.482302e-07,0.0002900046
2.483302e-07,0.00027492532
2.484302e-07,0.00026415441
2.485302e-07,0.00026128217
2.486302e-07,0.00026846278
2.487302e-07,0.00028282399
2.488302e-07,0.00029862132
2.489302e-07,0.00030939223
2.490302e-07,0.00031154642
2.491302e-07,0.00030292969
2.492302e-07,0.00028713235
2.493302e-07,0.0002698989
2.494302e-07,0.00025625574
2.495302e-07,0.0002497932
2.496302e-07,0.00025266544
2.497302e-07,0.00026128217
2.498302e-07,0.00027205308
2.499302e-07,0.00028138787
2.500302e-07,0.00028713235
2.501302e-07,0.0002900046
2.502302e-07,0.00029144072
2.503302e-07,0.00029431296
2.504302e-07,0.00029862132
2.505302e-07,0.00030436581
2.506302e-07,0.00031011029
2.507302e-07,0.00031226448
2.508302e-07,0.00031011029
2.509302e-07,0.00030364775
2.510302e-07,0.00029574908
2.511302e-07,0.00028928653
2.512302e-07,0.00028713235
2.513302e-07,0.0002900046
2.514302e-07,0.00029646714
2.515302e-07,0.00030436581
2.516302e-07,0.00031011029
2.517302e-07,0.00031154642
2.518302e-07,0.00030651999
2.519302e-07,0.00029790326
2.520302e-07,0.00028713235
2.521302e-07,0.00027564338
2.522302e-07,0.00026487247
2.523302e-07,0.00025410156
2.524302e-07,0.00024117647
2.525302e-07,0.00022466108
2.526302e-07,0.00020455538
2.527302e-07,0.0001822955
2.528302e-07,0.00016075368
2.529302e-07,0.00014423828
2.530302e-07,0.00013562155
2.531302e-07,0.00013418543
2.532302e-07,0.00013777574
2.533302e-07,0.00014280216
2.534302e-07,0.00014495634
2.535302e-07,0.00014280216
2.536302e-07,0.00013777574
2.537302e-07,0.00013203125
2.538302e-07,0.00012915901
2.539302e-07,0.00013131319
2.540302e-07,0.00013777574
2.541302e-07,0.00014639246
2.542302e-07,0.00015213695
2.543302e-07,0.00015357307
2.544302e-07,0.00014926471
2.545302e-07,0.0001420841
2.546302e-07,0.00013562155
2.547302e-07,0.00013418543
2.548302e-07,0.00013777574
2.549302e-07,0.00014495634
2.550302e-07,0.00015141889
2.551302e-07,0.00015357307
2.552302e-07,0.00014926471
2.553302e-07,0.00013921186
2.554302e-07,0.00012772289
2.555302e-07,0.0001183881
2.556302e-07,0.00011479779
2.557302e-07,0.00011623392
2.558302e-07,0.00011910616
2.559302e-07,0.00011982422
2.560302e-07,0.00011479779
2.561302e-07,0.00010402688
2.562302e-07,9.0383732e-05
2.563302e-07,7.745864e-05
2.564302e-07,6.8841912e-05
2.565302e-07,6.5969669e-05
2.566302e-07,6.740579e-05
2.567302e-07,6.9559972e-05
2.568302e-07,6.8841912e-05
2.569302e-07,6.4533548e-05
2.570302e-07,5.8071002e-05
2.571302e-07,5.0890395e-05
2.572302e-07,4.5863971e-05
2.573302e-07,4.2273667e-05
2.574302e-07,3.9401425e-05
2.575302e-07,3.2938879e-05
2.576302e-07,2.2886029e-05
2.577302e-07,9.2428768e-06
2.578302e-07,-3.6822151e-06
2.579302e-07,-1.2298943e-05
2.580302e-07,-1.1580882e-05
2.581302e-07,-2.2460937e-06
2.582302e-07,1.2115119e-05
2.583302e-07,2.6476333e-05
2.584302e-07,3.4375e-05
2.585302e-07,3.3656939e-05
2.586302e-07,2.4322151e-05
2.587302e-07,1.1397059e-05
2.588302e-07,-9.1911765e-08
2.589302e-07,-6.5544577e-06
2.590302e-07,-7.990579e-06
2.591302e-07,-4.4002757e-06
2.592302e-07,-9.1911765e-08
2.593302e-07,2.7803309e-06
2.594302e-07,2.7803309e-06
2.595302e-07,1.3442096e-06
2.596302e-07,-9.1911765e-08
2.597302e-07,-8.0997243e-07
2.598302e-07,-2.2460937e-06
2.599302e-07,-5.1183364e-06
2.600302e-07,-1.1580882e-05
2.601302e-07,-2.019761e-05
2.602302e-07,-2.9532399e-05
2.603302e-07,-3.4558824e-05
2.604302e-07,-3.4558824e-05
2.605302e-07,-2.8096278e-05
2.606302e-07,-1.947955e-05
2.607302e-07,-1.2298943e-05
2.608302e-07,-1.1580882e-05
2.609302e-07,-1.947955e-05
2.610302e-07,-3.3122702e-05
2.611302e-07,-4.7483915e-05
2.612302e-07,-5.7536765e-05
2.613302e-07,-5.8972886e-05
2.614302e-07,-5.251034e-05
2.615302e-07,-4.2457491e-05
2.616302e-07,-3.4558824e-05
2.617302e-07,-3.3122702e-05
2.618302e-07,-4.0303309e-05
2.619302e-07,-5.3946461e-05
2.620302e-07,-6.9025735e-05
2.621302e-07,-8.0514706e-05
2.622302e-07,-8.7695313e-05
2.623302e-07,-8.9849494e-05
2.624302e-07,-9.2003676e-05
2.625302e-07,-9.7748162e-05
2.626302e-07,-0.00010851907
2.627302e-07,-0.00012288028
2.628302e-07,-0.00013795956
2.629302e-07,-0.00014873047
2.630302e-07,-0.00015303883
2.631302e-07,-0.00015232077
2.632302e-07,-0.00014944853
2.633302e-07,-0.00014944853
2.634302e-07,-0.00015591108
2.635302e-07,-0.00016811811
2.636302e-07,-0.00018391544
2.637302e-07,-0.00019755859
2.638302e-07,-0.00020545726
2.639302e-07,-0.00020761144
2.640302e-07,-0.00020689338
2.641302e-07,-0.0002083295
2.642302e-07,-0.00021622817
2.643302e-07,-0.00023202551
2.644302e-07,-0.00025284926
2.645302e-07,-0.0002722369
2.646302e-07,-0.00028444393
2.647302e-07,-0.00028444393
2.648302e-07,-0.00027582721
2.649302e-07,-0.00026433824
2.650302e-07,-0.00025787569
2.651302e-07,-0.0002650563
2.652302e-07,-0.00028731618
2.653302e-07,-0.00031962891
2.654302e-07,-0.00035409582
2.655302e-07,-0.000379946
2.656302e-07,-0.00039071691
2.657302e-07,-0.00038712661
2.658302e-07,-0.00037420152
2.659302e-07,-0.00036127642
2.660302e-07,-0.00035625
2.661302e-07,-0.00036271255
2.662302e-07,-0.00037922794
2.663302e-07,-0.00039861558
2.664302e-07,-0.00041369485
2.665302e-07,-0.0004201574
2.666302e-07,-0.00041943934
2.667302e-07,-0.00041513097
2.668302e-07,-0.00041369485
2.669302e-07,-0.00042087546
2.670302e-07,-0.00043595473
2.671302e-07,-0.00045534237
2.672302e-07,-0.00047113971
2.673302e-07,-0.00047688419
2.674302e-07,-0.00046826746
2.675302e-07,-0.00044959789
2.676302e-07,-0.00042518382
2.677302e-07,-0.00040436006
2.678302e-07,-0.00039502528
2.679302e-07,-0.00039861558
2.680302e-07,-0.00041369485
2.681302e-07,-0.00043595473
2.682302e-07,-0.00045749655
2.683302e-07,-0.00047401195
2.684302e-07,-0.00048262868
2.685302e-07,-0.00048262868
2.686302e-07,-0.00047688419
2.687302e-07,-0.00046826746
2.688302e-07,-0.00045965074
2.689302e-07,-0.00045318819
2.690302e-07,-0.00044959789
2.691302e-07,-0.00044816176
2.692302e-07,-0.00044816176
2.693302e-07,-0.00044887983
2.694302e-07,-0.00044887983
2.695302e-07,-0.00044887983
2.696302e-07,-0.00044816176
2.697302e-07,-0.00044887983
2.698302e-07,-0.00045247013
2.699302e-07,-0.00045965074
2.700302e-07,-0.00047113971
2.701302e-07,-0.00048550092
2.702302e-07,-0.00049986213
2.703302e-07,-0.0005113511
2.704302e-07,-0.00051709559
2.705302e-07,-0.00051709559
2.706302e-07,-0.0005113511
2.707302e-07,-0.00050273438
2.708302e-07,-0.00049411765
2.709302e-07,-0.00048909122
2.710302e-07,-0.0004876551
2.711302e-07,-0.00048980928
2.712302e-07,-0.00049411765
2.713302e-07,-0.00049914407
2.714302e-07,-0.0005041705
2.715302e-07,-0.00050991498
2.716302e-07,-0.00051709559
2.717302e-07,-0.00052714844
2.718302e-07,-0.00053935547
2.719302e-07,-0.00055228056
2.720302e-07,-0.00056305147
2.721302e-07,-0.00056951402
2.722302e-07,-0.00057095014
2.723302e-07,-0.00056735983
2.724302e-07,-0.00056305147
2.725302e-07,-0.00056233341
2.726302e-07,-0.00056879596
2.727302e-07,-0.00058459329
2.728302e-07,-0.00060900735
2.729302e-07,-0.00063844784
2.730302e-07,-0.00066860639
2.731302e-07,-0.00069373851
2.732302e-07,-0.00071240809
2.733302e-07,-0.00072389706
2.734302e-07,-0.00073179573
2.735302e-07,-0.00073825827
2.736302e-07,-0.000746875
2.737302e-07,-0.00075908203
2.738302e-07,-0.00077487937
2.739302e-07,-0.0007906767
2.740302e-07,-0.00080431985
2.741302e-07,-0.00081221852
2.742302e-07,-0.0008143727
2.743302e-07,-0.0008107824
2.744302e-07,-0.00080431985
2.745302e-07,-0.00079785731
2.746302e-07,-0.00079498506
2.747302e-07,-0.00079642119
2.748302e-07,-0.00080431985
2.749302e-07,-0.00081724494
2.750302e-07,-0.00083232422
2.751302e-07,-0.00084812155
2.752302e-07,-0.00086176471
2.753302e-07,-0.00087038143
2.754302e-07,-0.00087325368
2.755302e-07,-0.00086966337
2.756302e-07,-0.00086176471
2.757302e-07,-0.00085171186
2.758302e-07,-0.00084309513
2.759302e-07,-0.00083878676
2.760302e-07,-0.00083878676
2.761302e-07,-0.00084453125
2.762302e-07,-0.00085530216
2.763302e-07,-0.00086966337
2.764302e-07,-0.00088474265
2.765302e-07,-0.00089910386
2.766302e-07,-0.00091059283
2.767302e-07,-0.00091777344
2.768302e-07,-0.00091920956
2.769302e-07,-0.00091346507
2.770302e-07,-0.00090269416
2.771302e-07,-0.00088761489
2.772302e-07,-0.00087325368
2.773302e-07,-0.00086320083
2.774302e-07,-0.00086032858
2.775302e-07,-0.00086463695
2.776302e-07,-0.00087325368
2.777302e-07,-0.0008818704
2.778302e-07,-0.00088546071
2.779302e-07,-0.00088258847
2.780302e-07,-0.00087325368
2.781302e-07,-0.00086320083
2.782302e-07,-0.00085745634
2.783302e-07,-0.00086104665
2.784302e-07,-0.00087325368
2.785302e-07,-0.00089048713
2.786302e-07,-0.00090556641
2.787302e-07,-0.00091202895
2.788302e-07,-0.00090772059
2.789302e-07,-0.00089335937
2.790302e-07,-0.0008746898
2.791302e-07,-0.00085889246
2.792302e-07,-0.00085027574
2.793302e-07,-0.00085027574
2.794302e-07,-0.00085602022
2.795302e-07,-0.00086463695
2.796302e-07,-0.00087325368
2.797302e-07,-0.00088115234
2.798302e-07,-0.00089120519
2.799302e-07,-0.00090413028
2.800302e-07,-0.00091920956
2.801302e-07,-0.00093357077
2.802302e-07,-0.00094290556
2.803302e-07,-0.00094146944
2.804302e-07,-0.00093069853
2.805302e-07,-0.00091561926
2.806302e-07,-0.00090556641
2.807302e-07,-0.00090915671
2.808302e-07,-0.00093069853
2.809302e-07,-0.00096660156
2.810302e-07,-0.001006813
2.811302e-07,-0.0010405618
2.812302e-07,-0.0010570772
2.813302e-07,-0.0010556411
2.814302e-07,-0.001042716
2.815302e-07,-0.0010283548
2.816302e-07,-0.0010226103
2.817302e-07,-0.001031227
2.818302e-07,-0.0010506147
2.819302e-07,-0.0010735926
2.820302e-07,-0.0010915441
2.821302e-07,-0.0010994428
2.822302e-07,-0.0010972886
2.823302e-07,-0.0010922622
2.824302e-07,-0.0010915441
2.825302e-07,-0.0010987247
2.826302e-07,-0.0011145221
2.827302e-07,-0.0011331916
2.828302e-07,-0.001148989
2.829302e-07,-0.0011583238
2.830302e-07,-0.0011619141
2.831302e-07,-0.0011647863
2.832302e-07,-0.0011719669
2.833302e-07,-0.0011863281
2.834302e-07,-0.0012064338
2.835302e-07,-0.0012265395
2.836302e-07,-0.0012409007
2.837302e-07,-0.0012466452
2.838302e-07,-0.0012452091
2.839302e-07,-0.0012409007
2.840302e-07,-0.0012409007
2.841302e-07,-0.0012480813
2.842302e-07,-0.0012631606
2.843302e-07,-0.0012811121
2.844302e-07,-0.0012983456
2.845302e-07,-0.0013119887
2.846302e-07,-0.0013213235
2.847302e-07,-0.0013313764
2.848302e-07,-0.0013443015
2.849302e-07,-0.0013615349
2.850302e-07,-0.0013802045
2.851302e-07,-0.0013952838
2.852302e-07,-0.0014017463
2.853302e-07,-0.0013988741
2.854302e-07,-0.0013902574
2.855302e-07,-0.0013809226
2.856302e-07,-0.0013787684
2.857302e-07,-0.001386667
2.858302e-07,-0.0014024644
2.859302e-07,-0.001421134
2.860302e-07,-0.0014362132
2.861302e-07,-0.0014433938
2.862302e-07,-0.0014426758
2.863302e-07,-0.0014383674
2.864302e-07,-0.0014362132
2.865302e-07,-0.0014398035
2.866302e-07,-0.0014498564
2.867302e-07,-0.0014613454
2.868302e-07,-0.0014706801
2.869302e-07,-0.0014735524
2.870302e-07,-0.0014706801
2.871302e-07,-0.0014642176
2.872302e-07,-0.0014591912
2.873302e-07,-0.0014577551
2.874302e-07,-0.0014613454
2.875302e-07,-0.0014663718
2.876302e-07,-0.0014706801
2.877302e-07,-0.0014735524
2.878302e-07,-0.0014764246
2.879302e-07,-0.0014821691
2.880302e-07,-0.0014936581
2.881302e-07,-0.0015094554
2.882302e-07,-0.0015259708
2.883302e-07,-0.0015374598
2.884302e-07,-0.001539614
2.885302e-07,-0.0015317153
2.886302e-07,-0.0015180722
2.887302e-07,-0.0015065832
2.888302e-07,-0.0015051471
2.889302e-07,-0.0015187902
2.890302e-07,-0.0015446404
2.891302e-07,-0.0015776712
2.892302e-07,-0.0016085478
2.893302e-07,-0.0016315257
2.894302e-07,-0.0016444508
2.895302e-07,-0.0016501953
2.896302e-07,-0.0016545037
2.897302e-07,-0.0016624023
2.898302e-07,-0.0016746094
2.899302e-07,-0.0016889706
2.900302e-07,-0.0017004596
2.901302e-07,-0.0017047679
2.902302e-07,-0.0017004596
2.903302e-07,-0.0016904067
2.904302e-07,-0.0016774816
2.905302e-07,-0.0016681468
2.906302e-07,-0.0016645565
2.907302e-07,-0.0016688649
2.908302e-07,-0.0016774816
2.909302e-07,-0.0016896886
2.910302e-07,-0.0017033318
2.911302e-07,-0.0017184111
2.912302e-07,-0.0017349265
2.913302e-07,-0.001752878
2.914302e-07,-0.0017708295
2.915302e-07,-0.0017844727
2.916302e-07,-0.0017923713
2.917302e-07,-0.0017916533
2.918302e-07,-0.0017837546
2.919302e-07,-0.0017708295
2.920302e-07,-0.0017579044
2.921302e-07,-0.0017485696
2.922302e-07,-0.0017456974
2.923302e-07,-0.0017485696
2.924302e-07,-0.0017579044
2.925302e-07,-0.0017701114
2.926302e-07,-0.0017837546
2.927302e-07,-0.0017959616
2.928302e-07,-0.0018038603
2.929302e-07,-0.0018045784
2.930302e-07,-0.0017966797
2.931302e-07,-0.0017801643
2.932302e-07,-0.0017579044
2.933302e-07,-0.0017342084
2.934302e-07,-0.0017148208
2.935302e-07,-0.0017033318
2.936302e-07,-0.0017004596
2.937302e-07,-0.0017040499
2.938302e-07,-0.0017076402
2.939302e-07,-0.0017076402
2.940302e-07,-0.0017004596
2.941302e-07,-0.0016882525
2.942302e-07,-0.0016753274
2.943302e-07,-0.0016674288
2.944302e-07,-0.0016659926
2.945302e-07,-0.001669583
2.946302e-07,-0.0016724552
2.947302e-07,-0.0016688649
2.948302e-07,-0.0016545037
2.949302e-07,-0.0016315257
2.950302e-07,-0.0016056756
2.951302e-07,-0.0015841337
2.952302e-07,-0.0015740809
2.953302e-07,-0.0015762351
2.954302e-07,-0.001587006
2.955302e-07,-0.0015999311
2.956302e-07,-0.0016085478
2.957302e-07,-0.0016099839
2.958302e-07,-0.0016056756
2.959302e-07,-0.0015999311
2.960302e-07,-0.0015970588
2.961302e-07,-0.0015977769
2.962302e-07,-0.0015984949
2.963302e-07,-0.0015956227
2.964302e-07,-0.0015855699
2.965302e-07,-0.0015683364
2.966302e-07,-0.0015482307
2.967302e-07,-0.0015331514
2.968302e-07,-0.001528125
2.969302e-07,-0.0015345875
2.970302e-07,-0.0015496668
2.971302e-07,-0.0015647461
2.972302e-07,-0.0015740809
2.973302e-07,-0.0015747989
2.974302e-07,-0.0015690545
2.975302e-07,-0.00156331
2.976302e-07,-0.0015625919
2.977302e-07,-0.0015697725
2.978302e-07,-0.0015826976
2.979302e-07,-0.0015941866
2.980302e-07,-0.0015970588
2.981302e-07,-0.0015884421
2.982302e-07,-0.0015690545
2.983302e-07,-0.0015467946
2.984302e-07,-0.001528125
2.985302e-07,-0.0015195083
2.986302e-07,-0.0015209444
2.987302e-07,-0.0015295611
2.988302e-07,-0.001539614
2.989302e-07,-0.0015482307
2.990302e-07,-0.0015546932
2.991302e-07,-0.0015625919
2.992302e-07,-0.0015740809
2.993302e-07,-0.0015905963
2.994302e-07,-0.0016099839
2.995302e-07,-0.0016257812
2.996302e-07,-0.0016315257
2.997302e-07,-0.0016250632
2.998302e-07,-0.0016085478
2.999302e-07,-0.0015884421
3.000302e-07,-0.0015740809
3.001302e-07,-0.0015712086
3.002302e-07,-0.0015826976
3.003302e-07,-0.0016049575
3.004302e-07,-0.0016315257
3.005302e-07,-0.0016566579
3.006302e-07,-0.0016760455
3.007302e-07,-0.0016904067
3.008302e-07,-0.0017004596
3.009302e-07,-0.0017090763
3.010302e-07,-0.001716975
3.011302e-07,-0.0017220014
3.012302e-07,-0.0017234375
3.013302e-07,-0.0017198472
3.014302e-07,-0.0017119485
3.015302e-07,-0.0017040499
3.016302e-07,-0.0017004596
3.017302e-07,-0.0017040499
3.018302e-07,-0.0017148208
3.019302e-07,-0.0017306181
3.020302e-07,-0.0017464154
3.021302e-07,-0.0017593405
3.022302e-07,-0.0017686753
3.023302e-07,-0.0017751379
3.024302e-07,-0.0017808824
3.025302e-07,-0.001788063
3.026302e-07,-0.0017952436
3.027302e-07,-0.0018017061
3.028302e-07,-0.0018038603
3.029302e-07,-0.0017995519
3.030302e-07,-0.001788063
3.031302e-07,-0.0017729837
3.032302e-07,-0.0017579044
3.033302e-07,-0.0017464154
3.034302e-07,-0.001740671
3.035302e-07,-0.001741389
3.036302e-07,-0.0017464154
3.037302e-07,-0.0017543141
3.038302e-07,-0.0017622128
3.039302e-07,-0.0017679573
3.040302e-07,-0.0017693934
3.041302e-07,-0.0017658031
3.042302e-07,-0.0017557502
3.043302e-07,-0.001740671
3.044302e-07,-0.0017234375
3.045302e-07,-0.0017090763
3.046302e-07,-0.0017011776
3.047302e-07,-0.0017026137
3.048302e-07,-0.0017119485
3.049302e-07,-0.0017248736
3.050302e-07,-0.0017356445
3.051302e-07,-0.0017392348
3.052302e-07,-0.0017349265
3.053302e-07,-0.0017255917
3.054302e-07,-0.001717693
3.055302e-07,-0.0017162569
3.056302e-07,-0.0017234375
3.057302e-07,-0.0017356445
3.058302e-07,-0.0017449793
3.059302e-07,-0.0017464154
3.060302e-07,-0.0017349265
3.061302e-07,-0.0017133847
3.062302e-07,-0.0016896886
3.063302e-07,-0.0016717371
3.064302e-07,-0.0016659926
3.065302e-07,-0.0016724552
3.066302e-07,-0.0016853803
3.067302e-07,-0.0016968693
3.068302e-07,-0.0017004596
3.069302e-07,-0.0016961512
3.070302e-07,-0.0016875345
3.071302e-07,-0.0016832261
3.072302e-07,-0.0016889706
3.073302e-07,-0.001705486
3.074302e-07,-0.0017277459
3.075302e-07,-0.0017478516
3.076302e-07,-0.0017579044
3.077302e-07,-0.0017557502
3.078302e-07,-0.0017464154
3.079302e-07,-0.0017370807
3.080302e-07,-0.0017349265
3.081302e-07,-0.0017442613
3.082302e-07,-0.0017614947
3.083302e-07,-0.0017794462
3.084302e-07,-0.0017923713
3.085302e-07,-0.0017959616
3.086302e-07,-0.0017930894
3.087302e-07,-0.0017894991
3.088302e-07,-0.0017923713
3.089302e-07,-0.0018038603
3.090302e-07,-0.0018218118
3.091302e-07,-0.0018390453
3.092302e-07,-0.0018498162
3.093302e-07,-0.0018498162
3.094302e-07,-0.0018419175
3.095302e-07,-0.0018318647
3.096302e-07,-0.0018268382
3.097302e-07,-0.0018304285
3.098302e-07,-0.0018419175
3.099302e-07,-0.0018577148
3.100302e-07,-0.0018727941
3.101302e-07,-0.001882847
3.102302e-07,-0.0018885915
3.103302e-07,-0.0018921818
3.104302e-07,-0.0018957721
3.105302e-07,-0.0018993624
3.106302e-07,-0.0019000804
3.107302e-07,-0.001895054
3.108302e-07,-0.0018842831
3.109302e-07,-0.0018706399
3.110302e-07,-0.001859869
3.111302e-07,-0.001859869
3.112302e-07,-0.0018727941
3.113302e-07,-0.0018972082
3.114302e-07,-0.0019237764
3.115302e-07,-0.0019446002
3.116302e-07,-0.0019532169
3.117302e-07,-0.0019489085
3.118302e-07,-0.0019388557
3.119302e-07,-0.001930239
3.120302e-07,-0.001930239
3.121302e-07,-0.0019374196
3.122302e-07,-0.0019446002
3.123302e-07,-0.0019438821
3.124302e-07,-0.001930239
3.125302e-07,-0.001906543
3.126302e-07,-0.001882847
3.127302e-07,-0.0018727941
3.128302e-07,-0.0018842831
3.129302e-07,-0.0019173139
3.130302e-07,-0.0019611156
3.131302e-07,-0.0020006089
3.132302e-07,-0.0020221507
3.133302e-07,-0.0020221507
3.134302e-07,-0.0020077895
3.135302e-07,-0.0019912741
3.136302e-07,-0.0019876838
3.137302e-07,-0.002002045
3.138302e-07,-0.0020307675
3.139302e-07,-0.002060926
3.140302e-07,-0.0020795956
3.141302e-07,-0.0020803136
3.142302e-07,-0.0020666705
3.143302e-07,-0.0020501551
3.144302e-07,-0.0020451287
3.145302e-07,-0.0020616441
3.146302e-07,-0.0020989832
3.147302e-07,-0.0021485294
3.148302e-07,-0.0021944853
3.149302e-07,-0.00222608
3.150302e-07,-0.0022390051
3.151302e-07,-0.0022375689
3.152302e-07,-0.0022289522
3.153302e-07,-0.0022224897
3.154302e-07,-0.0022217716
3.155302e-07,-0.0022253619
3.156302e-07,-0.0022289522
3.157302e-07,-0.0022303883
3.158302e-07,-0.0022296703
3.159302e-07,-0.0022318244
3.160302e-07,-0.0022404412
3.161302e-07,-0.0022591108
3.162302e-07,-0.0022842429
3.163302e-07,-0.0023108111
3.164302e-07,-0.0023323529
3.165302e-07,-0.00234456
3.166302e-07,-0.0023495864
3.167302e-07,-0.0023510225
3.168302e-07,-0.0023553309
3.169302e-07,-0.0023646657
3.170302e-07,-0.0023768727
3.171302e-07,-0.0023869256
3.172302e-07,-0.0023897978
3.173302e-07,-0.0023847714
3.174302e-07,-0.0023754366
3.175302e-07,-0.0023675379
3.176302e-07,-0.0023668199
3.177302e-07,-0.0023740005
3.178302e-07,-0.0023862075
3.179302e-07,-0.0023969784
3.180302e-07,-0.0024012868
3.181302e-07,-0.0023998506
3.182302e-07,-0.0023969784
3.183302e-07,-0.0023998506
3.184302e-07,-0.0024127757
3.185302e-07,-0.0024343176
3.186302e-07,-0.0024572955
3.187302e-07,-0.0024716567
3.188302e-07,-0.0024702206
3.189302e-07,-0.0024537052
3.190302e-07,-0.0024292911
3.191302e-07,-0.0024084674
3.192302e-07,-0.0024012868
3.193302e-07,-0.0024099035
3.194302e-07,-0.0024300092
3.195302e-07,-0.0024493968
3.196302e-07,-0.0024587316
3.197302e-07,-0.0024544233
3.198302e-07,-0.0024414982
3.199302e-07,-0.002427855
3.200302e-07,-0.0024242647
3.201302e-07,-0.0024328814
3.202302e-07,-0.0024501149
3.203302e-07,-0.0024651942
3.204302e-07,-0.0024702206
3.205302e-07,-0.0024616039
3.206302e-07,-0.0024436523
3.207302e-07,-0.002427855
3.208302e-07,-0.0024242647
3.209302e-07,-0.0024364717
3.210302e-07,-0.0024616039
3.211302e-07,-0.0024881721
3.212302e-07,-0.0025046875
3.213302e-07,-0.0025054056
3.214302e-07,-0.0024924805
3.215302e-07,-0.0024730928
3.216302e-07,-0.0024587316
3.217302e-07,-0.0024544233
3.218302e-07,-0.0024601677
3.219302e-07,-0.0024680664
3.220302e-07,-0.0024702206
3.221302e-07,-0.0024616039
3.222302e-07,-0.0024436523
3.223302e-07,-0.0024242647
3.224302e-07,-0.0024127757
3.225302e-07,-0.0024134938
3.226302e-07,-0.0024264189
3.227302e-07,-0.0024436523
3.228302e-07,-0.0024587316
3.229302e-07,-0.0024651942
3.230302e-07,-0.002463758
3.231302e-07,-0.0024601677
3.232302e-07,-0.0024587316
3.233302e-07,-0.0024644761
3.234302e-07,-0.002474529
3.235302e-07,-0.0024860179
3.236302e-07,-0.0024931985
3.237302e-07,-0.0024946347
3.238302e-07,-0.0024931985
3.239302e-07,-0.0024953527
3.240302e-07,-0.0025046875
3.241302e-07,-0.002522639
3.242302e-07,-0.0025441808
3.243302e-07,-0.0025628504
3.244302e-07,-0.0025736213
3.245302e-07,-0.0025764936
3.246302e-07,-0.0025764936
3.247302e-07,-0.00258152
3.248302e-07,-0.0025965993
3.249302e-07,-0.0026210133
3.250302e-07,-0.0026468635
3.251302e-07,-0.002664097
3.252302e-07,-0.0026655331
3.253302e-07,-0.0026511719
3.254302e-07,-0.0026281939
3.255302e-07,-0.0026109605
3.256302e-07,-0.0026080882
3.257302e-07,-0.0026238856
3.258302e-07,-0.0026518899
3.259302e-07,-0.0026806124
3.260302e-07,-0.0027
3.261302e-07,-0.0027057445
3.262302e-07,-0.0027014361
3.263302e-07,-0.0026964097
3.264302e-07,-0.0027
3.265302e-07,-0.0027157973
3.266302e-07,-0.0027380572
3.267302e-07,-0.002758881
3.268302e-07,-0.0027689338
3.269302e-07,-0.0027653435
3.270302e-07,-0.0027538545
3.271302e-07,-0.0027438017
3.272302e-07,-0.0027459559
3.273302e-07,-0.0027617532
3.274302e-07,-0.0027861673
3.275302e-07,-0.002806991
3.276302e-07,-0.0028148897
3.277302e-07,-0.002806273
3.278302e-07,-0.0027868853
3.279302e-07,-0.0027703699
3.280302e-07,-0.0027689338
3.281302e-07,-0.0027876034
3.282302e-07,-0.0028213523
3.283302e-07,-0.0028586914
3.284302e-07,-0.0028838235
3.285302e-07,-0.002889568
3.286302e-07,-0.0028766429
3.287302e-07,-0.0028551011
3.288302e-07,-0.0028378676
3.289302e-07,-0.0028335593
3.290302e-07,-0.0028436121
3.291302e-07,-0.0028594095
3.292302e-07,-0.0028723346
3.293302e-07,-0.0028737707
3.294302e-07,-0.0028637178
3.295302e-07,-0.0028486386
3.296302e-07,-0.0028378676
3.297302e-07,-0.0028385857
3.298302e-07,-0.0028507927
3.299302e-07,-0.0028687443
3.300302e-07,-0.0028838235
3.301302e-07,-0.002889568
3.302302e-07,-0.0028838235
3.303302e-07,-0.0028723346
3.304302e-07,-0.0028608456
3.305302e-07,-0.0028558192
3.306302e-07,-0.0028586914
3.307302e-07,-0.002865872
3.308302e-07,-0.0028723346
3.309302e-07,-0.0028752068
3.310302e-07,-0.0028759249
3.311302e-07,-0.002877361
3.312302e-07,-0.0028838235
3.313302e-07,-0.0028953125
3.314302e-07,-0.0029096737
3.315302e-07,-0.0029190085
3.316302e-07,-0.0029182904
3.317302e-07,-0.0029068015
3.318302e-07,-0.0028902861
3.319302e-07,-0.0028759249
3.320302e-07,-0.0028723346
3.321302e-07,-0.0028838235
3.322302e-07,-0.0029060834
3.323302e-07,-0.0029319336
3.324302e-07,-0.0029527574
3.325302e-07,-0.0029635283
3.326302e-07,-0.0029649644
3.327302e-07,-0.0029628102
3.328302e-07,-0.0029642463
3.329302e-07,-0.002972145
3.330302e-07,-0.002983634
3.331302e-07,-0.0029951229
3.332302e-07,-0.0029987132
3.333302e-07,-0.0029929687
3.334302e-07,-0.0029807617
3.335302e-07,-0.0029692727
3.336302e-07,-0.0029642463
3.337302e-07,-0.0029692727
3.338302e-07,-0.0029814798
3.339302e-07,-0.0029936868
3.340302e-07,-0.0029987132
3.341302e-07,-0.0029944049
3.342302e-07,-0.002983634
3.343302e-07,-0.0029750172
3.344302e-07,-0.0029757353
3.345302e-07,-0.0029900965
3.346302e-07,-0.0030145106
3.347302e-07,-0.0030396427
3.348302e-07,-0.0030561581
3.349302e-07,-0.0030568761
3.350302e-07,-0.0030425149
3.351302e-07,-0.0030202551
3.352302e-07,-0.0029987132
3.353302e-07,-0.0029850701
3.354302e-07,-0.0029821978
3.355302e-07,-0.002984352
3.356302e-07,-0.0029872243
3.357302e-07,-0.0029850701
3.358302e-07,-0.0029771714
3.359302e-07,-0.0029678366
3.360302e-07,-0.0029642463
3.361302e-07,-0.0029699908
3.362302e-07,-0.0029857881
3.363302e-07,-0.0030051758
3.364302e-07,-0.0030216912
3.365302e-07,-0.0030281537
3.366302e-07,-0.0030224092
3.367302e-07,-0.0030066119
3.368302e-07,-0.0029872243
3.369302e-07,-0.0029699908
3.370302e-07,-0.0029577838
3.371302e-07,-0.0029527574
3.372302e-07,-0.0029527574
3.373302e-07,-0.0029549115
3.374302e-07,-0.0029577838
3.375302e-07,-0.0029613741
3.376302e-07,-0.0029642463
3.377302e-07,-0.0029664005
3.378302e-07,-0.0029642463
3.379302e-07,-0.0029563477
3.380302e-07,-0.0029412684
3.381302e-07,-0.0029218807
3.382302e-07,-0.0029032112
3.383302e-07,-0.0028924403
3.384302e-07,-0.0028953125
3.385302e-07,-0.002912546
3.386302e-07,-0.0029383961
3.387302e-07,-0.0029664005
3.388302e-07,-0.0029872243
3.389302e-07,-0.0029951229
3.390302e-07,-0.0029886604
3.391302e-07,-0.0029728631
3.392302e-07,-0.0029527574
3.393302e-07,-0.0029348058
3.394302e-07,-0.0029211627
3.395302e-07,-0.002912546
3.396302e-07,-0.0029068015
3.397302e-07,-0.0029024931
3.398302e-07,-0.0028989028
3.399302e-07,-0.0028960306
3.400302e-07,-0.0028953125
3.401302e-07,-0.0028953125
3.402302e-07,-0.0028938764
3.403302e-07,-0.0028902861
3.404302e-07,-0.0028838235
3.405302e-07,-0.0028766429
3.406302e-07,-0.0028730526
3.407302e-07,-0.0028752068
3.408302e-07,-0.0028838235
3.409302e-07,-0.0028960306
3.410302e-07,-0.0029068015
3.411302e-07,-0.0029103918
3.412302e-07,-0.0029068015
3.413302e-07,-0.0028981847
3.414302e-07,-0.0028917222
3.415302e-07,-0.0028938764
3.416302e-07,-0.0029068015
3.417302e-07,-0.0029283433
3.418302e-07,-0.0029506032
3.419302e-07,-0.0029642463
3.420302e-07,-0.0029642463
3.421302e-07,-0.0029520393
3.422302e-07,-0.0029348058
3.423302e-07,-0.0029211627
3.424302e-07,-0.0029182904
3.425302e-07,-0.0029261891
3.426302e-07,-0.0029398323
3.427302e-07,-0.0029506032
3.428302e-07,-0.0029527574
3.429302e-07,-0.0029462948
3.430302e-07,-0.002936242
3.431302e-07,-0.0029326517
3.432302e-07,-0.0029412684
3.433302e-07,-0.0029620921
3.434302e-07,-0.0029886604
3.435302e-07,-0.0030109203
3.436302e-07,-0.0030216912
3.437302e-07,-0.003019537
3.438302e-07,-0.0030102022
3.439302e-07,-0.0030044577
3.440302e-07,-0.0030102022
3.441302e-07,-0.0030303079
3.442302e-07,-0.0030583123
3.443302e-07,-0.0030855986
3.444302e-07,-0.003102114
3.445302e-07,-0.0031049862
3.446302e-07,-0.0030999598
3.447302e-07,-0.0030956514
3.448302e-07,-0.003102114
3.449302e-07,-0.0031229377
3.450302e-07,-0.0031530963
3.451302e-07,-0.0031839729
3.452302e-07,-0.0032055147
3.453302e-07,-0.0032126953
3.454302e-07,-0.003209105
3.455302e-07,-0.0032040786
3.456302e-07,-0.0032055147
3.457302e-07,-0.0032191579
3.458302e-07,-0.0032406997
3.459302e-07,-0.0032622415
3.460302e-07,-0.0032744485
3.461302e-07,-0.0032730124
3.462302e-07,-0.0032600873
3.463302e-07,-0.0032457261
3.464302e-07,-0.0032399816
3.465302e-07,-0.0032478803
3.466302e-07,-0.003267986
3.467302e-07,-0.003291682
3.468302e-07,-0.0033089154
3.469302e-07,-0.0033132238
3.470302e-07,-0.003303889
3.471302e-07,-0.0032880917
3.472302e-07,-0.0032744485
3.473302e-07,-0.0032694221
3.474302e-07,-0.0032730124
3.475302e-07,-0.0032809111
3.476302e-07,-0.0032859375
3.477302e-07,-0.0032830653
3.478302e-07,-0.0032730124
3.479302e-07,-0.0032600873
3.480302e-07,-0.0032514706
3.481302e-07,-0.0032514706
3.482302e-07,-0.0032586512
3.483302e-07,-0.003268704
3.484302e-07,-0.0032744485
3.485302e-07,-0.0032722943
3.486302e-07,-0.0032622415
3.487302e-07,-0.0032493164
3.488302e-07,-0.0032399816
3.489302e-07,-0.0032385455
3.490302e-07,-0.00324429
3.491302e-07,-0.0032536248
3.492302e-07,-0.0032629596
3.493302e-07,-0.003268704
3.494302e-07,-0.0032722943
3.495302e-07,-0.0032773208
3.496302e-07,-0.0032859375
3.497302e-07,-0.0032988626
3.498302e-07,-0.0033117877
3.499302e-07,-0.0033204044
3.500302e-07,-0.0033204044
3.501302e-07,-0.0033125057
3.502302e-07,-0.003303171
3.503302e-07,-0.0032995807
3.504302e-07,-0.0033089154
3.505302e-07,-0.0033318934
3.506302e-07,-0.0033634881
3.507302e-07,-0.0033936466
3.508302e-07,-0.0034123162
3.509302e-07,-0.0034166245
3.510302e-07,-0.0034080078
3.511302e-07,-0.0033965188
3.512302e-07,-0.0033893382
3.513302e-07,-0.0033929285
3.514302e-07,-0.0034058536
3.515302e-07,-0.003422369
3.516302e-07,-0.0034352941
3.517302e-07,-0.0034403205
3.518302e-07,-0.0034381664
3.519302e-07,-0.0034345761
3.520302e-07,-0.0034352941
3.521302e-07,-0.0034439108
3.522302e-07,-0.0034582721
3.523302e-07,-0.0034726333
3.524302e-07,-0.00348125
3.525302e-07,-0.0034805319
3.526302e-07,-0.0034719152
3.527302e-07,-0.0034625804
3.528302e-07,-0.0034582721
3.529302e-07,-0.0034640165
3.530302e-07,-0.0034790958
3.531302e-07,-0.0034984835
3.532302e-07,-0.0035157169
3.533302e-07,-0.0035279239
3.534302e-07,-0.0035351045
3.535302e-07,-0.0035415671
3.536302e-07,-0.0035501838
3.537302e-07,-0.0035623909
3.538302e-07,-0.0035738798
3.539302e-07,-0.0035796243
3.540302e-07,-0.0035731618
3.541302e-07,-0.0035552102
3.542302e-07,-0.0035300781
3.543302e-07,-0.0035099724
3.544302e-07,-0.0035042279
3.545302e-07,-0.0035185892
3.546302e-07,-0.0035509019
3.547302e-07,-0.0035925494
3.548302e-07,-0.0036306066
3.549302e-07,-0.0036550207
3.550302e-07,-0.0036614832
3.551302e-07,-0.0036507123
3.552302e-07,-0.0036306066
3.553302e-07,-0.0036090648
3.554302e-07,-0.0035911133
3.555302e-07,-0.0035796243
3.556302e-07,-0.0035731618
3.557302e-07,-0.0035695715
3.558302e-07,-0.0035666992
3.559302e-07,-0.003563827
3.560302e-07,-0.0035616728
3.561302e-07,-0.0035595186
3.562302e-07,-0.0035573644
3.563302e-07,-0.0035537741
3.564302e-07,-0.0035501838
3.565302e-07,-0.0035473116
3.566302e-07,-0.0035473116
3.567302e-07,-0.003552338
3.568302e-07,-0.0035616728
3.569302e-07,-0.0035717256
3.570302e-07,-0.0035781882
3.571302e-07,-0.0035745979
3.572302e-07,-0.0035616728
3.573302e-07,-0.0035422852
3.574302e-07,-0.0035228975
3.575302e-07,-0.0035128447
3.576302e-07,-0.0035157169
3.577302e-07,-0.0035300781
3.578302e-07,-0.0035501838
3.579302e-07,-0.0035659812
3.580302e-07,-0.0035731618
3.581302e-07,-0.0035710076
3.582302e-07,-0.0035652631
3.583302e-07,-0.003563827
3.584302e-07,-0.0035731618
3.585302e-07,-0.0035932675
3.586302e-07,-0.0036176815
3.587302e-07,-0.0036363511
3.588302e-07,-0.0036420956
3.589302e-07,-0.0036327608
3.590302e-07,-0.0036148093
3.591302e-07,-0.0035990119
3.592302e-07,-0.0035961397
3.593302e-07,-0.003611219
3.594302e-07,-0.0036406595
3.595302e-07,-0.0036744083
3.596302e-07,-0.0036995404
3.597302e-07,-0.0037088752
3.598302e-07,-0.0037009766
3.599302e-07,-0.003683025
3.600302e-07,-0.0036650735
3.601302e-07,-0.0036557387
3.602302e-07,-0.0036571749
3.603302e-07,-0.0036665097
3.604302e-07,-0.0036765625
3.605302e-07,-0.0036801528
3.606302e-07,-0.0036751264
3.607302e-07,-0.0036636374
3.608302e-07,-0.0036535846
3.609302e-07,-0.0036492762
3.610302e-07,-0.0036543026
3.611302e-07,-0.0036650735
3.612302e-07,-0.0036765625
3.613302e-07,-0.003682307
3.614302e-07,-0.0036794347
3.615302e-07,-0.0036686638
3.616302e-07,-0.0036535846
3.617302e-07,-0.0036385053
3.618302e-07,-0.0036277344
3.619302e-07,-0.0036219899
3.620302e-07,-0.0036191176
3.621302e-07,-0.0036176815
3.622302e-07,-0.0036155273
3.623302e-07,-0.003611937
3.624302e-07,-0.0036076287
3.625302e-07,-0.0036040384
3.626302e-07,-0.0036004481
3.627302e-07,-0.0035975758
3.628302e-07,-0.0035961397
3.629302e-07,-0.0035961397
3.630302e-07,-0.0035982939
3.631302e-07,-0.0036026023
3.632302e-07,-0.0036076287
3.633302e-07,-0.0036105009
3.634302e-07,-0.0036069106
3.635302e-07,-0.0035939855
3.636302e-07,-0.0035731618
3.637302e-07,-0.0035480296
3.638302e-07,-0.0035264878
3.639302e-07,-0.0035142808
3.640302e-07,-0.0035157169
3.641302e-07,-0.003528642
3.642302e-07,-0.0035451574
3.643302e-07,-0.0035588006
3.644302e-07,-0.0035616728
3.645302e-07,-0.0035537741
3.646302e-07,-0.0035379768
3.647302e-07,-0.0035236156
3.648302e-07,-0.0035157169
3.649302e-07,-0.003516435
3.650302e-07,-0.0035236156
3.651302e-07,-0.003528642
3.652302e-07,-0.0035272059
3.653302e-07,-0.0035157169
3.654302e-07,-0.0034977654
3.655302e-07,-0.0034798139
3.656302e-07,-0.003469761
3.657302e-07,-0.0034711972
3.658302e-07,-0.00348125
3.659302e-07,-0.0034948932
3.660302e-07,-0.0035042279
3.661302e-07,-0.0035042279
3.662302e-07,-0.0034948932
3.663302e-07,-0.00348125
3.664302e-07,-0.003469761
3.665302e-07,-0.0034654527
3.666302e-07,-0.003469043
3.667302e-07,-0.0034762236
3.668302e-07,-0.00348125
3.669302e-07,-0.0034798139
3.670302e-07,-0.0034711972
3.671302e-07,-0.0034582721
3.672302e-07,-0.0034467831
3.673302e-07,-0.0034424747
3.674302e-07,-0.003446065
3.675302e-07,-0.0034568359
3.676302e-07,-0.003469761
3.677302e-07,-0.0034805319
3.678302e-07,-0.0034877125
3.679302e-07,-0.0034905848
3.680302e-07,-0.003492739
3.681302e-07,-0.0034963293
3.682302e-07,-0.0035027918
3.683302e-07,-0.0035099724
3.684302e-07,-0.0035157169
3.685302e-07,-0.0035178711
3.686302e-07,-0.0035157169
3.687302e-07,-0.0035099724
3.688302e-07,-0.0035042279
3.689302e-07,-0.0035013557
3.690302e-07,-0.0035042279
3.691302e-07,-0.0035128447
3.692302e-07,-0.0035272059
3.693302e-07,-0.0035458755
3.694302e-07,-0.0035674173
3.695302e-07,-0.003588241
3.696302e-07,-0.0036076287
3.697302e-07,-0.0036219899
3.698302e-07,-0.0036298886
3.699302e-07,-0.0036320427
3.700302e-07,-0.0036306066
3.701302e-07,-0.0036298886
3.702302e-07,-0.003634915
3.703302e-07,-0.003646404
3.704302e-07,-0.0036650735
3.705302e-07,-0.0036851792
3.706302e-07,-0.0037016946
3.707302e-07,-0.0037103114
3.708302e-07,-0.0037110294
3.709302e-07,-0.0037088752
3.710302e-07,-0.0037095933
3.711302e-07,-0.00371821
3.712302e-07,-0.0037340074
3.713302e-07,-0.0037519589
3.714302e-07,-0.0037627298
3.715302e-07,-0.0037612937
3.716302e-07,-0.0037454963
3.717302e-07,-0.0037225184
3.718302e-07,-0.0037031307
3.719302e-07,-0.0036973863
3.720302e-07,-0.0037110294
3.721302e-07,-0.0037397518
3.722302e-07,-0.0037720646
3.723302e-07,-0.0037957606
3.724302e-07,-0.0038029412
3.725302e-07,-0.0037943244
3.726302e-07,-0.0037785271
3.727302e-07,-0.0037670381
3.728302e-07,-0.0037684743
3.729302e-07,-0.0037835535
3.730302e-07,-0.0038043773
3.731302e-07,-0.0038180205
3.732302e-07,-0.0038144301
3.733302e-07,-0.0037921703
3.734302e-07,-0.0037591395
3.735302e-07,-0.0037282629
3.736302e-07,-0.0037110294
3.737302e-07,-0.0037124655
3.738302e-07,-0.0037289809
3.739302e-07,-0.0037476505
3.740302e-07,-0.0037569853
3.741302e-07,-0.0037519589
3.742302e-07,-0.0037354435
3.743302e-07,-0.00371821
3.744302e-07,-0.0037110294
3.745302e-07,-0.0037203642
3.746302e-07,-0.0037440602
3.747302e-07,-0.0037713465
3.748302e-07,-0.0037914522
3.749302e-07,-0.0037957606
3.750302e-07,-0.0037857077
3.751302e-07,-0.0037691923
3.752302e-07,-0.0037569853
3.753302e-07,-0.0037584214
3.754302e-07,-0.0037735007
3.755302e-07,-0.0037957606
3.756302e-07,-0.0038144301
3.757302e-07,-0.0038201746
3.758302e-07,-0.0038108398
3.759302e-07,-0.0037907341
3.760302e-07,-0.0037684743
3.761302e-07,-0.003753395
3.762302e-07,-0.0037505227
3.763302e-07,-0.0037569853
3.764302e-07,-0.0037684743
3.765302e-07,-0.0037778091
3.766302e-07,-0.0037821174
3.767302e-07,-0.0037813994
3.768302e-07,-0.0037799632
3.769302e-07,-0.0037806813
3.770302e-07,-0.0037864258
3.771302e-07,-0.0037943244
3.772302e-07,-0.0038029412
3.773302e-07,-0.0038086857
3.774302e-07,-0.003812276
3.775302e-07,-0.003812994
3.776302e-07,-0.0038144301
3.777302e-07,-0.0038158663
3.778302e-07,-0.0038165843
3.779302e-07,-0.003812994
3.780302e-07,-0.0038029412
3.781302e-07,-0.0037864258
3.782302e-07,-0.0037684743
3.783302e-07,-0.0037526769
3.784302e-07,-0.0037454963
3.785302e-07,-0.0037469324
3.786302e-07,-0.003753395
3.787302e-07,-0.0037584214
3.788302e-07,-0.0037569853
3.789302e-07,-0.0037462144
3.790302e-07,-0.0037289809
3.791302e-07,-0.0037110294
3.792302e-07,-0.0036995404
3.793302e-07,-0.0036981043
3.794302e-07,-0.0037052849
3.795302e-07,-0.0037153378
3.796302e-07,-0.0037225184
3.797302e-07,-0.0037218003
3.798302e-07,-0.0037131836
3.799302e-07,-0.0037002585
3.800302e-07,-0.0036880515
3.801302e-07,-0.0036808709
3.802302e-07,-0.0036801528
3.803302e-07,-0.0036837431
3.804302e-07,-0.0036880515
3.805302e-07,-0.0036909237
3.806302e-07,-0.0036923598
3.807302e-07,-0.003694514
3.808302e-07,-0.0036995404
3.809302e-07,-0.0037074391
3.810302e-07,-0.0037160558
3.811302e-07,-0.0037218003
3.812302e-07,-0.0037225184
3.813302e-07,-0.0037167739
3.814302e-07,-0.0037081572
3.815302e-07,-0.0037009766
3.816302e-07,-0.0036995404
3.817302e-07,-0.0037045669
3.818302e-07,-0.0037146197
3.819302e-07,-0.0037261087
3.820302e-07,-0.0037340074
3.821302e-07,-0.0037383157
3.822302e-07,-0.0037397518
3.823302e-07,-0.003741188
3.824302e-07,-0.0037454963
3.825302e-07,-0.0037512408
3.826302e-07,-0.0037555492
3.827302e-07,-0.0037541131
3.828302e-07,-0.0037454963
3.829302e-07,-0.0037318532
3.830302e-07,-0.0037189281
3.831302e-07,-0.0037146197
3.832302e-07,-0.0037225184
3.833302e-07,-0.003741906
3.834302e-07,-0.003765602
3.835302e-07,-0.0037842716
3.836302e-07,-0.0037914522
3.837302e-07,-0.0037842716
3.838302e-07,-0.0037684743
3.839302e-07,-0.0037526769
3.840302e-07,-0.0037454963
3.841302e-07,-0.0037505227
3.842302e-07,-0.003764884
3.843302e-07,-0.0037813994
3.844302e-07,-0.0037914522
3.845302e-07,-0.0037914522
3.846302e-07,-0.0037828355
3.847302e-07,-0.0037727826
3.848302e-07,-0.0037684743
3.849302e-07,-0.0037756549
3.850302e-07,-0.0037936064
3.851302e-07,-0.0038165843
3.852302e-07,-0.0038374081
3.853302e-07,-0.0038496151
3.854302e-07,-0.0038510512
3.855302e-07,-0.0038453068
3.856302e-07,-0.0038374081
3.857302e-07,-0.0038316636
3.858302e-07,-0.0038309455
3.859302e-07,-0.0038330997
3.860302e-07,-0.0038374081
3.861302e-07,-0.0038417165
3.862302e-07,-0.003848179
3.863302e-07,-0.0038575138
3.864302e-07,-0.003871875
3.865302e-07,-0.0038905446
3.866302e-07,-0.0039106503
3.867302e-07,-0.0039250115
3.868302e-07,-0.0039293199
3.869302e-07,-0.0039221392
3.870302e-07,-0.0039063419
3.871302e-07,-0.0038869543
3.872302e-07,-0.003871875
3.873302e-07,-0.0038646944
3.874302e-07,-0.0038654125
3.875302e-07,-0.0038725931
3.876302e-07,-0.003883364
3.877302e-07,-0.0038948529
3.878302e-07,-0.0039063419
3.879302e-07,-0.0039178309
3.880302e-07,-0.0039293199
3.881302e-07,-0.0039379366
3.882302e-07,-0.0039408088
3.883302e-07,-0.0039343463
3.884302e-07,-0.0039178309
3.885302e-07,-0.0038962891
3.886302e-07,-0.0038769014
3.887302e-07,-0.0038675666
3.888302e-07,-0.003871875
3.889302e-07,-0.0038876723
3.890302e-07,-0.003907778
3.891302e-07,-0.0039235754
3.892302e-07,-0.0039293199
3.893302e-07,-0.0039250115
3.894302e-07,-0.0039156767
3.895302e-07,-0.0039113683
3.896302e-07,-0.0039178309
3.897302e-07,-0.0039350643
3.898302e-07,-0.0039558881
3.899302e-07,-0.0039724035
3.900302e-07,-0.0039752757
3.901302e-07,-0.0039637868
3.902302e-07,-0.003942963
3.903302e-07,-0.0039250115
3.904302e-07,-0.0039178309
3.905302e-07,-0.0039257295
3.906302e-07,-0.0039451172
3.907302e-07,-0.0039652229
3.908302e-07,-0.0039752757
3.909302e-07,-0.0039702493
3.910302e-07,-0.0039508617
3.911302e-07,-0.0039264476
3.912302e-07,-0.0039063419
3.913302e-07,-0.0038977252
3.914302e-07,-0.0039013155
3.915302e-07,-0.0039106503
3.916302e-07,-0.0039178309
3.917302e-07,-0.0039156767
3.918302e-07,-0.0039041877
3.919302e-07,-0.0038876723
3.920302e-07,-0.003871875
3.921302e-07,-0.0038625402
3.922302e-07,-0.0038582318
3.923302e-07,-0.0038560777
3.924302e-07,-0.0038488971
3.925302e-07,-0.0038323817
3.926302e-07,-0.0038072495
3.927302e-07,-0.0037799632
3.928302e-07,-0.0037569853
3.929302e-07,-0.0037462144
3.930302e-07,-0.0037490866
3.931302e-07,-0.0037620117
3.932302e-07,-0.0037799632
3.933302e-07,-0.0037957606
3.934302e-07,-0.0038043773
3.935302e-07,-0.0038065315
3.936302e-07,-0.0038029412
3.937302e-07,-0.0037957606
3.938302e-07,-0.0037878619
3.939302e-07,-0.0037778091
3.940302e-07,-0.0037684743
3.941302e-07,-0.0037605756
3.942302e-07,-0.0037562672
3.943302e-07,-0.0037584214
3.944302e-07,-0.0037684743
3.945302e-07,-0.0037835535
3.946302e-07,-0.0037986328
3.947302e-07,-0.0038101218
3.948302e-07,-0.0038144301
3.949302e-07,-0.0038137121
3.950302e-07,-0.0038115579
3.951302e-07,-0.0038151482
3.952302e-07,-0.0038259191
3.953302e-07,-0.0038424345
3.954302e-07,-0.0038582318
3.955302e-07,-0.0038661305
3.956302e-07,-0.003860386
3.957302e-07,-0.0038424345
3.958302e-07,-0.0038187385
3.959302e-07,-0.0037993509
3.960302e-07,-0.0037914522
3.961302e-07,-0.0037971967
3.962302e-07,-0.0038115579
3.963302e-07,-0.0038273552
3.964302e-07,-0.0038374081
3.965302e-07,-0.0038381261
3.966302e-07,-0.0038323817
3.967302e-07,-0.0038259191
3.968302e-07,-0.0038259191
3.969302e-07,-0.0038330997
3.970302e-07,-0.0038431526
3.971302e-07,-0.0038510512
3.972302e-07,-0.0038488971
3.973302e-07,-0.00383669
3.974302e-07,-0.0038180205
3.975302e-07,-0.003800787
3.976302e-07,-0.0037914522
3.977302e-07,-0.0037928883
3.978302e-07,-0.0038015051
3.979302e-07,-0.0038108398
3.980302e-07,-0.0038144301
3.981302e-07,-0.0038101218
3.982302e-07,-0.0038000689
3.983302e-07,-0.0037921703
3.984302e-07,-0.0037914522
3.985302e-07,-0.0037993509
3.986302e-07,-0.0038137121
3.987302e-07,-0.0038280733
3.988302e-07,-0.0038374081
3.989302e-07,-0.0038417165
3.990302e-07,-0.0038453068
3.991302e-07,-0.0038539235
3.992302e-07,-0.003871875
3.993302e-07,-0.0038970071
3.994302e-07,-0.0039228573
3.995302e-07,-0.0039393727
3.996302e-07,-0.0039408088
3.997302e-07,-0.0039278837
3.998302e-07,-0.0039084961
3.999302e-07,-0.0038941349
4.000302e-07,-0.0038948529
4.001302e-07,-0.0039128045
4.002302e-07,-0.0039422449
4.003302e-07,-0.0039745577
4.004302e-07,-0.0039982537
4.005302e-07,-0.0040111788
4.006302e-07,-0.0040154871
4.007302e-07,-0.0040205136
4.008302e-07,-0.0040327206
4.009302e-07,-0.0040535443
4.010302e-07,-0.0040779584
4.011302e-07,-0.004096628
4.012302e-07,-0.0041016544
4.013302e-07,-0.0040923196
4.014302e-07,-0.0040765223
4.015302e-07,-0.0040643153
4.016302e-07,-0.0040671875
4.017302e-07,-0.0040880113
4.018302e-07,-0.0041217601
4.019302e-07,-0.0041569451
4.020302e-07,-0.0041820772
4.021302e-07,-0.004191412
4.022302e-07,-0.0041885398
4.023302e-07,-0.0041827953
4.024302e-07,-0.0041820772
4.025302e-07,-0.0041921301
4.026302e-07,-0.0042086455
4.027302e-07,-0.0042237247
4.028302e-07,-0.0042280331
4.029302e-07,-0.0042186983
4.030302e-07,-0.0041993107
4.031302e-07,-0.0041806411
4.032302e-07,-0.0041705882
4.033302e-07,-0.0041748966
4.034302e-07,-0.0041892578
4.035302e-07,-0.0042064913
4.036302e-07,-0.0042165441
4.037302e-07,-0.004215108
4.038302e-07,-0.0042057732
4.039302e-07,-0.0041957204
4.040302e-07,-0.0041935662
4.041302e-07,-0.004202901
4.042302e-07,-0.0042208525
4.043302e-07,-0.0042395221
4.044302e-07,-0.004251011
4.045302e-07,-0.0042531652
4.046302e-07,-0.0042495749
4.047302e-07,-0.0042467027
4.048302e-07,-0.004251011
4.049302e-07,-0.0042639361
4.050302e-07,-0.0042811696
4.051302e-07,-0.0042940947
4.052302e-07,-0.0042969669
4.053302e-07,-0.0042905044
4.054302e-07,-0.0042804515
4.055302e-07,-0.0042768612
4.056302e-07,-0.0042854779
4.057302e-07,-0.0043041475
4.058302e-07,-0.0043235352
4.059302e-07,-0.0043314338
4.060302e-07,-0.0043199449
4.061302e-07,-0.0042897863
4.062302e-07,-0.004251011
4.063302e-07,-0.0042186983
4.064302e-07,-0.0042050551
4.065302e-07,-0.0042122358
4.066302e-07,-0.0042330595
4.067302e-07,-0.0042538833
4.068302e-07,-0.0042625
4.069302e-07,-0.0042553194
4.070302e-07,-0.0042395221
4.071302e-07,-0.004227315
4.072302e-07,-0.0042280331
4.073302e-07,-0.0042452665
4.074302e-07,-0.0042703987
4.075302e-07,-0.0042919405
4.076302e-07,-0.0042969669
4.077302e-07,-0.0042840418
4.078302e-07,-0.0042617819
4.079302e-07,-0.0042423943
4.080302e-07,-0.0042395221
4.081302e-07,-0.0042553194
4.082302e-07,-0.0042811696
4.083302e-07,-0.0043027114
4.084302e-07,-0.0043084559
4.085302e-07,-0.0042940947
4.086302e-07,-0.0042675264
4.087302e-07,-0.0042452665
4.088302e-07,-0.0042395221
4.089302e-07,-0.0042560375
4.090302e-07,-0.0042869141
4.091302e-07,-0.0043170726
4.092302e-07,-0.0043314338
4.093302e-07,-0.0043242532
4.094302e-07,-0.0043012753
4.095302e-07,-0.0042761432
4.096302e-07,-0.0042625
4.097302e-07,-0.0042675264
4.098302e-07,-0.0042876321
4.099302e-07,-0.0043091739
4.100302e-07,-0.0043199449
4.101302e-07,-0.0043156365
4.102302e-07,-0.0043005572
4.103302e-07,-0.0042869141
4.104302e-07,-0.0042854779
4.105302e-07,-0.004298403
4.106302e-07,-0.0043185087
4.107302e-07,-0.0043292796
4.108302e-07,-0.0043199449
4.109302e-07,-0.004286196
4.110302e-07,-0.0042380859
4.111302e-07,-0.0041935662
4.112302e-07,-0.0041705882
4.113302e-07,-0.0041770508
4.114302e-07,-0.0042072093
4.115302e-07,-0.0042452665
4.116302e-07,-0.004273989
4.117302e-07,-0.0042833238
4.118302e-07,-0.004273989
4.119302e-07,-0.0042589097
4.120302e-07,-0.004251011
4.121302e-07,-0.0042589097
4.122302e-07,-0.0042782973
4.123302e-07,-0.0042991211
4.124302e-07,-0.0043084559
4.125302e-07,-0.0042991211
4.126302e-07,-0.0042761432
4.127302e-07,-0.004251011
4.128302e-07,-0.0042395221
4.129302e-07,-0.0042481388
4.130302e-07,-0.004274707
4.131302e-07,-0.0043077378
4.132302e-07,-0.0043314338
4.133302e-07,-0.0043386144
4.134302e-07,-0.0043307158
4.135302e-07,-0.0043163545
4.136302e-07,-0.0043084559
4.137302e-07,-0.0043134823
4.138302e-07,-0.0043307158
4.139302e-07,-0.0043515395
4.140302e-07,-0.0043659007
4.141302e-07,-0.004369491
4.142302e-07,-0.0043644646
4.143302e-07,-0.0043608743
4.144302e-07,-0.0043659007
4.145302e-07,-0.0043824161
4.146302e-07,-0.004404676
4.147302e-07,-0.0044219095
4.148302e-07,-0.0044233456
4.149302e-07,-0.0044082663
4.150302e-07,-0.0043845703
4.151302e-07,-0.0043666188
4.152302e-07,-0.0043659007
4.153302e-07,-0.0043860064
4.154302e-07,-0.0044190372
4.155302e-07,-0.0044484777
4.156302e-07,-0.0044578125
4.157302e-07,-0.0044412971
4.158302e-07,-0.004403958
4.159302e-07,-0.0043615924
4.160302e-07,-0.0043314338
4.161302e-07,-0.0043242532
4.162302e-07,-0.0043371783
4.163302e-07,-0.0043601563
4.164302e-07,-0.0043773897
4.165302e-07,-0.0043788258
4.166302e-07,-0.0043651827
4.167302e-07,-0.004345077
4.168302e-07,-0.0043314338
4.169302e-07,-0.004333588
4.170302e-07,-0.0043501034
4.171302e-07,-0.0043723633
4.172302e-07,-0.0043888787
4.173302e-07,-0.0043910329
4.174302e-07,-0.0043781078
4.175302e-07,-0.0043587201
4.176302e-07,-0.0043429228
4.177302e-07,-0.0043378964
4.178302e-07,-0.0043443589
4.179302e-07,-0.0043565659
4.180302e-07,-0.0043659007
4.181302e-07,-0.0043680549
4.182302e-07,-0.0043637466
4.183302e-07,-0.0043608743
4.184302e-07,-0.0043659007
4.185302e-07,-0.0043831342
4.186302e-07,-0.0044082663
4.187302e-07,-0.0044326804
4.188302e-07,-0.0044463235
4.189302e-07,-0.0044441693
4.190302e-07,-0.0044298081
4.191302e-07,-0.0044118566
4.192302e-07,-0.0044003676
4.193302e-07,-0.0044010857
4.194302e-07,-0.0044140108
4.195302e-07,-0.0044319623
4.196302e-07,-0.0044463235
4.197302e-07,-0.0044535041
4.198302e-07,-0.0044535041
4.199302e-07,-0.0044535041
4.200302e-07,-0.0044578125
4.201302e-07,-0.0044693015
4.202302e-07,-0.0044836627
4.203302e-07,-0.0044929975
4.204302e-07,-0.0044922794
4.205302e-07,-0.0044793543
4.206302e-07,-0.0044599667
4.207302e-07,-0.0044427332
4.208302e-07,-0.0044348346
4.209302e-07,-0.0044369887
4.210302e-07,-0.0044434513
4.211302e-07,-0.0044448874
4.212302e-07,-0.0044348346
4.213302e-07,-0.0044140108
4.214302e-07,-0.0043917509
4.215302e-07,-0.0043802619
4.216302e-07,-0.0043888787
4.217302e-07,-0.0044183192
4.218302e-07,-0.0044585306
4.219302e-07,-0.0044922794
4.220302e-07,-0.0045037684
4.221302e-07,-0.004487253
4.222302e-07,-0.0044477597
4.223302e-07,-0.0044018038
4.224302e-07,-0.0043659007
4.225302e-07,-0.0043529756
4.226302e-07,-0.0043630285
4.227302e-07,-0.0043874426
4.228302e-07,-0.0044118566
4.229302e-07,-0.0044254998
4.230302e-07,-0.0044262178
4.231302e-07,-0.0044183192
4.232302e-07,-0.0044118566
4.233302e-07,-0.0044140108
4.234302e-07,-0.0044254998
4.235302e-07,-0.0044427332
4.236302e-07,-0.0044578125
4.237302e-07,-0.004464275
4.238302e-07,-0.0044614028
4.239302e-07,-0.0044527861
4.240302e-07,-0.0044463235
4.241302e-07,-0.0044448874
4.242302e-07,-0.0044491958
4.243302e-07,-0.0044549403
4.244302e-07,-0.0044578125
4.245302e-07,-0.0044549403
4.246302e-07,-0.0044491958
4.247302e-07,-0.0044448874
4.248302e-07,-0.0044463235
4.249302e-07,-0.0044527861
4.250302e-07,-0.0044614028
4.251302e-07,-0.004464275
4.252302e-07,-0.0044578125
4.253302e-07,-0.0044420152
4.254302e-07,-0.0044240636
4.255302e-07,-0.0044118566
4.256302e-07,-0.0044118566
4.257302e-07,-0.0044247817
4.258302e-07,-0.0044448874
4.259302e-07,-0.0044621209
4.260302e-07,-0.0044693015
4.261302e-07,-0.0044657112
4.262302e-07,-0.0044563764
4.263302e-07,-0.004452068
4.264302e-07,-0.0044578125
4.265302e-07,-0.004475046
4.266302e-07,-0.0044951517
4.267302e-07,-0.0045073587
4.268302e-07,-0.0045037684
4.269302e-07,-0.0044829446
4.270302e-07,-0.0044527861
4.271302e-07,-0.0044254998
4.272302e-07,-0.0044118566
4.273302e-07,-0.0044154469
4.274302e-07,-0.0044298081
4.275302e-07,-0.0044434513
4.276302e-07,-0.0044463235
4.277302e-07,-0.0044348346
4.278302e-07,-0.0044147289
4.279302e-07,-0.0043960593
4.280302e-07,-0.0043888787
4.281302e-07,-0.0043967773
4.282302e-07,-0.0044147289
4.283302e-07,-0.0044305262
4.284302e-07,-0.0044348346
4.285302e-07,-0.0044240636
4.286302e-07,-0.004403958
4.287302e-07,-0.0043845703
4.288302e-07,-0.0043773897
4.289302e-07,-0.0043852884
4.290302e-07,-0.0044032399
4.291302e-07,-0.0044190372
4.292302e-07,-0.0044233456
4.293302e-07,-0.0044125747
4.294302e-07,-0.0043910329
4.295302e-07,-0.0043723633
4.296302e-07,-0.0043659007
4.297302e-07,-0.0043759536
4.298302e-07,-0.0043967773
4.299302e-07,-0.004416165
4.300302e-07,-0.0044233456
4.301302e-07,-0.0044125747
4.302302e-07,-0.0043895967
4.303302e-07,-0.0043659007
4.304302e-07,-0.0043544118
4.305302e-07,-0.0043601563
4.306302e-07,-0.0043788258
4.307302e-07,-0.0044003676
4.308302e-07,-0.0044118566
4.309302e-07,-0.0044075483
4.310302e-07,-0.0043917509
4.311302e-07,-0.0043737994
4.312302e-07,-0.0043659007
4.313302e-07,-0.0043737994
4.314302e-07,-0.0043953412
4.315302e-07,-0.0044190372
4.316302e-07,-0.0044348346
4.317302e-07,-0.0044355526
4.318302e-07,-0.0044219095
4.319302e-07,-0.0044032399
4.320302e-07,-0.0043888787
4.321302e-07,-0.0043838523
4.322302e-07,-0.0043874426
4.323302e-07,-0.0043910329
4.324302e-07,-0.0043888787
4.325302e-07,-0.0043773897
4.326302e-07,-0.0043601563
4.327302e-07,-0.004345795
4.328302e-07,-0.0043429228
4.329302e-07,-0.0043522576
4.330302e-07,-0.0043673369
4.331302e-07,-0.0043788258
4.332302e-07,-0.0043773897
4.333302e-07,-0.0043601563
4.334302e-07,-0.0043328699
4.335302e-07,-0.0043084559
4.336302e-07,-0.0042969669
4.337302e-07,-0.0043019933
4.338302e-07,-0.0043192268
4.339302e-07,-0.0043364602
4.340302e-07,-0.0043429228
4.341302e-07,-0.0043343061
4.342302e-07,-0.0043149184
4.343302e-07,-0.0042955308
4.344302e-07,-0.0042854779
4.345302e-07,-0.0042897863
4.346302e-07,-0.0043034295
4.347302e-07,-0.0043163545
4.348302e-07,-0.0043199449
4.349302e-07,-0.0043091739
4.350302e-07,-0.0042897863
4.351302e-07,-0.0042711167
4.352302e-07,-0.0042625
4.353302e-07,-0.0042675264
4.354302e-07,-0.0042818876
4.355302e-07,-0.0042940947
4.356302e-07,-0.0042969669
4.357302e-07,-0.0042876321
4.358302e-07,-0.0042732709
4.359302e-07,-0.0042653722
4.360302e-07,-0.004273989
4.361302e-07,-0.0043012753
4.362302e-07,-0.0043393325
4.363302e-07,-0.0043730813
4.364302e-07,-0.0043888787
4.365302e-07,-0.0043824161
4.366302e-07,-0.0043608743
4.367302e-07,-0.0043386144
4.368302e-07,-0.0043314338
4.369302e-07,-0.0043465131
4.370302e-07,-0.0043795439
4.371302e-07,-0.0044176011
4.372302e-07,-0.0044463235
4.373302e-07,-0.0044556583
4.374302e-07,-0.0044477597
4.375302e-07,-0.0044326804
4.376302e-07,-0.0044233456
4.377302e-07,-0.004428372
4.378302e-07,-0.0044484777
4.379302e-07,-0.0044736098
4.380302e-07,-0.0044922794
4.381302e-07,-0.0044973058
4.382302e-07,-0.0044894072
4.383302e-07,-0.0044764821
4.384302e-07,-0.0044693015
4.385302e-07,-0.004475764
4.386302e-07,-0.0044944336
4.387302e-07,-0.0045188477
4.388302e-07,-0.0045382353
4.389302e-07,-0.0045454159
4.390302e-07,-0.0045403895
4.391302e-07,-0.0045310547
4.392302e-07,-0.0045267463
4.393302e-07,-0.0045332089
4.394302e-07,-0.0045497243
4.395302e-07,-0.00456983
4.396302e-07,-0.0045841912
4.397302e-07,-0.0045870634
4.398302e-07,-0.0045777286
4.399302e-07,-0.0045626494
4.400302e-07,-0.0045497243
4.401302e-07,-0.0045439798
4.402302e-07,-0.0045454159
4.403302e-07,-0.0045497243
4.404302e-07,-0.0045497243
4.405302e-07,-0.0045432617
4.406302e-07,-0.0045324908
4.407302e-07,-0.0045253102
4.408302e-07,-0.0045267463
4.409302e-07,-0.0045396714
4.410302e-07,-0.0045604952
4.411302e-07,-0.0045784467
4.412302e-07,-0.0045841912
4.413302e-07,-0.0045734203
4.414302e-07,-0.0045482881
4.415302e-07,-0.0045174115
4.416302e-07,-0.0044922794
4.417302e-07,-0.0044793543
4.418302e-07,-0.0044786363
4.419302e-07,-0.0044858169
4.420302e-07,-0.0044922794
4.421302e-07,-0.0044937155
4.422302e-07,-0.0044886891
4.423302e-07,-0.0044822266
4.424302e-07,-0.0044807904
4.425302e-07,-0.004487253
4.426302e-07,-0.0045001781
4.427302e-07,-0.0045152574
4.428302e-07,-0.0045267463
4.429302e-07,-0.0045310547
4.430302e-07,-0.0045296186
4.431302e-07,-0.0045260283
4.432302e-07,-0.0045267463
4.433302e-07,-0.0045332089
4.434302e-07,-0.0045432617
4.435302e-07,-0.0045540326
4.436302e-07,-0.0045612132
4.437302e-07,-0.0045640855
4.438302e-07,-0.0045662397
4.439302e-07,-0.0045719841
4.440302e-07,-0.0045841912
4.441302e-07,-0.0046021427
4.442302e-07,-0.0046193761
4.443302e-07,-0.0046301471
4.444302e-07,-0.0046301471
4.445302e-07,-0.0046229665
4.446302e-07,-0.0046165039
4.447302e-07,-0.0046208123
4.448302e-07,-0.004641636
4.449302e-07,-0.0046775391
4.450302e-07,-0.0047191866
4.451302e-07,-0.0047529354
4.452302e-07,-0.0047680147
4.453302e-07,-0.0047629883
4.454302e-07,-0.0047450368
4.455302e-07,-0.0047270852
4.456302e-07,-0.0047220588
4.457302e-07,-0.004735702
4.458302e-07,-0.0047651425
4.459302e-07,-0.0047988913
4.460302e-07,-0.0048254596
4.461302e-07,-0.0048376666
4.462302e-07,-0.0048369485
4.463302e-07,-0.0048297679
4.464302e-07,-0.0048254596
4.465302e-07,-0.0048290499
4.466302e-07,-0.0048405388
4.467302e-07,-0.0048534639
4.468302e-07,-0.0048599265
4.469302e-07,-0.0048570542
4.470302e-07,-0.0048470014
4.471302e-07,-0.0048340763
4.472302e-07,-0.0048254596
4.473302e-07,-0.0048225873
4.474302e-07,-0.0048218693
4.475302e-07,-0.0048168428
4.476302e-07,-0.0048024816
4.477302e-07,-0.0047773495
4.478302e-07,-0.0047486271
4.479302e-07,-0.0047234949
4.480302e-07,-0.0047105699
4.481302e-07,-0.0047105699
4.482302e-07,-0.0047177505
4.483302e-07,-0.0047206227
4.484302e-07,-0.0047105699
4.485302e-07,-0.0046847197
4.486302e-07,-0.0046495347
4.487302e-07,-0.0046165039
4.488302e-07,-0.0045956801
4.489302e-07,-0.0045928079
4.490302e-07,-0.0046028608
4.491302e-07,-0.0046157858
4.492302e-07,-0.0046186581
4.493302e-07,-0.004605733
4.494302e-07,-0.0045791648
4.495302e-07,-0.0045490062
4.496302e-07,-0.0045267463
4.497302e-07,-0.0045202838
4.498302e-07,-0.0045296186
4.499302e-07,-0.004546852
4.500302e-07,-0.0045612132
4.501302e-07,-0.0045648035
4.502302e-07,-0.0045554687
4.503302e-07,-0.0045403895
4.504302e-07,-0.0045267463
4.505302e-07,-0.004522438
4.506302e-07,-0.0045296186
4.507302e-07,-0.0045446978
4.508302e-07,-0.0045612132
4.509302e-07,-0.0045741383
4.510302e-07,-0.0045806009
4.511302e-07,-0.0045827551
4.512302e-07,-0.0045841912
4.513302e-07,-0.0045863454
4.514302e-07,-0.0045884995
4.515302e-07,-0.0045884995
4.516302e-07,-0.0045841912
4.517302e-07,-0.0045777286
4.518302e-07,-0.0045741383
4.519302e-07,-0.0045791648
4.520302e-07,-0.0045956801
4.521302e-07,-0.0046229665
4.522302e-07,-0.004653125
4.523302e-07,-0.004676821
4.524302e-07,-0.0046875919
4.525302e-07,-0.0046840016
4.526302e-07,-0.0046732307
4.527302e-07,-0.0046638959
4.528302e-07,-0.004664614
4.529302e-07,-0.0046789752
4.530302e-07,-0.0047012351
4.531302e-07,-0.0047220588
4.532302e-07,-0.0047335478
4.533302e-07,-0.0047313936
4.534302e-07,-0.0047191866
4.535302e-07,-0.0047055434
4.536302e-07,-0.0046990809
4.537302e-07,-0.0047041073
4.538302e-07,-0.0047163143
4.539302e-07,-0.0047292394
4.540302e-07,-0.0047335478
4.541302e-07,-0.0047256491
4.542302e-07,-0.0047084157
4.543302e-07,-0.004689028
4.544302e-07,-0.0046761029
4.545302e-07,-0.0046732307
4.546302e-07,-0.0046782571
4.547302e-07,-0.0046854377
4.548302e-07,-0.0046875919
4.549302e-07,-0.0046811294
4.550302e-07,-0.0046696404
4.551302e-07,-0.0046581514
4.552302e-07,-0.004653125
4.553302e-07,-0.0046567153
4.554302e-07,-0.004664614
4.555302e-07,-0.0046696404
4.556302e-07,-0.004664614
4.557302e-07,-0.0046480986
4.558302e-07,-0.0046236845
4.559302e-07,-0.0045999885
4.560302e-07,-0.0045841912
4.561302e-07,-0.0045791648
4.562302e-07,-0.0045806009
4.563302e-07,-0.0045806009
4.564302e-07,-0.0045727022
4.565302e-07,-0.0045554687
4.566302e-07,-0.0045339269
4.567302e-07,-0.0045181296
4.568302e-07,-0.0045152574
4.569302e-07,-0.0045274644
4.570302e-07,-0.0045482881
4.571302e-07,-0.0045669577
4.572302e-07,-0.0045727022
4.573302e-07,-0.0045604952
4.574302e-07,-0.0045339269
4.575302e-07,-0.0045037684
4.576302e-07,-0.0044807904
4.577302e-07,-0.0044721737
4.578302e-07,-0.0044786363
4.579302e-07,-0.0044915614
4.580302e-07,-0.0045037684
4.581302e-07,-0.0045087948
4.582302e-07,-0.0045066406
4.583302e-07,-0.0045030503
4.584302e-07,-0.0045037684
4.585302e-07,-0.0045123851
4.586302e-07,-0.0045274644
4.587302e-07,-0.0045418256
4.588302e-07,-0.0045497243
4.589302e-07,-0.0045475701
4.590302e-07,-0.0045389534
4.591302e-07,-0.0045296186
4.592302e-07,-0.0045267463
4.593302e-07,-0.0045317727
4.594302e-07,-0.0045418256
4.595302e-07,-0.0045504423
4.596302e-07,-0.0045497243
4.597302e-07,-0.0045389534
4.598302e-07,-0.0045217199
4.599302e-07,-0.0045073587
4.600302e-07,-0.0045037684
4.601302e-07,-0.0045138212
4.602302e-07,-0.0045339269
4.603302e-07,-0.0045561868
4.604302e-07,-0.0045727022
4.605302e-07,-0.0045784467
4.606302e-07,-0.0045762925
4.607302e-07,-0.0045719841
4.608302e-07,-0.0045727022
4.609302e-07,-0.0045813189
4.610302e-07,-0.0045963982
4.611302e-07,-0.0046100414
4.612302e-07,-0.0046186581
4.613302e-07,-0.0046193761
4.614302e-07,-0.004617222
4.615302e-07,-0.0046186581
4.616302e-07,-0.0046301471
4.617302e-07,-0.0046524069
4.618302e-07,-0.0046811294
4.619302e-07,-0.0047062615
4.620302e-07,-0.0047220588
4.621302e-07,-0.0047249311
4.622302e-07,-0.0047184685
4.623302e-07,-0.004712006
4.624302e-07,-0.0047105699
4.625302e-07,-0.0047177505
4.626302e-07,-0.0047299575
4.627302e-07,-0.0047407284
4.628302e-07,-0.0047450368
4.629302e-07,-0.0047428826
4.630302e-07,-0.0047392923
