LECROYHDO6104B,11090,Waveform
Segments,1,SegmentSize,5002
Segment,TrigTime,TimeSinceSegment1
#1,04-May-2026 18:25:49,0                 
Time,Ampl
-3.705503e-08,-0.0048958295
-3.695503e-08,-0.0049173713
-3.685503e-08,-0.0049353228
-3.675503e-08,-0.0049403493
-3.665503e-08,-0.0049295784
-3.655503e-08,-0.0049080365
-3.645503e-08,-0.0048886489
-3.635503e-08,-0.0048829044
-3.625503e-08,-0.0048958295
-3.615503e-08,-0.0049245519
-3.605503e-08,-0.0049583008
-3.595503e-08,-0.0049863051
-3.585503e-08,-0.0050013844
-3.575503e-08,-0.0050042567
-3.565503e-08,-0.0050006664
-3.555503e-08,-0.0049977941
-3.545503e-08,-0.0049999483
-3.535503e-08,-0.0050042567
-3.525503e-08,-0.0050049747
-3.515503e-08,-0.0049977941
-3.505503e-08,-0.0049827148
-3.495503e-08,-0.0049654814
-3.485503e-08,-0.0049568647
-3.475503e-08,-0.0049633272
-3.465503e-08,-0.004984869
-3.455503e-08,-0.0050143095
-3.445503e-08,-0.0050372875
-3.435503e-08,-0.00504375
-3.425503e-08,-0.0050308249
-3.415503e-08,-0.0050056928
-3.405503e-08,-0.0049827148
-3.395503e-08,-0.0049748162
-3.385503e-08,-0.0049884593
-3.375503e-08,-0.0050193359
-3.365503e-08,-0.0050538028
-3.355503e-08,-0.0050782169
-3.345503e-08,-0.0050825253
-3.335503e-08,-0.005067446
-3.325503e-08,-0.0050423139
-3.315503e-08,-0.0050207721
-3.305503e-08,-0.0050128734
-3.295503e-08,-0.0050222082
-3.285503e-08,-0.0050430319
-3.275503e-08,-0.0050667279
-3.265503e-08,-0.0050861156
-3.255503e-08,-0.0050968865
-3.245503e-08,-0.0051004768
-3.235503e-08,-0.0051011949
-3.225503e-08,-0.0051004768
-3.215503e-08,-0.0050983226
-3.205503e-08,-0.005091142
-3.195503e-08,-0.0050782169
-3.185503e-08,-0.0050624196
-3.175503e-08,-0.0050502125
-3.165503e-08,-0.0050502125
-3.155503e-08,-0.0050667279
-3.145503e-08,-0.0050961684
-3.135503e-08,-0.0051277631
-3.125503e-08,-0.0051485869
-3.115503e-08,-0.0051471507
-3.105503e-08,-0.0051227367
-3.095503e-08,-0.0050839614
-3.085503e-08,-0.0050487764
-3.075503e-08,-0.005032261
-3.065503e-08,-0.0050430319
-3.055503e-08,-0.0050767808
-3.045503e-08,-0.0051205825
-3.035503e-08,-0.0051586397
-3.025503e-08,-0.0051780273
-3.015503e-08,-0.0051773093
-3.005503e-08,-0.0051629481
-2.995503e-08,-0.0051471507
-2.985503e-08,-0.0051399701
-2.975503e-08,-0.0051449966
-2.965503e-08,-0.0051579216
-2.955503e-08,-0.0051701287
-2.945503e-08,-0.005174437
-2.935503e-08,-0.0051686926
-2.925503e-08,-0.0051572036
-2.915503e-08,-0.0051471507
-2.905503e-08,-0.0051457146
-2.895503e-08,-0.0051536133
-2.885503e-08,-0.0051679745
-2.875503e-08,-0.0051816176
-2.865503e-08,-0.0051895163
-2.855503e-08,-0.0051895163
-2.845503e-08,-0.005185208
-2.835503e-08,-0.0051816176
-2.825503e-08,-0.0051837718
-2.815503e-08,-0.0051909524
-2.805503e-08,-0.0052002872
-2.795503e-08,-0.0052045956
-2.785503e-08,-0.0052002872
-2.775503e-08,-0.0051866441
-2.765503e-08,-0.0051672564
-2.755503e-08,-0.0051471507
-2.745503e-08,-0.0051320715
-2.735503e-08,-0.0051241728
-2.725503e-08,-0.0051227367
-2.715503e-08,-0.0051241728
-2.705503e-08,-0.0051277631
-2.695503e-08,-0.0051320715
-2.685503e-08,-0.005138534
-2.675503e-08,-0.0051471507
-2.665503e-08,-0.0051572036
-2.655503e-08,-0.0051651023
-2.645503e-08,-0.0051658203
-2.635503e-08,-0.0051586397
-2.625503e-08,-0.0051442785
-2.615503e-08,-0.0051277631
-2.605503e-08,-0.0051155561
-2.595503e-08,-0.0051126838
-2.585503e-08,-0.0051177102
-2.575503e-08,-0.005126327
-2.565503e-08,-0.0051299173
-2.555503e-08,-0.0051241728
-2.545503e-08,-0.0051076574
-2.535503e-08,-0.0050846795
-2.525503e-08,-0.0050652918
-2.515503e-08,-0.005055239
-2.505503e-08,-0.0050581112
-2.495503e-08,-0.0050703182
-2.485503e-08,-0.0050832433
-2.475503e-08,-0.0050897059
-2.465503e-08,-0.0050853975
-2.455503e-08,-0.0050724724
-2.445503e-08,-0.005055957
-2.435503e-08,-0.00504375
-2.425503e-08,-0.0050394416
-2.415503e-08,-0.0050430319
-2.405503e-08,-0.0050502125
-2.395503e-08,-0.005055239
-2.385503e-08,-0.0050566751
-2.375503e-08,-0.0050566751
-2.365503e-08,-0.0050581112
-2.355503e-08,-0.0050667279
-2.345503e-08,-0.0050825253
-2.335503e-08,-0.0051011949
-2.325503e-08,-0.0051169922
-2.315503e-08,-0.0051241728
-2.305503e-08,-0.0051213006
-2.295503e-08,-0.0051112477
-2.285503e-08,-0.005102631
-2.275503e-08,-0.0051011949
-2.265503e-08,-0.0051112477
-2.255503e-08,-0.0051299173
-2.245503e-08,-0.0051521772
-2.235503e-08,-0.0051701287
-2.225503e-08,-0.0051808996
-2.215503e-08,-0.0051844899
-2.205503e-08,-0.0051873621
-2.195503e-08,-0.0051931066
-2.185503e-08,-0.0052045956
-2.175503e-08,-0.0052196749
-2.165503e-08,-0.0052326
-2.155503e-08,-0.0052390625
-2.145503e-08,-0.0052369083
-2.135503e-08,-0.0052290097
-2.125503e-08,-0.0052203929
-2.115503e-08,-0.0052160846
-2.105503e-08,-0.0052189568
-2.095503e-08,-0.0052247013
-2.085503e-08,-0.0052297277
-2.075503e-08,-0.0052275735
-2.065503e-08,-0.0052182387
-2.055503e-08,-0.0052045956
-2.045503e-08,-0.0051945427
-2.035503e-08,-0.0051931066
-2.025503e-08,-0.0052017233
-2.015503e-08,-0.0052160846
-2.005503e-08,-0.0052268555
-1.995503e-08,-0.0052275735
-1.985503e-08,-0.0052139304
-1.975503e-08,-0.0051887983
-1.965503e-08,-0.0051593578
-1.955503e-08,-0.0051356618
-1.945503e-08,-0.0051227367
-1.935503e-08,-0.0051213006
-1.925503e-08,-0.0051277631
-1.915503e-08,-0.0051356618
-1.905503e-08,-0.0051421243
-1.895503e-08,-0.0051464327
-1.885503e-08,-0.005150741
-1.875503e-08,-0.0051586397
-1.865503e-08,-0.0051694106
-1.855503e-08,-0.0051808996
-1.845503e-08,-0.005185926
-1.835503e-08,-0.0051816176
-1.825503e-08,-0.0051665384
-1.815503e-08,-0.0051457146
-1.805503e-08,-0.0051256089
-1.795503e-08,-0.0051126838
-1.785503e-08,-0.0051090935
-1.775503e-08,-0.0051119658
-1.765503e-08,-0.0051155561
-1.755503e-08,-0.0051126838
-1.745503e-08,-0.0051011949
-1.735503e-08,-0.0050839614
-1.725503e-08,-0.0050667279
-1.715503e-08,-0.005055239
-1.705503e-08,-0.0050523667
-1.695503e-08,-0.005055957
-1.685503e-08,-0.0050624196
-1.675503e-08,-0.0050667279
-1.665503e-08,-0.0050667279
-1.655503e-08,-0.0050652918
-1.645503e-08,-0.0050645738
-1.635503e-08,-0.0050667279
-1.625503e-08,-0.0050710363
-1.615503e-08,-0.0050739085
-1.605503e-08,-0.0050688821
-1.595503e-08,-0.005055239
-1.585503e-08,-0.0050358513
-1.575503e-08,-0.0050171818
-1.565503e-08,-0.0050071289
-1.555503e-08,-0.0050092831
-1.545503e-08,-0.0050214901
-1.535503e-08,-0.0050351333
-1.525503e-08,-0.0050401597
-1.515503e-08,-0.005032261
-1.505503e-08,-0.0050121553
-1.495503e-08,-0.0049891774
-1.485503e-08,-0.0049740981
-1.475503e-08,-0.0049748162
-1.465503e-08,-0.0049898955
-1.455503e-08,-0.0050100011
-1.445503e-08,-0.0050236443
-1.435503e-08,-0.0050207721
-1.425503e-08,-0.0050013844
-1.415503e-08,-0.0049748162
-1.405503e-08,-0.0049547105
-1.395503e-08,-0.0049518382
-1.385503e-08,-0.0049697898
-1.375503e-08,-0.0050006664
-1.365503e-08,-0.0050293888
-1.355503e-08,-0.00504375
-1.345503e-08,-0.0050380055
-1.335503e-08,-0.0050171818
-1.325503e-08,-0.0049956399
-1.315503e-08,-0.0049863051
-1.305503e-08,-0.0049970761
-1.295503e-08,-0.0050243624
-1.285503e-08,-0.005055957
-1.275503e-08,-0.0050782169
-1.265503e-08,-0.0050818072
-1.255503e-08,-0.0050681641
-1.245503e-08,-0.0050473403
-1.235503e-08,-0.005032261
-1.225503e-08,-0.0050336972
-1.215503e-08,-0.0050530848
-1.205503e-08,-0.0050832433
-1.195503e-08,-0.0051126838
-1.185503e-08,-0.0051306353
-1.175503e-08,-0.0051335076
-1.165503e-08,-0.0051248909
-1.155503e-08,-0.0051126838
-1.145503e-08,-0.0051047852
-1.135503e-08,-0.0051055032
-1.125503e-08,-0.0051134019
-1.115503e-08,-0.0051241728
-1.105503e-08,-0.0051335076
-1.095503e-08,-0.0051406882
-1.085503e-08,-0.0051478688
-1.075503e-08,-0.0051586397
-1.065503e-08,-0.005173719
-1.055503e-08,-0.0051902344
-1.045503e-08,-0.0052024414
-1.035503e-08,-0.0052045956
-1.025503e-08,-0.0051952608
-1.015503e-08,-0.0051780273
-1.005503e-08,-0.0051593578
-9.955033e-09,-0.0051471507
-9.855033e-09,-0.0051449966
-9.755033e-09,-0.005150023
-9.655033e-09,-0.0051572036
-9.555033e-09,-0.0051586397
-9.455033e-09,-0.005150741
-9.355033e-09,-0.0051363798
-9.255033e-09,-0.0051205825
-9.155033e-09,-0.0051126838
-9.055033e-09,-0.0051155561
-8.955033e-09,-0.0051291992
-8.855033e-09,-0.0051457146
-8.755033e-09,-0.0051586397
-8.655033e-09,-0.0051615119
-8.555033e-09,-0.0051536133
-8.455033e-09,-0.0051392521
-8.355033e-09,-0.0051241728
-8.255033e-09,-0.0051126838
-8.155033e-09,-0.0051055032
-8.055033e-09,-0.005102631
-7.955033e-09,-0.0051011949
-7.855033e-09,-0.0051004768
-7.755033e-09,-0.005102631
-7.655033e-09,-0.0051098116
-7.555033e-09,-0.0051241728
-7.455033e-09,-0.0051428424
-7.355033e-09,-0.0051607939
-7.255033e-09,-0.0051708467
-7.155033e-09,-0.0051701287
-7.055033e-09,-0.0051593578
-6.955033e-09,-0.0051442785
-6.855033e-09,-0.0051342256
-6.755033e-09,-0.0051356618
-6.655033e-09,-0.0051485869
-6.555033e-09,-0.0051686926
-6.455033e-09,-0.005185926
-6.355033e-09,-0.0051931066
-6.255033e-09,-0.0051887983
-6.155033e-09,-0.0051773093
-6.055033e-09,-0.0051679745
-5.955033e-09,-0.0051701287
-5.855033e-09,-0.005185926
-5.755033e-09,-0.0052110581
-5.655033e-09,-0.0052361903
-5.555033e-09,-0.0052505515
-5.455033e-09,-0.0052491153
-5.355033e-09,-0.005233318
-5.255033e-09,-0.0052110581
-5.155033e-09,-0.0051931066
-5.055033e-09,-0.0051844899
-4.955033e-09,-0.005185208
-4.855033e-09,-0.0051873621
-4.755033e-09,-0.0051816176
-4.655033e-09,-0.0051600758
-4.555033e-09,-0.0051213006
-4.455033e-09,-0.0050688821
-4.355033e-09,-0.0050092831
-4.255033e-09,-0.0049475299
-4.155033e-09,-0.0048843405
-4.055033e-09,-0.0048154067
-3.955033e-09,-0.0047335478
-3.855033e-09,-0.0046337374
-3.755033e-09,-0.0045152574
-3.655033e-09,-0.0043816981
-3.555033e-09,-0.0042395221
-3.455033e-09,-0.0040937557
-3.355033e-09,-0.0039443991
-3.255033e-09,-0.0037878619
-3.155033e-09,-0.0036191176
-3.055033e-09,-0.0034317038
-2.955033e-09,-0.0032256204
-2.855033e-09,-0.0030023035
-2.755033e-09,-0.0027689338
-2.655033e-09,-0.0025298196
-2.555033e-09,-0.0022885512
-2.455033e-09,-0.0020436926
-2.355033e-09,-0.0017923713
-2.255033e-09,-0.0015309972
-2.155033e-09,-0.0012574161
-2.055033e-09,-0.00097234605
-1.955033e-09,-0.00067794118
-1.855033e-09,-0.00037779182
-1.755033e-09,-7.3334099e-05
-1.655033e-09,0.0002332778
-1.555033e-09,0.00053988971
-1.455033e-09,0.00084506549
-1.355033e-09,0.0011452148
-1.255033e-09,0.0014381836
-1.155033e-09,0.0017232537
-1.055033e-09,0.0020018612
-9.55033e-10,0.0022783146
-8.55033e-10,0.002556204
-7.55033e-10,0.0028376838
-6.55033e-10,0.0031213178
-5.55033e-10,0.0034027976
-4.55033e-10,0.0036770967
-3.55033e-10,0.003940625
-2.55033e-10,0.0041919462
-1.55033e-10,0.0044317785
-5.503303e-11,0.004662276
4.496697e-11,0.0048827206
1.44967e-10,0.0050902401
2.44967e-10,0.0052805262
3.44967e-10,0.0054521427
4.44967e-10,0.0056065257
5.44967e-10,0.0057501379
6.44967e-10,0.0058923139
7.44967e-10,0.0060395163
8.44967e-10,0.0061924632
9.44967e-10,0.0063446921
1.044967e-09,0.00648615
1.144967e-09,0.0066053481
1.244967e-09,0.0066979779
1.344967e-09,0.0067690659
1.444967e-09,0.006828665
1.544967e-09,0.0068911363
1.644967e-09,0.0069622243
1.744967e-09,0.007041929
1.844967e-09,0.0071194795
1.944967e-09,0.007184105
2.044967e-09,0.0072264706
2.144967e-09,0.0072472943
2.244967e-09,0.0072559111
2.344967e-09,0.0072652459
2.444967e-09,0.0072839154
2.544967e-09,0.007314074
2.644967e-09,0.007349259
2.744967e-09,0.0073765453
2.844967e-09,0.0073873162
2.944967e-09,0.0073808536
3.044967e-09,0.0073650563
3.144967e-09,0.0073521312
3.244967e-09,0.0073528493
3.344967e-09,0.0073693647
3.444967e-09,0.0073937787
3.544967e-09,0.0074153205
3.644967e-09,0.0074217831
3.744967e-09,0.0074102941
3.844967e-09,0.0073873162
3.944967e-09,0.0073643382
4.044967e-09,0.0073528493
4.144967e-09,0.0073564396
4.244967e-09,0.0073715188
4.344967e-09,0.0073887523
4.444967e-09,0.0073988051
4.544967e-09,0.0074002413
4.644967e-09,0.0073988051
4.744967e-09,0.0074038316
4.844967e-09,0.0074217831
4.944967e-09,0.0074526597
5.044967e-09,0.0074864085
5.144967e-09,0.0075101045
5.244967e-09,0.0075136949
5.344967e-09,0.0074971795
5.444967e-09,0.0074713293
5.544967e-09,0.0074526597
5.644967e-09,0.00745625
5.744967e-09,0.0074856905
5.844967e-09,0.0075330825
5.944967e-09,0.0075819106
6.044967e-09,0.0076170956
6.144967e-09,0.0076314568
6.244967e-09,0.0076293026
6.344967e-09,0.0076235581
6.444967e-09,0.0076285846
6.544967e-09,0.0076494083
6.644967e-09,0.0076824391
6.744967e-09,0.0077140338
6.844967e-09,0.0077319853
6.944967e-09,0.0077298311
7.044967e-09,0.0077140338
7.144967e-09,0.0076982364
7.244967e-09,0.0076975184
7.344967e-09,0.0077190602
7.444967e-09,0.0077607077
7.544967e-09,0.0078080997
7.644967e-09,0.007846875
7.744967e-09,0.0078669807
7.844967e-09,0.0078691349
7.944967e-09,0.0078619543
8.044967e-09,0.007858364
8.144967e-09,0.0078655446
8.244967e-09,0.0078834961
8.344967e-09,0.0079028837
8.444967e-09,0.0079158088
8.544967e-09,0.0079158088
8.644967e-09,0.0079050379
8.744967e-09,0.007894267
8.844967e-09,0.0078928309
8.944967e-09,0.007905756
9.044967e-09,0.0079308881
9.144967e-09,0.0079567383
9.244967e-09,0.0079732537
9.344967e-09,0.0079732537
9.444967e-09,0.0079603286
9.544967e-09,0.0079409409
9.644967e-09,0.0079272978
9.744967e-09,0.0079244256
9.844967e-09,0.00793017
9.944967e-09,0.0079373506
1.004497e-08,0.0079387868
1.014497e-08,0.00793017
1.024497e-08,0.0079143727
1.034497e-08,0.0078992934
1.044497e-08,0.0078928309
1.054497e-08,0.0078964212
1.064497e-08,0.0079050379
1.074497e-08,0.0079100643
1.084497e-08,0.0079043199
1.094497e-08,0.0078863683
1.104497e-08,0.0078626723
1.114497e-08,0.0078425666
1.124497e-08,0.007835386
1.134497e-08,0.0078411305
1.144497e-08,0.0078519014
1.154497e-08,0.0078569278
1.164497e-08,0.007846875
1.174497e-08,0.0078217429
1.184497e-08,0.0077908663
1.194497e-08,0.0077686064
1.204497e-08,0.0077664522
1.214497e-08,0.0077858398
1.224497e-08,0.0078181526
1.234497e-08,0.007846875
1.244497e-08,0.007858364
1.254497e-08,0.007846875
1.264497e-08,0.0078181526
1.274497e-08,0.0077865579
1.284497e-08,0.0077664522
1.294497e-08,0.007764298
1.304497e-08,0.0077750689
1.314497e-08,0.007787994
1.324497e-08,0.0077894301
1.334497e-08,0.0077750689
1.344497e-08,0.0077485007
1.354497e-08,0.0077226505
1.364497e-08,0.0077090074
1.374497e-08,0.0077133157
1.384497e-08,0.0077298311
1.394497e-08,0.0077477826
1.404497e-08,0.0077549632
1.414497e-08,0.0077470646
1.424497e-08,0.007728395
1.434497e-08,0.0077118796
1.444497e-08,0.0077090074
1.454497e-08,0.0077248047
1.464497e-08,0.007752091
1.474497e-08,0.0077779412
1.484497e-08,0.0077894301
1.494497e-08,0.0077793773
1.504497e-08,0.0077535271
1.514497e-08,0.0077248047
1.524497e-08,0.0077090074
1.534497e-08,0.0077140338
1.544497e-08,0.0077384478
1.554497e-08,0.0077714786
1.564497e-08,0.0078009191
1.574497e-08,0.0078174345
1.584497e-08,0.0078217429
1.594497e-08,0.0078210248
1.604497e-08,0.0078238971
1.614497e-08,0.007835386
1.624497e-08,0.0078519014
1.634497e-08,0.0078662626
1.644497e-08,0.0078698529
1.654497e-08,0.0078605182
1.664497e-08,0.0078425666
1.674497e-08,0.0078274874
1.684497e-08,0.0078238971
1.694497e-08,0.007835386
1.704497e-08,0.0078554917
1.714497e-08,0.0078741613
1.724497e-08,0.0078813419
1.734497e-08,0.0078734432
1.744497e-08,0.0078562098
1.754497e-08,0.0078404125
1.764497e-08,0.007835386
1.774497e-08,0.0078432847
1.784497e-08,0.0078569278
1.794497e-08,0.0078648265
1.804497e-08,0.007858364
1.814497e-08,0.007835386
1.824497e-08,0.0078052275
1.834497e-08,0.0077822495
1.844497e-08,0.0077779412
1.854497e-08,0.0077958927
1.864497e-08,0.0078274874
1.874497e-08,0.0078569278
1.884497e-08,0.0078698529
1.894497e-08,0.0078612362
1.904497e-08,0.0078375402
1.914497e-08,0.0078124081
1.924497e-08,0.0078009191
1.934497e-08,0.0078080997
1.944497e-08,0.0078296415
1.954497e-08,0.0078511834
1.964497e-08,0.007858364
1.974497e-08,0.0078461569
1.984497e-08,0.0078188706
1.994497e-08,0.0077915843
2.004497e-08,0.0077779412
2.014497e-08,0.0077858398
2.024497e-08,0.00781169
2.034497e-08,0.0078411305
2.044497e-08,0.007858364
2.054497e-08,0.0078547737
2.064497e-08,0.0078325138
2.074497e-08,0.0078016372
2.084497e-08,0.0077779412
2.094497e-08,0.0077693244
2.104497e-08,0.0077750689
2.114497e-08,0.0077858398
2.124497e-08,0.0077894301
2.134497e-08,0.0077772231
2.144497e-08,0.0077513729
2.154497e-08,0.0077212144
2.164497e-08,0.0076975184
2.174497e-08,0.0076896197
2.184497e-08,0.0076960823
2.194497e-08,0.0077097254
2.204497e-08,0.0077204963
2.214497e-08,0.0077204963
2.224497e-08,0.0077082893
2.234497e-08,0.0076910558
2.244497e-08,0.0076745404
2.254497e-08,0.0076637695
2.264497e-08,0.007658025
2.274497e-08,0.0076522806
2.284497e-08,0.0076400735
2.294497e-08,0.007621404
2.304497e-08,0.0076005802
2.314497e-08,0.007586219
2.324497e-08,0.0075826287
2.334497e-08,0.0075905273
2.344497e-08,0.0076034524
2.354497e-08,0.0076113511
2.364497e-08,0.0076056066
2.374497e-08,0.0075876551
2.384497e-08,0.0075646772
2.394497e-08,0.0075488798
2.404497e-08,0.0075481618
2.414497e-08,0.0075618049
2.424497e-08,0.0075797564
2.434497e-08,0.007586219
2.444497e-08,0.0075711397
2.454497e-08,0.0075323644
2.464497e-08,0.0074806641
2.474497e-08,0.0074347082
2.484497e-08,0.0074102941
2.494497e-08,0.0074138844
2.504497e-08,0.0074397346
2.514497e-08,0.0074706112
2.524497e-08,0.0074907169
2.534497e-08,0.0074899989
2.544497e-08,0.0074698932
2.554497e-08,0.0074426068
2.564497e-08,0.0074217831
2.574497e-08,0.0074167567
2.584497e-08,0.0074253734
2.594497e-08,0.0074390165
2.604497e-08,0.007444761
2.614497e-08,0.0074368624
2.624497e-08,0.0074160386
2.634497e-08,0.0073923426
2.644497e-08,0.0073758272
2.654497e-08,0.007372955
2.664497e-08,0.0073822898
2.674497e-08,0.0073937787
2.684497e-08,0.0073988051
2.694497e-08,0.0073916245
2.704497e-08,0.0073758272
2.714497e-08,0.0073600299
2.724497e-08,0.0073528493
2.734497e-08,0.0073578757
2.744497e-08,0.0073693647
2.754497e-08,0.0073751091
2.764497e-08,0.0073643382
2.774497e-08,0.0073327436
2.784497e-08,0.0072860696
2.794497e-08,0.0072379596
2.804497e-08,0.0072034926
2.814497e-08,0.0071920037
2.824497e-08,0.0072013385
2.834497e-08,0.0072214442
2.844497e-08,0.0072379596
2.854497e-08,0.0072408318
2.864497e-08,0.0072286248
2.874497e-08,0.0072049288
2.884497e-08,0.0071805147
2.894497e-08,0.0071611271
2.904497e-08,0.0071474839
2.914497e-08,0.007136713
2.924497e-08,0.0071230699
2.934497e-08,0.0071044003
2.944497e-08,0.0070828585
2.954497e-08,0.0070641889
2.964497e-08,0.007054136
2.974497e-08,0.0070519818
2.984497e-08,0.0070526999
2.994497e-08,0.0070483915
3.004497e-08,0.0070311581
3.014497e-08,0.0070017176
3.024497e-08,0.0069665326
3.034497e-08,0.006935656
3.044497e-08,0.0069162684
3.054497e-08,0.0069098058
3.064497e-08,0.0069083697
3.074497e-08,0.0069019072
3.084497e-08,0.0068818015
3.094497e-08,0.0068466165
3.104497e-08,0.0068042509
3.114497e-08,0.0067661937
3.124497e-08,0.0067439338
3.134497e-08,0.0067389074
3.144497e-08,0.0067468061
3.154497e-08,0.0067554228
3.164497e-08,0.0067554228
3.174497e-08,0.0067446519
3.184497e-08,0.0067281365
3.194497e-08,0.0067137753
3.204497e-08,0.0067094669
3.214497e-08,0.0067123392
3.224497e-08,0.0067137753
3.234497e-08,0.0067001321
3.244497e-08,0.006663511
3.254497e-08,0.0066075023
3.264497e-08,0.0065457491
3.274497e-08,0.006497639
3.284497e-08,0.0064796875
3.294497e-08,0.0064947668
3.304497e-08,0.0065342601
3.314497e-08,0.0065773437
3.324497e-08,0.0066060662
3.334497e-08,0.0066096565
3.344497e-08,0.006591705
3.354497e-08,0.0065622645
3.364497e-08,0.0065371324
3.374497e-08,0.0065227711
3.384497e-08,0.0065184628
3.394497e-08,0.0065148725
3.404497e-08,0.0065026654
3.414497e-08,0.0064789694
3.424497e-08,0.006449529
3.434497e-08,0.0064272691
3.444497e-08,0.0064222426
3.454497e-08,0.0064373219
3.464497e-08,0.0064653263
3.474497e-08,0.0064918945
3.484497e-08,0.0065026654
3.494497e-08,0.0064926126
3.504497e-08,0.0064674805
3.514497e-08,0.0064394761
3.524497e-08,0.0064222426
3.534497e-08,0.0064200885
3.544497e-08,0.0064279871
3.554497e-08,0.0064330136
3.564497e-08,0.0064222426
3.574497e-08,0.0063928022
3.584497e-08,0.0063511546
3.594497e-08,0.0063138155
3.604497e-08,0.006295864
3.614497e-08,0.0063030446
3.624497e-08,0.0063296128
3.634497e-08,0.0063597714
3.644497e-08,0.0063762868
3.654497e-08,0.0063691062
3.664497e-08,0.0063403837
3.674497e-08,0.0063030446
3.684497e-08,0.006272886
3.694497e-08,0.0062599609
3.704497e-08,0.0062628332
3.714497e-08,0.0062714499
3.724497e-08,0.006272886
3.734497e-08,0.0062578068
3.744497e-08,0.0062276482
3.754497e-08,0.0061938994
3.764497e-08,0.0061694853
3.774497e-08,0.0061630227
3.784497e-08,0.0061745117
3.794497e-08,0.0061924632
3.804497e-08,0.0062039522
3.814497e-08,0.0061996438
3.824497e-08,0.0061788201
3.834497e-08,0.0061493796
3.844497e-08,0.0061235294
3.854497e-08,0.0061098863
3.864497e-08,0.0061091682
3.874497e-08,0.0061134766
3.884497e-08,0.0061120404
3.894497e-08,0.0060969612
3.904497e-08,0.0060689568
3.914497e-08,0.006035208
3.924497e-08,0.0060086397
3.934497e-08,0.0059978688
3.944497e-08,0.0060028952
3.954497e-08,0.0060179745
3.964497e-08,0.0060316176
3.974497e-08,0.0060337718
3.984497e-08,0.0060208467
3.994497e-08,0.0059978688
4.004497e-08,0.0059741728
4.014497e-08,0.0059569393
4.024497e-08,0.0059490407
4.034497e-08,0.0059454504
4.044497e-08,0.0059397059
4.054497e-08,0.0059246266
4.064497e-08,0.0059002125
4.074497e-08,0.0058714901
4.084497e-08,0.0058477941
4.094497e-08,0.0058370232
4.104497e-08,0.0058413316
4.114497e-08,0.0058556928
4.124497e-08,0.0058707721
4.134497e-08,0.0058765165
4.144497e-08,0.0058678998
4.154497e-08,0.0058449219
4.164497e-08,0.0058133272
4.174497e-08,0.0057817325
4.184497e-08,0.0057566004
4.194497e-08,0.0057408031
4.204497e-08,0.0057329044
4.214497e-08,0.0057293141
4.224497e-08,0.0057271599
4.234497e-08,0.0057242877
4.244497e-08,0.0057214154
4.254497e-08,0.0057192613
4.264497e-08,0.0057178251
4.274497e-08,0.0057149529
4.284497e-08,0.0057099265
4.294497e-08,0.0057013097
4.304497e-08,0.0056891027
4.314497e-08,0.0056754596
4.324497e-08,0.0056639706
4.334497e-08,0.0056546358
4.344497e-08,0.0056474552
4.354497e-08,0.0056395565
4.364497e-08,0.0056295037
4.374497e-08,0.0056151425
4.384497e-08,0.0055993451
4.394497e-08,0.0055835478
4.404497e-08,0.0055720588
4.414497e-08,0.0055655963
4.424497e-08,0.0055612879
4.434497e-08,0.0055576976
4.444497e-08,0.0055490809
4.454497e-08,0.0055347197
4.464497e-08,0.005515332
4.474497e-08,0.0054959444
4.484497e-08,0.0054801471
4.494497e-08,0.0054708123
4.504497e-08,0.005467222
4.514497e-08,0.0054643497
4.524497e-08,0.0054571691
4.534497e-08,0.0054428079
4.544497e-08,0.005420548
4.554497e-08,0.005396852
4.564497e-08,0.0053767463
4.574497e-08,0.0053666935
4.584497e-08,0.0053688477
4.594497e-08,0.0053781824
4.604497e-08,0.0053882353
4.614497e-08,0.0053903895
4.624497e-08,0.0053796186
4.634497e-08,0.0053544864
4.644497e-08,0.0053193015
4.654497e-08,0.0052819623
4.664497e-08,0.0052482135
4.674497e-08,0.0052230813
4.684497e-08,0.0052044118
4.694497e-08,0.0051900506
4.704497e-08,0.0051742532
4.714497e-08,0.0051555836
4.724497e-08,0.0051354779
4.734497e-08,0.0051175264
4.744497e-08,0.0051060375
4.754497e-08,0.0051046013
4.764497e-08,0.0051125
4.774497e-08,0.005123989
4.784497e-08,0.0051318876
4.794497e-08,0.0051290154
4.804497e-08,0.0051125
4.814497e-08,0.0050830595
4.824497e-08,0.0050471565
4.834497e-08,0.0050126896
4.844497e-08,0.0049861213
4.854497e-08,0.004971042
4.864497e-08,0.0049652976
4.874497e-08,0.0049652976
4.884497e-08,0.0049631434
4.894497e-08,0.0049552447
4.904497e-08,0.0049416016
4.914497e-08,0.004922932
4.924497e-08,0.0049056985
4.934497e-08,0.0048934915
4.944497e-08,0.0048884651
4.954497e-08,0.0048899012
4.964497e-08,0.0048942096
4.974497e-08,0.0048963637
4.984497e-08,0.0048927734
4.994497e-08,0.0048834386
5.004497e-08,0.0048712316
5.014497e-08,0.0048590246
5.024497e-08,0.0048504079
5.034497e-08,0.0048468176
5.044497e-08,0.0048482537
5.054497e-08,0.0048511259
5.064497e-08,0.0048532801
5.074497e-08,0.004851844
5.084497e-08,0.0048482537
5.094497e-08,0.0048439453
5.104497e-08,0.0048417911
5.114497e-08,0.0048432273
5.124497e-08,0.0048482537
5.134497e-08,0.0048547162
5.144497e-08,0.0048583065
5.154497e-08,0.0048568704
5.164497e-08,0.0048482537
5.174497e-08,0.0048338925
5.184497e-08,0.004816659
5.194497e-08,0.0048015797
5.204497e-08,0.0047908088
5.214497e-08,0.0047872185
5.224497e-08,0.0047908088
5.234497e-08,0.0048001436
5.244497e-08,0.0048137868
5.254497e-08,0.0048295841
5.264497e-08,0.0048453814
5.274497e-08,0.0048597426
5.284497e-08,0.0048712316
5.294497e-08,0.0048776942
5.304497e-08,0.004876258
5.314497e-08,0.0048662052
5.324497e-08,0.0048482537
5.334497e-08,0.0048238396
5.344497e-08,0.0047972714
5.354497e-08,0.0047735754
5.364497e-08,0.0047563419
5.374497e-08,0.0047484432
5.384497e-08,0.0047491613
5.394497e-08,0.0047563419
5.404497e-08,0.0047678309
5.414497e-08,0.0047786018
5.424497e-08,0.0047857824
5.434497e-08,0.0047865005
5.444497e-08,0.0047793199
5.454497e-08,0.0047635225
5.464497e-08,0.0047412626
5.474497e-08,0.0047146944
5.484497e-08,0.0046874081
5.494497e-08,0.0046637121
5.504497e-08,0.0046479148
5.514497e-08,0.0046407341
5.524497e-08,0.0046414522
5.534497e-08,0.0046464786
5.544497e-08,0.0046500689
5.554497e-08,0.0046493509
5.564497e-08,0.0046414522
5.574497e-08,0.0046278091
5.584497e-08,0.0046112937
5.594497e-08,0.0045962144
5.604497e-08,0.0045840074
5.614497e-08,0.0045746726
5.624497e-08,0.0045660558
5.634497e-08,0.0045538488
5.644497e-08,0.0045380515
5.654497e-08,0.0045179458
5.664497e-08,0.004497122
5.674497e-08,0.0044798886
5.684497e-08,0.0044691176
5.694497e-08,0.0044655273
5.704497e-08,0.0044676815
5.714497e-08,0.0044698357
5.724497e-08,0.0044691176
5.734497e-08,0.0044626551
5.744497e-08,0.0044511661
5.754497e-08,0.004437523
5.764497e-08,0.0044231618
5.774497e-08,0.0044102367
5.784497e-08,0.0043973116
5.794497e-08,0.0043836684
5.804497e-08,0.0043657169
5.814497e-08,0.0043441751
5.824497e-08,0.0043211972
5.834497e-08,0.0043003734
5.844497e-08,0.0042852941
5.854497e-08,0.0042773955
5.864497e-08,0.0042752413
5.874497e-08,0.0042759593
5.884497e-08,0.0042738051
5.894497e-08,0.0042666245
5.904497e-08,0.0042551356
5.914497e-08,0.0042407744
5.924497e-08,0.0042278493
5.934497e-08,0.0042192325
5.944497e-08,0.0042142061
5.954497e-08,0.0042106158
5.964497e-08,0.0042048713
5.974497e-08,0.0041933824
5.984497e-08,0.0041739947
5.994497e-08,0.0041502987
6.004497e-08,0.0041244485
6.014497e-08,0.0041014706
6.024497e-08,0.0040842371
6.034497e-08,0.0040727482
6.044497e-08,0.0040670037
6.054497e-08,0.0040634134
6.064497e-08,0.004059105
6.074497e-08,0.0040526425
6.084497e-08,0.0040440257
6.094497e-08,0.0040332548
6.104497e-08,0.0040210478
6.114497e-08,0.0040088408
6.124497e-08,0.0039980699
6.134497e-08,0.0039894531
6.144497e-08,0.0039822725
6.154497e-08,0.0039779642
6.164497e-08,0.0039750919
6.174497e-08,0.0039722197
6.184497e-08,0.0039693474
6.194497e-08,0.0039664752
6.204497e-08,0.0039636029
6.214497e-08,0.0039628849
6.224497e-08,0.003964321
6.234497e-08,0.0039693474
6.244497e-08,0.0039750919
6.254497e-08,0.0039779642
6.264497e-08,0.00397581
6.274497e-08,0.0039664752
6.284497e-08,0.003952114
6.294497e-08,0.0039370347
6.304497e-08,0.0039255457
6.314497e-08,0.0039233915
6.324497e-08,0.003929136
6.334497e-08,0.0039399069
6.344497e-08,0.0039485237
6.354497e-08,0.0039499598
6.364497e-08,0.003940625
6.374497e-08,0.0039226735
6.384497e-08,0.0039018497
6.394497e-08,0.0038831801
6.404497e-08,0.0038716912
6.414497e-08,0.0038666648
6.424497e-08,0.0038637925
6.434497e-08,0.0038587661
6.444497e-08,0.0038487132
6.454497e-08,0.0038329159
6.464497e-08,0.0038156824
6.474497e-08,0.0038013212
6.484497e-08,0.0037912684
6.494497e-08,0.0037848058
6.504497e-08,0.0037783433
6.514497e-08,0.0037661363
6.524497e-08,0.0037453125
6.534497e-08,0.0037187443
6.544497e-08,0.0036928941
6.554497e-08,0.0036735064
6.564497e-08,0.0036648897
6.574497e-08,0.0036648897
6.584497e-08,0.0036663258
6.594497e-08,0.0036612994
6.604497e-08,0.0036419118
6.614497e-08,0.003608881
6.624497e-08,0.0035686696
6.634497e-08,0.0035306124
6.644497e-08,0.0035040441
6.654497e-08,0.0034925551
6.664497e-08,0.0034939913
6.674497e-08,0.0035004538
6.684497e-08,0.0035040441
6.694497e-08,0.0035004538
6.704497e-08,0.0034889648
6.714497e-08,0.0034731675
6.724497e-08,0.0034580882
6.734497e-08,0.0034458812
6.744497e-08,0.0034365464
6.754497e-08,0.0034257755
6.764497e-08,0.0034121324
6.774497e-08,0.003396335
6.784497e-08,0.0033819738
6.794497e-08,0.0033747932
6.804497e-08,0.0033776654
6.814497e-08,0.0033891544
6.824497e-08,0.0034035156
6.834497e-08,0.0034128504
6.844497e-08,0.0034121324
6.854497e-08,0.0034020795
6.864497e-08,0.0033870002
6.874497e-08,0.0033769474
6.884497e-08,0.0033776654
6.894497e-08,0.0033884364
6.904497e-08,0.0034027976
6.914497e-08,0.0034092601
6.924497e-08,0.0034006434
6.934497e-08,0.0033740751
6.944497e-08,0.0033352999
6.954497e-08,0.0032979607
6.964497e-08,0.0032742647
6.974497e-08,0.0032713925
6.984497e-08,0.0032864717
6.994497e-08,0.0033108858
7.004497e-08,0.0033317096
7.014497e-08,0.0033396082
7.024497e-08,0.0033317096
7.034497e-08,0.0033144761
7.044497e-08,0.0032972426
7.054497e-08,0.0032871898
7.064497e-08,0.0032871898
7.074497e-08,0.0032929343
7.084497e-08,0.0032972426
7.094497e-08,0.0032929343
7.104497e-08,0.0032785731
7.114497e-08,0.0032584674
7.124497e-08,0.0032397978
7.134497e-08,0.0032311811
7.144497e-08,0.0032362075
7.154497e-08,0.0032527229
7.164497e-08,0.0032742647
7.174497e-08,0.0032914982
7.184497e-08,0.0033001149
7.194497e-08,0.0032972426
7.204497e-08,0.0032857537
7.214497e-08,0.0032713925
7.224497e-08,0.0032570312
7.234497e-08,0.0032469784
7.244497e-08,0.0032397978
7.254497e-08,0.0032354894
7.264497e-08,0.0032333352
7.274497e-08,0.0032347714
7.284497e-08,0.0032397978
7.294497e-08,0.0032498506
7.304497e-08,0.0032627757
7.314497e-08,0.0032764189
7.324497e-08,0.0032857537
7.334497e-08,0.0032886259
7.344497e-08,0.0032843176
7.354497e-08,0.0032742647
7.364497e-08,0.0032627757
7.374497e-08,0.0032520048
7.384497e-08,0.0032433881
7.394497e-08,0.0032362075
7.404497e-08,0.0032283088
7.414497e-08,0.003218256
7.424497e-08,0.0032060489
7.434497e-08,0.0031931239
7.444497e-08,0.0031823529
7.454497e-08,0.0031766085
7.464497e-08,0.0031766085
7.474497e-08,0.0031794807
7.484497e-08,0.0031823529
7.494497e-08,0.0031816349
7.504497e-08,0.0031751723
7.514497e-08,0.0031636834
7.524497e-08,0.003147886
7.534497e-08,0.0031313706
7.544497e-08,0.0031141372
7.554497e-08,0.0030976218
7.564497e-08,0.0030789522
7.574497e-08,0.0030574104
7.584497e-08,0.0030315602
7.594497e-08,0.0030035558
7.604497e-08,0.0029755515
7.614497e-08,0.0029511374
7.624497e-08,0.0029331859
7.634497e-08,0.002922415
7.644497e-08,0.0029181066
7.654497e-08,0.0029173886
7.664497e-08,0.0029188247
7.674497e-08,0.0029188247
7.684497e-08,0.0029181066
7.694497e-08,0.0029152344
7.704497e-08,0.0029087718
7.714497e-08,0.002899437
7.724497e-08,0.0028836397
7.734497e-08,0.0028620979
7.744497e-08,0.0028355296
7.754497e-08,0.0028068072
7.764497e-08,0.002780239
7.774497e-08,0.0027615694
7.784497e-08,0.0027536707
7.794497e-08,0.002757261
7.804497e-08,0.00276875
7.814497e-08,0.0027823932
7.824497e-08,0.0027917279
7.834497e-08,0.0027917279
7.844497e-08,0.002780239
7.854497e-08,0.0027586972
7.864497e-08,0.0027314108
7.874497e-08,0.0027026884
7.884497e-08,0.0026768382
7.894497e-08,0.0026545784
7.904497e-08,0.0026344727
7.914497e-08,0.0026158031
7.924497e-08,0.0025964154
7.934497e-08,0.0025770278
7.944497e-08,0.0025597943
7.954497e-08,0.0025468693
7.964497e-08,0.0025389706
7.974497e-08,0.0025360983
7.984497e-08,0.0025360983
7.994497e-08,0.0025339442
8.004497e-08,0.0025274816
8.014497e-08,0.0025145565
8.024497e-08,0.002496605
8.034497e-08,0.0024772174
8.044497e-08,0.0024585478
8.054497e-08,0.0024434685
8.064497e-08,0.0024319795
8.074497e-08,0.0024226448
8.084497e-08,0.0024125919
8.094497e-08,0.002401821
8.104497e-08,0.002390332
8.114497e-08,0.0023809972
8.124497e-08,0.002378125
8.134497e-08,0.0023831514
8.144497e-08,0.0023953585
8.154497e-08,0.0024104377
8.164497e-08,0.0024240809
8.174497e-08,0.0024298254
8.184497e-08,0.002425517
8.194497e-08,0.0024104377
8.204497e-08,0.002389614
8.214497e-08,0.0023687902
8.224497e-08,0.0023522748
8.234497e-08,0.0023443761
8.244497e-08,0.0023436581
8.254497e-08,0.0023479665
8.264497e-08,0.0023529929
8.274497e-08,0.0023558651
8.284497e-08,0.0023551471
8.294497e-08,0.0023508387
8.304497e-08,0.0023450942
8.314497e-08,0.0023386317
8.324497e-08,0.0023321691
8.334497e-08,0.0023242705
8.344497e-08,0.0023142176
8.354497e-08,0.0023012925
8.364497e-08,0.0022862132
8.374497e-08,0.002271852
8.384497e-08,0.002259645
8.394497e-08,0.0022531824
8.404497e-08,0.0022517463
8.414497e-08,0.0022524644
8.424497e-08,0.0022531824
8.434497e-08,0.0022495921
8.444497e-08,0.0022402574
8.454497e-08,0.0022273323
8.464497e-08,0.002212971
8.474497e-08,0.002200764
8.484497e-08,0.0021943015
8.494497e-08,0.0021921473
8.504497e-08,0.0021928653
8.514497e-08,0.0021907112
8.524497e-08,0.0021828125
8.534497e-08,0.0021670152
8.544497e-08,0.0021440372
8.554497e-08,0.002117469
8.564497e-08,0.0020909007
8.574497e-08,0.0020679228
8.584497e-08,0.0020514074
8.594497e-08,0.0020406365
8.604497e-08,0.0020334559
8.614497e-08,0.0020284295
8.624497e-08,0.002023403
8.634497e-08,0.0020176585
8.644497e-08,0.0020104779
8.654497e-08,0.0020011432
8.664497e-08,0.0019882181
8.674497e-08,0.0019724207
8.684497e-08,0.0019530331
8.694497e-08,0.0019314913
8.704497e-08,0.0019085133
8.714497e-08,0.0018884076
8.724497e-08,0.0018726103
8.734497e-08,0.0018618394
8.744497e-08,0.0018560949
8.754497e-08,0.0018532227
8.764497e-08,0.0018496324
8.774497e-08,0.0018438879
8.784497e-08,0.0018352711
8.794497e-08,0.0018252183
8.804497e-08,0.0018151654
8.814497e-08,0.0018065487
8.824497e-08,0.0018008042
8.834497e-08,0.0017964959
8.844497e-08,0.0017921875
8.854497e-08,0.001786443
8.864497e-08,0.0017778263
8.874497e-08,0.0017677734
8.884497e-08,0.0017577206
8.894497e-08,0.0017491039
8.904497e-08,0.0017433594
8.914497e-08,0.001739051
8.924497e-08,0.0017347426
8.934497e-08,0.001727562
8.944497e-08,0.0017175092
8.954497e-08,0.001703866
8.964497e-08,0.0016887868
8.974497e-08,0.0016751436
8.984497e-08,0.0016658088
8.994497e-08,0.0016593463
9.004497e-08,0.0016543199
9.014497e-08,0.0016485754
9.024497e-08,0.0016385225
9.034497e-08,0.0016248794
9.044497e-08,0.001608364
9.054497e-08,0.0015932847
9.064497e-08,0.0015839499
9.074497e-08,0.0015810777
9.084497e-08,0.001585386
9.094497e-08,0.0015925666
9.104497e-08,0.001596875
9.114497e-08,0.0015954389
9.124497e-08,0.001585386
9.134497e-08,0.0015688706
9.144497e-08,0.0015509191
9.154497e-08,0.0015358398
9.164497e-08,0.0015279412
9.174497e-08,0.0015279412
9.184497e-08,0.0015344037
9.194497e-08,0.0015437385
9.204497e-08,0.0015509191
9.214497e-08,0.0015552275
9.224497e-08,0.0015552275
9.234497e-08,0.0015530733
9.244497e-08,0.0015509191
9.254497e-08,0.0015487649
9.264497e-08,0.0015473288
9.274497e-08,0.0015444566
9.284497e-08,0.0015394301
9.294497e-08,0.0015315315
9.304497e-08,0.0015221967
9.314497e-08,0.0015128619
9.324497e-08,0.0015049632
9.334497e-08,0.0014985007
9.344497e-08,0.0014934743
9.354497e-08,0.0014884478
9.364497e-08,0.0014819853
9.374497e-08,0.0014755227
9.384497e-08,0.0014704963
9.394497e-08,0.0014683421
9.404497e-08,0.0014704963
9.414497e-08,0.0014755227
9.424497e-08,0.0014798311
9.434497e-08,0.0014798311
9.444497e-08,0.0014704963
9.454497e-08,0.0014525448
9.464497e-08,0.0014274127
9.474497e-08,0.0014008444
9.484497e-08,0.0013785846
9.494497e-08,0.0013649414
9.504497e-08,0.001359915
9.514497e-08,0.0013620692
9.524497e-08,0.0013670956
9.534497e-08,0.0013699678
9.544497e-08,0.0013692498
9.554497e-08,0.0013642233
9.564497e-08,0.0013556066
9.574497e-08,0.0013462718
9.584497e-08,0.001336219
9.594497e-08,0.00132473
9.604497e-08,0.0013096507
9.614497e-08,0.001288827
9.624497e-08,0.0012629768
9.634497e-08,0.0012335363
9.644497e-08,0.00120625
9.654497e-08,0.0011854262
9.664497e-08,0.0011746553
9.674497e-08,0.0011753734
9.684497e-08,0.0011832721
9.694497e-08,0.0011954791
9.704497e-08,0.0012069681
9.714497e-08,0.0012141487
9.724497e-08,0.001217739
9.734497e-08,0.001217739
9.744497e-08,0.0012148667
9.754497e-08,0.0012112764
9.764497e-08,0.00120625
9.774497e-08,0.0011983513
9.784497e-08,0.0011868624
9.794497e-08,0.0011732192
9.804497e-08,0.0011602941
9.814497e-08,0.0011516774
9.824497e-08,0.0011502413
9.834497e-08,0.0011581399
9.844497e-08,0.0011717831
9.854497e-08,0.0011861443
9.864497e-08,0.0011954791
9.874497e-08,0.001194761
9.884497e-08,0.0011832721
9.894497e-08,0.0011653205
9.904497e-08,0.0011480871
9.914497e-08,0.0011373162
9.924497e-08,0.0011373162
9.934497e-08,0.001147369
9.944497e-08,0.0011631664
9.954497e-08,0.0011768095
9.964497e-08,0.0011832721
9.974497e-08,0.0011796818
9.984497e-08,0.0011689108
9.994497e-08,0.0011567038
1.00045e-07,0.0011488051
1.00145e-07,0.0011502413
1.00245e-07,0.0011610122
1.00345e-07,0.0011782456
1.00445e-07,0.001194761
1.00545e-07,0.0012055319
1.00645e-07,0.0012069681
1.00745e-07,0.0011983513
1.00845e-07,0.0011832721
1.00945e-07,0.0011653205
1.01045e-07,0.0011488051
1.01145e-07,0.0011358801
1.01245e-07,0.0011258272
1.01345e-07,0.0011179285
1.01445e-07,0.0011100299
1.01545e-07,0.0011014131
1.01645e-07,0.0010913603
1.01745e-07,0.0010813074
1.01845e-07,0.0010734088
1.01945e-07,0.0010683824
1.02045e-07,0.0010683824
1.02145e-07,0.0010719727
1.02245e-07,0.0010777171
1.02345e-07,0.0010820255
1.02445e-07,0.0010798713
1.02545e-07,0.0010683824
1.02645e-07,0.0010475586
1.02745e-07,0.0010188362
1.02845e-07,0.00098795956
1.02945e-07,0.00096210937
1.03045e-07,0.0009470301
1.03145e-07,0.00094559398
1.03245e-07,0.00095349265
1.03345e-07,0.00096426356
1.03445e-07,0.00096928998
1.03545e-07,0.00096210937
1.03645e-07,0.00094200368
1.03745e-07,0.00091328125
1.03845e-07,0.00088455882
1.03945e-07,0.00086588925
1.04045e-07,0.00086158088
1.04145e-07,0.00087091567
1.04245e-07,0.00088599494
1.04345e-07,0.00089676585
1.04445e-07,0.00089604779
1.04545e-07,0.00088096852
1.04645e-07,0.00085655446
1.04745e-07,0.00083142233
1.04845e-07,0.000815625
1.04945e-07,0.00081490694
1.05045e-07,0.00082855009
1.05145e-07,0.00085152803
1.05245e-07,0.00087306985
1.05345e-07,0.00088671301
1.05445e-07,0.00088743107
1.05545e-07,0.00087737822
1.05645e-07,0.00086158088
1.05745e-07,0.00084578355
1.05845e-07,0.00083357652
1.05945e-07,0.00082783203
1.06045e-07,0.00082711397
1.06145e-07,0.00082855009
1.06245e-07,0.00083142233
1.06345e-07,0.00083501264
1.06445e-07,0.00083860294
1.06545e-07,0.00084362937
1.06645e-07,0.00084937385
1.06745e-07,0.0008558364
1.06845e-07,0.00086158088
1.06945e-07,0.00086732537
1.07045e-07,0.00087235179
1.07145e-07,0.00087881434
1.07245e-07,0.00088455882
1.07345e-07,0.00088958525
1.07445e-07,0.00089030331
1.07545e-07,0.00088527688
1.07645e-07,0.00087306985
1.07745e-07,0.0008558364
1.07845e-07,0.00083788488
1.07945e-07,0.00082352367
1.08045e-07,0.000815625
1.08145e-07,0.00081490694
1.08245e-07,0.00081706112
1.08345e-07,0.0008192153
1.08445e-07,0.000815625
1.08545e-07,0.00080557215
1.08645e-07,0.000791929
1.08745e-07,0.00077900391
1.08845e-07,0.00076966912
1.08945e-07,0.00076607881
1.09045e-07,0.00076679687
1.09145e-07,0.00076536075
1.09245e-07,0.00075818015
1.09345e-07,0.00074238281
1.09445e-07,0.00071940487
1.09545e-07,0.00069570887
1.09645e-07,0.00067775735
1.09745e-07,0.00067057675
1.09845e-07,0.00067488511
1.09945e-07,0.00068709214
1.10045e-07,0.00070073529
1.10145e-07,0.00070863396
1.10245e-07,0.00070719784
1.10345e-07,0.00069642693
1.10445e-07,0.00067775735
1.10545e-07,0.00065693359
1.10645e-07,0.00063754596
1.10745e-07,0.00062174862
1.10845e-07,0.00060882353
1.10945e-07,0.00059733456
1.11045e-07,0.00058584559
1.11145e-07,0.00057435662
1.11245e-07,0.00056286765
1.11345e-07,0.0005528148
1.11445e-07,0.00054563419
1.11545e-07,0.00054204389
1.11645e-07,0.00053988971
1.11745e-07,0.00053845358
1.11845e-07,0.00053701746
1.11945e-07,0.00053414522
1.12045e-07,0.00052840074
1.12145e-07,0.00052050207
1.12245e-07,0.00050973116
1.12345e-07,0.00049680607
1.12445e-07,0.00048244485
1.12545e-07,0.00046736558
1.12645e-07,0.00045372243
1.12745e-07,0.00044295152
1.12845e-07,0.00043648897
1.12945e-07,0.00043289867
1.13045e-07,0.00043146255
1.13145e-07,0.00042930836
1.13245e-07,0.000425
1.13345e-07,0.00041853745
1.13445e-07,0.00041063879
1.13545e-07,0.0004048943
1.13645e-07,0.00040202206
1.13745e-07,0.00040274012
1.13845e-07,0.00040561236
1.13945e-07,0.00040704848
1.14045e-07,0.00040202206
1.14145e-07,0.00038909697
1.14245e-07,0.00036899127
1.14345e-07,0.00034457721
1.14445e-07,0.00032159926
1.14545e-07,0.00030508387
1.14645e-07,0.00029862132
1.14745e-07,0.00030149357
1.14845e-07,0.00031011029
1.14945e-07,0.00032016314
1.15045e-07,0.00032662569
1.15145e-07,0.00032662569
1.15245e-07,0.00032159926
1.15345e-07,0.00031298254
1.15445e-07,0.00030508387
1.15545e-07,0.00030005744
1.15645e-07,0.00029862132
1.15745e-07,0.00029933938
1.15845e-07,0.00029933938
1.15945e-07,0.00029574908
1.16045e-07,0.00028713235
1.16145e-07,0.00027420726
1.16245e-07,0.00025984605
1.16345e-07,0.00024763902
1.16445e-07,0.00024117647
1.16545e-07,0.00024117647
1.16645e-07,0.00024692096
1.16745e-07,0.00025625574
1.16845e-07,0.00026415441
1.16945e-07,0.00026702665
1.17045e-07,0.00026200023
1.17145e-07,0.00024907514
1.17245e-07,0.0002296875
1.17345e-07,0.00020670956
1.17445e-07,0.00018301356
1.17545e-07,0.00016290786
1.17645e-07,0.00014926471
1.17745e-07,0.0001420841
1.17845e-07,0.00014064798
1.17945e-07,0.00014423828
1.18045e-07,0.00014926471
1.18145e-07,0.00015357307
1.18245e-07,0.00015572725
1.18345e-07,0.00015429113
1.18445e-07,0.00014926471
1.18545e-07,0.00014136604
1.18645e-07,0.00013059513
1.18745e-07,0.0001183881
1.18845e-07,0.00010330882
1.18945e-07,8.6075368e-05
1.19045e-07,6.8123851e-05
1.19145e-07,4.9454274e-05
1.19245e-07,3.4375e-05
1.19345e-07,2.5040211e-05
1.19445e-07,2.2167969e-05
1.19545e-07,2.6476333e-05
1.19645e-07,3.4375e-05
1.19745e-07,4.1555607e-05
1.19845e-07,4.3709789e-05
1.19945e-07,3.7247243e-05
1.20045e-07,2.2886029e-05
1.20145e-07,4.2164522e-06
1.20245e-07,-1.4453125e-05
1.20345e-07,-2.8096278e-05
1.20445e-07,-3.4558824e-05
1.20545e-07,-3.3840763e-05
1.20645e-07,-2.9532399e-05
1.20745e-07,-2.5224035e-05
1.20845e-07,-2.3069853e-05
1.20945e-07,-2.3787914e-05
1.21045e-07,-2.5224035e-05
1.21145e-07,-2.5224035e-05
1.21245e-07,-2.3069853e-05
1.21345e-07,-1.8761489e-05
1.21445e-07,-1.5889246e-05
1.21545e-07,-1.6607307e-05
1.21645e-07,-2.3069853e-05
1.21745e-07,-3.4558824e-05
1.21845e-07,-4.8920037e-05
1.21945e-07,-6.1127068e-05
1.22045e-07,-6.9025735e-05
1.22145e-07,-7.0461857e-05
1.22245e-07,-6.7589614e-05
1.22345e-07,-6.2563189e-05
1.22445e-07,-5.7536765e-05
1.22545e-07,-5.3946461e-05
1.22645e-07,-5.1792279e-05
1.22745e-07,-4.8920037e-05
1.22845e-07,-4.6047794e-05
1.22945e-07,-4.3175551e-05
1.23045e-07,-4.3175551e-05
1.23145e-07,-4.7483915e-05
1.23245e-07,-5.7536765e-05
1.23345e-07,-7.0461857e-05
1.23445e-07,-8.2668888e-05
1.23545e-07,-9.0567555e-05
1.23645e-07,-9.2003676e-05
1.23745e-07,-8.8413373e-05
1.23845e-07,-8.482307e-05
1.23945e-07,-8.482307e-05
1.24045e-07,-9.2003676e-05
1.24145e-07,-0.00010564683
1.24245e-07,-0.00012144416
1.24345e-07,-0.00013365119
1.24445e-07,-0.00013795956
1.24545e-07,-0.00013508732
1.24645e-07,-0.00012790671
1.24745e-07,-0.00012359835
1.24845e-07,-0.00012647059
1.24945e-07,-0.00013795956
1.25045e-07,-0.00015375689
1.25145e-07,-0.00016740005
1.25245e-07,-0.00017242647
1.25345e-07,-0.00016668199
1.25445e-07,-0.00015232077
1.25545e-07,-0.00013652344
1.25645e-07,-0.00012647059
1.25745e-07,-0.00012790671
1.25845e-07,-0.00013939568
1.25945e-07,-0.00015662914
1.26045e-07,-0.00017242647
1.26145e-07,-0.0001810432
1.26245e-07,-0.0001810432
1.26345e-07,-0.00017601677
1.26445e-07,-0.00017242647
1.26545e-07,-0.00017529871
1.26645e-07,-0.00018606962
1.26745e-07,-0.00020258502
1.26845e-07,-0.00021838235
1.26945e-07,-0.00022771714
1.27045e-07,-0.00022699908
1.27145e-07,-0.00021838235
1.27245e-07,-0.00020689338
1.27345e-07,-0.00019971278
1.27445e-07,-0.00020043084
1.27545e-07,-0.00021191981
1.27645e-07,-0.00022987132
1.27745e-07,-0.00024925896
1.27845e-07,-0.00026433824
1.27945e-07,-0.00027295496
1.28045e-07,-0.00027582721
1.28145e-07,-0.00027582721
1.28245e-07,-0.00027798139
1.28345e-07,-0.00028588006
1.28445e-07,-0.00029880515
1.28545e-07,-0.00031675666
1.28645e-07,-0.00033542624
1.28745e-07,-0.00035337776
1.28845e-07,-0.00036773897
1.28945e-07,-0.00037779182
1.29045e-07,-0.00038425437
1.29145e-07,-0.00038856273
1.29245e-07,-0.00039071691
1.29345e-07,-0.00039143497
1.29445e-07,-0.00039143497
1.29545e-07,-0.00039071691
1.29645e-07,-0.00039071691
1.29745e-07,-0.00039215303
1.29845e-07,-0.0003964614
1.29945e-07,-0.000403642
1.30045e-07,-0.00041369485
1.30145e-07,-0.00042446576
1.30245e-07,-0.00043380055
1.30345e-07,-0.00043810892
1.30445e-07,-0.00043667279
1.30545e-07,-0.00042877413
1.30645e-07,-0.00041584903
1.30745e-07,-0.00040220588
1.30845e-07,-0.00039071691
1.30945e-07,-0.00038569049
1.31045e-07,-0.00038856273
1.31145e-07,-0.00039861558
1.31245e-07,-0.00041369485
1.31345e-07,-0.00043021025
1.31445e-07,-0.0004438534
1.31545e-07,-0.00045390625
1.31645e-07,-0.00045965074
1.31745e-07,-0.00046252298
1.31845e-07,-0.00046539522
1.31945e-07,-0.00046826746
1.32045e-07,-0.00047113971
1.32145e-07,-0.00047329389
1.32245e-07,-0.00047257583
1.32345e-07,-0.00047113971
1.32445e-07,-0.00047113971
1.32545e-07,-0.00047616613
1.32645e-07,-0.00048980928
1.32745e-07,-0.00051206916
1.32845e-07,-0.00054007353
1.32945e-07,-0.00056735983
1.33045e-07,-0.00058674747
1.33145e-07,-0.00059321002
1.33245e-07,-0.00058602941
1.33345e-07,-0.00057023208
1.33445e-07,-0.00055371668
1.33545e-07,-0.00054222771
1.33645e-07,-0.00054007353
1.33745e-07,-0.00054438189
1.33845e-07,-0.00055012638
1.33945e-07,-0.00054940832
1.34045e-07,-0.00054007353
1.34145e-07,-0.00052284007
1.34245e-07,-0.0005041705
1.34345e-07,-0.00049268153
1.34445e-07,-0.00049411765
1.34545e-07,-0.00050847886
1.34645e-07,-0.00053073874
1.34745e-07,-0.0005515625
1.34845e-07,-0.00056305147
1.34945e-07,-0.00056089729
1.35045e-07,-0.0005479722
1.35145e-07,-0.00053002068
1.35245e-07,-0.00051709559
1.35345e-07,-0.00051422335
1.35445e-07,-0.00052212201
1.35545e-07,-0.00053648323
1.35645e-07,-0.0005515625
1.35745e-07,-0.00056089729
1.35845e-07,-0.00056161535
1.35945e-07,-0.00055730699
1.36045e-07,-0.0005515625
1.36145e-07,-0.00055012638
1.36245e-07,-0.00055658892
1.36345e-07,-0.00056951402
1.36445e-07,-0.00058602941
1.36545e-07,-0.00060254481
1.36645e-07,-0.00061618796
1.36745e-07,-0.00062552275
1.36845e-07,-0.00063198529
1.36945e-07,-0.00063701172
1.37045e-07,-0.0006427562
1.37145e-07,-0.00064850069
1.37245e-07,-0.00065496324
1.37345e-07,-0.00066214384
1.37445e-07,-0.00066932445
1.37545e-07,-0.00067865924
1.37645e-07,-0.00068943015
1.37745e-07,-0.00070163718
1.37845e-07,-0.00071384421
1.37945e-07,-0.00072533318
1.38045e-07,-0.00073538603
1.38145e-07,-0.00074400276
1.38245e-07,-0.00075261949
1.38345e-07,-0.00076123621
1.38445e-07,-0.00076985294
1.38545e-07,-0.00077559743
1.38645e-07,-0.00077703355
1.38745e-07,-0.000770571
1.38845e-07,-0.00075836397
1.38945e-07,-0.00074472082
1.39045e-07,-0.00073466797
1.39145e-07,-0.00073466797
1.39245e-07,-0.000746875
1.39345e-07,-0.00076769876
1.39445e-07,-0.00079139476
1.39545e-07,-0.00080934628
1.39645e-07,-0.00081580882
1.39745e-07,-0.0008107824
1.39845e-07,-0.00079857537
1.39945e-07,-0.00078636834
1.40045e-07,-0.00078134191
1.40145e-07,-0.00078565028
1.40245e-07,-0.00079713925
1.40345e-07,-0.00080934628
1.40445e-07,-0.00081580882
1.40545e-07,-0.00081365464
1.40645e-07,-0.00080360179
1.40745e-07,-0.0007906767
1.40845e-07,-0.00078134191
1.40945e-07,-0.00077990579
1.41045e-07,-0.00078565028
1.41145e-07,-0.00079498506
1.41245e-07,-0.00080431985
1.41345e-07,-0.00080934628
1.41445e-07,-0.00080862822
1.41545e-07,-0.00080647403
1.41645e-07,-0.00080431985
1.41745e-07,-0.00080575597
1.41845e-07,-0.00080934628
1.41945e-07,-0.00081365464
1.42045e-07,-0.00081580882
1.42145e-07,-0.00081365464
1.42245e-07,-0.00080934628
1.42345e-07,-0.00080503791
1.42445e-07,-0.00080431985
1.42545e-07,-0.00080934628
1.42645e-07,-0.00081939913
1.42745e-07,-0.00083017004
1.42845e-07,-0.00083878676
1.42945e-07,-0.00084309513
1.43045e-07,-0.00084381319
1.43145e-07,-0.00084453125
1.43245e-07,-0.00085027574
1.43345e-07,-0.00086248277
1.43445e-07,-0.00088115234
1.43545e-07,-0.00090125804
1.43645e-07,-0.00091920956
1.43745e-07,-0.00093141659
1.43845e-07,-0.00093716108
1.43945e-07,-0.00093931526
1.44045e-07,-0.0009421875
1.44145e-07,-0.00095008617
1.44245e-07,-0.00096516544
1.44345e-07,-0.0009859892
1.44445e-07,-0.0010111213
1.44545e-07,-0.0010369715
1.44645e-07,-0.0010613856
1.44745e-07,-0.0010836455
1.44845e-07,-0.0011030331
1.44945e-07,-0.0011181124
1.45045e-07,-0.0011281652
1.45145e-07,-0.0011310375
1.45245e-07,-0.001126011
1.45345e-07,-0.0011159582
1.45445e-07,-0.0011051873
1.45545e-07,-0.0010994428
1.45645e-07,-0.0011030331
1.45745e-07,-0.0011173943
1.45845e-07,-0.0011396542
1.45945e-07,-0.0011640682
1.46045e-07,-0.0011834559
1.46145e-07,-0.0011942268
1.46245e-07,-0.0011949449
1.46345e-07,-0.0011892004
1.46445e-07,-0.0011834559
1.46545e-07,-0.0011813017
1.46645e-07,-0.0011863281
1.46745e-07,-0.0011956629
1.46845e-07,-0.0012064338
1.46945e-07,-0.0012136144
1.47045e-07,-0.0012157686
1.47145e-07,-0.0012121783
1.47245e-07,-0.0012064338
1.47345e-07,-0.0012021255
1.47445e-07,-0.0012028435
1.47545e-07,-0.001208588
1.47645e-07,-0.0012179228
1.47745e-07,-0.0012279756
1.47845e-07,-0.0012358743
1.47945e-07,-0.0012401827
1.48045e-07,-0.0012409007
1.48145e-07,-0.0012401827
1.48245e-07,-0.0012394646
1.48345e-07,-0.0012394646
1.48445e-07,-0.0012409007
1.48545e-07,-0.0012423369
1.48645e-07,-0.0012423369
1.48745e-07,-0.0012423369
1.48845e-07,-0.0012409007
1.48945e-07,-0.0012401827
1.49045e-07,-0.0012416188
1.49145e-07,-0.0012459272
1.49245e-07,-0.0012523897
1.49345e-07,-0.0012610064
1.49445e-07,-0.0012703412
1.49545e-07,-0.001278958
1.49645e-07,-0.0012868566
1.49745e-07,-0.0012926011
1.49845e-07,-0.0012969095
1.49945e-07,-0.0012983456
1.50045e-07,-0.0012983456
1.50145e-07,-0.0012961914
1.50245e-07,-0.0012933192
1.50345e-07,-0.0012904469
1.50445e-07,-0.0012868566
1.50545e-07,-0.0012839844
1.50645e-07,-0.0012803941
1.50745e-07,-0.0012775218
1.50845e-07,-0.0012753676
1.50945e-07,-0.0012739315
1.51045e-07,-0.0012753676
1.51145e-07,-0.001278958
1.51245e-07,-0.0012868566
1.51345e-07,-0.0012969095
1.51445e-07,-0.0013083984
1.51545e-07,-0.0013177332
1.51645e-07,-0.0013213235
1.51745e-07,-0.0013184513
1.51845e-07,-0.0013076804
1.51945e-07,-0.0012926011
1.52045e-07,-0.0012753676
1.52145e-07,-0.0012610064
1.52245e-07,-0.0012531078
1.52345e-07,-0.0012538258
1.52445e-07,-0.0012638787
1.52545e-07,-0.0012803941
1.52645e-07,-0.0012997817
1.52745e-07,-0.0013184513
1.52845e-07,-0.0013328125
1.52945e-07,-0.0013407112
1.53045e-07,-0.0013428653
1.53145e-07,-0.001339275
1.53245e-07,-0.0013328125
1.53345e-07,-0.0013256319
1.53445e-07,-0.0013191693
1.53545e-07,-0.0013134249
1.53645e-07,-0.0013098346
1.53745e-07,-0.0013069623
1.53845e-07,-0.0013055262
1.53945e-07,-0.0013062443
1.54045e-07,-0.0013098346
1.54145e-07,-0.0013177332
1.54245e-07,-0.0013292222
1.54345e-07,-0.0013428653
1.54445e-07,-0.0013557904
1.54545e-07,-0.0013651252
1.54645e-07,-0.0013687155
1.54745e-07,-0.0013644072
1.54845e-07,-0.0013557904
1.54945e-07,-0.0013457376
1.55045e-07,-0.0013378389
1.55145e-07,-0.0013371209
1.55245e-07,-0.0013443015
1.55345e-07,-0.0013579446
1.55445e-07,-0.00137446
1.55545e-07,-0.0013902574
1.55645e-07,-0.0014017463
1.55745e-07,-0.0014074908
1.55845e-07,-0.0014074908
1.55945e-07,-0.0014046186
1.56045e-07,-0.0014017463
1.56145e-07,-0.0013995921
1.56245e-07,-0.0013995921
1.56345e-07,-0.0014003102
1.56445e-07,-0.0014017463
1.56545e-07,-0.0014039005
1.56645e-07,-0.0014082089
1.56745e-07,-0.0014146714
1.56845e-07,-0.0014247243
1.56945e-07,-0.0014369313
1.57045e-07,-0.0014484203
1.57145e-07,-0.001457037
1.57245e-07,-0.0014591912
1.57345e-07,-0.0014548828
1.57445e-07,-0.00144483
1.57545e-07,-0.0014340591
1.57645e-07,-0.0014247243
1.57745e-07,-0.0014204159
1.57845e-07,-0.0014204159
1.57945e-07,-0.0014232881
1.58045e-07,-0.0014247243
1.58145e-07,-0.001421134
1.58245e-07,-0.0014103631
1.58345e-07,-0.0013952838
1.58445e-07,-0.0013787684
1.58545e-07,-0.0013658433
1.58645e-07,-0.0013615349
1.58745e-07,-0.0013658433
1.58845e-07,-0.0013787684
1.58945e-07,-0.0013952838
1.59045e-07,-0.0014103631
1.59145e-07,-0.001421134
1.59245e-07,-0.0014247243
1.59345e-07,-0.0014232881
1.59445e-07,-0.0014204159
1.59545e-07,-0.0014196978
1.59645e-07,-0.0014247243
1.59745e-07,-0.0014362132
1.59845e-07,-0.0014520106
1.59945e-07,-0.001468526
1.60045e-07,-0.0014821691
1.60145e-07,-0.0014893497
1.60245e-07,-0.0014900678
1.60345e-07,-0.0014864775
1.60445e-07,-0.0014821691
1.60545e-07,-0.001480733
1.60645e-07,-0.0014850414
1.60745e-07,-0.0014943761
1.60845e-07,-0.0015051471
1.60945e-07,-0.0015137638
1.61045e-07,-0.001516636
1.61145e-07,-0.0015130457
1.61245e-07,-0.0015051471
1.61345e-07,-0.0014979665
1.61445e-07,-0.0014965303
1.61545e-07,-0.0015029929
1.61645e-07,-0.001516636
1.61745e-07,-0.0015345875
1.61845e-07,-0.0015503849
1.61945e-07,-0.0015597197
1.62045e-07,-0.0015625919
1.62145e-07,-0.0015604377
1.62245e-07,-0.0015590016
1.62345e-07,-0.00156331
1.62445e-07,-0.0015740809
1.62545e-07,-0.0015898782
1.62645e-07,-0.0016049575
1.62745e-07,-0.0016128562
1.62845e-07,-0.0016085478
1.62945e-07,-0.0015927505
1.63045e-07,-0.0015712086
1.63145e-07,-0.0015503849
1.63245e-07,-0.001539614
1.63345e-07,-0.0015417682
1.63445e-07,-0.0015561294
1.63545e-07,-0.0015769531
1.63645e-07,-0.0015970588
1.63745e-07,-0.0016099839
1.63845e-07,-0.0016128562
1.63945e-07,-0.0016071117
1.64045e-07,-0.0015970588
1.64145e-07,-0.0015884421
1.64245e-07,-0.0015848518
1.64345e-07,-0.0015884421
1.64445e-07,-0.0015970588
1.64545e-07,-0.0016085478
1.64645e-07,-0.0016200368
1.64745e-07,-0.0016279354
1.64845e-07,-0.0016315257
1.64945e-07,-0.0016300896
1.65045e-07,-0.0016236271
1.65145e-07,-0.0016157284
1.65245e-07,-0.0016085478
1.65345e-07,-0.0016056756
1.65445e-07,-0.0016092659
1.65545e-07,-0.0016221909
1.65645e-07,-0.0016430147
1.65745e-07,-0.0016674288
1.65845e-07,-0.0016904067
1.65945e-07,-0.001706204
1.66045e-07,-0.0017119485
1.66145e-07,-0.0017076402
1.66245e-07,-0.0016961512
1.66345e-07,-0.0016846622
1.66445e-07,-0.0016774816
1.66545e-07,-0.0016781997
1.66645e-07,-0.0016882525
1.66745e-07,-0.0017040499
1.66845e-07,-0.0017234375
1.66945e-07,-0.0017428251
1.67045e-07,-0.0017607767
1.67145e-07,-0.001777292
1.67245e-07,-0.0017923713
1.67345e-07,-0.0018060145
1.67445e-07,-0.0018167854
1.67545e-07,-0.001823966
1.67645e-07,-0.0018268382
1.67745e-07,-0.0018261202
1.67845e-07,-0.0018246841
1.67945e-07,-0.001823966
1.68045e-07,-0.0018268382
1.68145e-07,-0.0018333008
1.68245e-07,-0.0018404814
1.68345e-07,-0.0018469439
1.68445e-07,-0.0018498162
1.68545e-07,-0.0018498162
1.68645e-07,-0.0018490981
1.68745e-07,-0.0018519704
1.68845e-07,-0.0018613051
1.68945e-07,-0.0018771025
1.69045e-07,-0.001895054
1.69145e-07,-0.0019108513
1.69245e-07,-0.00191875
1.69345e-07,-0.0019151597
1.69445e-07,-0.0019029527
1.69545e-07,-0.0018864373
1.69645e-07,-0.0018727941
1.69745e-07,-0.0018684858
1.69845e-07,-0.0018749483
1.69945e-07,-0.0018900276
1.70045e-07,-0.001907261
1.70145e-07,-0.0019209042
1.70245e-07,-0.0019266487
1.70345e-07,-0.0019244945
1.70445e-07,-0.00191875
1.70545e-07,-0.0019144416
1.70645e-07,-0.0019144416
1.70745e-07,-0.0019209042
1.70845e-07,-0.001930239
1.70945e-07,-0.0019388557
1.71045e-07,-0.0019431641
1.71145e-07,-0.0019431641
1.71245e-07,-0.0019417279
1.71345e-07,-0.0019438821
1.71445e-07,-0.001953935
1.71545e-07,-0.0019733226
1.71645e-07,-0.0019991728
1.71745e-07,-0.002025023
1.71845e-07,-0.0020451287
1.71945e-07,-0.0020558996
1.72045e-07,-0.0020566176
1.72145e-07,-0.0020530273
1.72245e-07,-0.0020508732
1.72345e-07,-0.0020558996
1.72445e-07,-0.0020681066
1.72545e-07,-0.0020853401
1.72645e-07,-0.0021011374
1.72745e-07,-0.0021111903
1.72845e-07,-0.0021140625
1.72945e-07,-0.0021126264
1.73045e-07,-0.0021126264
1.73145e-07,-0.002119807
1.73245e-07,-0.0021370404
1.73345e-07,-0.0021628906
1.73445e-07,-0.002190895
1.73545e-07,-0.002214591
1.73645e-07,-0.0022289522
1.73745e-07,-0.0022339786
1.73845e-07,-0.0022332606
1.73945e-07,-0.0022303883
1.74045e-07,-0.0022289522
1.74145e-07,-0.0022289522
1.74245e-07,-0.0022275161
1.74345e-07,-0.0022203355
1.74445e-07,-0.0022059743
1.74545e-07,-0.0021865866
1.74645e-07,-0.002167917
1.74745e-07,-0.0021571461
1.74845e-07,-0.0021600184
1.74945e-07,-0.0021758157
1.75045e-07,-0.0021995117
1.75145e-07,-0.0022239258
1.75245e-07,-0.0022404412
1.75345e-07,-0.0022469037
1.75445e-07,-0.0022440315
1.75545e-07,-0.0022368509
1.75645e-07,-0.0022289522
1.75745e-07,-0.0022224897
1.75845e-07,-0.0022160271
1.75945e-07,-0.0022074104
1.76045e-07,-0.0021944853
1.76145e-07,-0.002179406
1.76245e-07,-0.0021657629
1.76345e-07,-0.0021585823
1.76445e-07,-0.0021600184
1.76545e-07,-0.002167199
1.76645e-07,-0.0021758157
1.76745e-07,-0.0021779699
1.76845e-07,-0.0021715074
1.76945e-07,-0.0021585823
1.77045e-07,-0.0021456572
1.77145e-07,-0.0021406307
1.77245e-07,-0.0021485294
1.77345e-07,-0.0021664809
1.77445e-07,-0.0021865866
1.77545e-07,-0.0021980756
1.77645e-07,-0.0021944853
1.77745e-07,-0.0021758157
1.77845e-07,-0.0021492475
1.77945e-07,-0.0021291418
1.78045e-07,-0.0021255515
1.78145e-07,-0.0021420669
1.78245e-07,-0.0021750977
1.78345e-07,-0.0022117188
1.78445e-07,-0.0022404412
1.78545e-07,-0.0022540843
1.78645e-07,-0.0022519301
1.78745e-07,-0.0022404412
1.78845e-07,-0.0022289522
1.78945e-07,-0.0022239258
1.79045e-07,-0.00222608
1.79145e-07,-0.0022332606
1.79245e-07,-0.0022404412
1.79345e-07,-0.0022461857
1.79445e-07,-0.0022526482
1.79545e-07,-0.0022641372
1.79645e-07,-0.0022863971
1.79745e-07,-0.0023187098
1.79845e-07,-0.0023560489
1.79945e-07,-0.0023905159
1.80045e-07,-0.0024127757
1.80145e-07,-0.0024206744
1.80245e-07,-0.002416366
1.80345e-07,-0.0024077493
1.80445e-07,-0.0024012868
1.80545e-07,-0.0024012868
1.80645e-07,-0.0024048771
1.80745e-07,-0.0024070313
1.80845e-07,-0.0024012868
1.80945e-07,-0.0023862075
1.81045e-07,-0.0023661018
1.81145e-07,-0.0023488683
1.81245e-07,-0.0023438419
1.81345e-07,-0.0023538948
1.81445e-07,-0.0023768727
1.81545e-07,-0.0024034409
1.81645e-07,-0.0024242647
1.81745e-07,-0.0024343176
1.81845e-07,-0.0024328814
1.81945e-07,-0.0024271369
1.82045e-07,-0.0024242647
1.82145e-07,-0.0024285731
1.82245e-07,-0.0024386259
1.82345e-07,-0.002450833
1.82445e-07,-0.0024587316
1.82545e-07,-0.0024587316
1.82645e-07,-0.0024522691
1.82745e-07,-0.0024465246
1.82845e-07,-0.0024472426
1.82945e-07,-0.0024587316
1.83045e-07,-0.0024781193
1.83145e-07,-0.0024996611
1.83245e-07,-0.0025161765
1.83345e-07,-0.0025233571
1.83445e-07,-0.0025212029
1.83545e-07,-0.0025168945
1.83645e-07,-0.0025161765
1.83745e-07,-0.0025233571
1.83845e-07,-0.0025384364
1.83945e-07,-0.0025535156
1.84045e-07,-0.0025621324
1.84145e-07,-0.0025599782
1.84245e-07,-0.0025470531
1.84345e-07,-0.0025298196
1.84445e-07,-0.0025161765
1.84545e-07,-0.0025125862
1.84645e-07,-0.0025204848
1.84745e-07,-0.0025355641
1.84845e-07,-0.0025506434
1.84945e-07,-0.0025599782
1.85045e-07,-0.0025614143
1.85145e-07,-0.0025571059
1.85245e-07,-0.0025506434
1.85345e-07,-0.0025470531
1.85445e-07,-0.0025477711
1.85545e-07,-0.0025506434
1.85645e-07,-0.0025506434
1.85745e-07,-0.002545617
1.85845e-07,-0.0025355641
1.85945e-07,-0.0025240751
1.86045e-07,-0.0025161765
1.86145e-07,-0.0025161765
1.86245e-07,-0.0025247932
1.86345e-07,-0.0025384364
1.86445e-07,-0.0025506434
1.86545e-07,-0.0025563879
1.86645e-07,-0.0025527976
1.86745e-07,-0.0025420267
1.86845e-07,-0.0025276654
1.86945e-07,-0.0025161765
1.87045e-07,-0.0025125862
1.87145e-07,-0.0025168945
1.87245e-07,-0.0025276654
1.87345e-07,-0.0025413086
1.87445e-07,-0.0025549517
1.87545e-07,-0.0025657227
1.87645e-07,-0.0025736213
1.87745e-07,-0.0025793658
1.87845e-07,-0.0025829561
1.87945e-07,-0.0025851103
1.88045e-07,-0.0025851103
1.88145e-07,-0.0025836742
1.88245e-07,-0.0025808019
1.88345e-07,-0.0025772116
1.88445e-07,-0.0025736213
1.88545e-07,-0.002569313
1.88645e-07,-0.0025628504
1.88745e-07,-0.0025527976
1.88845e-07,-0.0025391544
1.88945e-07,-0.0025233571
1.89045e-07,-0.0025089959
1.89145e-07,-0.0025010972
1.89245e-07,-0.0025046875
1.89345e-07,-0.0025212029
1.89445e-07,-0.0025477711
1.89545e-07,-0.0025793658
1.89645e-07,-0.0026080882
1.89745e-07,-0.0026274759
1.89845e-07,-0.0026346565
1.89945e-07,-0.0026303481
1.90045e-07,-0.0026195772
1.90145e-07,-0.0026073702
1.90245e-07,-0.0025980354
1.90345e-07,-0.0025951631
1.90445e-07,-0.0025965993
1.90545e-07,-0.0026016257
1.90645e-07,-0.0026066521
1.90745e-07,-0.0026131147
1.90845e-07,-0.0026195772
1.90945e-07,-0.002628912
1.91045e-07,-0.0026425551
1.91145e-07,-0.0026590705
1.91245e-07,-0.0026770221
1.91345e-07,-0.0026921013
1.91445e-07,-0.0027014361
1.91545e-07,-0.0027035903
1.91645e-07,-0.0027
1.91745e-07,-0.0026949736
1.91845e-07,-0.0026913833
1.91945e-07,-0.0026928194
1.92045e-07,-0.0027
1.92145e-07,-0.0027100528
1.92245e-07,-0.0027208238
1.92345e-07,-0.0027294405
1.92445e-07,-0.0027344669
1.92545e-07,-0.0027373392
1.92645e-07,-0.0027394933
1.92745e-07,-0.0027423656
1.92845e-07,-0.0027459559
1.92945e-07,-0.0027488281
1.93045e-07,-0.0027488281
1.93145e-07,-0.0027438017
1.93245e-07,-0.0027344669
1.93345e-07,-0.002723696
1.93445e-07,-0.0027165154
1.93545e-07,-0.0027157973
1.93645e-07,-0.0027229779
1.93745e-07,-0.002735903
1.93845e-07,-0.0027502642
1.93945e-07,-0.0027624713
1.94045e-07,-0.0027689338
1.94145e-07,-0.0027718061
1.94245e-07,-0.0027732422
1.94345e-07,-0.0027797047
1.94445e-07,-0.0027919118
1.94545e-07,-0.0028105813
1.94645e-07,-0.0028314051
1.94745e-07,-0.0028493566
1.94845e-07,-0.0028608456
1.94945e-07,-0.0028644359
1.95045e-07,-0.0028629998
1.95145e-07,-0.0028601275
1.95245e-07,-0.0028608456
1.95345e-07,-0.0028673081
1.95445e-07,-0.0028787971
1.95545e-07,-0.0028924403
1.95645e-07,-0.0029068015
1.95745e-07,-0.0029204446
1.95845e-07,-0.0029333697
1.95945e-07,-0.0029477309
1.96045e-07,-0.0029642463
1.96145e-07,-0.0029807617
1.96245e-07,-0.0029944049
1.96345e-07,-0.0030008674
1.96445e-07,-0.0029987132
1.96545e-07,-0.0029886604
1.96645e-07,-0.0029757353
1.96745e-07,-0.0029656824
1.96845e-07,-0.0029642463
1.96945e-07,-0.002972145
1.97045e-07,-0.0029879423
1.97145e-07,-0.0030058938
1.97245e-07,-0.0030216912
1.97345e-07,-0.0030324621
1.97445e-07,-0.0030382066
1.97545e-07,-0.0030410788
1.97645e-07,-0.0030446691
1.97745e-07,-0.0030489775
1.97845e-07,-0.0030540039
1.97945e-07,-0.0030568761
1.98045e-07,-0.0030561581
1.98145e-07,-0.0030518497
1.98245e-07,-0.0030468233
1.98345e-07,-0.0030439511
1.98445e-07,-0.0030446691
1.98545e-07,-0.0030489775
1.98645e-07,-0.0030525678
1.98745e-07,-0.0030518497
1.98845e-07,-0.0030446691
1.98945e-07,-0.0030331801
1.99045e-07,-0.0030224092
1.99145e-07,-0.0030173828
1.99245e-07,-0.0030216912
1.99345e-07,-0.0030346163
1.99445e-07,-0.0030496955
1.99545e-07,-0.0030590303
1.99645e-07,-0.0030561581
1.99745e-07,-0.0030396427
1.99845e-07,-0.0030130744
1.99945e-07,-0.0029857881
2.00045e-07,-0.0029642463
2.00145e-07,-0.0029541935
2.00245e-07,-0.0029534754
2.00345e-07,-0.0029592199
2.00445e-07,-0.0029642463
2.00545e-07,-0.0029664005
2.00645e-07,-0.0029656824
2.00745e-07,-0.0029678366
2.00845e-07,-0.0029757353
2.00945e-07,-0.0029908146
2.01045e-07,-0.0030102022
2.01145e-07,-0.0030267176
2.01245e-07,-0.0030331801
2.01345e-07,-0.0030259995
2.01445e-07,-0.00300733
2.01545e-07,-0.002983634
2.01645e-07,-0.0029642463
2.01745e-07,-0.0029549115
2.01845e-07,-0.0029563477
2.01945e-07,-0.0029656824
2.02045e-07,-0.0029757353
2.02145e-07,-0.0029807617
2.02245e-07,-0.0029807617
2.02345e-07,-0.0029771714
2.02445e-07,-0.0029757353
2.02545e-07,-0.0029814798
2.02645e-07,-0.0029944049
2.02745e-07,-0.0030102022
2.02845e-07,-0.0030216912
2.02945e-07,-0.0030231273
2.03045e-07,-0.0030130744
2.03145e-07,-0.0029944049
2.03245e-07,-0.0029757353
2.03345e-07,-0.0029656824
2.03445e-07,-0.0029692727
2.03545e-07,-0.0029857881
2.03645e-07,-0.0030102022
2.03745e-07,-0.0030331801
2.03845e-07,-0.0030461052
2.03945e-07,-0.0030453872
2.04045e-07,-0.0030331801
2.04145e-07,-0.0030152286
2.04245e-07,-0.0029987132
2.04345e-07,-0.0029886604
2.04445e-07,-0.0029872243
2.04545e-07,-0.0029922507
2.04645e-07,-0.0029979952
2.04745e-07,-0.0030008674
2.04845e-07,-0.0029987132
2.04945e-07,-0.0029915326
2.05045e-07,-0.002983634
2.05145e-07,-0.0029771714
2.05245e-07,-0.0029757353
2.05345e-07,-0.0029793256
2.05445e-07,-0.0029857881
2.05545e-07,-0.0029936868
2.05645e-07,-0.0029987132
2.05745e-07,-0.0030008674
2.05845e-07,-0.0030001494
2.05945e-07,-0.0029987132
2.06045e-07,-0.0029987132
2.06145e-07,-0.0030008674
2.06245e-07,-0.0030058938
2.06345e-07,-0.0030137925
2.06445e-07,-0.0030216912
2.06545e-07,-0.0030303079
2.06645e-07,-0.0030382066
2.06745e-07,-0.0030468233
2.06845e-07,-0.0030561581
2.06945e-07,-0.003066929
2.07045e-07,-0.003079136
2.07145e-07,-0.0030913431
2.07245e-07,-0.003102114
2.07345e-07,-0.0031100126
2.07445e-07,-0.0031128849
2.07545e-07,-0.0031100126
2.07645e-07,-0.003102114
2.07745e-07,-0.0030899069
2.07845e-07,-0.0030762638
2.07945e-07,-0.0030640568
2.08045e-07,-0.0030561581
2.08145e-07,-0.0030561581
2.08245e-07,-0.0030647748
2.08345e-07,-0.0030805722
2.08445e-07,-0.003102114
2.08545e-07,-0.0031243739
2.08645e-07,-0.0031423254
2.08745e-07,-0.0031545324
2.08845e-07,-0.0031595588
2.08945e-07,-0.0031595588
2.09045e-07,-0.0031574046
2.09145e-07,-0.0031574046
2.09245e-07,-0.0031595588
2.09345e-07,-0.0031638672
2.09445e-07,-0.0031667394
2.09545e-07,-0.0031660214
2.09645e-07,-0.0031595588
2.09745e-07,-0.0031487879
2.09845e-07,-0.003138017
2.09945e-07,-0.0031322725
2.10045e-07,-0.0031365809
2.10145e-07,-0.0031516602
2.10245e-07,-0.0031760742
2.10345e-07,-0.0032040786
2.10445e-07,-0.0032284926
2.10545e-07,-0.0032435719
2.10645e-07,-0.0032478803
2.10745e-07,-0.0032414177
2.10845e-07,-0.0032284926
2.10945e-07,-0.0032148495
2.11045e-07,-0.0032033605
2.11145e-07,-0.003196898
2.11245e-07,-0.0031940257
2.11345e-07,-0.0031940257
2.11445e-07,-0.0031947438
2.11545e-07,-0.0031947438
2.11645e-07,-0.0031940257
2.11745e-07,-0.0031933077
2.11845e-07,-0.0031940257
2.11945e-07,-0.0031940257
2.12045e-07,-0.0031940257
2.12145e-07,-0.0031911535
2.12245e-07,-0.0031846909
2.12345e-07,-0.00317392
2.12445e-07,-0.0031595588
2.12545e-07,-0.0031437615
2.12645e-07,-0.0031286822
2.12745e-07,-0.0031186294
2.12845e-07,-0.0031136029
2.12945e-07,-0.0031157571
2.13045e-07,-0.0031236558
2.13145e-07,-0.0031358628
2.13245e-07,-0.0031480699
2.13345e-07,-0.0031581227
2.13445e-07,-0.0031638672
2.13545e-07,-0.0031638672
2.13645e-07,-0.0031595588
2.13745e-07,-0.0031530963
2.13845e-07,-0.0031466337
2.13945e-07,-0.0031416073
2.14045e-07,-0.0031365809
2.14145e-07,-0.0031315545
2.14245e-07,-0.0031236558
2.14345e-07,-0.0031136029
2.14445e-07,-0.003102114
2.14545e-07,-0.0030920611
2.14645e-07,-0.0030863166
2.14745e-07,-0.0030855986
2.14845e-07,-0.003090625
2.14945e-07,-0.0030970875
2.15045e-07,-0.0031013959
2.15145e-07,-0.0030992417
2.15245e-07,-0.003090625
2.15345e-07,-0.0030776999
2.15445e-07,-0.0030633387
2.15545e-07,-0.0030518497
2.15645e-07,-0.0030446691
2.15745e-07,-0.0030396427
2.15845e-07,-0.0030338982
2.15945e-07,-0.0030245634
2.16045e-07,-0.0030102022
2.16145e-07,-0.0029944049
2.16245e-07,-0.0029829159
2.16345e-07,-0.0029793256
2.16445e-07,-0.0029872243
2.16545e-07,-0.0030037397
2.16645e-07,-0.0030231273
2.16745e-07,-0.0030382066
2.16845e-07,-0.0030446691
2.16945e-07,-0.0030410788
2.17045e-07,-0.0030324621
2.17145e-07,-0.0030238454
2.17245e-07,-0.0030216912
2.17345e-07,-0.0030267176
2.17445e-07,-0.0030374885
2.17545e-07,-0.0030489775
2.17645e-07,-0.0030561581
2.17745e-07,-0.0030583123
2.17845e-07,-0.0030583123
2.17945e-07,-0.0030597484
2.18045e-07,-0.0030676471
2.18145e-07,-0.0030827263
2.18245e-07,-0.0031013959
2.18345e-07,-0.0031171932
2.18445e-07,-0.0031250919
2.18545e-07,-0.0031222197
2.18645e-07,-0.0031107307
2.18745e-07,-0.0030978056
2.18845e-07,-0.003090625
2.18945e-07,-0.0030942153
2.19045e-07,-0.0031100126
2.19145e-07,-0.0031337086
2.19245e-07,-0.0031595588
2.19345e-07,-0.0031825368
2.19445e-07,-0.0031990522
2.19545e-07,-0.0032098231
2.19645e-07,-0.0032170037
2.19745e-07,-0.0032241843
2.19845e-07,-0.003232801
2.19945e-07,-0.0032421358
2.20045e-07,-0.0032514706
2.20145e-07,-0.0032600873
2.20245e-07,-0.0032672679
2.20345e-07,-0.0032758847
2.20445e-07,-0.0032859375
2.20545e-07,-0.0032974265
2.20645e-07,-0.0033089154
2.20745e-07,-0.0033175322
2.20845e-07,-0.0033204044
2.20945e-07,-0.0033182502
2.21045e-07,-0.0033125057
2.21145e-07,-0.0033081974
2.21245e-07,-0.0033089154
2.21345e-07,-0.003316096
2.21445e-07,-0.0033283031
2.21545e-07,-0.0033426643
2.21645e-07,-0.0033548713
2.21745e-07,-0.00336277
2.21845e-07,-0.0033656422
2.21945e-07,-0.0033663603
2.22045e-07,-0.0033663603
2.22145e-07,-0.0033677964
2.22245e-07,-0.0033692325
2.22345e-07,-0.0033699506
2.22445e-07,-0.0033663603
2.22545e-07,-0.0033598977
2.22645e-07,-0.0033534352
2.22745e-07,-0.003350563
2.22845e-07,-0.0033548713
2.22945e-07,-0.0033677964
2.23045e-07,-0.0033871841
2.23145e-07,-0.0034080078
2.23245e-07,-0.0034238051
2.23345e-07,-0.0034317038
2.23445e-07,-0.0034302677
2.23545e-07,-0.003422369
2.23645e-07,-0.0034123162
2.23745e-07,-0.0034044175
2.23845e-07,-0.0034001091
2.23945e-07,-0.0033993911
2.24045e-07,-0.0034008272
2.24145e-07,-0.0034036994
2.24245e-07,-0.0034080078
2.24345e-07,-0.0034144704
2.24445e-07,-0.0034238051
2.24545e-07,-0.0034360122
2.24645e-07,-0.0034496553
2.24745e-07,-0.0034618624
2.24845e-07,-0.003469761
2.24945e-07,-0.0034726333
2.25045e-07,-0.0034719152
2.25145e-07,-0.003469761
2.25245e-07,-0.003469761
2.25345e-07,-0.0034719152
2.25445e-07,-0.0034747875
2.25545e-07,-0.0034747875
2.25645e-07,-0.003469761
2.25745e-07,-0.0034589901
2.25845e-07,-0.0034446289
2.25945e-07,-0.0034309858
2.26045e-07,-0.0034238051
2.26145e-07,-0.0034259593
2.26245e-07,-0.0034367302
2.26345e-07,-0.0034532456
2.26445e-07,-0.003469761
2.26545e-07,-0.0034805319
2.26645e-07,-0.0034834042
2.26745e-07,-0.0034790958
2.26845e-07,-0.003469761
2.26945e-07,-0.0034597082
2.27045e-07,-0.0034518095
2.27145e-07,-0.0034475011
2.27245e-07,-0.0034467831
2.27345e-07,-0.0034489373
2.27445e-07,-0.0034539637
2.27545e-07,-0.0034611443
2.27645e-07,-0.003469761
2.27745e-07,-0.0034798139
2.27845e-07,-0.0034898667
2.27945e-07,-0.0034984835
2.28045e-07,-0.0035042279
2.28145e-07,-0.0035063821
2.28245e-07,-0.0035056641
2.28345e-07,-0.0035042279
2.28445e-07,-0.0035042279
2.28545e-07,-0.0035063821
2.28645e-07,-0.0035099724
2.28745e-07,-0.0035135627
2.28845e-07,-0.0035157169
2.28945e-07,-0.0035157169
2.29045e-07,-0.0035149989
2.29145e-07,-0.0035142808
2.29245e-07,-0.0035157169
2.29345e-07,-0.0035207433
2.29445e-07,-0.0035279239
2.29545e-07,-0.0035351045
2.29645e-07,-0.0035386949
2.29745e-07,-0.0035372587
2.29845e-07,-0.0035300781
2.29945e-07,-0.0035185892
2.30045e-07,-0.0035042279
2.30145e-07,-0.0034905848
2.30245e-07,-0.0034798139
2.30345e-07,-0.0034733513
2.30445e-07,-0.003469761
2.30545e-07,-0.003469043
2.30645e-07,-0.003469761
2.30745e-07,-0.0034704791
2.30845e-07,-0.003469761
2.30945e-07,-0.0034668888
2.31045e-07,-0.0034618624
2.31145e-07,-0.0034546818
2.31245e-07,-0.0034467831
2.31345e-07,-0.0034403205
2.31445e-07,-0.0034367302
2.31545e-07,-0.0034352941
2.31645e-07,-0.0034352941
2.31745e-07,-0.003433858
2.31845e-07,-0.0034273955
2.31945e-07,-0.0034159065
2.32045e-07,-0.0034008272
2.32145e-07,-0.003386466
2.32245e-07,-0.0033778493
2.32345e-07,-0.0033792854
2.32445e-07,-0.0033893382
2.32545e-07,-0.0034051356
2.32645e-07,-0.0034194968
2.32745e-07,-0.0034266774
2.32845e-07,-0.0034238051
2.32945e-07,-0.0034115981
2.33045e-07,-0.0033958008
2.33145e-07,-0.0033828757
2.33245e-07,-0.0033778493
2.33345e-07,-0.0033814396
2.33445e-07,-0.0033900563
2.33545e-07,-0.003397955
2.33645e-07,-0.0034008272
2.33745e-07,-0.0033965188
2.33845e-07,-0.0033886202
2.33945e-07,-0.0033807215
2.34045e-07,-0.0033778493
2.34145e-07,-0.0033821576
2.34245e-07,-0.0033929285
2.34345e-07,-0.0034036994
2.34445e-07,-0.0034123162
2.34545e-07,-0.0034144704
2.34645e-07,-0.0034115981
2.34745e-07,-0.0034065717
2.34845e-07,-0.0034008272
2.34945e-07,-0.0033965188
2.35045e-07,-0.0033929285
2.35145e-07,-0.0033871841
2.35245e-07,-0.0033778493
2.35345e-07,-0.0033656422
2.35445e-07,-0.0033548713
2.35545e-07,-0.0033498449
2.35645e-07,-0.0033548713
2.35745e-07,-0.0033699506
2.35845e-07,-0.0033907744
2.35945e-07,-0.0034108801
2.36045e-07,-0.0034238051
2.36145e-07,-0.0034266774
2.36245e-07,-0.0034202148
2.36345e-07,-0.0034094439
2.36445e-07,-0.0034008272
2.36545e-07,-0.003397955
2.36645e-07,-0.0034015453
2.36745e-07,-0.0034072898
2.36845e-07,-0.0034123162
2.36945e-07,-0.0034130342
2.37045e-07,-0.0034108801
2.37145e-07,-0.0034087259
2.37245e-07,-0.0034123162
2.37345e-07,-0.0034245232
2.37445e-07,-0.0034446289
2.37545e-07,-0.003469761
2.37645e-07,-0.003492739
2.37745e-07,-0.0035092544
2.37845e-07,-0.003517153
2.37945e-07,-0.0035178711
2.38045e-07,-0.0035157169
2.38145e-07,-0.0035149989
2.38245e-07,-0.0035178711
2.38345e-07,-0.0035228975
2.38445e-07,-0.0035272059
2.38545e-07,-0.003528642
2.38645e-07,-0.0035257698
2.38745e-07,-0.0035207433
2.38845e-07,-0.0035157169
2.38945e-07,-0.0035149989
2.39045e-07,-0.0035200253
2.39145e-07,-0.003528642
2.39245e-07,-0.0035386949
2.39345e-07,-0.0035444393
2.39445e-07,-0.0035430032
2.39545e-07,-0.0035329504
2.39645e-07,-0.0035157169
2.39745e-07,-0.0034956112
2.39845e-07,-0.0034762236
2.39945e-07,-0.0034632985
2.40045e-07,-0.0034582721
2.40145e-07,-0.0034618624
2.40245e-07,-0.0034711972
2.40345e-07,-0.0034834042
2.40445e-07,-0.003492739
2.40545e-07,-0.0034963293
2.40645e-07,-0.0034920209
2.40745e-07,-0.0034819681
2.40845e-07,-0.003469761
2.40945e-07,-0.0034604262
2.41045e-07,-0.0034568359
2.41145e-07,-0.0034618624
2.41245e-07,-0.003469761
2.41345e-07,-0.0034755055
2.41445e-07,-0.0034733513
2.41545e-07,-0.0034589901
2.41645e-07,-0.0034352941
2.41745e-07,-0.0034094439
2.41845e-07,-0.0033907744
2.41945e-07,-0.0033871841
2.42045e-07,-0.0034008272
2.42145e-07,-0.0034266774
2.42245e-07,-0.0034546818
2.42345e-07,-0.0034747875
2.42445e-07,-0.00348125
2.42545e-07,-0.0034733513
2.42645e-07,-0.003457554
2.42745e-07,-0.0034424747
2.42845e-07,-0.0034352941
2.42945e-07,-0.0034374483
2.43045e-07,-0.0034446289
2.43145e-07,-0.0034496553
2.43245e-07,-0.0034467831
2.43345e-07,-0.0034352941
2.43445e-07,-0.0034187787
2.43545e-07,-0.0034051356
2.43645e-07,-0.0034008272
2.43745e-07,-0.0034080078
2.43845e-07,-0.0034238051
2.43945e-07,-0.0034388844
2.44045e-07,-0.0034467831
2.44145e-07,-0.0034431928
2.44245e-07,-0.0034302677
2.44345e-07,-0.0034137523
2.44445e-07,-0.0034008272
2.44545e-07,-0.0033972369
2.44645e-07,-0.0034022633
2.44745e-07,-0.0034130342
2.44845e-07,-0.0034238051
2.44945e-07,-0.0034317038
2.45045e-07,-0.0034360122
2.45145e-07,-0.0034403205
2.45245e-07,-0.0034467831
2.45345e-07,-0.003457554
2.45445e-07,-0.0034704791
2.45545e-07,-0.0034834042
2.45645e-07,-0.003492739
2.45745e-07,-0.0034970473
2.45845e-07,-0.0034984835
2.45945e-07,-0.0035006376
2.46045e-07,-0.0035042279
2.46145e-07,-0.0035092544
2.46245e-07,-0.0035121266
2.46345e-07,-0.0035071002
2.46445e-07,-0.003492739
2.46545e-07,-0.0034711972
2.46645e-07,-0.0034503734
2.46745e-07,-0.0034403205
2.46845e-07,-0.0034467831
2.46945e-07,-0.0034711972
2.47045e-07,-0.0035085363
2.47145e-07,-0.0035458755
2.47245e-07,-0.0035731618
2.47345e-07,-0.0035839327
2.47445e-07,-0.0035789062
2.47545e-07,-0.003564545
2.47645e-07,-0.0035501838
2.47745e-07,-0.0035422852
2.47845e-07,-0.0035422852
2.47945e-07,-0.0035465935
2.48045e-07,-0.0035501838
2.48145e-07,-0.0035480296
2.48245e-07,-0.0035386949
2.48345e-07,-0.0035264878
2.48445e-07,-0.0035157169
2.48545e-07,-0.0035099724
2.48645e-07,-0.0035099724
2.48745e-07,-0.0035135627
2.48845e-07,-0.0035157169
2.48945e-07,-0.0035142808
2.49045e-07,-0.0035085363
2.49145e-07,-0.0034999196
2.49245e-07,-0.003492739
2.49345e-07,-0.0034869945
2.49445e-07,-0.0034834042
2.49545e-07,-0.0034776597
2.49645e-07,-0.003469761
2.49745e-07,-0.0034597082
2.49845e-07,-0.0034518095
2.49945e-07,-0.0034496553
2.50045e-07,-0.0034582721
2.50145e-07,-0.0034755055
2.50245e-07,-0.0034963293
2.50345e-07,-0.0035121266
2.50445e-07,-0.0035157169
2.50545e-07,-0.003504946
2.50645e-07,-0.0034819681
2.50745e-07,-0.0034561179
2.50845e-07,-0.0034352941
2.50945e-07,-0.0034266774
2.51045e-07,-0.0034302677
2.51145e-07,-0.0034431928
2.51245e-07,-0.0034582721
2.51345e-07,-0.003469761
2.51445e-07,-0.0034762236
2.51545e-07,-0.0034783778
2.51645e-07,-0.00348125
2.51745e-07,-0.0034869945
2.51845e-07,-0.0034970473
2.51945e-07,-0.0035078182
2.52045e-07,-0.0035157169
2.52145e-07,-0.0035178711
2.52245e-07,-0.0035149989
2.52345e-07,-0.0035092544
2.52445e-07,-0.0035042279
2.52545e-07,-0.0035035099
2.52645e-07,-0.0035085363
2.52745e-07,-0.003516435
2.52845e-07,-0.0035272059
2.52945e-07,-0.0035386949
2.53045e-07,-0.0035509019
2.53145e-07,-0.0035652631
2.53245e-07,-0.0035846507
2.53345e-07,-0.0036076287
2.53445e-07,-0.0036306066
2.53545e-07,-0.0036514304
2.53645e-07,-0.0036650735
2.53745e-07,-0.0036715361
2.53845e-07,-0.0036729722
2.53945e-07,-0.0036729722
2.54045e-07,-0.0036765625
2.54145e-07,-0.0036844612
2.54245e-07,-0.003694514
2.54345e-07,-0.0037045669
2.54445e-07,-0.0037110294
2.54545e-07,-0.0037124655
2.54645e-07,-0.0037124655
2.54745e-07,-0.0037139017
2.54845e-07,-0.0037225184
2.54945e-07,-0.0037383157
2.55045e-07,-0.0037584214
2.55145e-07,-0.0037778091
2.55245e-07,-0.0037914522
2.55345e-07,-0.0037957606
2.55445e-07,-0.0037921703
2.55545e-07,-0.0037849897
2.55645e-07,-0.0037799632
2.55745e-07,-0.0037813994
2.55845e-07,-0.003789298
2.55945e-07,-0.0038015051
2.56045e-07,-0.0038144301
2.56145e-07,-0.003824483
2.56245e-07,-0.0038302275
2.56345e-07,-0.0038338178
2.56445e-07,-0.0038374081
2.56545e-07,-0.0038431526
2.56645e-07,-0.0038517693
2.56745e-07,-0.0038618222
2.56845e-07,-0.003871875
2.56945e-07,-0.0038804917
2.57045e-07,-0.0038869543
2.57145e-07,-0.0038919807
2.57245e-07,-0.0038948529
2.57345e-07,-0.0038948529
2.57445e-07,-0.0038891085
2.57545e-07,-0.0038776195
2.57645e-07,-0.003860386
2.57745e-07,-0.0038424345
2.57845e-07,-0.0038295094
2.57945e-07,-0.0038273552
2.58045e-07,-0.0038374081
2.58145e-07,-0.0038575138
2.58245e-07,-0.0038804917
2.58345e-07,-0.0038984432
2.58445e-07,-0.0039063419
2.58545e-07,-0.0039027516
2.58645e-07,-0.0038912626
2.58745e-07,-0.0038790556
2.58845e-07,-0.003871875
2.58945e-07,-0.0038711569
2.59045e-07,-0.0038761834
2.59145e-07,-0.0038812098
2.59245e-07,-0.003883364
2.59345e-07,-0.0038812098
2.59445e-07,-0.0038783375
2.59545e-07,-0.0038776195
2.59645e-07,-0.003883364
2.59745e-07,-0.0038941349
2.59845e-07,-0.0039056239
2.59945e-07,-0.0039113683
2.60045e-07,-0.0039063419
2.60145e-07,-0.0038905446
2.60245e-07,-0.0038690028
2.60345e-07,-0.0038488971
2.60445e-07,-0.0038374081
2.60545e-07,-0.0038374081
2.60645e-07,-0.0038453068
2.60745e-07,-0.0038553596
2.60845e-07,-0.003860386
2.60945e-07,-0.0038582318
2.61045e-07,-0.0038517693
2.61145e-07,-0.0038460248
2.61245e-07,-0.0038488971
2.61345e-07,-0.0038618222
2.61445e-07,-0.0038826459
2.61545e-07,-0.0039034697
2.61645e-07,-0.0039178309
2.61745e-07,-0.0039207031
2.61845e-07,-0.0039135225
2.61945e-07,-0.0039020335
2.62045e-07,-0.0038948529
2.62145e-07,-0.0038970071
2.62245e-07,-0.0039084961
2.62345e-07,-0.0039257295
2.62445e-07,-0.0039408088
2.62545e-07,-0.0039494256
2.62645e-07,-0.0039501436
2.62745e-07,-0.0039458352
2.62845e-07,-0.0039408088
2.62945e-07,-0.0039400908
2.63045e-07,-0.0039436811
2.63145e-07,-0.0039494256
2.63245e-07,-0.0039522978
2.63345e-07,-0.0039501436
2.63445e-07,-0.003942963
2.63545e-07,-0.0039343463
2.63645e-07,-0.0039293199
2.63745e-07,-0.0039321921
2.63845e-07,-0.0039436811
2.63945e-07,-0.0039594784
2.64045e-07,-0.0039752757
2.64145e-07,-0.0039860466
2.64245e-07,-0.0039896369
2.64345e-07,-0.0039889189
2.64445e-07,-0.0039867647
2.64545e-07,-0.0039874828
2.64645e-07,-0.0039932273
2.64745e-07,-0.004001844
2.64845e-07,-0.0040097426
2.64945e-07,-0.0040126149
2.65045e-07,-0.0040083065
2.65145e-07,-0.0039946634
2.65245e-07,-0.0039752757
2.65345e-07,-0.0039522978
2.65445e-07,-0.0039293199
2.65545e-07,-0.0039099322
2.65645e-07,-0.0038948529
2.65745e-07,-0.0038869543
2.65845e-07,-0.0038862362
2.65945e-07,-0.0038934168
2.66045e-07,-0.0039063419
2.66145e-07,-0.0039214212
2.66245e-07,-0.0039350643
2.66345e-07,-0.0039422449
2.66445e-07,-0.0039408088
2.66545e-07,-0.003930756
2.66645e-07,-0.0039156767
2.66745e-07,-0.0038991613
2.66845e-07,-0.003883364
2.66945e-07,-0.0038711569
2.67045e-07,-0.0038611041
2.67145e-07,-0.0038539235
2.67245e-07,-0.0038488971
2.67345e-07,-0.0038474609
2.67445e-07,-0.0038524874
2.67545e-07,-0.0038646944
2.67645e-07,-0.003883364
2.67745e-07,-0.0039041877
2.67845e-07,-0.0039199851
2.67945e-07,-0.0039257295
2.68045e-07,-0.0039178309
2.68145e-07,-0.0038991613
2.68245e-07,-0.0038769014
2.68345e-07,-0.0038582318
2.68445e-07,-0.0038488971
2.68545e-07,-0.0038503332
2.68645e-07,-0.0038589499
2.68745e-07,-0.0038682847
2.68845e-07,-0.003871875
2.68945e-07,-0.0038675666
2.69045e-07,-0.0038582318
2.69145e-07,-0.0038467429
2.69245e-07,-0.0038374081
2.69345e-07,-0.0038309455
2.69445e-07,-0.0038259191
2.69545e-07,-0.0038173024
2.69645e-07,-0.0038029412
2.69745e-07,-0.0037835535
2.69845e-07,-0.0037641659
2.69945e-07,-0.0037498047
2.70045e-07,-0.0037454963
2.70145e-07,-0.0037505227
2.70245e-07,-0.0037584214
2.70345e-07,-0.0037627298
2.70445e-07,-0.0037569853
2.70545e-07,-0.0037397518
2.70645e-07,-0.0037167739
2.70745e-07,-0.0036966682
2.70845e-07,-0.0036880515
2.70945e-07,-0.003693796
2.71045e-07,-0.0037110294
2.71145e-07,-0.0037318532
2.71245e-07,-0.0037454963
2.71345e-07,-0.0037462144
2.71445e-07,-0.0037347254
2.71545e-07,-0.0037160558
2.71645e-07,-0.0036995404
2.71745e-07,-0.0036916418
2.71845e-07,-0.0036959501
2.71945e-07,-0.0037081572
2.72045e-07,-0.0037225184
2.72145e-07,-0.0037340074
2.72245e-07,-0.0037404699
2.72345e-07,-0.0037426241
2.72445e-07,-0.0037454963
2.72545e-07,-0.0037526769
2.72645e-07,-0.003764884
2.72745e-07,-0.0037792452
2.72845e-07,-0.0037914522
2.72945e-07,-0.0037964786
2.73045e-07,-0.0037928883
2.73145e-07,-0.0037821174
2.73245e-07,-0.0037684743
2.73345e-07,-0.0037569853
2.73445e-07,-0.0037505227
2.73545e-07,-0.0037505227
2.73645e-07,-0.0037569853
2.73745e-07,-0.0037677562
2.73845e-07,-0.0037828355
2.73945e-07,-0.0038022231
2.74045e-07,-0.0038259191
2.74145e-07,-0.0038524874
2.74245e-07,-0.0038797737
2.74345e-07,-0.0039027516
2.74445e-07,-0.0039178309
2.74545e-07,-0.0039214212
2.74645e-07,-0.0039149586
2.74745e-07,-0.0039005974
2.74845e-07,-0.003883364
2.74945e-07,-0.0038682847
2.75045e-07,-0.0038589499
2.75145e-07,-0.0038560777
2.75245e-07,-0.003860386
2.75345e-07,-0.0038704389
2.75445e-07,-0.003884082
2.75545e-07,-0.0039013155
2.75645e-07,-0.0039178309
2.75745e-07,-0.003931474
2.75845e-07,-0.0039393727
2.75945e-07,-0.0039386546
2.76045e-07,-0.0039293199
2.76145e-07,-0.0039135225
2.76245e-07,-0.003895571
2.76345e-07,-0.0038804917
2.76445e-07,-0.003871875
2.76545e-07,-0.0038697208
2.76645e-07,-0.0038711569
2.76745e-07,-0.0038725931
2.76845e-07,-0.003871875
2.76945e-07,-0.0038690028
2.77045e-07,-0.0038654125
2.77145e-07,-0.0038661305
2.77245e-07,-0.003871875
2.77345e-07,-0.0038826459
2.77445e-07,-0.0038934168
2.77545e-07,-0.0038991613
2.77645e-07,-0.0038948529
2.77745e-07,-0.0038797737
2.77845e-07,-0.0038567957
2.77945e-07,-0.0038330997
2.78045e-07,-0.0038144301
2.78145e-07,-0.0038058134
2.78245e-07,-0.0038058134
2.78345e-07,-0.0038101218
2.78445e-07,-0.0038144301
2.78545e-07,-0.0038137121
2.78645e-07,-0.0038079676
2.78745e-07,-0.0037986328
2.78845e-07,-0.0037914522
2.78945e-07,-0.003789298
2.79045e-07,-0.0037921703
2.79145e-07,-0.0037986328
2.79245e-07,-0.0038029412
2.79345e-07,-0.0038015051
2.79445e-07,-0.0037928883
2.79545e-07,-0.0037763729
2.79645e-07,-0.0037569853
2.79745e-07,-0.0037375977
2.79845e-07,-0.0037225184
2.79945e-07,-0.0037139017
2.80045e-07,-0.0037110294
2.80145e-07,-0.0037139017
2.80245e-07,-0.0037218003
2.80345e-07,-0.0037332893
2.80445e-07,-0.0037454963
2.80545e-07,-0.0037569853
2.80645e-07,-0.0037634478
2.80745e-07,-0.0037641659
2.80845e-07,-0.0037569853
2.80945e-07,-0.0037440602
2.81045e-07,-0.0037289809
2.81145e-07,-0.0037167739
2.81245e-07,-0.0037110294
2.81345e-07,-0.0037131836
2.81445e-07,-0.0037225184
2.81545e-07,-0.0037340074
2.81645e-07,-0.0037454963
2.81745e-07,-0.003753395
2.81845e-07,-0.0037584214
2.81945e-07,-0.0037627298
2.82045e-07,-0.0037684743
2.82145e-07,-0.003777091
2.82245e-07,-0.0037871438
2.82345e-07,-0.0037964786
2.82445e-07,-0.0038029412
2.82545e-07,-0.0038036592
2.82645e-07,-0.0038000689
2.82745e-07,-0.0037950425
2.82845e-07,-0.0037914522
2.82945e-07,-0.0037914522
2.83045e-07,-0.0037950425
2.83145e-07,-0.0038000689
2.83245e-07,-0.0038029412
2.83345e-07,-0.003800787
2.83445e-07,-0.0037943244
2.83545e-07,-0.0037864258
2.83645e-07,-0.0037799632
2.83745e-07,-0.0037799632
2.83845e-07,-0.0037864258
2.83945e-07,-0.0037993509
2.84045e-07,-0.0038144301
2.84145e-07,-0.0038266372
2.84245e-07,-0.0038323817
2.84345e-07,-0.0038316636
2.84445e-07,-0.0038259191
2.84545e-07,-0.0038194566
2.84645e-07,-0.0038158663
2.84745e-07,-0.0038180205
2.84845e-07,-0.0038259191
2.84945e-07,-0.00383669
2.85045e-07,-0.0038467429
2.85145e-07,-0.0038517693
2.85245e-07,-0.0038488971
2.85345e-07,-0.0038381261
2.85445e-07,-0.0038223288
2.85545e-07,-0.0038050954
2.85645e-07,-0.0037914522
2.85745e-07,-0.0037864258
2.85845e-07,-0.0037914522
2.85945e-07,-0.0038058134
2.86045e-07,-0.0038259191
2.86145e-07,-0.0038453068
2.86245e-07,-0.003859668
2.86345e-07,-0.0038646944
2.86445e-07,-0.003860386
2.86545e-07,-0.0038510512
2.86645e-07,-0.0038431526
2.86745e-07,-0.0038409984
2.86845e-07,-0.0038488971
2.86945e-07,-0.0038654125
2.87045e-07,-0.0038855182
2.87145e-07,-0.0039049058
2.87245e-07,-0.0039178309
2.87345e-07,-0.0039214212
2.87445e-07,-0.0039156767
2.87545e-07,-0.0039056239
2.87645e-07,-0.0038948529
2.87745e-07,-0.0038869543
2.87845e-07,-0.0038826459
2.87945e-07,-0.0038819278
2.88045e-07,-0.003883364
2.88145e-07,-0.0038855182
2.88245e-07,-0.0038869543
2.88345e-07,-0.0038898265
2.88445e-07,-0.0038948529
2.88545e-07,-0.0039013155
2.88645e-07,-0.0039092142
2.88745e-07,-0.0039156767
2.88845e-07,-0.0039178309
2.88945e-07,-0.0039149586
2.89045e-07,-0.00390706
2.89145e-07,-0.003895571
2.89245e-07,-0.003883364
2.89345e-07,-0.0038725931
2.89445e-07,-0.0038654125
2.89545e-07,-0.0038611041
2.89645e-07,-0.003860386
2.89745e-07,-0.0038618222
2.89845e-07,-0.0038646944
2.89945e-07,-0.0038675666
2.90045e-07,-0.003871875
2.90145e-07,-0.0038754653
2.90245e-07,-0.0038790556
2.90345e-07,-0.0038812098
2.90445e-07,-0.003883364
2.90545e-07,-0.0038862362
2.90645e-07,-0.0038912626
2.90745e-07,-0.0038977252
2.90845e-07,-0.0039063419
2.90945e-07,-0.0039135225
2.91045e-07,-0.0039171128
2.91145e-07,-0.0039142406
2.91245e-07,-0.0039063419
2.91345e-07,-0.0038962891
2.91445e-07,-0.0038883904
2.91545e-07,-0.0038869543
2.91645e-07,-0.0038948529
2.91745e-07,-0.0039099322
2.91845e-07,-0.0039286018
2.91945e-07,-0.0039443991
2.92045e-07,-0.0039522978
2.92145e-07,-0.0039508617
2.92245e-07,-0.0039415269
2.92345e-07,-0.0039293199
2.92445e-07,-0.0039178309
2.92545e-07,-0.0039113683
2.92645e-07,-0.0039099322
2.92745e-07,-0.0039128045
2.92845e-07,-0.0039178309
2.92945e-07,-0.0039242934
2.93045e-07,-0.0039321921
2.93145e-07,-0.0039415269
2.93245e-07,-0.0039522978
2.93345e-07,-0.0039630687
2.93445e-07,-0.0039724035
2.93545e-07,-0.0039767119
2.93645e-07,-0.0039752757
2.93745e-07,-0.0039688132
2.93845e-07,-0.0039601965
2.93945e-07,-0.0039501436
2.94045e-07,-0.0039408088
2.94145e-07,-0.003931474
2.94245e-07,-0.0039207031
2.94345e-07,-0.003907778
2.94445e-07,-0.0038948529
2.94545e-07,-0.0038855182
2.94645e-07,-0.0038848001
2.94745e-07,-0.003895571
2.94845e-07,-0.0039178309
2.94945e-07,-0.0039451172
2.95045e-07,-0.0039688132
2.95145e-07,-0.0039803022
2.95245e-07,-0.0039752757
2.95345e-07,-0.0039558881
2.95445e-07,-0.003930756
2.95545e-07,-0.003907778
2.95645e-07,-0.0038948529
2.95745e-07,-0.0038941349
2.95845e-07,-0.0039034697
2.95945e-07,-0.0039163948
2.96045e-07,-0.0039293199
2.96145e-07,-0.0039400908
2.96245e-07,-0.0039522978
2.96345e-07,-0.0039673771
2.96445e-07,-0.0039867647
2.96545e-07,-0.0040075885
2.96645e-07,-0.0040233858
2.96745e-07,-0.0040284122
2.96845e-07,-0.0040212316
2.96945e-07,-0.0040054343
2.97045e-07,-0.0039910731
2.97145e-07,-0.0039867647
2.97245e-07,-0.0039982537
2.97345e-07,-0.0040226677
2.97445e-07,-0.0040506721
2.97545e-07,-0.0040714959
2.97645e-07,-0.0040786765
2.97745e-07,-0.0040722139
2.97845e-07,-0.0040592888
2.97945e-07,-0.0040513902
2.98045e-07,-0.0040556985
2.98145e-07,-0.004072932
2.98245e-07,-0.0040951919
2.98345e-07,-0.0041117073
2.98445e-07,-0.0041131434
2.98545e-07,-0.0040987822
2.98645e-07,-0.0040750862
2.98745e-07,-0.0040535443
2.98845e-07,-0.0040442096
2.98945e-07,-0.0040506721
2.99045e-07,-0.0040664694
2.99145e-07,-0.0040829848
2.99245e-07,-0.0040901654
2.99345e-07,-0.004085139
2.99445e-07,-0.0040722139
2.99545e-07,-0.0040600069
2.99645e-07,-0.0040556985
2.99745e-07,-0.004061443
2.99845e-07,-0.0040714959
2.99945e-07,-0.0040758042
3.00045e-07,-0.0040671875
3.00145e-07,-0.0040449276
3.00245e-07,-0.0040176413
3.00345e-07,-0.0039946634
3.00445e-07,-0.0039867647
3.00545e-07,-0.0039946634
3.00645e-07,-0.0040104607
3.00745e-07,-0.0040233858
3.00845e-07,-0.0040212316
3.00945e-07,-0.0040032801
3.01045e-07,-0.0039767119
3.01145e-07,-0.0039558881
3.01245e-07,-0.0039522978
3.01345e-07,-0.0039702493
3.01445e-07,-0.004001844
3.01545e-07,-0.0040355928
3.01645e-07,-0.0040556985
3.01745e-07,-0.0040571347
3.01845e-07,-0.0040434915
3.01945e-07,-0.0040276942
3.02045e-07,-0.0040212316
3.02145e-07,-0.0040312845
3.02245e-07,-0.0040535443
3.02345e-07,-0.0040772403
3.02445e-07,-0.0040901654
3.02545e-07,-0.0040858571
3.02645e-07,-0.0040686236
3.02745e-07,-0.004049954
3.02845e-07,-0.0040442096
3.02945e-07,-0.0040585708
3.03045e-07,-0.0040901654
3.03145e-07,-0.0041289407
3.03245e-07,-0.0041590993
3.03345e-07,-0.0041713063
3.03445e-07,-0.0041655618
3.03545e-07,-0.0041490464
3.03645e-07,-0.0041361213
3.03745e-07,-0.0041354033
3.03845e-07,-0.0041497645
3.03945e-07,-0.0041720244
3.04045e-07,-0.0041935662
3.04145e-07,-0.0042050551
3.04245e-07,-0.0042057732
3.04345e-07,-0.0041985926
3.04445e-07,-0.0041935662
3.04545e-07,-0.0041957204
3.04645e-07,-0.0042057732
3.04745e-07,-0.0042194164
3.04845e-07,-0.0042280331
3.04945e-07,-0.0042258789
3.05045e-07,-0.0042115177
3.05145e-07,-0.0041906939
3.05245e-07,-0.0041705882
3.05345e-07,-0.0041576631
3.05445e-07,-0.0041533548
3.05545e-07,-0.004155509
3.05645e-07,-0.0041590993
3.05745e-07,-0.0041612534
3.05845e-07,-0.0041619715
3.05945e-07,-0.0041641257
3.06045e-07,-0.0041705882
3.06145e-07,-0.0041820772
3.06245e-07,-0.0041950023
3.06345e-07,-0.004203619
3.06445e-07,-0.0042050551
3.06545e-07,-0.0041978745
3.06645e-07,-0.0041871036
3.06745e-07,-0.004179205
3.06845e-07,-0.0041820772
3.06945e-07,-0.0041957204
3.07045e-07,-0.0042172622
3.07145e-07,-0.0042380859
3.07245e-07,-0.004251011
3.07345e-07,-0.0042546013
3.07445e-07,-0.0042524472
3.07545e-07,-0.0042531652
3.07645e-07,-0.0042625
3.07745e-07,-0.0042833238
3.07845e-07,-0.0043113281
3.07945e-07,-0.0043378964
3.08045e-07,-0.0043544118
3.08145e-07,-0.0043580021
3.08245e-07,-0.0043522576
3.08345e-07,-0.0043443589
3.08445e-07,-0.0043429228
3.08545e-07,-0.0043508215
3.08645e-07,-0.0043659007
3.08745e-07,-0.00438098
3.08845e-07,-0.0043888787
3.08945e-07,-0.0043860064
3.09045e-07,-0.0043759536
3.09145e-07,-0.0043666188
3.09245e-07,-0.0043659007
3.09345e-07,-0.0043773897
3.09445e-07,-0.0043982135
3.09545e-07,-0.0044204733
3.09645e-07,-0.0044348346
3.09745e-07,-0.0044369887
3.09845e-07,-0.004427654
3.09945e-07,-0.0044125747
3.10045e-07,-0.0044003676
3.10145e-07,-0.0043953412
3.10245e-07,-0.0043967773
3.10345e-07,-0.0044003676
3.10445e-07,-0.0044003676
3.10545e-07,-0.004393187
3.10645e-07,-0.0043816981
3.10745e-07,-0.0043709272
3.10845e-07,-0.0043659007
3.10945e-07,-0.004369491
3.11045e-07,-0.0043795439
3.11145e-07,-0.0043881606
3.11245e-07,-0.0043888787
3.11345e-07,-0.0043781078
3.11445e-07,-0.0043594382
3.11545e-07,-0.0043371783
3.11645e-07,-0.0043199449
3.11745e-07,-0.0043113281
3.11845e-07,-0.0043091739
3.11945e-07,-0.0043106101
3.12045e-07,-0.0043084559
3.12145e-07,-0.0043012753
3.12245e-07,-0.0042912224
3.12345e-07,-0.0042847599
3.12445e-07,-0.0042854779
3.12545e-07,-0.0042962489
3.12645e-07,-0.0043120462
3.12745e-07,-0.0043264074
3.12845e-07,-0.0043314338
3.12945e-07,-0.0043242532
3.13045e-07,-0.0043077378
3.13145e-07,-0.0042883502
3.13245e-07,-0.004273989
3.13345e-07,-0.0042696806
3.13445e-07,-0.0042732709
3.13545e-07,-0.0042804515
3.13645e-07,-0.0042854779
3.13745e-07,-0.0042847599
3.13845e-07,-0.0042790154
3.13945e-07,-0.004273989
3.14045e-07,-0.004273989
3.14145e-07,-0.0042804515
3.14245e-07,-0.0042905044
3.14345e-07,-0.004298403
3.14445e-07,-0.0042969669
3.14545e-07,-0.0042854779
3.14645e-07,-0.0042668084
3.14745e-07,-0.0042488568
3.14845e-07,-0.0042395221
3.14945e-07,-0.0042416762
3.15045e-07,-0.0042524472
3.15145e-07,-0.0042653722
3.15245e-07,-0.004273989
3.15345e-07,-0.004273989
3.15445e-07,-0.0042675264
3.15545e-07,-0.0042610639
3.15645e-07,-0.0042625
3.15745e-07,-0.0042754251
3.15845e-07,-0.004298403
3.15945e-07,-0.0043242532
3.16045e-07,-0.0043429228
3.16145e-07,-0.0043493853
3.16245e-07,-0.0043422047
3.16345e-07,-0.0043264074
3.16445e-07,-0.0043084559
3.16545e-07,-0.0042948127
3.16645e-07,-0.0042883502
3.16745e-07,-0.004286196
3.16845e-07,-0.0042854779
3.16945e-07,-0.0042833238
3.17045e-07,-0.0042782973
3.17145e-07,-0.004274707
3.17245e-07,-0.004273989
3.17345e-07,-0.0042782973
3.17445e-07,-0.004286196
3.17545e-07,-0.0042933766
3.17645e-07,-0.0042969669
3.17745e-07,-0.0042948127
3.17845e-07,-0.0042890682
3.17945e-07,-0.0042847599
3.18045e-07,-0.0042854779
3.18145e-07,-0.0042933766
3.18245e-07,-0.0043063017
3.18345e-07,-0.0043206629
3.18445e-07,-0.0043314338
3.18545e-07,-0.0043371783
3.18645e-07,-0.0043407686
3.18745e-07,-0.004345077
3.18845e-07,-0.0043544118
3.18945e-07,-0.004369491
3.19045e-07,-0.0043881606
3.19145e-07,-0.0044032399
3.19245e-07,-0.0044118566
3.19345e-07,-0.0044111386
3.19445e-07,-0.004403958
3.19545e-07,-0.0043946232
3.19645e-07,-0.0043888787
3.19745e-07,-0.0043881606
3.19845e-07,-0.004392469
3.19945e-07,-0.0043974954
3.20045e-07,-0.0044003676
3.20145e-07,-0.0044018038
3.20245e-07,-0.004403958
3.20345e-07,-0.0044104205
3.20445e-07,-0.0044233456
3.20545e-07,-0.004440579
3.20645e-07,-0.0044556583
3.20745e-07,-0.0044628389
3.20845e-07,-0.0044578125
3.20945e-07,-0.0044412971
3.21045e-07,-0.0044190372
3.21145e-07,-0.0043996496
3.21245e-07,-0.0043888787
3.21345e-07,-0.0043874426
3.21445e-07,-0.0043917509
3.21545e-07,-0.0043939051
3.21645e-07,-0.0043888787
3.21745e-07,-0.0043766716
3.21845e-07,-0.0043623104
3.21945e-07,-0.0043529756
3.22045e-07,-0.0043544118
3.22145e-07,-0.0043666188
3.22245e-07,-0.0043831342
3.22345e-07,-0.004393187
3.22445e-07,-0.0043888787
3.22545e-07,-0.0043680549
3.22645e-07,-0.0043350241
3.22745e-07,-0.0043005572
3.22845e-07,-0.004273989
3.22945e-07,-0.0042603458
3.23045e-07,-0.0042581916
3.23145e-07,-0.0042610639
3.23245e-07,-0.0042625
3.23345e-07,-0.0042589097
3.23445e-07,-0.0042524472
3.23545e-07,-0.0042474207
3.23645e-07,-0.004251011
3.23745e-07,-0.0042632181
3.23845e-07,-0.0042797335
3.23945e-07,-0.0042933766
3.24045e-07,-0.0042969669
3.24145e-07,-0.0042883502
3.24245e-07,-0.0042703987
3.24345e-07,-0.0042517291
3.24445e-07,-0.0042395221
3.24545e-07,-0.0042373679
3.24645e-07,-0.0042423943
3.24745e-07,-0.0042488568
3.24845e-07,-0.004251011
3.24945e-07,-0.0042474207
3.25045e-07,-0.0042423943
3.25145e-07,-0.0042416762
3.25245e-07,-0.004251011
3.25345e-07,-0.0042696806
3.25445e-07,-0.0042919405
3.25545e-07,-0.0043077378
3.25645e-07,-0.0043084559
3.25745e-07,-0.0042926585
3.25845e-07,-0.0042660903
3.25945e-07,-0.0042409582
3.26045e-07,-0.0042280331
3.26145e-07,-0.0042330595
3.26245e-07,-0.0042531652
3.26345e-07,-0.0042782973
3.26445e-07,-0.0042969669
3.26545e-07,-0.0043034295
3.26645e-07,-0.004297685
3.26745e-07,-0.0042890682
3.26845e-07,-0.0042854779
3.26945e-07,-0.0042940947
3.27045e-07,-0.0043120462
3.27145e-07,-0.0043321519
3.27245e-07,-0.0043429228
3.27345e-07,-0.0043378964
3.27445e-07,-0.0043163545
3.27545e-07,-0.0042869141
3.27645e-07,-0.0042625
3.27745e-07,-0.0042524472
3.27845e-07,-0.0042603458
3.27945e-07,-0.0042818876
3.28045e-07,-0.0043084559
3.28145e-07,-0.0043292796
3.28245e-07,-0.0043386144
3.28345e-07,-0.0043371783
3.28445e-07,-0.0043314338
3.28545e-07,-0.0043278435
3.28645e-07,-0.0043314338
3.28745e-07,-0.0043414867
3.28845e-07,-0.0043544118
3.28945e-07,-0.0043644646
3.29045e-07,-0.0043673369
3.29145e-07,-0.0043630285
3.29245e-07,-0.0043544118
3.29345e-07,-0.0043465131
3.29445e-07,-0.0043436409
3.29545e-07,-0.0043465131
3.29645e-07,-0.0043544118
3.29745e-07,-0.0043659007
3.29845e-07,-0.0043781078
3.29945e-07,-0.0043903148
3.30045e-07,-0.0044003676
3.30145e-07,-0.0044089844
3.30245e-07,-0.004416165
3.30345e-07,-0.0044204733
3.30445e-07,-0.0044233456
3.30545e-07,-0.0044247817
3.30645e-07,-0.0044269359
3.30745e-07,-0.0044298081
3.30845e-07,-0.0044348346
3.30945e-07,-0.004439861
3.31045e-07,-0.0044434513
3.31145e-07,-0.0044456055
3.31245e-07,-0.0044463235
3.31345e-07,-0.0044499138
3.31445e-07,-0.0044599667
3.31545e-07,-0.0044779182
3.31645e-07,-0.0045037684
3.31745e-07,-0.0045303366
3.31845e-07,-0.0045511604
3.31945e-07,-0.004558341
3.32045e-07,-0.0045497243
3.32145e-07,-0.0045303366
3.32245e-07,-0.0045080767
3.32345e-07,-0.0044937155
3.32445e-07,-0.0044922794
3.32545e-07,-0.0045037684
3.32645e-07,-0.004522438
3.32745e-07,-0.0045403895
3.32845e-07,-0.0045497243
3.32945e-07,-0.0045504423
3.33045e-07,-0.004546134
3.33145e-07,-0.0045439798
3.33245e-07,-0.0045497243
3.33345e-07,-0.0045640855
3.33445e-07,-0.0045813189
3.33545e-07,-0.004594244
3.33645e-07,-0.0045956801
3.33745e-07,-0.0045849092
3.33845e-07,-0.0045669577
3.33945e-07,-0.0045490062
3.34045e-07,-0.0045382353
3.34145e-07,-0.0045367992
3.34245e-07,-0.0045411075
3.34345e-07,-0.0045439798
3.34445e-07,-0.0045382353
3.34545e-07,-0.004522438
3.34645e-07,-0.0045001781
3.34745e-07,-0.0044800724
3.34845e-07,-0.0044693015
3.34945e-07,-0.0044721737
3.35045e-07,-0.0044858169
3.35145e-07,-0.0045023323
3.35245e-07,-0.0045152574
3.35345e-07,-0.0045195657
3.35445e-07,-0.0045174115
3.35545e-07,-0.0045138212
3.35645e-07,-0.0045152574
3.35745e-07,-0.0045245921
3.35845e-07,-0.0045382353
3.35945e-07,-0.0045490062
3.36045e-07,-0.0045497243
3.36145e-07,-0.0045375172
3.36245e-07,-0.0045166935
3.36345e-07,-0.0044944336
3.36445e-07,-0.0044807904
3.36545e-07,-0.0044822266
3.36645e-07,-0.0044973058
3.36745e-07,-0.0045195657
3.36845e-07,-0.0045382353
3.36945e-07,-0.004546134
3.37045e-07,-0.0045396714
3.37145e-07,-0.004523156
3.37245e-07,-0.0045037684
3.37345e-07,-0.0044886891
3.37445e-07,-0.0044815085
3.37545e-07,-0.0044836627
3.37645e-07,-0.0044922794
3.37745e-07,-0.0045030503
3.37845e-07,-0.0045145393
3.37945e-07,-0.0045260283
3.38045e-07,-0.0045382353
3.38145e-07,-0.0045511604
3.38245e-07,-0.0045626494
3.38345e-07,-0.004570548
3.38445e-07,-0.0045727022
3.38545e-07,-0.0045691119
3.38645e-07,-0.0045619313
3.38745e-07,-0.0045547507
3.38845e-07,-0.0045497243
3.38945e-07,-0.004546134
3.39045e-07,-0.0045411075
3.39145e-07,-0.0045310547
3.39245e-07,-0.0045152574
3.39345e-07,-0.0044958697
3.39445e-07,-0.0044786363
3.39545e-07,-0.0044721737
3.39645e-07,-0.0044807904
3.39745e-07,-0.0045023323
3.39845e-07,-0.0045303366
3.39945e-07,-0.0045533146
3.40045e-07,-0.0045612132
3.40145e-07,-0.0045511604
3.40245e-07,-0.0045260283
3.40345e-07,-0.0044951517
3.40445e-07,-0.0044693015
3.40545e-07,-0.0044556583
3.40645e-07,-0.0044542222
3.40745e-07,-0.0044614028
3.40845e-07,-0.0044693015
3.40945e-07,-0.0044721737
3.41045e-07,-0.0044693015
3.41145e-07,-0.0044628389
3.41245e-07,-0.0044578125
3.41345e-07,-0.0044585306
3.41445e-07,-0.0044649931
3.41545e-07,-0.0044743279
3.41645e-07,-0.0044807904
3.41745e-07,-0.0044815085
3.41845e-07,-0.004475046
3.41945e-07,-0.0044657112
3.42045e-07,-0.0044578125
3.42145e-07,-0.0044549403
3.42245e-07,-0.0044585306
3.42345e-07,-0.0044678653
3.42445e-07,-0.0044807904
3.42545e-07,-0.0044951517
3.42645e-07,-0.0045095129
3.42745e-07,-0.0045245921
3.42845e-07,-0.0045382353
3.42945e-07,-0.0045497243
3.43045e-07,-0.0045561868
3.43145e-07,-0.0045561868
3.43245e-07,-0.0045497243
3.43345e-07,-0.0045418256
3.43445e-07,-0.0045382353
3.43545e-07,-0.0045439798
3.43645e-07,-0.0045612132
3.43745e-07,-0.0045863454
3.43845e-07,-0.0046129136
3.43945e-07,-0.0046330193
3.44045e-07,-0.004641636
3.44145e-07,-0.004640918
3.44245e-07,-0.0046380457
3.44345e-07,-0.0046401999
3.44445e-07,-0.004653125
3.44545e-07,-0.0046761029
3.44645e-07,-0.0047026712
3.44745e-07,-0.004724213
3.44845e-07,-0.0047335478
3.44945e-07,-0.0047306756
3.45045e-07,-0.0047206227
3.45145e-07,-0.004712006
3.45245e-07,-0.0047105699
3.45345e-07,-0.0047177505
3.45445e-07,-0.0047285214
3.45545e-07,-0.004735702
3.45645e-07,-0.0047335478
3.45745e-07,-0.0047213408
3.45845e-07,-0.0047041073
3.45945e-07,-0.0046904642
3.46045e-07,-0.0046875919
3.46145e-07,-0.0046954906
3.46245e-07,-0.0047091337
3.46345e-07,-0.0047206227
3.46445e-07,-0.0047220588
3.46545e-07,-0.0047134421
3.46645e-07,-0.0046990809
3.46745e-07,-0.004689028
3.46845e-07,-0.0046875919
3.46945e-07,-0.0046954906
3.47045e-07,-0.0047069795
3.47145e-07,-0.0047105699
3.47245e-07,-0.0046990809
3.47345e-07,-0.0046725126
3.47445e-07,-0.0046394818
3.47545e-07,-0.0046100414
3.47645e-07,-0.0045956801
3.47745e-07,-0.0045985524
3.47845e-07,-0.0046129136
3.47945e-07,-0.0046272748
3.48045e-07,-0.0046301471
3.48145e-07,-0.004617222
3.48245e-07,-0.0045928079
3.48345e-07,-0.0045669577
3.48445e-07,-0.0045497243
3.48545e-07,-0.004546852
3.48645e-07,-0.0045554687
3.48745e-07,-0.0045669577
3.48845e-07,-0.0045727022
3.48945e-07,-0.0045691119
3.49045e-07,-0.0045604952
3.49145e-07,-0.0045547507
3.49245e-07,-0.0045612132
3.49345e-07,-0.0045827551
3.49445e-07,-0.0046136317
3.49545e-07,-0.0046445083
3.49645e-07,-0.004664614
3.49745e-07,-0.0046682043
3.49845e-07,-0.0046574334
3.49945e-07,-0.004641636
3.50045e-07,-0.0046301471
3.50145e-07,-0.0046287109
3.50245e-07,-0.0046366096
3.50345e-07,-0.0046473805
3.50445e-07,-0.004653125
3.50545e-07,-0.0046509708
3.50645e-07,-0.0046430722
3.50745e-07,-0.0046380457
3.50845e-07,-0.004641636
3.50945e-07,-0.0046567153
3.51045e-07,-0.0046789752
3.51145e-07,-0.0046990809
3.51245e-07,-0.0047105699
3.51345e-07,-0.0047091337
3.51445e-07,-0.0046997989
3.51545e-07,-0.0046897461
3.51645e-07,-0.0046875919
3.51745e-07,-0.0046954906
3.51845e-07,-0.0047091337
3.51945e-07,-0.0047199046
3.52045e-07,-0.0047220588
3.52145e-07,-0.004712724
3.52245e-07,-0.0046983628
3.52345e-07,-0.0046875919
3.52445e-07,-0.0046875919
3.52545e-07,-0.004700517
3.52645e-07,-0.0047191866
3.52745e-07,-0.0047335478
3.52845e-07,-0.0047335478
3.52945e-07,-0.0047177505
3.53045e-07,-0.0046911822
3.53145e-07,-0.0046667682
3.53245e-07,-0.004653125
3.53345e-07,-0.0046545611
3.53445e-07,-0.0046667682
3.53545e-07,-0.004676821
3.53645e-07,-0.0046761029
3.53745e-07,-0.0046595875
3.53845e-07,-0.0046315832
3.53945e-07,-0.0046028608
3.54045e-07,-0.0045841912
3.54145e-07,-0.0045806009
3.54245e-07,-0.0045892176
3.54345e-07,-0.0046007066
3.54445e-07,-0.0046071691
3.54545e-07,-0.0046035788
3.54645e-07,-0.0045920898
3.54745e-07,-0.0045798828
3.54845e-07,-0.0045727022
3.54945e-07,-0.0045719841
3.55045e-07,-0.0045727022
3.55145e-07,-0.0045669577
3.55245e-07,-0.0045497243
3.55345e-07,-0.004523156
3.55445e-07,-0.0044973058
3.55545e-07,-0.0044843807
3.55645e-07,-0.0044922794
3.55745e-07,-0.0045210018
3.55845e-07,-0.0045597771
3.55945e-07,-0.0045928079
3.56045e-07,-0.0046071691
3.56145e-07,-0.0045985524
3.56245e-07,-0.0045755744
3.56345e-07,-0.0045504423
3.56445e-07,-0.0045382353
3.56545e-07,-0.0045432617
3.56645e-07,-0.0045604952
3.56745e-07,-0.0045777286
3.56845e-07,-0.0045841912
3.56945e-07,-0.0045762925
3.57045e-07,-0.0045619313
3.57145e-07,-0.0045525965
3.57245e-07,-0.0045612132
3.57345e-07,-0.0045906537
3.57445e-07,-0.0046315832
3.57545e-07,-0.0046696404
3.57645e-07,-0.0046875919
3.57745e-07,-0.0046796932
3.57845e-07,-0.0046509708
3.57945e-07,-0.004617222
3.58045e-07,-0.0045956801
3.58145e-07,-0.0045971163
3.58245e-07,-0.0046200942
3.58345e-07,-0.0046552792
3.58445e-07,-0.0046875919
3.58545e-07,-0.0047069795
3.58645e-07,-0.004712006
3.58745e-07,-0.0047105699
3.58845e-07,-0.0047105699
3.58945e-07,-0.0047199046
3.59045e-07,-0.0047371381
3.59145e-07,-0.0047558077
3.59245e-07,-0.0047680147
3.59345e-07,-0.0047701689
3.59445e-07,-0.0047658605
3.59545e-07,-0.0047622702
3.59645e-07,-0.0047680147
3.59745e-07,-0.0047845301
3.59845e-07,-0.0048082261
3.59945e-07,-0.0048283318
3.60045e-07,-0.0048369485
3.60145e-07,-0.0048319221
3.60245e-07,-0.0048197151
3.60345e-07,-0.0048103803
3.60445e-07,-0.0048139706
3.60545e-07,-0.0048319221
3.60645e-07,-0.0048577723
3.60745e-07,-0.004878596
3.60845e-07,-0.0048829044
3.60945e-07,-0.0048678251
3.61045e-07,-0.0048391027
3.61145e-07,-0.0048096622
3.61245e-07,-0.0047909926
3.61345e-07,-0.0047888385
3.61445e-07,-0.0047967371
3.61545e-07,-0.0048053539
3.61645e-07,-0.0048024816
3.61745e-07,-0.0047852482
3.61845e-07,-0.004760116
3.61945e-07,-0.0047385742
3.62045e-07,-0.0047335478
3.62145e-07,-0.004747909
3.62245e-07,-0.0047759134
3.62345e-07,-0.0048024816
3.62445e-07,-0.0048139706
3.62545e-07,-0.0048031997
3.62645e-07,-0.0047737592
3.62745e-07,-0.0047378562
3.62845e-07,-0.0047105699
3.62945e-07,-0.0046990809
3.63045e-07,-0.0047033892
3.63145e-07,-0.0047141602
3.63245e-07,-0.0047220588
3.63345e-07,-0.0047206227
3.63445e-07,-0.0047112879
3.63545e-07,-0.0047012351
3.63645e-07,-0.0046990809
3.63745e-07,-0.0047069795
3.63845e-07,-0.0047206227
3.63945e-07,-0.0047321117
3.64045e-07,-0.0047335478
3.64145e-07,-0.0047249311
3.64245e-07,-0.004712006
3.64345e-07,-0.0047048254
3.64445e-07,-0.0047105699
3.64545e-07,-0.0047285214
3.64645e-07,-0.0047493451
3.64745e-07,-0.0047579619
3.64845e-07,-0.0047450368
3.64945e-07,-0.0047105699
3.65045e-07,-0.0046667682
3.65145e-07,-0.0046308651
3.65245e-07,-0.0046186581
3.65345e-07,-0.0046351735
3.65445e-07,-0.0046717946
3.65545e-07,-0.0047105699
3.65645e-07,-0.0047335478
3.65745e-07,-0.0047306756
3.65845e-07,-0.0047069795
3.65945e-07,-0.0046753849
3.66045e-07,-0.004653125
3.66145e-07,-0.0046495347
3.66245e-07,-0.0046638959
3.66345e-07,-0.0046847197
3.66445e-07,-0.0046990809
3.66545e-07,-0.0046983628
3.66645e-07,-0.0046840016
3.66745e-07,-0.004664614
3.66845e-07,-0.004653125
3.66945e-07,-0.0046552792
3.67045e-07,-0.0046703585
3.67145e-07,-0.00468831
3.67245e-07,-0.0046990809
3.67345e-07,-0.0046969267
3.67445e-07,-0.0046847197
3.67545e-07,-0.0046703585
3.67645e-07,-0.004664614
3.67745e-07,-0.0046717946
3.67845e-07,-0.00468831
3.67945e-07,-0.0047041073
3.68045e-07,-0.0047105699
3.68145e-07,-0.0047026712
3.68245e-07,-0.0046861558
3.68345e-07,-0.0046696404
3.68445e-07,-0.004664614
3.68545e-07,-0.0046746668
3.68645e-07,-0.0046947725
3.68745e-07,-0.0047141602
3.68845e-07,-0.0047220588
3.68945e-07,-0.0047148782
3.69045e-07,-0.0046976448
3.69145e-07,-0.0046811294
3.69245e-07,-0.0046761029
3.69345e-07,-0.0046854377
3.69445e-07,-0.0047041073
3.69545e-07,-0.0047199046
3.69645e-07,-0.0047220588
3.69745e-07,-0.0047055434
3.69845e-07,-0.0046761029
3.69945e-07,-0.0046473805
3.70045e-07,-0.0046301471
3.70145e-07,-0.0046315832
3.70245e-07,-0.0046473805
3.70345e-07,-0.0046660501
3.70445e-07,-0.0046761029
3.70545e-07,-0.0046703585
3.70645e-07,-0.0046524069
3.70745e-07,-0.0046308651
3.70845e-07,-0.0046186581
3.70945e-07,-0.0046200942
3.71045e-07,-0.0046323012
3.71145e-07,-0.0046466625
3.71245e-07,-0.004653125
3.71345e-07,-0.0046480986
3.71445e-07,-0.0046344554
3.71545e-07,-0.0046215303
3.71645e-07,-0.0046186581
3.71745e-07,-0.0046287109
3.71845e-07,-0.0046459444
3.71945e-07,-0.0046610237
3.72045e-07,-0.004664614
3.72145e-07,-0.0046538431
3.72245e-07,-0.0046337374
3.72345e-07,-0.0046150678
3.72445e-07,-0.0046071691
3.72545e-07,-0.0046129136
3.72645e-07,-0.0046251206
3.72745e-07,-0.0046344554
3.72845e-07,-0.0046301471
3.72945e-07,-0.0046121955
3.73045e-07,-0.0045884995
3.73145e-07,-0.0045712661
3.73245e-07,-0.0045727022
3.73345e-07,-0.004593526
3.73445e-07,-0.0046236845
3.73545e-07,-0.0046488166
3.73645e-07,-0.004653125
3.73745e-07,-0.0046323012
3.73845e-07,-0.004593526
3.73945e-07,-0.0045533146
3.74045e-07,-0.0045267463
3.74145e-07,-0.004522438
3.74245e-07,-0.0045375172
3.74345e-07,-0.0045590591
3.74445e-07,-0.0045727022
3.74545e-07,-0.0045712661
3.74645e-07,-0.004558341
3.74745e-07,-0.0045432617
3.74845e-07,-0.0045382353
3.74945e-07,-0.0045497243
3.75045e-07,-0.0045734203
3.75145e-07,-0.0045963982
3.75245e-07,-0.0046071691
3.75345e-07,-0.0045978343
3.75445e-07,-0.0045727022
3.75545e-07,-0.0045446978
3.75645e-07,-0.0045267463
3.75745e-07,-0.0045281824
3.75845e-07,-0.0045482881
3.75945e-07,-0.0045748564
3.76045e-07,-0.0045956801
3.76145e-07,-0.0046021427
3.76245e-07,-0.004594244
3.76345e-07,-0.0045806009
3.76445e-07,-0.0045727022
3.76545e-07,-0.0045777286
3.76645e-07,-0.0045949621
3.76745e-07,-0.0046157858
3.76845e-07,-0.0046301471
3.76945e-07,-0.0046315832
3.77045e-07,-0.0046200942
3.77145e-07,-0.0046050149
3.77245e-07,-0.0045956801
3.77345e-07,-0.0045985524
3.77445e-07,-0.0046121955
3.77545e-07,-0.004629429
3.77645e-07,-0.004641636
3.77745e-07,-0.0046430722
3.77845e-07,-0.0046366096
3.77945e-07,-0.0046287109
3.78045e-07,-0.0046301471
3.78145e-07,-0.0046437902
3.78245e-07,-0.0046667682
3.78345e-07,-0.004689028
3.78445e-07,-0.0046990809
3.78545e-07,-0.0046897461
3.78645e-07,-0.0046624598
3.78745e-07,-0.0046272748
3.78845e-07,-0.0045956801
3.78945e-07,-0.0045777286
3.79045e-07,-0.0045755744
3.79145e-07,-0.0045841912
3.79245e-07,-0.0045956801
3.79345e-07,-0.0046035788
3.79445e-07,-0.0046050149
3.79545e-07,-0.0046050149
3.79645e-07,-0.0046071691
3.79745e-07,-0.0046157858
3.79845e-07,-0.0046287109
3.79945e-07,-0.0046394818
3.80045e-07,-0.004641636
3.80145e-07,-0.0046315832
3.80245e-07,-0.0046121955
3.80345e-07,-0.0045892176
3.80445e-07,-0.0045727022
3.80545e-07,-0.0045676758
3.80645e-07,-0.0045755744
3.80745e-07,-0.0045906537
3.80845e-07,-0.0046071691
3.80945e-07,-0.0046200942
3.81045e-07,-0.0046287109
3.81145e-07,-0.0046344554
3.81245e-07,-0.004641636
3.81345e-07,-0.0046502528
3.81445e-07,-0.0046595875
3.81545e-07,-0.004664614
3.81645e-07,-0.004664614
3.81745e-07,-0.0046588695
3.81845e-07,-0.0046524069
3.81945e-07,-0.0046495347
3.82045e-07,-0.004653125
3.82145e-07,-0.0046610237
3.82245e-07,-0.0046682043
3.82345e-07,-0.0046660501
3.82445e-07,-0.004653125
3.82545e-07,-0.0046323012
3.82645e-07,-0.0046129136
3.82745e-07,-0.004605733
3.82845e-07,-0.0046186581
3.82945e-07,-0.0046495347
3.83045e-07,-0.0046875919
3.83145e-07,-0.0047199046
3.83245e-07,-0.0047335478
3.83345e-07,-0.0047256491
3.83445e-07,-0.0047033892
3.83545e-07,-0.0046782571
3.83645e-07,-0.004664614
3.83745e-07,-0.0046674862
3.83845e-07,-0.0046854377
3.83945e-07,-0.0047069795
3.84045e-07,-0.0047220588
3.84145e-07,-0.0047234949
3.84245e-07,-0.0047134421
3.84345e-07,-0.0046983628
3.84445e-07,-0.0046875919
3.84545e-07,-0.0046868739
3.84645e-07,-0.0046947725
3.84745e-07,-0.0047055434
3.84845e-07,-0.0047105699
3.84945e-07,-0.0047069795
3.85045e-07,-0.0046962086
3.85145e-07,-0.0046832835
3.85245e-07,-0.0046761029
3.85345e-07,-0.0046753849
3.85445e-07,-0.0046796932
3.85545e-07,-0.0046818474
3.85645e-07,-0.0046761029
3.85745e-07,-0.0046631778
3.85845e-07,-0.0046473805
3.85945e-07,-0.0046380457
3.86045e-07,-0.004641636
3.86145e-07,-0.0046574334
3.86245e-07,-0.0046775391
3.86345e-07,-0.0046911822
3.86445e-07,-0.0046875919
3.86545e-07,-0.004664614
3.86645e-07,-0.004629429
3.86745e-07,-0.0045949621
3.86845e-07,-0.0045727022
3.86945e-07,-0.0045691119
3.87045e-07,-0.0045798828
3.87145e-07,-0.0045928079
3.87245e-07,-0.0045956801
3.87345e-07,-0.0045806009
3.87445e-07,-0.0045490062
3.87545e-07,-0.004510949
3.87645e-07,-0.0044807904
3.87745e-07,-0.0044678653
3.87845e-07,-0.0044743279
3.87945e-07,-0.0044937155
3.88045e-07,-0.0045152574
3.88145e-07,-0.0045289005
3.88245e-07,-0.0045296186
3.88345e-07,-0.0045195657
3.88445e-07,-0.0045037684
3.88545e-07,-0.004487971
3.88645e-07,-0.004475764
3.88745e-07,-0.0044664292
3.88845e-07,-0.0044578125
3.88945e-07,-0.0044499138
3.89045e-07,-0.0044441693
3.89145e-07,-0.0044463235
3.89245e-07,-0.0044578125
3.89345e-07,-0.0044793543
3.89445e-07,-0.0045052045
3.89545e-07,-0.0045267463
3.89645e-07,-0.0045382353
3.89745e-07,-0.0045360811
3.89845e-07,-0.0045245921
3.89945e-07,-0.004510949
3.90045e-07,-0.0045037684
3.90145e-07,-0.0045066406
3.90245e-07,-0.0045188477
3.90345e-07,-0.004534645
3.90445e-07,-0.0045497243
3.90545e-07,-0.0045597771
3.90645e-07,-0.0045662397
3.90745e-07,-0.0045734203
3.90845e-07,-0.0045841912
3.90945e-07,-0.0045985524
3.91045e-07,-0.0046121955
3.91145e-07,-0.0046208123
3.91245e-07,-0.0046186581
3.91345e-07,-0.0046078872
3.91445e-07,-0.004593526
3.91545e-07,-0.0045841912
3.91645e-07,-0.0045841912
3.91745e-07,-0.004593526
3.91845e-07,-0.004605733
3.91945e-07,-0.0046121955
3.92045e-07,-0.0046071691
3.92145e-07,-0.0045913718
3.92245e-07,-0.0045719841
3.92345e-07,-0.0045590591
3.92445e-07,-0.0045612132
3.92545e-07,-0.0045784467
3.92645e-07,-0.0046035788
3.92745e-07,-0.0046244026
3.92845e-07,-0.0046301471
3.92945e-07,-0.0046186581
3.93045e-07,-0.0045956801
3.93145e-07,-0.0045727022
3.93245e-07,-0.0045612132
3.93345e-07,-0.0045669577
3.93445e-07,-0.0045856273
3.93545e-07,-0.0046064511
3.93645e-07,-0.0046186581
3.93745e-07,-0.0046165039
3.93845e-07,-0.0046014246
3.93945e-07,-0.0045827551
3.94045e-07,-0.0045727022
3.94145e-07,-0.0045770106
3.94245e-07,-0.0045949621
3.94345e-07,-0.0046200942
3.94445e-07,-0.004641636
3.94545e-07,-0.0046538431
3.94645e-07,-0.0046559972
3.94745e-07,-0.004653125
3.94845e-07,-0.004653125
3.94945e-07,-0.0046595875
3.95045e-07,-0.0046710765
3.95145e-07,-0.0046825655
3.95245e-07,-0.0046875919
3.95345e-07,-0.0046825655
3.95445e-07,-0.0046710765
3.95545e-07,-0.0046588695
3.95645e-07,-0.004653125
3.95745e-07,-0.0046581514
3.95845e-07,-0.0046703585
3.95945e-07,-0.0046825655
3.96045e-07,-0.0046875919
3.96145e-07,-0.0046796932
3.96245e-07,-0.0046617417
3.96345e-07,-0.0046387638
3.96445e-07,-0.0046186581
3.96545e-07,-0.0046064511
3.96645e-07,-0.0046021427
3.96745e-07,-0.0046007066
3.96845e-07,-0.0045956801
3.96945e-07,-0.0045856273
3.97045e-07,-0.0045727022
3.97145e-07,-0.0045626494
3.97245e-07,-0.0045612132
3.97345e-07,-0.00456983
3.97445e-07,-0.0045834731
3.97545e-07,-0.0045949621
3.97645e-07,-0.0045956801
3.97745e-07,-0.0045827551
3.97845e-07,-0.0045597771
3.97945e-07,-0.0045339269
3.98045e-07,-0.0045152574
3.98145e-07,-0.0045087948
3.98245e-07,-0.0045123851
3.98345e-07,-0.0045217199
3.98445e-07,-0.0045267463
3.98545e-07,-0.004523156
3.98645e-07,-0.004511667
3.98745e-07,-0.0044951517
3.98845e-07,-0.0044807904
3.98945e-07,-0.0044728918
3.99045e-07,-0.0044707376
3.99145e-07,-0.0044707376
3.99245e-07,-0.0044693015
3.99345e-07,-0.004463557
3.99445e-07,-0.0044556583
3.99545e-07,-0.0044484777
3.99645e-07,-0.0044463235
3.99745e-07,-0.0044499138
3.99845e-07,-0.0044556583
3.99945e-07,-0.0044592486
4.00045e-07,-0.0044578125
4.00145e-07,-0.00445135
4.00245e-07,-0.0044448874
4.00345e-07,-0.0044456055
4.00445e-07,-0.0044578125
4.00545e-07,-0.0044800724
4.00645e-07,-0.0045052045
4.00745e-07,-0.004523156
4.00845e-07,-0.0045267463
4.00945e-07,-0.0045152574
4.01045e-07,-0.0044944336
4.01145e-07,-0.004475764
4.01245e-07,-0.0044693015
4.01345e-07,-0.0044800724
4.01445e-07,-0.0045037684
4.01545e-07,-0.0045303366
4.01645e-07,-0.0045497243
4.01745e-07,-0.0045547507
4.01845e-07,-0.004546852
4.01945e-07,-0.0045303366
4.02045e-07,-0.0045152574
4.02145e-07,-0.0045066406
4.02245e-07,-0.0045044864
4.02345e-07,-0.0045052045
4.02445e-07,-0.0045037684
4.02545e-07,-0.0044973058
4.02645e-07,-0.0044886891
4.02745e-07,-0.0044815085
4.02845e-07,-0.0044807904
4.02945e-07,-0.004487971
4.03045e-07,-0.004498742
4.03145e-07,-0.0045066406
4.03245e-07,-0.0045037684
4.03345e-07,-0.0044894072
4.03445e-07,-0.0044678653
4.03545e-07,-0.0044463235
4.03645e-07,-0.0044348346
4.03745e-07,-0.0044362707
4.03845e-07,-0.0044470416
4.03945e-07,-0.0044614028
4.04045e-07,-0.0044693015
4.04145e-07,-0.0044664292
4.04245e-07,-0.0044535041
4.04345e-07,-0.0044369887
4.04445e-07,-0.0044233456
4.04545e-07,-0.0044176011
4.04645e-07,-0.0044204733
4.04745e-07,-0.004427654
4.04845e-07,-0.0044348346
4.04945e-07,-0.004439861
4.05045e-07,-0.0044448874
4.05145e-07,-0.0044535041
4.05245e-07,-0.0044693015
4.05345e-07,-0.0044915614
4.05445e-07,-0.0045152574
4.05545e-07,-0.0045324908
4.05645e-07,-0.0045382353
4.05745e-07,-0.0045303366
4.05845e-07,-0.0045145393
4.05945e-07,-0.004498742
4.06045e-07,-0.0044922794
4.06145e-07,-0.0044980239
4.06245e-07,-0.0045138212
4.06345e-07,-0.0045339269
4.06445e-07,-0.0045497243
4.06545e-07,-0.004558341
4.06645e-07,-0.0045619313
4.06745e-07,-0.0045648035
4.06845e-07,-0.0045727022
4.06945e-07,-0.0045863454
4.07045e-07,-0.0046035788
4.07145e-07,-0.0046157858
4.07245e-07,-0.0046186581
4.07345e-07,-0.0046100414
4.07445e-07,-0.0045949621
4.07545e-07,-0.0045798828
4.07645e-07,-0.0045727022
4.07745e-07,-0.0045762925
4.07845e-07,-0.0045877815
4.07945e-07,-0.0045999885
4.08045e-07,-0.0046071691
4.08145e-07,-0.0046071691
4.08245e-07,-0.0046028608
4.08345e-07,-0.0046007066
4.08445e-07,-0.0046071691
4.08545e-07,-0.0046229665
4.08645e-07,-0.0046430722
4.08745e-07,-0.0046595875
4.08845e-07,-0.004664614
4.08945e-07,-0.0046574334
4.09045e-07,-0.004641636
4.09145e-07,-0.0046258387
4.09245e-07,-0.0046186581
4.09345e-07,-0.0046222484
4.09445e-07,-0.0046330193
4.09545e-07,-0.0046423541
4.09645e-07,-0.004641636
4.09745e-07,-0.0046287109
4.09845e-07,-0.0046064511
4.09945e-07,-0.0045849092
4.10045e-07,-0.0045727022
4.10145e-07,-0.0045741383
4.10245e-07,-0.0045863454
4.10345e-07,-0.0045999885
4.10445e-07,-0.0046071691
4.10545e-07,-0.0046014246
4.10645e-07,-0.0045834731
4.10745e-07,-0.0045597771
4.10845e-07,-0.0045382353
4.10945e-07,-0.0045245921
4.11045e-07,-0.0045195657
4.11145e-07,-0.0045181296
4.11245e-07,-0.0045152574
4.11345e-07,-0.0045087948
4.11445e-07,-0.00449946
4.11545e-07,-0.0044929975
4.11645e-07,-0.0044922794
4.11745e-07,-0.00449946
4.11845e-07,-0.0045095129
4.11945e-07,-0.0045166935
4.12045e-07,-0.0045152574
4.12145e-07,-0.0045037684
4.12245e-07,-0.0044858169
4.12345e-07,-0.0044678653
4.12445e-07,-0.0044578125
4.12545e-07,-0.0044563764
4.12645e-07,-0.0044614028
4.12745e-07,-0.0044671473
4.12845e-07,-0.0044693015
4.12945e-07,-0.0044685834
4.13045e-07,-0.0044707376
4.13145e-07,-0.0044807904
4.13245e-07,-0.0045037684
4.13345e-07,-0.0045360811
4.13445e-07,-0.0045691119
4.13545e-07,-0.0045913718
4.13645e-07,-0.0045956801
4.13745e-07,-0.004582037
4.13845e-07,-0.0045590591
4.13945e-07,-0.0045411075
4.14045e-07,-0.0045382353
4.14145e-07,-0.0045540326
4.14245e-07,-0.0045813189
4.14345e-07,-0.0046071691
4.14445e-07,-0.0046186581
4.14545e-07,-0.0046107594
4.14645e-07,-0.0045877815
4.14745e-07,-0.0045626494
4.14845e-07,-0.0045497243
4.14945e-07,-0.0045569049
4.15045e-07,-0.0045827551
4.15145e-07,-0.0046193761
4.15245e-07,-0.004653125
4.15345e-07,-0.0046746668
4.15445e-07,-0.0046804113
4.15545e-07,-0.0046746668
4.15645e-07,-0.004664614
4.15745e-07,-0.0046567153
4.15845e-07,-0.0046538431
4.15945e-07,-0.004653125
4.16045e-07,-0.004653125
4.16145e-07,-0.0046524069
4.16245e-07,-0.004653125
4.16345e-07,-0.0046595875
4.16445e-07,-0.0046761029
4.16545e-07,-0.0046997989
4.16645e-07,-0.0047249311
4.16745e-07,-0.0047421645
4.16845e-07,-0.0047450368
4.16945e-07,-0.0047335478
4.17045e-07,-0.0047134421
4.17145e-07,-0.0046954906
4.17245e-07,-0.0046875919
4.17345e-07,-0.0046926183
4.17445e-07,-0.0047062615
4.17545e-07,-0.0047184685
4.17645e-07,-0.0047220588
4.17745e-07,-0.0047155963
4.17845e-07,-0.0047048254
4.17945e-07,-0.004700517
4.18045e-07,-0.0047105699
4.18145e-07,-0.0047378562
4.18245e-07,-0.0047759134
4.18345e-07,-0.0048132525
4.18445e-07,-0.0048369485
4.18545e-07,-0.004842693
4.18645e-07,-0.0048333582
4.18745e-07,-0.0048204331
4.18845e-07,-0.0048139706
4.18945e-07,-0.0048211512
4.19045e-07,-0.0048412569
4.19145e-07,-0.0048649529
4.19245e-07,-0.0048829044
4.19345e-07,-0.004890085
4.19445e-07,-0.0048872128
4.19545e-07,-0.0048814683
4.19645e-07,-0.0048829044
4.19745e-07,-0.0048958295
4.19845e-07,-0.0049188074
4.19945e-07,-0.0049446576
4.20045e-07,-0.0049633272
4.20145e-07,-0.0049697898
4.20245e-07,-0.0049640453
4.20345e-07,-0.0049518382
4.20445e-07,-0.0049403493
4.20545e-07,-0.0049338867
4.20645e-07,-0.0049324506
4.20745e-07,-0.0049324506
4.20845e-07,-0.0049288603
4.20945e-07,-0.0049209616
4.21045e-07,-0.0049123449
4.21145e-07,-0.0049094727
4.21245e-07,-0.0049173713
4.21345e-07,-0.0049360409
4.21445e-07,-0.0049597369
4.21545e-07,-0.0049791245
4.21645e-07,-0.0049863051
4.21745e-07,-0.0049798426
4.21845e-07,-0.0049633272
4.21945e-07,-0.0049475299
4.22045e-07,-0.0049403493
4.22145e-07,-0.0049453757
4.22245e-07,-0.0049590188
4.22345e-07,-0.0049712259
4.22445e-07,-0.0049748162
4.22545e-07,-0.0049647633
4.22645e-07,-0.0049460937
4.22745e-07,-0.0049267061
4.22845e-07,-0.0049173713
4.22945e-07,-0.0049216797
4.23045e-07,-0.004937477
4.23145e-07,-0.0049547105
4.23245e-07,-0.0049633272
4.23345e-07,-0.0049575827
4.23445e-07,-0.0049389131
4.23545e-07,-0.0049152171
4.23645e-07,-0.0048943934
4.23745e-07,-0.0048836225
4.23845e-07,-0.0048821864
4.23945e-07,-0.0048843405
4.24045e-07,-0.0048829044
4.24145e-07,-0.0048728516
4.24245e-07,-0.0048563362
4.24345e-07,-0.0048376666
4.24445e-07,-0.0048254596
4.24545e-07,-0.0048225873
4.24645e-07,-0.0048283318
4.24745e-07,-0.0048355124
4.24845e-07,-0.0048369485
4.24945e-07,-0.0048297679
4.25045e-07,-0.0048161248
4.25145e-07,-0.0048039177
4.25245e-07,-0.0048024816
4.25345e-07,-0.0048168428
4.25445e-07,-0.0048448472
4.25545e-07,-0.004877878
4.25645e-07,-0.0049058824
4.25745e-07,-0.0049202436
4.25845e-07,-0.0049209616
4.25945e-07,-0.004913063
4.26045e-07,-0.0049058824
4.26145e-07,-0.0049080365
4.26245e-07,-0.0049209616
4.26345e-07,-0.0049425034
4.26445e-07,-0.0049633272
4.26545e-07,-0.0049762523
4.26645e-07,-0.0049784065
4.26745e-07,-0.0049719439
4.26845e-07,-0.0049633272
4.26945e-07,-0.004960455
4.27045e-07,-0.0049676356
4.27145e-07,-0.0049855871
4.27245e-07,-0.0050092831
4.27345e-07,-0.0050329791
4.27445e-07,-0.0050509306
4.27545e-07,-0.0050624196
4.27645e-07,-0.0050667279
4.27745e-07,-0.005067446
4.27845e-07,-0.0050667279
4.27945e-07,-0.0050667279
4.28045e-07,-0.0050667279
4.28145e-07,-0.005067446
4.28245e-07,-0.0050688821
4.28345e-07,-0.0050724724
4.28445e-07,-0.0050782169
4.28545e-07,-0.0050853975
4.28645e-07,-0.005091142
4.28745e-07,-0.0050932962
4.28845e-07,-0.0050897059
4.28945e-07,-0.0050818072
4.29045e-07,-0.0050717544
4.29145e-07,-0.0050652918
4.29245e-07,-0.0050667279
4.29345e-07,-0.0050760627
4.29445e-07,-0.005091142
4.29545e-07,-0.0051055032
4.29645e-07,-0.0051126838
4.29745e-07,-0.0051083755
4.29845e-07,-0.0050918601
4.29945e-07,-0.0050681641
4.30045e-07,-0.00504375
4.30145e-07,-0.0050243624
4.30245e-07,-0.0050143095
4.30345e-07,-0.0050135915
4.30445e-07,-0.0050207721
4.30545e-07,-0.0050308249
4.30645e-07,-0.0050415958
4.30745e-07,-0.0050494945
4.30845e-07,-0.005055239
4.30945e-07,-0.0050573932
4.31045e-07,-0.005055957
4.31145e-07,-0.0050516487
4.31245e-07,-0.00504375
4.31345e-07,-0.0050336972
4.31445e-07,-0.0050236443
4.31545e-07,-0.0050150276
4.31645e-07,-0.0050092831
4.31745e-07,-0.0050056928
4.31845e-07,-0.0050028205
4.31945e-07,-0.0049970761
4.32045e-07,-0.0049863051
4.32145e-07,-0.0049712259
4.32245e-07,-0.0049539924
4.32345e-07,-0.0049381951
4.32445e-07,-0.0049288603
4.32545e-07,-0.0049267061
4.32645e-07,-0.0049302964
4.32745e-07,-0.0049360409
4.32845e-07,-0.0049403493
4.32945e-07,-0.0049389131
4.33045e-07,-0.0049295784
4.33145e-07,-0.0049144991
4.33245e-07,-0.0048943934
4.33345e-07,-0.0048728516
4.33445e-07,-0.0048527459
4.33545e-07,-0.0048362305
4.33645e-07,-0.0048254596
4.33745e-07,-0.0048218693
4.33845e-07,-0.0048261776
4.33945e-07,-0.0048362305
4.34045e-07,-0.0048484375
4.34145e-07,-0.0048577723
4.34245e-07,-0.0048599265
4.34345e-07,-0.0048520278
4.34445e-07,-0.0048369485
4.34545e-07,-0.0048197151
4.34645e-07,-0.0048089442
4.34745e-07,-0.0048096622
4.34845e-07,-0.0048254596
4.34945e-07,-0.0048513097
4.35045e-07,-0.0048807502
4.35145e-07,-0.0049044462
4.35245e-07,-0.0049173713
4.35345e-07,-0.0049188074
4.35445e-07,-0.004913063
4.35545e-07,-0.0049073185
4.35645e-07,-0.0049058824
4.35745e-07,-0.0049101907
4.35845e-07,-0.0049166533
4.35945e-07,-0.0049202436
4.36045e-07,-0.0049173713
4.36145e-07,-0.0049080365
4.36245e-07,-0.0048958295
4.36345e-07,-0.0048857767
4.36445e-07,-0.0048829044
4.36545e-07,-0.0048864947
4.36645e-07,-0.0048943934
4.36745e-07,-0.004902292
4.36845e-07,-0.0049058824
4.36945e-07,-0.0049066004
4.37045e-07,-0.0049066004
4.37145e-07,-0.0049101907
4.37245e-07,-0.0049173713
4.37345e-07,-0.00492527
4.37445e-07,-0.0049267061
4.37545e-07,-0.0049173713
4.37645e-07,-0.0048943934
4.37745e-07,-0.0048635168
4.37845e-07,-0.0048340763
4.37945e-07,-0.0048161248
4.38045e-07,-0.0048139706
4.38145e-07,-0.0048261776
4.38245e-07,-0.0048448472
4.38345e-07,-0.0048584903
4.38445e-07,-0.0048599265
4.38545e-07,-0.0048498736
4.38645e-07,-0.0048355124
4.38745e-07,-0.0048254596
4.38845e-07,-0.0048254596
4.38945e-07,-0.0048355124
4.39045e-07,-0.0048470014
4.39145e-07,-0.0048498736
4.39245e-07,-0.0048369485
4.39345e-07,-0.0048103803
4.39445e-07,-0.0047780676
4.39545e-07,-0.0047536535
4.39645e-07,-0.0047450368
4.39745e-07,-0.0047536535
4.39845e-07,-0.0047723231
4.39945e-07,-0.0047881204
4.40045e-07,-0.0047909926
4.40145e-07,-0.0047787856
4.40245e-07,-0.0047586799
4.40345e-07,-0.0047407284
4.40445e-07,-0.0047335478
4.40545e-07,-0.0047392923
4.40645e-07,-0.0047500632
4.40745e-07,-0.0047550896
4.40845e-07,-0.0047450368
4.40945e-07,-0.0047206227
4.41045e-07,-0.0046897461
4.41145e-07,-0.0046674862
4.41245e-07,-0.004664614
4.41345e-07,-0.0046840016
4.41445e-07,-0.0047170324
4.41545e-07,-0.0047493451
4.41645e-07,-0.0047680147
4.41745e-07,-0.0047672966
4.41845e-07,-0.0047529354
4.41945e-07,-0.0047371381
4.42045e-07,-0.0047335478
4.42145e-07,-0.0047464729
4.42245e-07,-0.0047708869
4.42345e-07,-0.0047931468
4.42445e-07,-0.0048024816
4.42545e-07,-0.0047924288
4.42645e-07,-0.0047694508
4.42745e-07,-0.0047450368
4.42845e-07,-0.0047335478
4.42945e-07,-0.0047407284
4.43045e-07,-0.0047629883
4.43145e-07,-0.0047881204
4.43245e-07,-0.0048024816
4.43345e-07,-0.0047988913
4.43445e-07,-0.0047802217
4.43545e-07,-0.0047579619
4.43645e-07,-0.0047450368
4.43745e-07,-0.0047493451
4.43845e-07,-0.0047694508
4.43945e-07,-0.004794583
4.44045e-07,-0.0048139706
4.44145e-07,-0.004818279
4.44245e-07,-0.0048089442
4.44345e-07,-0.0047924288
4.44445e-07,-0.0047795037
4.44545e-07,-0.0047759134
4.44645e-07,-0.0047816579
4.44745e-07,-0.0047888385
4.44845e-07,-0.0047909926
4.44945e-07,-0.004783094
4.45045e-07,-0.0047680147
4.45145e-07,-0.0047529354
4.45245e-07,-0.0047450368
4.45345e-07,-0.0047471909
4.45445e-07,-0.0047536535
4.45545e-07,-0.0047558077
4.45645e-07,-0.0047450368
4.45745e-07,-0.0047184685
4.45845e-07,-0.0046832835
4.45945e-07,-0.0046502528
4.46045e-07,-0.0046301471
4.46145e-07,-0.0046272748
4.46245e-07,-0.0046366096
4.46345e-07,-0.0046452263
4.46445e-07,-0.004641636
4.46545e-07,-0.0046200942
4.46645e-07,-0.0045856273
4.46745e-07,-0.0045497243
4.46845e-07,-0.0045267463
4.46945e-07,-0.0045238741
4.47045e-07,-0.0045396714
4.47145e-07,-0.0045640855
4.47245e-07,-0.0045841912
4.47345e-07,-0.0045892176
4.47445e-07,-0.0045784467
4.47545e-07,-0.004558341
4.47645e-07,-0.0045382353
4.47745e-07,-0.0045267463
4.47845e-07,-0.0045253102
4.47945e-07,-0.0045317727
4.48045e-07,-0.0045382353
4.48145e-07,-0.0045411075
4.48245e-07,-0.0045411075
4.48345e-07,-0.0045425437
4.48445e-07,-0.0045497243
4.48545e-07,-0.0045648035
4.48645e-07,-0.0045849092
4.48745e-07,-0.0046007066
4.48845e-07,-0.0046071691
4.48945e-07,-0.0046007066
4.49045e-07,-0.0045856273
4.49145e-07,-0.00456983
4.49245e-07,-0.0045612132
4.49345e-07,-0.0045640855
4.49445e-07,-0.0045734203
4.49545e-07,-0.0045827551
4.49645e-07,-0.0045841912
4.49745e-07,-0.0045755744
4.49845e-07,-0.0045619313
4.49945e-07,-0.0045540326
4.50045e-07,-0.0045612132
4.50145e-07,-0.0045856273
4.50245e-07,-0.0046222484
4.50345e-07,-0.0046567153
4.50445e-07,-0.0046761029
4.50545e-07,-0.0046725126
4.50645e-07,-0.0046495347
4.50745e-07,-0.0046186581
4.50845e-07,-0.0045956801
4.50945e-07,-0.0045913718
4.51045e-07,-0.0046086052
4.51145e-07,-0.0046373277
4.51245e-07,-0.004664614
4.51345e-07,-0.004676821
4.51445e-07,-0.0046689223
4.51545e-07,-0.0046459444
4.51645e-07,-0.0046186581
4.51745e-07,-0.0046007066
4.51845e-07,-0.0046007066
4.51945e-07,-0.004617222
4.52045e-07,-0.004641636
4.52145e-07,-0.0046631778
4.52245e-07,-0.0046732307
4.52345e-07,-0.0046682043
4.52445e-07,-0.004653125
4.52545e-07,-0.0046366096
4.52645e-07,-0.0046272748
4.52745e-07,-0.004629429
4.52845e-07,-0.004641636
4.52945e-07,-0.0046595875
4.53045e-07,-0.0046761029
4.53145e-07,-0.0046861558
4.53245e-07,-0.0046875919
4.53345e-07,-0.0046825655
4.53445e-07,-0.0046732307
4.53545e-07,-0.0046631778
4.53645e-07,-0.004653125
4.53745e-07,-0.0046437902
4.53845e-07,-0.0046358915
4.53945e-07,-0.0046272748
4.54045e-07,-0.0046186581
4.54145e-07,-0.0046107594
4.54245e-07,-0.0046042969
4.54345e-07,-0.0045992705
4.54445e-07,-0.0045956801
4.54545e-07,-0.004594244
4.54645e-07,-0.004594244
4.54745e-07,-0.0045985524
4.54845e-07,-0.0046071691
4.54945e-07,-0.0046200942
4.55045e-07,-0.0046351735
4.55145e-07,-0.0046509708
4.55245e-07,-0.004664614
4.55345e-07,-0.0046725126
4.55445e-07,-0.0046746668
4.55545e-07,-0.0046710765
4.55645e-07,-0.004664614
4.55745e-07,-0.0046574334
4.55845e-07,-0.0046516889
4.55945e-07,-0.0046502528
4.56045e-07,-0.004653125
4.56145e-07,-0.0046610237
4.56245e-07,-0.0046746668
4.56345e-07,-0.0046911822
4.56445e-07,-0.0047105699
4.56545e-07,-0.0047292394
4.56645e-07,-0.0047450368
4.56745e-07,-0.0047550896
4.56845e-07,-0.0047565257
4.56945e-07,-0.0047507813
4.57045e-07,-0.0047400103
4.57145e-07,-0.0047292394
4.57245e-07,-0.0047220588
4.57345e-07,-0.0047227769
4.57445e-07,-0.0047328297
4.57545e-07,-0.0047486271
4.57645e-07,-0.0047680147
4.57745e-07,-0.0047845301
4.57845e-07,-0.004795301
4.57945e-07,-0.0047974552
4.58045e-07,-0.0047909926
4.58145e-07,-0.0047795037
4.58245e-07,-0.0047680147
4.58345e-07,-0.004759398
4.58445e-07,-0.0047565257
4.58545e-07,-0.004760116
4.58645e-07,-0.0047672966
4.58745e-07,-0.0047751953
4.58845e-07,-0.0047795037
4.58945e-07,-0.0047780676
4.59045e-07,-0.004771605
4.59145e-07,-0.0047629883
4.59245e-07,-0.0047565257
4.59345e-07,-0.0047565257
4.59445e-07,-0.0047644244
4.59545e-07,-0.0047773495
4.59645e-07,-0.0047909926
4.59745e-07,-0.0047974552
4.59845e-07,-0.0047917107
4.59945e-07,-0.0047730411
4.60045e-07,-0.0047450368
4.60145e-07,-0.0047163143
4.60245e-07,-0.0046940545
4.60345e-07,-0.0046847197
4.60445e-07,-0.0046875919
4.60545e-07,-0.0046969267
4.60645e-07,-0.0047055434
4.60745e-07,-0.0047069795
4.60845e-07,-0.0046990809
4.60945e-07,-0.0046854377
4.61045e-07,-0.0046725126
4.61145e-07,-0.004665332
4.61245e-07,-0.004664614
4.61345e-07,-0.0046667682
4.61445e-07,-0.004664614
4.61545e-07,-0.004653125
4.61645e-07,-0.0046301471
4.61745e-07,-0.0046014246
4.61845e-07,-0.0045762925
4.61945e-07,-0.0045612132
4.62045e-07,-0.0045612132
4.62145e-07,-0.0045712661
4.62245e-07,-0.004582037
4.62345e-07,-0.0045841912
4.62445e-07,-0.0045727022
4.62545e-07,-0.0045497243
4.62645e-07,-0.0045260283
4.62745e-07,-0.004511667
4.62845e-07,-0.0045152574
4.62945e-07,-0.0045360811
4.63045e-07,-0.0045662397
