LECROYHDO6104B,11090,Waveform
Segments,1,SegmentSize,5002
Segment,TrigTime,TimeSinceSegment1
#1,04-May-2026 18:26:06,0                 
Time,Ampl
-3.704562e-08,-0.0055198242
-3.694562e-08,-0.0054903837
-3.684562e-08,-0.0054688419
-3.674562e-08,-0.0054616613
-3.664562e-08,-0.0054666877
-3.654562e-08,-0.0054767406
-3.644562e-08,-0.0054803309
-3.634562e-08,-0.0054724322
-3.624562e-08,-0.0054530446
-3.614562e-08,-0.0054300666
-3.604562e-08,-0.0054113971
-3.594562e-08,-0.0054034984
-3.584562e-08,-0.0054070887
-3.574562e-08,-0.0054149874
-3.564562e-08,-0.005422886
-3.554562e-08,-0.0054257583
-3.544562e-08,-0.0054236041
-3.534562e-08,-0.0054214499
-3.524562e-08,-0.005422886
-3.514562e-08,-0.0054279125
-3.504562e-08,-0.0054315028
-3.494562e-08,-0.0054271944
-3.484562e-08,-0.0054113971
-3.474562e-08,-0.0053848288
-3.464562e-08,-0.0053553883
-3.454562e-08,-0.0053345646
-3.444562e-08,-0.0053309743
-3.434562e-08,-0.0053460535
-3.424562e-08,-0.0053719037
-3.414562e-08,-0.0053977539
-3.404562e-08,-0.0054113971
-3.394562e-08,-0.0054085248
-3.384562e-08,-0.0053948817
-3.374562e-08,-0.0053805205
-3.364562e-08,-0.0053769301
-3.354562e-08,-0.0053898552
-3.344562e-08,-0.0054149874
-3.334562e-08,-0.0054415556
-3.324562e-08,-0.0054573529
-3.314562e-08,-0.0054559168
-3.304562e-08,-0.0054386834
-3.294562e-08,-0.0054164235
-3.284562e-08,-0.0053999081
-3.274562e-08,-0.0053977539
-3.264562e-08,-0.0054099609
-3.254562e-08,-0.0054293486
-3.244562e-08,-0.005445864
-3.234562e-08,-0.0054516085
-3.224562e-08,-0.0054451459
-3.214562e-08,-0.0054329389
-3.204562e-08,-0.005422886
-3.194562e-08,-0.0054207318
-3.184562e-08,-0.0054264763
-3.174562e-08,-0.0054336569
-3.164562e-08,-0.005434375
-3.154562e-08,-0.0054236041
-3.144562e-08,-0.0054027803
-3.134562e-08,-0.0053798024
-3.124562e-08,-0.0053654412
-3.114562e-08,-0.0053661592
-3.104562e-08,-0.0053833927
-3.094562e-08,-0.0054099609
-3.084562e-08,-0.005434375
-3.074562e-08,-0.0054473001
-3.064562e-08,-0.0054451459
-3.054562e-08,-0.0054307847
-3.044562e-08,-0.0054113971
-3.034562e-08,-0.0053963178
-3.024562e-08,-0.0053920094
-3.014562e-08,-0.005398472
-3.004562e-08,-0.0054113971
-2.994562e-08,-0.0054264763
-2.984562e-08,-0.0054394014
-2.974562e-08,-0.0054494543
-2.964562e-08,-0.0054573529
-2.954562e-08,-0.0054659697
-2.944562e-08,-0.0054753045
-2.934562e-08,-0.0054846392
-2.924562e-08,-0.0054918199
-2.914562e-08,-0.0054946921
-2.904562e-08,-0.005493256
-2.894562e-08,-0.0054882295
-2.884562e-08,-0.0054803309
-2.874562e-08,-0.0054717142
-2.864562e-08,-0.0054623794
-2.854562e-08,-0.0054530446
-2.844562e-08,-0.005445864
-2.834562e-08,-0.0054429917
-2.824562e-08,-0.0054473001
-2.814562e-08,-0.0054602252
-2.804562e-08,-0.0054803309
-2.794562e-08,-0.0055025908
-2.784562e-08,-0.0055191062
-2.774562e-08,-0.0055241326
-2.764562e-08,-0.0055147978
-2.754562e-08,-0.0054954102
-2.744562e-08,-0.0054724322
-2.734562e-08,-0.0054537626
-2.724562e-08,-0.005445864
-2.714562e-08,-0.005446582
-2.704562e-08,-0.0054508904
-2.694562e-08,-0.0054523265
-2.684562e-08,-0.005445864
-2.674562e-08,-0.0054336569
-2.664562e-08,-0.0054214499
-2.654562e-08,-0.0054164235
-2.644562e-08,-0.005422886
-2.634562e-08,-0.0054379653
-2.624562e-08,-0.0054544807
-2.614562e-08,-0.0054623794
-2.604562e-08,-0.0054573529
-2.594562e-08,-0.0054408375
-2.584562e-08,-0.0054207318
-2.574562e-08,-0.0054085248
-2.564562e-08,-0.0054113971
-2.554562e-08,-0.0054300666
-2.544562e-08,-0.0054566349
-2.534562e-08,-0.0054803309
-2.524562e-08,-0.0054918199
-2.514562e-08,-0.0054889476
-2.504562e-08,-0.0054774586
-2.494562e-08,-0.0054674058
-2.484562e-08,-0.0054688419
-2.474562e-08,-0.0054839212
-2.464562e-08,-0.0055090533
-2.454562e-08,-0.0055334674
-2.444562e-08,-0.0055492647
-2.434562e-08,-0.0055521369
-2.424562e-08,-0.0055463925
-2.414562e-08,-0.0055392119
-2.404562e-08,-0.0055377757
-2.394562e-08,-0.0055442383
-2.384562e-08,-0.0055542911
-2.374562e-08,-0.0055621898
-2.364562e-08,-0.0055607537
-2.354562e-08,-0.0055514189
-2.344562e-08,-0.005541366
-2.334562e-08,-0.0055384938
-2.324562e-08,-0.0055492647
-2.314562e-08,-0.0055715246
-2.304562e-08,-0.0055966567
-2.294562e-08,-0.005611736
-2.284562e-08,-0.0056067096
-2.274562e-08,-0.0055815774
-2.264562e-08,-0.0055449563
-2.254562e-08,-0.0055104894
-2.244562e-08,-0.0054918199
-2.234562e-08,-0.0054918199
-2.224562e-08,-0.005505463
-2.214562e-08,-0.0055205423
-2.204562e-08,-0.0055262868
-2.194562e-08,-0.0055191062
-2.184562e-08,-0.005505463
-2.174562e-08,-0.0054968463
-2.164562e-08,-0.0055033088
-2.154562e-08,-0.0055284409
-2.144562e-08,-0.0055657801
-2.134562e-08,-0.005599529
-2.124562e-08,-0.0056181985
-2.114562e-08,-0.0056146082
-2.104562e-08,-0.0055945025
-2.094562e-08,-0.0055715246
-2.084562e-08,-0.0055607537
-2.074562e-08,-0.0055700885
-2.064562e-08,-0.0055980928
-2.054562e-08,-0.0056339959
-2.044562e-08,-0.0056641544
-2.034562e-08,-0.0056799517
-2.024562e-08,-0.0056813879
-2.014562e-08,-0.0056756434
-2.004562e-08,-0.0056756434
-1.994562e-08,-0.0056885685
-1.984562e-08,-0.0057144187
-1.974562e-08,-0.0057481675
-1.964562e-08,-0.0057790441
-1.954562e-08,-0.005801304
-1.944562e-08,-0.005812793
-1.934562e-08,-0.0058192555
-1.924562e-08,-0.005825
-1.914562e-08,-0.0058336167
-1.904562e-08,-0.0058443876
-1.894562e-08,-0.0058501321
-1.884562e-08,-0.0058479779
-1.874562e-08,-0.005836489
-1.864562e-08,-0.0058221278
-1.854562e-08,-0.0058120749
-1.844562e-08,-0.005813511
-1.834562e-08,-0.0058257181
-1.824562e-08,-0.0058407973
-1.814562e-08,-0.0058479779
-1.804562e-08,-0.005836489
-1.794562e-08,-0.0058048943
-1.784562e-08,-0.0057610926
-1.774562e-08,-0.0057172909
-1.764562e-08,-0.0056871324
-1.754562e-08,-0.0056756434
-1.744562e-08,-0.0056799517
-1.734562e-08,-0.0056871324
-1.724562e-08,-0.0056871324
-1.714562e-08,-0.0056720531
-1.704562e-08,-0.0056433307
-1.694562e-08,-0.0056102999
-1.684562e-08,-0.0055837316
-1.674562e-08,-0.0055686523
-1.664562e-08,-0.005564344
-1.654562e-08,-0.0055607537
-1.644562e-08,-0.0055492647
-1.634562e-08,-0.0055248506
-1.624562e-08,-0.0054896657
-1.614562e-08,-0.0054523265
-1.604562e-08,-0.005422886
-1.594562e-08,-0.0054063706
-1.584562e-08,-0.0054006261
-1.574562e-08,-0.0053977539
-1.564562e-08,-0.0053884191
-1.554562e-08,-0.0053675954
-1.544562e-08,-0.005339591
-1.534562e-08,-0.0053123047
-1.524562e-08,-0.0052965074
-1.514562e-08,-0.0052979435
-1.504562e-08,-0.0053144589
-1.494562e-08,-0.0053374368
-1.484562e-08,-0.0053539522
-1.474562e-08,-0.0053575425
-1.464562e-08,-0.0053474897
-1.454562e-08,-0.0053316923
-1.444562e-08,-0.0053194853
-1.434562e-08,-0.0053180492
-1.424562e-08,-0.0053295381
-1.414562e-08,-0.0053482077
-1.404562e-08,-0.0053654412
-1.394562e-08,-0.005375494
-1.384562e-08,-0.005375494
-1.374562e-08,-0.0053704676
-1.364562e-08,-0.0053654412
-1.354562e-08,-0.0053654412
-1.344562e-08,-0.0053719037
-1.334562e-08,-0.0053805205
-1.324562e-08,-0.0053884191
-1.314562e-08,-0.0053912914
-1.304562e-08,-0.0053905733
-1.294562e-08,-0.0053884191
-1.284562e-08,-0.0053884191
-1.274562e-08,-0.0053898552
-1.264562e-08,-0.0053898552
-1.254562e-08,-0.0053833927
-1.244562e-08,-0.0053654412
-1.234562e-08,-0.0053374368
-1.224562e-08,-0.005303688
-1.214562e-08,-0.0052728114
-1.204562e-08,-0.0052505515
-1.194562e-08,-0.0052376264
-1.184562e-08,-0.0052282916
-1.174562e-08,-0.0052124943
-1.164562e-08,-0.0051816176
-1.154562e-08,-0.0051313534
-1.144562e-08,-0.0050652918
-1.134562e-08,-0.0049913316
-1.124562e-08,-0.0049173713
-1.114562e-08,-0.0048477194
-1.104562e-08,-0.0047802217
-1.094562e-08,-0.0047069795
-1.084562e-08,-0.0046186581
-1.074562e-08,-0.0045123851
-1.064562e-08,-0.0043903148
-1.054562e-08,-0.0042617819
-1.044562e-08,-0.0041361213
-1.034562e-08,-0.0040205136
-1.024562e-08,-0.0039135225
-1.014562e-08,-0.0038094037
-1.004562e-08,-0.0036995404
-9.945618e-09,-0.0035767521
-9.845618e-09,-0.0034396025
-9.745618e-09,-0.0032938362
-9.645618e-09,-0.0031480699
-9.545618e-09,-0.003008048
-9.445618e-09,-0.0028759249
-9.345618e-09,-0.0027481101
-9.245618e-09,-0.0026195772
-9.145618e-09,-0.0024845818
-9.045618e-09,-0.0023431239
-8.945618e-09,-0.0021980756
-8.845618e-09,-0.0020566176
-8.745618e-09,-0.0019244945
-8.645618e-09,-0.0018031422
-8.545618e-09,-0.0016918428
-8.445618e-09,-0.0015855699
-8.345618e-09,-0.0014814511
-8.245618e-09,-0.0013794864
-8.145618e-09,-0.0012825483
-8.045618e-09,-0.0011949449
-7.945618e-09,-0.0011188304
-7.845618e-09,-0.0010527688
-7.745618e-09,-0.00099245175
-7.645618e-09,-0.00093069853
-7.545618e-09,-0.00086248277
-7.445618e-09,-0.0007870864
-7.345618e-09,-0.00070809972
-7.245618e-09,-0.00063198529
-7.145618e-09,-0.00056592371
-7.045618e-09,-0.00051422335
-6.945618e-09,-0.00047616613
-6.845618e-09,-0.00044816176
-6.745618e-09,-0.00042518382
-6.645618e-09,-0.000403642
-6.545618e-09,-0.000379946
-6.445618e-09,-0.00035625
-6.345618e-09,-0.000332554
-6.245618e-09,-0.00031101218
-6.145618e-09,-0.0002923426
-6.045618e-09,-0.00027582721
-5.945618e-09,-0.00026146599
-5.845618e-09,-0.0002485409
-5.745618e-09,-0.00023848805
-5.645618e-09,-0.00022987132
-5.545618e-09,-0.00022340878
-5.445618e-09,-0.00021766429
-5.345618e-09,-0.00021263787
-5.245618e-09,-0.00020689338
-5.145618e-09,-0.00020186696
-5.045618e-09,-0.00019971278
-4.945618e-09,-0.0002011489
-4.845618e-09,-0.00020689338
-4.745618e-09,-0.00021479205
-4.645618e-09,-0.00022053653
-4.545618e-09,-0.00022269072
-4.445618e-09,-0.00021838235
-4.345618e-09,-0.00021048369
-4.245618e-09,-0.00020330308
-4.145618e-09,-0.0002011489
-4.045618e-09,-0.00020689338
-3.945618e-09,-0.00021981847
-3.845618e-09,-0.00023561581
-3.745618e-09,-0.0002485409
-3.645618e-09,-0.00025284926
-3.545618e-09,-0.00024710478
-3.445618e-09,-0.00023417969
-3.345618e-09,-0.00021910041
-3.245618e-09,-0.00020689338
-3.145618e-09,-0.0002011489
-3.045618e-09,-0.0002011489
-2.945618e-09,-0.0002047392
-2.845618e-09,-0.00020689338
-2.745618e-09,-0.00020617532
-2.645618e-09,-0.00020258502
-2.545618e-09,-0.00019827665
-2.445618e-09,-0.00019540441
-2.345618e-09,-0.00019540441
-2.245618e-09,-0.00019540441
-2.145618e-09,-0.00019253217
-2.045618e-09,-0.00018391544
-1.945618e-09,-0.00016955423
-1.845618e-09,-0.00015160271
-1.745618e-09,-0.00013580538
-1.645618e-09,-0.00012647059
-1.545618e-09,-0.00012575253
-1.445618e-09,-0.00013077895
-1.345618e-09,-0.0001372415
-1.245618e-09,-0.00013795956
-1.145618e-09,-0.00013006089
-1.045618e-09,-0.00011282744
-9.456183e-10,-9.0567555e-05
-8.456183e-10,-6.9025735e-05
-7.456183e-10,-5.3946461e-05
-6.456183e-10,-4.6047794e-05
-5.456183e-10,-4.5329733e-05
-4.456183e-10,-4.6047794e-05
-3.456183e-10,-4.3893612e-05
-2.456183e-10,-3.7431066e-05
-1.456183e-10,-2.5224035e-05
-4.561827e-11,-1.1580882e-05
5.438173e-11,6.261489e-07
1.543817e-10,7.8067555e-06
2.543817e-10,1.1397059e-05
3.543817e-10,1.1397059e-05
4.543817e-10,1.1397059e-05
5.543817e-10,1.283318e-05
6.543817e-10,1.7141544e-05
7.543817e-10,2.2886029e-05
8.543817e-10,2.9348575e-05
9.543817e-10,3.5811121e-05
1.054382e-09,4.1555607e-05
1.154382e-09,4.5863971e-05
1.254382e-09,4.9454274e-05
1.354382e-09,5.0890395e-05
1.454382e-09,5.0172335e-05
1.554382e-09,4.5863971e-05
1.654382e-09,3.8683364e-05
1.754382e-09,3.0066636e-05
1.854382e-09,2.360409e-05
1.954382e-09,2.2886029e-05
2.054382e-09,2.9348575e-05
2.154382e-09,4.1555607e-05
2.254382e-09,5.6634881e-05
2.354382e-09,6.8841912e-05
2.454382e-09,7.3150276e-05
2.554382e-09,6.8123851e-05
2.654382e-09,5.3762638e-05
2.754382e-09,3.4375e-05
2.854382e-09,1.5705423e-05
2.954382e-09,2.7803309e-06
3.054382e-09,-2.2460937e-06
3.154382e-09,-9.1911765e-08
3.254382e-09,4.9345129e-06
3.354382e-09,8.5248162e-06
3.454382e-09,7.0886949e-06
3.554382e-09,-9.1911765e-08
3.654382e-09,-1.0144761e-05
3.754382e-09,-2.019761e-05
3.854382e-09,-2.5224035e-05
3.954382e-09,-2.3069853e-05
4.054382e-09,-1.4453125e-05
4.154382e-09,-2.9641544e-06
4.254382e-09,7.0886949e-06
4.354382e-09,1.1397059e-05
4.454382e-09,7.8067555e-06
4.554382e-09,-2.9641544e-06
4.654382e-09,-1.8761489e-05
4.754382e-09,-3.4558824e-05
4.854382e-09,-4.6765855e-05
4.954382e-09,-5.1792279e-05
5.054382e-09,-5.1074219e-05
5.154382e-09,-4.6047794e-05
5.254382e-09,-4.1021369e-05
5.354382e-09,-3.9585248e-05
5.454382e-09,-4.4611673e-05
5.554382e-09,-5.7536765e-05
5.654382e-09,-7.5488281e-05
5.754382e-09,-9.559398e-05
5.854382e-09,-0.0001135455
5.954382e-09,-0.00012647059
6.054382e-09,-0.00013221507
6.154382e-09,-0.00013221507
6.254382e-09,-0.00012934283
6.354382e-09,-0.00012647059
6.454382e-09,-0.00012718865
6.554382e-09,-0.00013221507
6.654382e-09,-0.0001408318
6.754382e-09,-0.00014944853
6.854382e-09,-0.00015591108
6.954382e-09,-0.0001573472
7.054382e-09,-0.00015375689
7.154382e-09,-0.00014944853
7.254382e-09,-0.00014729435
7.354382e-09,-0.00015160271
7.454382e-09,-0.0001645278
7.554382e-09,-0.00018391544
7.654382e-09,-0.00020545726
7.754382e-09,-0.00022269072
7.854382e-09,-0.00023202551
7.954382e-09,-0.00022987132
8.054382e-09,-0.00021910041
8.154382e-09,-0.00020617532
8.254382e-09,-0.00019612247
8.354382e-09,-0.00019540441
8.454382e-09,-0.00020545726
8.554382e-09,-0.00022340878
8.654382e-09,-0.0002449506
8.754382e-09,-0.00026433824
8.854382e-09,-0.00027726333
8.954382e-09,-0.00028300781
9.054382e-09,-0.00028516199
9.154382e-09,-0.00028731618
9.254382e-09,-0.00029377872
9.354382e-09,-0.00030526769
9.454382e-09,-0.00031962891
9.554382e-09,-0.00033327206
9.654382e-09,-0.00034188879
9.754382e-09,-0.00034332491
9.854382e-09,-0.00033901654
9.954382e-09,-0.00033327206
1.005438e-08,-0.000332554
1.015438e-08,-0.00034188879
1.025438e-08,-0.00036199449
1.035438e-08,-0.00039071691
1.045438e-08,-0.00042302964
1.055438e-08,-0.00045247013
1.065438e-08,-0.00047329389
1.075438e-08,-0.00048262868
1.085438e-08,-0.00048191062
1.095438e-08,-0.00047473001
1.105438e-08,-0.00046611328
1.115438e-08,-0.00045965074
1.125438e-08,-0.00045893267
1.135438e-08,-0.00046539522
1.145438e-08,-0.00047760225
1.155438e-08,-0.00049411765
1.165438e-08,-0.00051350528
1.175438e-08,-0.00053432904
1.185438e-08,-0.0005551528
1.195438e-08,-0.00057454044
1.205438e-08,-0.00059105584
1.215438e-08,-0.00060398093
1.225438e-08,-0.00061331572
1.235438e-08,-0.00062049632
1.245438e-08,-0.00062695887
1.255438e-08,-0.00063485754
1.265438e-08,-0.00064419233
1.275438e-08,-0.00065496324
1.285438e-08,-0.00066501608
1.295438e-08,-0.00067076057
1.305438e-08,-0.00067147863
1.315438e-08,-0.00066645221
1.325438e-08,-0.00065783548
1.335438e-08,-0.00064850069
1.345438e-08,-0.0006427562
1.355438e-08,-0.00064347426
1.365438e-08,-0.00065065487
1.375438e-08,-0.00066070772
1.385438e-08,-0.00067147863
1.395438e-08,-0.00067794118
1.405438e-08,-0.00067794118
1.415438e-08,-0.00067291475
1.425438e-08,-0.00066357996
1.435438e-08,-0.00065496324
1.445438e-08,-0.00064778263
1.455438e-08,-0.00064347426
1.465438e-08,-0.0006391659
1.475438e-08,-0.00063198529
1.485438e-08,-0.0006190602
1.495438e-08,-0.00059967256
1.505438e-08,-0.00057597656
1.515438e-08,-0.0005515625
1.525438e-08,-0.00053073874
1.535438e-08,-0.00051781365
1.545438e-08,-0.00051350528
1.555438e-08,-0.00051709559
1.565438e-08,-0.00052571232
1.575438e-08,-0.00053432904
1.585438e-08,-0.00054007353
1.595438e-08,-0.00054007353
1.605438e-08,-0.00053361098
1.615438e-08,-0.00052068589
1.625438e-08,-0.00050273438
1.635438e-08,-0.00048262868
1.645438e-08,-0.00046180492
1.655438e-08,-0.0004438534
1.665438e-08,-0.00043021025
1.675438e-08,-0.00042518382
1.685438e-08,-0.00042877413
1.695438e-08,-0.00044098116
1.705438e-08,-0.0004603688
1.715438e-08,-0.00048262868
1.725438e-08,-0.0005041705
1.735438e-08,-0.00052140395
1.745438e-08,-0.00053361098
1.755438e-08,-0.00054007353
1.765438e-08,-0.00054294577
1.775438e-08,-0.00054438189
1.785438e-08,-0.00054725414
1.795438e-08,-0.0005515625
1.805438e-08,-0.00055658892
1.815438e-08,-0.00056089729
1.825438e-08,-0.00056376953
1.835438e-08,-0.00056305147
1.845438e-08,-0.00056089729
1.855438e-08,-0.00056089729
1.865438e-08,-0.00056448759
1.875438e-08,-0.00057454044
1.885438e-08,-0.0005917739
1.895438e-08,-0.00061331572
1.905438e-08,-0.00063629366
1.915438e-08,-0.00065496324
1.925438e-08,-0.00066717027
1.935438e-08,-0.00067147863
1.945438e-08,-0.00067004251
1.955438e-08,-0.00066645221
1.965438e-08,-0.00066501608
1.975438e-08,-0.00066717027
1.985438e-08,-0.00067291475
1.995438e-08,-0.00067794118
2.005438e-08,-0.0006793773
2.015438e-08,-0.00067435087
2.025438e-08,-0.00066501608
2.035438e-08,-0.00065496324
2.045438e-08,-0.00065065487
2.055438e-08,-0.00065711742
2.065438e-08,-0.00067506893
2.075438e-08,-0.00070091912
2.085438e-08,-0.0007267693
2.095438e-08,-0.00074472082
2.105438e-08,-0.00074759306
2.115438e-08,-0.00073538603
2.125438e-08,-0.00071312615
2.135438e-08,-0.00068943015
2.145438e-08,-0.00067219669
2.155438e-08,-0.00066645221
2.165438e-08,-0.00067147863
2.175438e-08,-0.0006829676
2.185438e-08,-0.00069445657
2.195438e-08,-0.00070091912
2.205438e-08,-0.00070235524
2.215438e-08,-0.00070235524
2.225438e-08,-0.00070522748
2.235438e-08,-0.00071240809
2.245438e-08,-0.000723179
2.255438e-08,-0.00073179573
2.265438e-08,-0.00073323185
2.275438e-08,-0.00072389706
2.285438e-08,-0.00070522748
2.295438e-08,-0.00068224954
2.305438e-08,-0.00066357996
2.315438e-08,-0.00065496324
2.325438e-08,-0.0006592716
2.335438e-08,-0.00067435087
2.345438e-08,-0.00069373851
2.355438e-08,-0.00071240809
2.365438e-08,-0.00072748736
2.375438e-08,-0.00073825827
2.385438e-08,-0.00074831112
2.395438e-08,-0.00075836397
2.405438e-08,-0.00076841682
2.415438e-08,-0.00077631549
2.425438e-08,-0.00077703355
2.435438e-08,-0.00076985294
2.445438e-08,-0.00075620979
2.455438e-08,-0.00074113051
2.465438e-08,-0.00073323185
2.475438e-08,-0.00073538603
2.485438e-08,-0.00074831112
2.495438e-08,-0.0007669807
2.505438e-08,-0.00078421415
2.515438e-08,-0.00079283088
2.525438e-08,-0.00079211282
2.535438e-08,-0.00078565028
2.545438e-08,-0.00078062385
2.555438e-08,-0.00078134191
2.565438e-08,-0.0007906767
2.575438e-08,-0.00080360179
2.585438e-08,-0.0008143727
2.595438e-08,-0.00081580882
2.605438e-08,-0.00080575597
2.615438e-08,-0.00078780446
2.625438e-08,-0.00076913488
2.635438e-08,-0.00075836397
2.645438e-08,-0.00075908203
2.655438e-08,-0.000770571
2.665438e-08,-0.00078780446
2.675438e-08,-0.00080431985
2.685438e-08,-0.00081509076
2.695438e-08,-0.00082083525
2.705438e-08,-0.00082298943
2.715438e-08,-0.00082729779
2.725438e-08,-0.0008344784
2.735438e-08,-0.00084309513
2.745438e-08,-0.00084955767
2.755438e-08,-0.00085027574
2.765438e-08,-0.00084381319
2.775438e-08,-0.0008344784
2.785438e-08,-0.00082657973
2.795438e-08,-0.00082729779
2.805438e-08,-0.00083735064
2.815438e-08,-0.00085602022
2.825438e-08,-0.00087756204
2.835438e-08,-0.00089623162
2.845438e-08,-0.00091059283
2.855438e-08,-0.00092064568
2.865438e-08,-0.00092998047
2.875438e-08,-0.0009421875
2.885438e-08,-0.00095654871
2.895438e-08,-0.00096947381
2.905438e-08,-0.00097737247
2.915438e-08,-0.00097665441
2.925438e-08,-0.00096875574
2.935438e-08,-0.00095942096
2.945438e-08,-0.00095654871
2.955438e-08,-0.00096516544
2.965438e-08,-0.0009859892
2.975438e-08,-0.0010139936
2.985438e-08,-0.0010398437
2.995438e-08,-0.0010570772
3.005438e-08,-0.0010628217
3.015438e-08,-0.0010613856
3.025438e-08,-0.0010613856
3.035438e-08,-0.0010685662
3.045438e-08,-0.0010857996
3.055438e-08,-0.0011094956
3.065438e-08,-0.0011296013
3.075438e-08,-0.0011375
3.085438e-08,-0.0011296013
3.095438e-08,-0.0011094956
3.105438e-08,-0.0010857996
3.115438e-08,-0.0010685662
3.125438e-08,-0.0010656939
3.135438e-08,-0.001078619
3.145438e-08,-0.001101597
3.155438e-08,-0.001126011
3.165438e-08,-0.0011446806
3.175438e-08,-0.0011532973
3.185438e-08,-0.0011540154
3.195438e-08,-0.001148989
3.205438e-08,-0.0011418084
3.215438e-08,-0.0011339097
3.225438e-08,-0.001125293
3.235438e-08,-0.0011145221
3.245438e-08,-0.0011030331
3.255438e-08,-0.0010951344
3.265438e-08,-0.0010936983
3.275438e-08,-0.0011030331
3.285438e-08,-0.0011209846
3.295438e-08,-0.0011425264
3.305438e-08,-0.0011619141
3.315438e-08,-0.0011719669
3.325438e-08,-0.001173403
3.335438e-08,-0.0011690947
3.345438e-08,-0.0011669405
3.355438e-08,-0.0011719669
3.365438e-08,-0.0011856101
3.375438e-08,-0.0012028435
3.385438e-08,-0.0012164867
3.395438e-08,-0.0012179228
3.405438e-08,-0.0012057158
3.415438e-08,-0.0011841739
3.425438e-08,-0.0011619141
3.435438e-08,-0.001148989
3.445438e-08,-0.0011511432
3.455438e-08,-0.0011683766
3.465438e-08,-0.0011935087
3.475438e-08,-0.0012179228
3.485438e-08,-0.0012358743
3.495438e-08,-0.0012473633
3.505438e-08,-0.0012545439
3.515438e-08,-0.0012638787
3.525438e-08,-0.001278958
3.535438e-08,-0.0012990636
3.545438e-08,-0.0013191693
3.555438e-08,-0.0013328125
3.565438e-08,-0.0013364028
3.575438e-08,-0.0013313764
3.585438e-08,-0.0013241958
3.595438e-08,-0.0013213235
3.605438e-08,-0.0013299403
3.615438e-08,-0.0013514821
3.625438e-08,-0.0013816406
3.635438e-08,-0.0014132353
3.645438e-08,-0.0014390855
3.655438e-08,-0.0014556009
3.665438e-08,-0.0014613454
3.675438e-08,-0.0014591912
3.685438e-08,-0.0014527286
3.695438e-08,-0.0014441119
3.705438e-08,-0.0014347771
3.715438e-08,-0.0014247243
3.725438e-08,-0.0014146714
3.735438e-08,-0.0014074908
3.745438e-08,-0.0014060547
3.755438e-08,-0.0014132353
3.765438e-08,-0.0014283146
3.775438e-08,-0.0014484203
3.785438e-08,-0.0014678079
3.795438e-08,-0.0014821691
3.805438e-08,-0.0014879136
3.815438e-08,-0.0014871955
3.825438e-08,-0.0014836052
3.835438e-08,-0.0014821691
3.845438e-08,-0.0014864775
3.855438e-08,-0.0014958123
3.865438e-08,-0.0015073012
3.875438e-08,-0.001516636
3.885438e-08,-0.0015202263
3.895438e-08,-0.0015173541
3.905438e-08,-0.0015108915
3.915438e-08,-0.0015051471
3.925438e-08,-0.0015029929
3.935438e-08,-0.0015073012
3.945438e-08,-0.001515918
3.955438e-08,-0.001528125
3.965438e-08,-0.0015417682
3.975438e-08,-0.0015561294
3.985438e-08,-0.0015712086
3.995438e-08,-0.0015855699
4.005438e-08,-0.0015977769
4.015438e-08,-0.0016049575
4.025438e-08,-0.0016049575
4.035438e-08,-0.0015970588
4.045438e-08,-0.0015826976
4.055438e-08,-0.0015669003
4.065438e-08,-0.0015554113
4.075438e-08,-0.0015511029
4.085438e-08,-0.0015546932
4.095438e-08,-0.0015625919
4.105438e-08,-0.0015704906
4.115438e-08,-0.0015740809
4.125438e-08,-0.0015726448
4.135438e-08,-0.0015676183
4.145438e-08,-0.00156331
4.155438e-08,-0.0015625919
4.165438e-08,-0.0015661822
4.175438e-08,-0.0015697725
4.185438e-08,-0.0015697725
4.195438e-08,-0.0015625919
4.205438e-08,-0.0015475126
4.215438e-08,-0.0015288431
4.225438e-08,-0.0015123277
4.235438e-08,-0.0015051471
4.245438e-08,-0.0015094554
4.255438e-08,-0.0015230986
4.265438e-08,-0.0015432043
4.275438e-08,-0.0015625919
4.285438e-08,-0.0015783892
4.295438e-08,-0.0015884421
4.305438e-08,-0.0015941866
4.315438e-08,-0.0015970588
4.325438e-08,-0.0015963408
4.335438e-08,-0.0015913143
4.345438e-08,-0.0015798254
4.355438e-08,-0.0015625919
4.365438e-08,-0.0015424862
4.375438e-08,-0.0015259708
4.385438e-08,-0.0015202263
4.395438e-08,-0.001528125
4.405438e-08,-0.0015503849
4.415438e-08,-0.0015819795
4.425438e-08,-0.0016150103
4.435438e-08,-0.0016430147
4.445438e-08,-0.0016631204
4.455438e-08,-0.0016753274
4.465438e-08,-0.0016832261
4.475438e-08,-0.0016889706
4.485438e-08,-0.0016925609
4.495438e-08,-0.0016896886
4.505438e-08,-0.0016774816
4.515438e-08,-0.0016545037
4.525438e-08,-0.0016243451
4.535438e-08,-0.0015949046
4.545438e-08,-0.001575517
4.555438e-08,-0.0015740809
4.565438e-08,-0.0015898782
4.575438e-08,-0.0016178826
4.585438e-08,-0.0016458869
4.595438e-08,-0.0016659926
4.605438e-08,-0.0016731733
4.615438e-08,-0.001670301
4.625438e-08,-0.0016652746
4.635438e-08,-0.0016659926
4.645438e-08,-0.0016774816
4.655438e-08,-0.0016983054
4.665438e-08,-0.0017205653
4.675438e-08,-0.0017349265
4.685438e-08,-0.0017363626
4.695438e-08,-0.0017227194
4.705438e-08,-0.0017011776
4.715438e-08,-0.0016774816
4.725438e-08,-0.0016602482
4.735438e-08,-0.0016530676
4.745438e-08,-0.0016559398
4.755438e-08,-0.0016659926
4.765438e-08,-0.0016810719
4.775438e-08,-0.0016983054
4.785438e-08,-0.001716975
4.795438e-08,-0.0017349265
4.805438e-08,-0.0017500057
4.815438e-08,-0.0017579044
4.825438e-08,-0.0017564683
4.835438e-08,-0.0017464154
4.845438e-08,-0.0017320542
4.855438e-08,-0.0017205653
4.865438e-08,-0.0017198472
4.875438e-08,-0.0017349265
4.885438e-08,-0.0017629308
4.895438e-08,-0.0017952436
4.905438e-08,-0.0018232479
4.915438e-08,-0.0018383272
4.925438e-08,-0.0018397633
4.935438e-08,-0.0018318647
4.945438e-08,-0.0018246841
4.955438e-08,-0.0018268382
4.965438e-08,-0.0018404814
4.975438e-08,-0.0018620232
4.985438e-08,-0.001882847
4.995438e-08,-0.0018957721
5.005438e-08,-0.0018964901
5.015438e-08,-0.0018871553
5.025438e-08,-0.0018771025
5.035438e-08,-0.0018727941
5.045438e-08,-0.0018792567
5.055438e-08,-0.0018957721
5.065438e-08,-0.0019144416
5.075438e-08,-0.001930239
5.085438e-08,-0.0019381376
5.095438e-08,-0.0019395738
5.105438e-08,-0.0019388557
5.115438e-08,-0.0019417279
5.125438e-08,-0.0019496266
5.135438e-08,-0.0019589614
5.145438e-08,-0.0019625517
5.155438e-08,-0.0019532169
5.165438e-08,-0.0019295209
5.175438e-08,-0.0018957721
5.185438e-08,-0.0018620232
5.195438e-08,-0.0018383272
5.205438e-08,-0.0018325827
5.215438e-08,-0.0018433536
5.225438e-08,-0.0018641774
5.235438e-08,-0.0018842831
5.245438e-08,-0.0018957721
5.255438e-08,-0.0018957721
5.265438e-08,-0.0018857192
5.275438e-08,-0.0018727941
5.285438e-08,-0.0018627413
5.295438e-08,-0.0018584329
5.305438e-08,-0.001859151
5.315438e-08,-0.0018613051
5.325438e-08,-0.0018613051
5.335438e-08,-0.0018577148
5.345438e-08,-0.0018526884
5.355438e-08,-0.0018498162
5.365438e-08,-0.0018512523
5.375438e-08,-0.0018569968
5.385438e-08,-0.0018656135
5.395438e-08,-0.0018727941
5.405438e-08,-0.0018778205
5.415438e-08,-0.0018799747
5.425438e-08,-0.0018814108
5.435438e-08,-0.0018842831
5.445438e-08,-0.0018878734
5.455438e-08,-0.0018893095
5.465438e-08,-0.0018850011
5.475438e-08,-0.0018727941
5.485438e-08,-0.0018534065
5.495438e-08,-0.0018325827
5.505438e-08,-0.0018175034
5.515438e-08,-0.0018153493
5.525438e-08,-0.0018282744
5.535438e-08,-0.0018534065
5.545438e-08,-0.0018821289
5.555438e-08,-0.001907261
5.565438e-08,-0.0019216222
5.575438e-08,-0.0019244945
5.585438e-08,-0.0019180319
5.595438e-08,-0.001907261
5.605438e-08,-0.0018972082
5.615438e-08,-0.0018893095
5.625438e-08,-0.0018814108
5.635438e-08,-0.0018727941
5.645438e-08,-0.0018620232
5.655438e-08,-0.0018519704
5.665438e-08,-0.0018469439
5.675438e-08,-0.0018498162
5.685438e-08,-0.0018627413
5.695438e-08,-0.0018821289
5.705438e-08,-0.0019036707
5.715438e-08,-0.00191875
5.725438e-08,-0.0019237764
5.735438e-08,-0.0019173139
5.745438e-08,-0.0019022346
5.755438e-08,-0.0018842831
5.765438e-08,-0.0018684858
5.775438e-08,-0.0018569968
5.785438e-08,-0.0018512523
5.795438e-08,-0.0018498162
5.805438e-08,-0.0018505342
5.815438e-08,-0.0018512523
5.825438e-08,-0.0018519704
5.835438e-08,-0.0018498162
5.845438e-08,-0.0018447898
5.855438e-08,-0.001836173
5.865438e-08,-0.0018254021
5.875438e-08,-0.0018153493
5.885438e-08,-0.001811759
5.895438e-08,-0.0018196576
5.905438e-08,-0.0018404814
5.915438e-08,-0.0018727941
5.925438e-08,-0.0019079791
5.935438e-08,-0.0019352654
5.945438e-08,-0.0019474724
5.955438e-08,-0.0019417279
5.965438e-08,-0.0019230584
5.975438e-08,-0.0019022346
5.985438e-08,-0.0018907456
5.995438e-08,-0.0018957721
6.005438e-08,-0.0019158778
6.015438e-08,-0.0019446002
6.025438e-08,-0.0019711684
6.035438e-08,-0.0019876838
6.045438e-08,-0.0019941464
6.055438e-08,-0.0019963006
6.065438e-08,-0.0020034812
6.075438e-08,-0.0020221507
6.085438e-08,-0.0020530273
6.095438e-08,-0.0020896484
6.105438e-08,-0.002120525
6.115438e-08,-0.0021370404
6.125438e-08,-0.0021370404
6.135438e-08,-0.0021255515
6.145438e-08,-0.0021140625
6.155438e-08,-0.0021140625
6.165438e-08,-0.0021298598
6.175438e-08,-0.0021600184
6.185438e-08,-0.0021959214
6.195438e-08,-0.0022289522
6.205438e-08,-0.0022526482
6.215438e-08,-0.0022670094
6.225438e-08,-0.0022763442
6.235438e-08,-0.0022863971
6.245438e-08,-0.0022986041
6.255438e-08,-0.0023115292
6.265438e-08,-0.0023201459
6.275438e-08,-0.002320864
6.285438e-08,-0.0023136834
6.295438e-08,-0.0023050666
6.305438e-08,-0.0023014763
6.315438e-08,-0.002309375
6.325438e-08,-0.0023294807
6.335438e-08,-0.0023553309
6.345438e-08,-0.0023783088
6.355438e-08,-0.0023897978
6.365438e-08,-0.0023876436
6.375438e-08,-0.0023754366
6.385438e-08,-0.0023617934
6.395438e-08,-0.0023553309
6.405438e-08,-0.0023582031
6.415438e-08,-0.0023661018
6.425438e-08,-0.0023711282
6.435438e-08,-0.0023668199
6.445438e-08,-0.0023510225
6.455438e-08,-0.0023301988
6.465438e-08,-0.0023129653
6.475438e-08,-0.002309375
6.485438e-08,-0.002321582
6.495438e-08,-0.0023459961
6.505438e-08,-0.0023718463
6.515438e-08,-0.0023897978
6.525438e-08,-0.0023941062
6.535438e-08,-0.0023883617
6.545438e-08,-0.0023797449
6.555438e-08,-0.0023783088
6.565438e-08,-0.0023869256
6.575438e-08,-0.0024034409
6.585438e-08,-0.0024192383
6.595438e-08,-0.0024242647
6.605438e-08,-0.002415648
6.615438e-08,-0.0023962603
6.625438e-08,-0.0023761546
6.635438e-08,-0.0023668199
6.645438e-08,-0.0023747185
6.655438e-08,-0.0023991326
6.665438e-08,-0.0024307273
6.675438e-08,-0.0024587316
6.685438e-08,-0.002474529
6.695438e-08,-0.0024759651
6.705438e-08,-0.0024680664
6.715438e-08,-0.0024587316
6.725438e-08,-0.0024537052
6.735438e-08,-0.0024551413
6.745438e-08,-0.0024587316
6.755438e-08,-0.0024587316
6.765438e-08,-0.0024522691
6.775438e-08,-0.002440062
6.785438e-08,-0.0024285731
6.795438e-08,-0.0024242647
6.805438e-08,-0.0024321634
6.815438e-08,-0.002450833
6.825438e-08,-0.0024738109
6.835438e-08,-0.0024931985
6.845438e-08,-0.0025025333
6.855438e-08,-0.0025003791
6.865438e-08,-0.0024917624
6.875438e-08,-0.0024817096
6.885438e-08,-0.0024759651
6.895438e-08,-0.002474529
6.905438e-08,-0.002474529
6.915438e-08,-0.0024702206
6.925438e-08,-0.0024572955
6.935438e-08,-0.0024379079
6.945438e-08,-0.002416366
6.955438e-08,-0.0024012868
6.965438e-08,-0.0023976965
6.975438e-08,-0.0024070313
6.985438e-08,-0.0024264189
6.995438e-08,-0.0024472426
7.005438e-08,-0.00246304
7.015438e-08,-0.0024702206
7.025438e-08,-0.0024680664
7.035438e-08,-0.0024587316
7.045438e-08,-0.0024472426
7.055438e-08,-0.0024350356
7.065438e-08,-0.0024235466
7.075438e-08,-0.0024127757
7.085438e-08,-0.0024020048
7.095438e-08,-0.0023912339
7.105438e-08,-0.0023826172
7.115438e-08,-0.0023783088
7.125438e-08,-0.0023775908
7.135438e-08,-0.002380463
7.145438e-08,-0.0023854894
7.155438e-08,-0.0023897978
7.165438e-08,-0.0023948242
7.175438e-08,-0.0024012868
7.185438e-08,-0.0024113396
7.195438e-08,-0.0024242647
7.205438e-08,-0.0024379079
7.215438e-08,-0.0024486788
7.225438e-08,-0.0024522691
7.235438e-08,-0.0024472426
7.245438e-08,-0.0024364717
7.255438e-08,-0.0024264189
7.265438e-08,-0.0024206744
7.275438e-08,-0.0024242647
7.285438e-08,-0.0024343176
7.295438e-08,-0.0024450885
7.305438e-08,-0.002450833
7.315438e-08,-0.0024472426
7.325438e-08,-0.0024364717
7.335438e-08,-0.0024242647
7.345438e-08,-0.0024185202
7.355438e-08,-0.0024242647
7.365438e-08,-0.002439344
7.375438e-08,-0.0024565774
7.385438e-08,-0.0024651942
7.395438e-08,-0.0024587316
7.405438e-08,-0.0024364717
7.415438e-08,-0.0024055951
7.425438e-08,-0.0023783088
7.435438e-08,-0.0023668199
7.445438e-08,-0.0023761546
7.455438e-08,-0.0024034409
7.465438e-08,-0.0024386259
7.475438e-08,-0.0024702206
7.485438e-08,-0.0024888902
7.495438e-08,-0.0024931985
7.505438e-08,-0.0024881721
7.515438e-08,-0.0024817096
7.525438e-08,-0.0024817096
7.535438e-08,-0.0024903263
7.545438e-08,-0.0025039694
7.555438e-08,-0.0025161765
7.565438e-08,-0.0025212029
7.575438e-08,-0.0025168945
7.585438e-08,-0.0025054056
7.595438e-08,-0.0024931985
7.605438e-08,-0.002486736
7.615438e-08,-0.0024888902
7.625438e-08,-0.0024996611
7.635438e-08,-0.0025161765
7.645438e-08,-0.002534128
7.655438e-08,-0.0025506434
7.665438e-08,-0.0025642865
7.675438e-08,-0.0025736213
7.685438e-08,-0.0025800839
7.695438e-08,-0.0025836742
7.705438e-08,-0.0025851103
7.715438e-08,-0.0025851103
7.725438e-08,-0.0025865464
7.735438e-08,-0.002593727
7.745438e-08,-0.0026080882
7.755438e-08,-0.0026310662
7.765438e-08,-0.0026590705
7.775438e-08,-0.0026870749
7.785438e-08,-0.0027093348
7.795438e-08,-0.0027229779
7.805438e-08,-0.0027287224
7.815438e-08,-0.0027315947
7.825438e-08,-0.002735903
7.835438e-08,-0.0027459559
7.845438e-08,-0.0027603171
7.855438e-08,-0.0027739602
7.865438e-08,-0.0027818589
7.875438e-08,-0.0027804228
7.885438e-08,-0.0027718061
7.895438e-08,-0.0027624713
7.905438e-08,-0.0027603171
7.915438e-08,-0.0027689338
7.925438e-08,-0.0027876034
7.935438e-08,-0.0028098633
7.945438e-08,-0.0028249426
7.955438e-08,-0.0028263787
7.965438e-08,-0.0028127355
7.975438e-08,-0.0027897576
7.985438e-08,-0.0027682158
7.995438e-08,-0.0027574449
8.005438e-08,-0.0027624713
8.015438e-08,-0.0027789867
8.025438e-08,-0.0027998104
8.035438e-08,-0.0028148897
8.045438e-08,-0.0028177619
8.055438e-08,-0.0028091452
8.065438e-08,-0.0027940659
8.075438e-08,-0.0027804228
8.085438e-08,-0.0027739602
8.095438e-08,-0.0027739602
8.105438e-08,-0.0027782686
8.115438e-08,-0.0027804228
8.125438e-08,-0.0027775506
8.135438e-08,-0.0027703699
8.145438e-08,-0.0027617532
8.155438e-08,-0.0027574449
8.165438e-08,-0.002758881
8.175438e-08,-0.0027646255
8.185438e-08,-0.0027696519
8.195438e-08,-0.0027689338
8.205438e-08,-0.0027617532
8.215438e-08,-0.0027495462
8.225438e-08,-0.0027387753
8.235438e-08,-0.0027344669
8.245438e-08,-0.0027394933
8.255438e-08,-0.0027509823
8.265438e-08,-0.0027624713
8.275438e-08,-0.0027689338
8.285438e-08,-0.0027660616
8.295438e-08,-0.0027560087
8.305438e-08,-0.0027430836
8.315438e-08,-0.0027344669
8.325438e-08,-0.0027330308
8.335438e-08,-0.0027394933
8.345438e-08,-0.0027488281
8.355438e-08,-0.0027574449
8.365438e-08,-0.0027624713
8.375438e-08,-0.0027639074
8.385438e-08,-0.0027653435
8.395438e-08,-0.0027689338
8.405438e-08,-0.0027761144
8.415438e-08,-0.0027840131
8.425438e-08,-0.0027904756
8.435438e-08,-0.0027919118
8.445438e-08,-0.0027897576
8.455438e-08,-0.0027883215
8.465438e-08,-0.0027919118
8.475438e-08,-0.0028034007
8.485438e-08,-0.0028213523
8.495438e-08,-0.0028400218
8.505438e-08,-0.0028515108
8.515438e-08,-0.0028493566
8.525438e-08,-0.0028342773
8.535438e-08,-0.0028112994
8.545438e-08,-0.0027904756
8.555438e-08,-0.0027804228
8.565438e-08,-0.0027840131
8.575438e-08,-0.0027983743
8.585438e-08,-0.0028148897
8.595438e-08,-0.0028263787
8.605438e-08,-0.0028270967
8.615438e-08,-0.0028199161
8.625438e-08,-0.0028098633
8.635438e-08,-0.0028034007
8.645438e-08,-0.0028048369
8.655438e-08,-0.0028127355
8.665438e-08,-0.0028220703
8.675438e-08,-0.0028263787
8.685438e-08,-0.0028227884
8.695438e-08,-0.0028141716
8.705438e-08,-0.0028055549
8.715438e-08,-0.0028034007
8.725438e-08,-0.0028105813
8.735438e-08,-0.0028249426
8.745438e-08,-0.0028400218
8.755438e-08,-0.0028493566
8.765438e-08,-0.0028500747
8.775438e-08,-0.002842176
8.785438e-08,-0.0028328412
8.795438e-08,-0.0028263787
8.805438e-08,-0.0028263787
8.815438e-08,-0.0028321232
8.825438e-08,-0.0028378676
8.835438e-08,-0.0028378676
8.845438e-08,-0.002830687
8.855438e-08,-0.0028177619
8.865438e-08,-0.002806991
8.875438e-08,-0.0028034007
8.885438e-08,-0.0028112994
8.895438e-08,-0.0028285329
8.905438e-08,-0.0028472024
8.915438e-08,-0.0028608456
8.925438e-08,-0.0028637178
8.935438e-08,-0.0028572553
8.945438e-08,-0.0028457663
8.955438e-08,-0.0028378676
8.965438e-08,-0.0028385857
8.975438e-08,-0.0028493566
8.985438e-08,-0.002865872
8.995438e-08,-0.0028838235
9.005438e-08,-0.0028967486
9.015438e-08,-0.0029032112
9.025438e-08,-0.0029053653
9.035438e-08,-0.0029068015
9.045438e-08,-0.0029111098
9.055438e-08,-0.0029190085
9.065438e-08,-0.0029297794
9.075438e-08,-0.0029412684
9.085438e-08,-0.0029506032
9.095438e-08,-0.0029585018
9.105438e-08,-0.0029664005
9.115438e-08,-0.0029757353
9.125438e-08,-0.0029857881
9.135438e-08,-0.002995841
9.145438e-08,-0.0030008674
9.155438e-08,-0.0029987132
9.165438e-08,-0.0029893784
9.175438e-08,-0.0029757353
9.185438e-08,-0.0029620921
9.195438e-08,-0.0029527574
9.205438e-08,-0.002949167
9.215438e-08,-0.0029513212
9.225438e-08,-0.0029570657
9.235438e-08,-0.0029642463
9.245438e-08,-0.002972145
9.255438e-08,-0.0029821978
9.265438e-08,-0.0029951229
9.275438e-08,-0.0030102022
9.285438e-08,-0.0030238454
9.295438e-08,-0.003031744
9.305438e-08,-0.003031026
9.315438e-08,-0.0030216912
9.325438e-08,-0.0030102022
9.335438e-08,-0.0030037397
9.345438e-08,-0.0030109203
9.355438e-08,-0.0030331801
9.365438e-08,-0.0030654929
9.375438e-08,-0.0030978056
9.385438e-08,-0.0031193474
9.395438e-08,-0.0031250919
9.405438e-08,-0.0031164752
9.415438e-08,-0.0031042682
9.425438e-08,-0.0031006778
9.435438e-08,-0.0031136029
9.445438e-08,-0.0031437615
9.455438e-08,-0.0031818187
9.465438e-08,-0.0032141314
9.475438e-08,-0.0032284926
9.485438e-08,-0.003220594
9.495438e-08,-0.0031961799
9.505438e-08,-0.0031674575
9.515438e-08,-0.0031480699
9.525438e-08,-0.0031466337
9.535438e-08,-0.0031631491
9.545438e-08,-0.0031897174
9.555438e-08,-0.0032170037
9.565438e-08,-0.0032385455
9.575438e-08,-0.0032543428
9.585438e-08,-0.003267986
9.595438e-08,-0.0032859375
9.605438e-08,-0.0033103516
9.615438e-08,-0.003339074
9.625438e-08,-0.0033642061
9.635438e-08,-0.0033778493
9.645438e-08,-0.0033778493
9.655438e-08,-0.0033670784
9.665438e-08,-0.0033563074
9.675438e-08,-0.0033548713
9.685438e-08,-0.0033685145
9.695438e-08,-0.0033943647
9.705438e-08,-0.0034245232
9.715438e-08,-0.0034467831
9.725438e-08,-0.0034532456
9.735438e-08,-0.0034424747
9.745438e-08,-0.003421651
9.755438e-08,-0.0034008272
9.765438e-08,-0.0033900563
9.775438e-08,-0.0033936466
9.785438e-08,-0.0034072898
9.795438e-08,-0.0034238051
9.805438e-08,-0.0034345761
9.815438e-08,-0.0034345761
9.825438e-08,-0.0034252413
9.835438e-08,-0.0034123162
9.845438e-08,-0.0034022633
9.855438e-08,-0.0033993911
9.865438e-08,-0.0034044175
9.875438e-08,-0.0034123162
9.885438e-08,-0.0034187787
9.895438e-08,-0.0034194968
9.905438e-08,-0.0034130342
9.915438e-08,-0.0034008272
9.925438e-08,-0.0033850299
9.935438e-08,-0.0033692325
9.945438e-08,-0.0033548713
9.955438e-08,-0.0033433824
9.965438e-08,-0.0033362017
9.975438e-08,-0.0033333295
9.985438e-08,-0.0033362017
9.995438e-08,-0.0033433824
1.000544e-07,-0.0033519991
1.001544e-07,-0.0033584616
1.002544e-07,-0.0033598977
1.003544e-07,-0.0033548713
1.004544e-07,-0.0033455365
1.005544e-07,-0.0033354837
1.006544e-07,-0.0033297392
1.007544e-07,-0.0033318934
1.008544e-07,-0.0033405101
1.009544e-07,-0.0033519991
1.010544e-07,-0.0033613339
1.011544e-07,-0.0033663603
1.012544e-07,-0.0033663603
1.013544e-07,-0.0033656422
1.014544e-07,-0.0033685145
1.015544e-07,-0.0033778493
1.016544e-07,-0.0033922105
1.017544e-07,-0.0034080078
1.018544e-07,-0.0034194968
1.019544e-07,-0.0034238051
1.020544e-07,-0.003422369
1.021544e-07,-0.0034202148
1.022544e-07,-0.0034238051
1.023544e-07,-0.0034352941
1.024544e-07,-0.0034539637
1.025544e-07,-0.0034740694
1.026544e-07,-0.0034884306
1.027544e-07,-0.003492739
1.028544e-07,-0.0034884306
1.029544e-07,-0.0034819681
1.030544e-07,-0.0034819681
1.031544e-07,-0.003492739
1.032544e-07,-0.0035142808
1.033544e-07,-0.0035394129
1.034544e-07,-0.0035573644
1.035544e-07,-0.0035616728
1.036544e-07,-0.0035501838
1.037544e-07,-0.0035300781
1.038544e-07,-0.0035114085
1.039544e-07,-0.0035042279
1.040544e-07,-0.0035121266
1.041544e-07,-0.0035307962
1.042544e-07,-0.0035509019
1.043544e-07,-0.0035616728
1.044544e-07,-0.0035580825
1.045544e-07,-0.0035422852
1.046544e-07,-0.0035207433
1.047544e-07,-0.0035042279
1.048544e-07,-0.0034977654
1.049544e-07,-0.0035013557
1.050544e-07,-0.0035099724
1.051544e-07,-0.0035157169
1.052544e-07,-0.0035135627
1.053544e-07,-0.0035035099
1.054544e-07,-0.0034905848
1.055544e-07,-0.00348125
1.056544e-07,-0.0034790958
1.057544e-07,-0.0034848403
1.058544e-07,-0.0034948932
1.059544e-07,-0.0035042279
1.060544e-07,-0.0035092544
1.061544e-07,-0.0035106905
1.062544e-07,-0.0035121266
1.063544e-07,-0.0035157169
1.064544e-07,-0.0035236156
1.065544e-07,-0.0035329504
1.066544e-07,-0.0035386949
1.067544e-07,-0.0035386949
1.068544e-07,-0.0035315142
1.069544e-07,-0.0035214614
1.070544e-07,-0.0035142808
1.071544e-07,-0.0035157169
1.072544e-07,-0.0035264878
1.073544e-07,-0.0035415671
1.074544e-07,-0.0035559283
1.075544e-07,-0.0035616728
1.076544e-07,-0.0035580825
1.077544e-07,-0.0035487477
1.078544e-07,-0.003540131
1.079544e-07,-0.0035386949
1.080544e-07,-0.0035465935
1.081544e-07,-0.0035595186
1.082544e-07,-0.0035710076
1.083544e-07,-0.0035731618
1.084544e-07,-0.003564545
1.085544e-07,-0.0035487477
1.086544e-07,-0.0035336684
1.087544e-07,-0.0035272059
1.088544e-07,-0.0035322323
1.089544e-07,-0.0035458755
1.090544e-07,-0.0035588006
1.091544e-07,-0.0035616728
1.092544e-07,-0.0035501838
1.093544e-07,-0.0035272059
1.094544e-07,-0.0035006376
1.095544e-07,-0.00348125
1.096544e-07,-0.0034762236
1.097544e-07,-0.0034862764
1.098544e-07,-0.0035063821
1.099544e-07,-0.0035272059
1.100544e-07,-0.0035422852
1.101544e-07,-0.0035494658
1.102544e-07,-0.0035537741
1.103544e-07,-0.0035616728
1.104544e-07,-0.0035789062
1.105544e-07,-0.0036054745
1.106544e-07,-0.0036370692
1.107544e-07,-0.0036650735
1.108544e-07,-0.003683025
1.109544e-07,-0.0036880515
1.110544e-07,-0.0036837431
1.111544e-07,-0.0036765625
1.112544e-07,-0.0036744083
1.113544e-07,-0.0036815889
1.114544e-07,-0.0036995404
1.115544e-07,-0.0037225184
1.116544e-07,-0.0037462144
1.117544e-07,-0.0037663201
1.118544e-07,-0.0037806813
1.119544e-07,-0.0037914522
1.120544e-07,-0.0038000689
1.121544e-07,-0.0038094037
1.122544e-07,-0.0038180205
1.123544e-07,-0.0038259191
1.124544e-07,-0.0038302275
1.125544e-07,-0.0038295094
1.126544e-07,-0.0038237649
1.127544e-07,-0.0038144301
1.128544e-07,-0.0038022231
1.129544e-07,-0.0037900161
1.130544e-07,-0.0037778091
1.131544e-07,-0.0037684743
1.132544e-07,-0.0037612937
1.133544e-07,-0.0037569853
1.134544e-07,-0.0037526769
1.135544e-07,-0.0037454963
1.136544e-07,-0.0037318532
1.137544e-07,-0.0037095933
1.138544e-07,-0.0036779986
1.139544e-07,-0.0036420956
1.140544e-07,-0.0036083467
1.141544e-07,-0.0035853688
1.142544e-07,-0.0035774701
1.143544e-07,-0.0035846507
1.144544e-07,-0.0036004481
1.145544e-07,-0.0036140912
1.146544e-07,-0.0036176815
1.147544e-07,-0.0036076287
1.148544e-07,-0.0035860869
1.149544e-07,-0.0035616728
1.150544e-07,-0.0035437213
1.151544e-07,-0.0035386949
1.152544e-07,-0.0035465935
1.153544e-07,-0.0035623909
1.154544e-07,-0.0035767521
1.155544e-07,-0.0035846507
1.156544e-07,-0.0035853688
1.157544e-07,-0.0035832146
1.158544e-07,-0.0035853688
1.159544e-07,-0.0035961397
1.160544e-07,-0.0036155273
1.161544e-07,-0.0036377872
1.162544e-07,-0.0036557387
1.163544e-07,-0.0036650735
1.164544e-07,-0.0036657916
1.165544e-07,-0.0036650735
1.166544e-07,-0.0036701
1.167544e-07,-0.0036880515
1.168544e-07,-0.0037167739
1.169544e-07,-0.0037476505
1.170544e-07,-0.0037720646
1.171544e-07,-0.0037799632
1.172544e-07,-0.0037720646
1.173544e-07,-0.0037555492
1.174544e-07,-0.0037433421
1.175544e-07,-0.0037454963
1.176544e-07,-0.003765602
1.177544e-07,-0.0037971967
1.178544e-07,-0.0038295094
1.179544e-07,-0.0038488971
1.180544e-07,-0.0038488971
1.181544e-07,-0.0038323817
1.182544e-07,-0.0038094037
1.183544e-07,-0.0037914522
1.184544e-07,-0.0037878619
1.185544e-07,-0.0037986328
1.186544e-07,-0.0038187385
1.187544e-07,-0.0038374081
1.188544e-07,-0.0038474609
1.189544e-07,-0.0038467429
1.190544e-07,-0.0038409984
1.191544e-07,-0.0038374081
1.192544e-07,-0.0038424345
1.193544e-07,-0.0038567957
1.194544e-07,-0.0038769014
1.195544e-07,-0.0038948529
1.196544e-07,-0.0039056239
1.197544e-07,-0.0039063419
1.198544e-07,-0.0039013155
1.199544e-07,-0.0038948529
1.200544e-07,-0.0038912626
1.201544e-07,-0.0038926988
1.202544e-07,-0.0038948529
1.203544e-07,-0.0038948529
1.204544e-07,-0.0038898265
1.205544e-07,-0.0038804917
1.206544e-07,-0.0038733111
1.207544e-07,-0.003871875
1.208544e-07,-0.0038804917
1.209544e-07,-0.0038970071
1.210544e-07,-0.0039156767
1.211544e-07,-0.0039293199
1.212544e-07,-0.0039321921
1.213544e-07,-0.0039235754
1.214544e-07,-0.0039084961
1.215544e-07,-0.0038948529
1.216544e-07,-0.0038883904
1.217544e-07,-0.0038919807
1.218544e-07,-0.0039034697
1.219544e-07,-0.0039178309
1.220544e-07,-0.0039300379
1.221544e-07,-0.0039372185
1.222544e-07,-0.0039393727
1.223544e-07,-0.0039408088
1.224544e-07,-0.0039436811
1.225544e-07,-0.0039494256
1.226544e-07,-0.0039566062
1.227544e-07,-0.0039637868
1.228544e-07,-0.0039673771
1.229544e-07,-0.0039680951
1.230544e-07,-0.0039659409
1.231544e-07,-0.0039637868
1.232544e-07,-0.0039645048
1.233544e-07,-0.0039673771
1.234544e-07,-0.0039716854
1.235544e-07,-0.0039752757
1.236544e-07,-0.0039759938
1.237544e-07,-0.0039738396
1.238544e-07,-0.0039688132
1.239544e-07,-0.0039637868
1.240544e-07,-0.0039594784
1.241544e-07,-0.0039558881
1.242544e-07,-0.0039530159
1.243544e-07,-0.0039522978
1.244544e-07,-0.0039537339
1.245544e-07,-0.0039601965
1.246544e-07,-0.0039709674
1.247544e-07,-0.0039867647
1.248544e-07,-0.0040032801
1.249544e-07,-0.0040169233
1.250544e-07,-0.0040233858
1.251544e-07,-0.0040212316
1.252544e-07,-0.0040126149
1.253544e-07,-0.0040032801
1.254544e-07,-0.0039975356
1.255544e-07,-0.0039982537
1.256544e-07,-0.0040039982
1.257544e-07,-0.0040104607
1.258544e-07,-0.004013333
1.259544e-07,-0.0040097426
1.260544e-07,-0.0040011259
1.261544e-07,-0.0039932273
1.262544e-07,-0.0039910731
1.263544e-07,-0.0039982537
1.264544e-07,-0.0040118968
1.265544e-07,-0.004026258
1.266544e-07,-0.0040348748
1.267544e-07,-0.0040327206
1.268544e-07,-0.0040219497
1.269544e-07,-0.0040097426
1.270544e-07,-0.0040032801
1.271544e-07,-0.0040097426
1.272544e-07,-0.0040276942
1.273544e-07,-0.0040513902
1.274544e-07,-0.0040714959
1.275544e-07,-0.0040786765
1.276544e-07,-0.0040722139
1.277544e-07,-0.0040564166
1.278544e-07,-0.0040399012
1.279544e-07,-0.0040327206
1.280544e-07,-0.004037747
1.281544e-07,-0.0040521082
1.282544e-07,-0.0040686236
1.283544e-07,-0.0040786765
1.284544e-07,-0.0040779584
1.285544e-07,-0.0040686236
1.286544e-07,-0.0040549805
1.287544e-07,-0.0040442096
1.288544e-07,-0.0040413373
1.289544e-07,-0.0040449276
1.290544e-07,-0.0040513902
1.291544e-07,-0.0040556985
1.292544e-07,-0.0040556985
1.293544e-07,-0.0040535443
1.294544e-07,-0.0040521082
1.295544e-07,-0.0040556985
1.296544e-07,-0.0040657514
1.297544e-07,-0.0040793945
1.298544e-07,-0.0040930377
1.299544e-07,-0.0041016544
1.300544e-07,-0.0041059628
1.301544e-07,-0.0041102711
1.302544e-07,-0.0041196059
1.303544e-07,-0.0041361213
1.304544e-07,-0.0041598173
1.305544e-07,-0.0041835133
1.306544e-07,-0.0042007468
1.307544e-07,-0.0042050551
1.308544e-07,-0.0041971565
1.309544e-07,-0.0041827953
1.310544e-07,-0.0041713063
1.311544e-07,-0.0041705882
1.312544e-07,-0.0041813591
1.313544e-07,-0.0041978745
1.314544e-07,-0.0042122358
1.315544e-07,-0.0042165441
1.316544e-07,-0.0042079274
1.317544e-07,-0.004191412
1.318544e-07,-0.0041763327
1.319544e-07,-0.0041705882
1.320544e-07,-0.0041777688
1.321544e-07,-0.0041950023
1.322544e-07,-0.0042143899
1.323544e-07,-0.0042280331
1.324544e-07,-0.0042330595
1.325544e-07,-0.0042309053
1.326544e-07,-0.004227315
1.327544e-07,-0.0042280331
1.328544e-07,-0.0042344956
1.329544e-07,-0.0042431124
1.330544e-07,-0.0042459846
1.331544e-07,-0.0042395221
1.332544e-07,-0.0042237247
1.333544e-07,-0.0042043371
1.334544e-07,-0.0041921301
1.335544e-07,-0.0041935662
1.336544e-07,-0.0042100816
1.337544e-07,-0.0042352137
1.338544e-07,-0.0042560375
1.339544e-07,-0.0042625
1.340544e-07,-0.0042517291
1.341544e-07,-0.0042287511
1.342544e-07,-0.0042057732
1.343544e-07,-0.0041935662
1.344544e-07,-0.0041985926
1.345544e-07,-0.0042165441
1.346544e-07,-0.0042380859
1.347544e-07,-0.004251011
1.348544e-07,-0.0042474207
1.349544e-07,-0.0042280331
1.350544e-07,-0.004202901
1.351544e-07,-0.0041820772
1.352544e-07,-0.0041748966
1.353544e-07,-0.0041813591
1.354544e-07,-0.0041950023
1.355544e-07,-0.0042050551
1.356544e-07,-0.0042043371
1.357544e-07,-0.0041906939
1.358544e-07,-0.0041684341
1.359544e-07,-0.0041476103
1.360544e-07,-0.0041346852
1.361544e-07,-0.0041310949
1.362544e-07,-0.0041339671
1.363544e-07,-0.0041361213
1.364544e-07,-0.0041310949
1.365544e-07,-0.0041167337
1.366544e-07,-0.004096628
1.367544e-07,-0.0040786765
1.368544e-07,-0.0040686236
1.369544e-07,-0.0040693417
1.370544e-07,-0.0040779584
1.371544e-07,-0.0040901654
1.372544e-07,-0.0040995002
1.373544e-07,-0.0041016544
1.374544e-07,-0.0040980641
1.375544e-07,-0.0040901654
1.376544e-07,-0.0040822668
1.377544e-07,-0.0040779584
1.378544e-07,-0.0040765223
1.379544e-07,-0.0040786765
1.380544e-07,-0.004084421
1.381544e-07,-0.0040944738
1.382544e-07,-0.004108117
1.383544e-07,-0.0041246324
1.384544e-07,-0.0041411477
1.385544e-07,-0.0041526367
1.386544e-07,-0.004155509
1.387544e-07,-0.0041476103
1.388544e-07,-0.004131813
1.389544e-07,-0.0041152976
1.390544e-07,-0.0041030905
1.391544e-07,-0.0041016544
1.392544e-07,-0.0041102711
1.393544e-07,-0.0041246324
1.394544e-07,-0.0041382755
1.395544e-07,-0.0041476103
1.396544e-07,-0.0041519187
1.397544e-07,-0.0041540728
1.398544e-07,-0.0041598173
1.399544e-07,-0.0041705882
1.400544e-07,-0.0041849494
1.401544e-07,-0.0041957204
1.402544e-07,-0.0041964384
1.403544e-07,-0.0041820772
1.404544e-07,-0.004155509
1.405544e-07,-0.0041267865
1.406544e-07,-0.0041059628
1.407544e-07,-0.0041016544
1.408544e-07,-0.0041152976
1.409544e-07,-0.0041397116
1.410544e-07,-0.0041619715
1.411544e-07,-0.0041705882
1.412544e-07,-0.0041612534
1.413544e-07,-0.0041375574
1.414544e-07,-0.0041102711
1.415544e-07,-0.0040901654
1.416544e-07,-0.0040837029
1.417544e-07,-0.0040908835
1.418544e-07,-0.0041038086
1.419544e-07,-0.0041131434
1.420544e-07,-0.0041117073
1.421544e-07,-0.0040995002
1.422544e-07,-0.0040822668
1.423544e-07,-0.0040671875
1.424544e-07,-0.004060725
1.425544e-07,-0.0040635972
1.426544e-07,-0.0040722139
1.427544e-07,-0.0040786765
1.428544e-07,-0.0040786765
1.429544e-07,-0.0040707778
1.430544e-07,-0.0040578527
1.431544e-07,-0.0040442096
1.432544e-07,-0.0040341567
1.433544e-07,-0.0040284122
1.434544e-07,-0.00402554
1.435544e-07,-0.0040212316
1.436544e-07,-0.0040154871
1.437544e-07,-0.0040075885
1.438544e-07,-0.0040011259
1.439544e-07,-0.0039982537
1.440544e-07,-0.0039982537
1.441544e-07,-0.0039996898
1.442544e-07,-0.0039996898
1.443544e-07,-0.0039982537
1.444544e-07,-0.0039975356
1.445544e-07,-0.0040011259
1.446544e-07,-0.0040126149
1.447544e-07,-0.0040327206
1.448544e-07,-0.0040564166
1.449544e-07,-0.0040750862
1.450544e-07,-0.0040837029
1.451544e-07,-0.0040786765
1.452544e-07,-0.0040657514
1.453544e-07,-0.0040542624
1.454544e-07,-0.0040535443
1.455544e-07,-0.0040671875
1.456544e-07,-0.0040908835
1.457544e-07,-0.0041124253
1.458544e-07,-0.0041224782
1.459544e-07,-0.0041131434
1.460544e-07,-0.0040894474
1.461544e-07,-0.0040635972
1.462544e-07,-0.004049236
1.463544e-07,-0.0040556985
1.464544e-07,-0.0040822668
1.465544e-07,-0.0041181698
1.466544e-07,-0.0041476103
1.467544e-07,-0.0041590993
1.468544e-07,-0.0041504825
1.469544e-07,-0.0041296588
1.470544e-07,-0.0041102711
1.471544e-07,-0.0041016544
1.472544e-07,-0.0041073989
1.473544e-07,-0.0041196059
1.474544e-07,-0.0041282227
1.475544e-07,-0.0041246324
1.476544e-07,-0.004108117
1.477544e-07,-0.0040887293
1.478544e-07,-0.0040793945
1.479544e-07,-0.0040901654
1.480544e-07,-0.004120324
1.481544e-07,-0.0041598173
1.482544e-07,-0.0041921301
1.483544e-07,-0.0042050551
1.484544e-07,-0.0041964384
1.485544e-07,-0.0041756147
1.486544e-07,-0.0041583812
1.487544e-07,-0.0041590993
1.488544e-07,-0.004179923
1.489544e-07,-0.0042129538
1.490544e-07,-0.0042409582
1.491544e-07,-0.004251011
1.492544e-07,-0.0042380859
1.493544e-07,-0.0042129538
1.494544e-07,-0.0041928481
1.495544e-07,-0.0041935662
1.496544e-07,-0.0042222886
1.497544e-07,-0.0042711167
1.498544e-07,-0.004322099
1.499544e-07,-0.0043544118
1.500544e-07,-0.0043587201
1.501544e-07,-0.0043378964
1.502544e-07,-0.0043077378
1.503544e-07,-0.0042854779
1.504544e-07,-0.0042840418
1.505544e-07,-0.0043027114
1.506544e-07,-0.0043307158
1.507544e-07,-0.0043544118
1.508544e-07,-0.0043623104
1.509544e-07,-0.0043544118
1.510544e-07,-0.0043400506
1.511544e-07,-0.0043314338
1.512544e-07,-0.0043357422
1.513544e-07,-0.0043522576
1.514544e-07,-0.0043702091
1.515544e-07,-0.0043773897
1.516544e-07,-0.0043666188
1.517544e-07,-0.0043400506
1.518544e-07,-0.0043084559
1.519544e-07,-0.0042854779
1.520544e-07,-0.0042811696
1.521544e-07,-0.0042955308
1.522544e-07,-0.0043199449
1.523544e-07,-0.0043429228
1.524544e-07,-0.0043544118
1.525544e-07,-0.0043515395
1.526544e-07,-0.0043414867
1.527544e-07,-0.0043314338
1.528544e-07,-0.0043278435
1.529544e-07,-0.0043307158
1.530544e-07,-0.0043343061
1.531544e-07,-0.0043314338
1.532544e-07,-0.0043177907
1.533544e-07,-0.004298403
1.534544e-07,-0.0042804515
1.535544e-07,-0.004273989
1.536544e-07,-0.0042840418
1.537544e-07,-0.0043077378
1.538544e-07,-0.0043350241
1.539544e-07,-0.0043544118
1.540544e-07,-0.0043594382
1.541544e-07,-0.0043515395
1.542544e-07,-0.0043393325
1.543544e-07,-0.0043314338
1.544544e-07,-0.0043357422
1.545544e-07,-0.0043501034
1.546544e-07,-0.0043673369
1.547544e-07,-0.0043773897
1.548544e-07,-0.0043745175
1.549544e-07,-0.0043587201
1.550544e-07,-0.0043371783
1.551544e-07,-0.0043199449
1.552544e-07,-0.0043127642
1.553544e-07,-0.0043156365
1.554544e-07,-0.0043242532
1.555544e-07,-0.0043314338
1.556544e-07,-0.0043314338
1.557544e-07,-0.0043264074
1.558544e-07,-0.0043199449
1.559544e-07,-0.0043199449
1.560544e-07,-0.0043292796
1.561544e-07,-0.0043443589
1.562544e-07,-0.0043594382
1.563544e-07,-0.0043659007
1.564544e-07,-0.0043594382
1.565544e-07,-0.0043407686
1.566544e-07,-0.0043170726
1.567544e-07,-0.0042969669
1.568544e-07,-0.0042847599
1.569544e-07,-0.0042797335
1.570544e-07,-0.0042782973
1.571544e-07,-0.004273989
1.572544e-07,-0.0042639361
1.573544e-07,-0.0042495749
1.574544e-07,-0.0042359318
1.575544e-07,-0.0042280331
1.576544e-07,-0.0042280331
1.577544e-07,-0.0042330595
1.578544e-07,-0.004238804
1.579544e-07,-0.0042395221
1.580544e-07,-0.0042337776
1.581544e-07,-0.0042244428
1.582544e-07,-0.0042179802
1.583544e-07,-0.0042165441
1.584544e-07,-0.0042215705
1.585544e-07,-0.004227315
1.586544e-07,-0.004227315
1.587544e-07,-0.0042165441
1.588544e-07,-0.0041957204
1.589544e-07,-0.0041713063
1.590544e-07,-0.0041533548
1.591544e-07,-0.0041476103
1.592544e-07,-0.004156227
1.593544e-07,-0.0041727424
1.594544e-07,-0.0041878217
1.595544e-07,-0.0041935662
1.596544e-07,-0.0041871036
1.597544e-07,-0.0041741785
1.598544e-07,-0.0041619715
1.599544e-07,-0.0041590993
1.600544e-07,-0.0041662799
1.601544e-07,-0.0041784869
1.602544e-07,-0.0041863856
1.603544e-07,-0.0041820772
1.604544e-07,-0.0041648437
1.605544e-07,-0.0041404297
1.606544e-07,-0.004120324
1.607544e-07,-0.0041131434
1.608544e-07,-0.0041217601
1.609544e-07,-0.0041411477
1.610544e-07,-0.0041605354
1.611544e-07,-0.0041705882
1.612544e-07,-0.0041662799
1.613544e-07,-0.0041512006
1.614544e-07,-0.0041346852
1.615544e-07,-0.0041246324
1.616544e-07,-0.0041260685
1.617544e-07,-0.0041354033
1.618544e-07,-0.0041454561
1.619544e-07,-0.0041476103
1.620544e-07,-0.0041404297
1.621544e-07,-0.0041267865
1.622544e-07,-0.0041152976
1.623544e-07,-0.0041131434
1.624544e-07,-0.0041231962
1.625544e-07,-0.0041418658
1.626544e-07,-0.0041598173
1.627544e-07,-0.0041705882
1.628544e-07,-0.0041727424
1.629544e-07,-0.0041698702
1.630544e-07,-0.0041713063
1.631544e-07,-0.0041820772
1.632544e-07,-0.0042021829
1.633544e-07,-0.0042244428
1.634544e-07,-0.0042395221
1.635544e-07,-0.0042395221
1.636544e-07,-0.0042258789
1.637544e-07,-0.0042072093
1.638544e-07,-0.0041971565
1.639544e-07,-0.0042050551
1.640544e-07,-0.0042330595
1.641544e-07,-0.0042725528
1.642544e-07,-0.004309892
1.643544e-07,-0.0043314338
1.644544e-07,-0.0043328699
1.645544e-07,-0.0043192268
1.646544e-07,-0.0043027114
1.647544e-07,-0.0042969669
1.648544e-07,-0.0043063017
1.649544e-07,-0.0043285616
1.650544e-07,-0.0043515395
1.651544e-07,-0.0043659007
1.652544e-07,-0.0043666188
1.653544e-07,-0.0043580021
1.654544e-07,-0.0043508215
1.655544e-07,-0.0043544118
1.656544e-07,-0.0043730813
1.657544e-07,-0.0044003676
1.658544e-07,-0.0044247817
1.659544e-07,-0.0044348346
1.660544e-07,-0.0044254998
1.661544e-07,-0.0044025218
1.662544e-07,-0.0043781078
1.663544e-07,-0.0043659007
1.664544e-07,-0.0043716452
1.665544e-07,-0.004393187
1.666544e-07,-0.0044183192
1.667544e-07,-0.0044348346
1.668544e-07,-0.0044348346
1.669544e-07,-0.0044204733
1.670544e-07,-0.0044010857
1.671544e-07,-0.0043888787
1.672544e-07,-0.0043903148
1.673544e-07,-0.0044032399
1.674544e-07,-0.0044176011
1.675544e-07,-0.0044233456
1.676544e-07,-0.0044132927
1.677544e-07,-0.0043910329
1.678544e-07,-0.0043666188
1.679544e-07,-0.0043544118
1.680544e-07,-0.0043615924
1.681544e-07,-0.0043867245
1.682544e-07,-0.0044197553
1.683544e-07,-0.0044463235
1.684544e-07,-0.0044549403
1.685544e-07,-0.0044441693
1.686544e-07,-0.0044219095
1.687544e-07,-0.0044003676
1.688544e-07,-0.004392469
1.689544e-07,-0.0044025218
1.690544e-07,-0.004427654
1.691544e-07,-0.0044578125
1.692544e-07,-0.0044815085
1.693544e-07,-0.0044929975
1.694544e-07,-0.0044908433
1.695544e-07,-0.0044807904
1.696544e-07,-0.0044685834
1.697544e-07,-0.0044606847
1.698544e-07,-0.0044570944
1.699544e-07,-0.0044578125
1.700544e-07,-0.0044606847
1.701544e-07,-0.0044657112
1.702544e-07,-0.0044721737
1.703544e-07,-0.0044807904
1.704544e-07,-0.0044908433
1.705544e-07,-0.0045001781
1.706544e-07,-0.0045052045
1.707544e-07,-0.0045037684
1.708544e-07,-0.0044973058
1.709544e-07,-0.0044908433
1.710544e-07,-0.004487971
1.711544e-07,-0.0044922794
1.712544e-07,-0.0045023323
1.713544e-07,-0.0045131032
1.714544e-07,-0.0045188477
1.715544e-07,-0.0045152574
1.716544e-07,-0.0045037684
1.717544e-07,-0.0044894072
1.718544e-07,-0.0044800724
1.719544e-07,-0.0044807904
1.720544e-07,-0.0044915614
1.721544e-07,-0.0045073587
1.722544e-07,-0.0045202838
1.723544e-07,-0.0045267463
1.724544e-07,-0.0045260283
1.725544e-07,-0.0045238741
1.726544e-07,-0.0045267463
1.727544e-07,-0.0045382353
1.728544e-07,-0.0045561868
1.729544e-07,-0.0045734203
1.730544e-07,-0.0045798828
1.731544e-07,-0.0045727022
1.732544e-07,-0.0045540326
1.733544e-07,-0.004534645
1.734544e-07,-0.0045267463
1.735544e-07,-0.0045382353
1.736544e-07,-0.0045683938
1.737544e-07,-0.0046064511
1.738544e-07,-0.0046387638
1.739544e-07,-0.004653125
1.740544e-07,-0.0046480986
1.741544e-07,-0.0046301471
1.742544e-07,-0.0046121955
1.743544e-07,-0.0046071691
1.744544e-07,-0.00461794
1.745544e-07,-0.0046387638
1.746544e-07,-0.0046581514
1.747544e-07,-0.004664614
1.748544e-07,-0.0046545611
1.749544e-07,-0.0046315832
1.750544e-07,-0.0046086052
1.751544e-07,-0.0045956801
1.752544e-07,-0.0045978343
1.753544e-07,-0.0046114775
1.754544e-07,-0.0046251206
1.755544e-07,-0.0046301471
1.756544e-07,-0.0046215303
1.757544e-07,-0.0046042969
1.758544e-07,-0.0045884995
1.759544e-07,-0.0045841912
1.760544e-07,-0.0045956801
1.761544e-07,-0.004617222
1.762544e-07,-0.0046366096
1.763544e-07,-0.004641636
1.764544e-07,-0.0046272748
1.765544e-07,-0.0045985524
1.766544e-07,-0.0045683938
1.767544e-07,-0.0045497243
1.768544e-07,-0.0045518784
1.769544e-07,-0.0045734203
1.770544e-07,-0.0046035788
1.771544e-07,-0.0046301471
1.772544e-07,-0.0046430722
1.773544e-07,-0.0046423541
1.774544e-07,-0.0046344554
1.775544e-07,-0.0046301471
1.776544e-07,-0.0046366096
1.777544e-07,-0.0046552792
1.778544e-07,-0.0046789752
1.779544e-07,-0.0046990809
1.780544e-07,-0.0047091337
1.781544e-07,-0.0047076976
1.782544e-07,-0.0047019531
1.783544e-07,-0.0046990809
1.784544e-07,-0.0047055434
1.785544e-07,-0.0047206227
1.786544e-07,-0.0047400103
1.787544e-07,-0.0047565257
1.788544e-07,-0.0047644244
1.789544e-07,-0.0047637063
1.790544e-07,-0.004759398
1.791544e-07,-0.0047565257
1.792544e-07,-0.004759398
1.793544e-07,-0.0047672966
1.794544e-07,-0.0047759134
1.795544e-07,-0.0047795037
1.796544e-07,-0.0047766314
1.797544e-07,-0.0047701689
1.798544e-07,-0.0047658605
1.799544e-07,-0.0047680147
1.800544e-07,-0.0047787856
1.801544e-07,-0.004795301
1.802544e-07,-0.0048089442
1.803544e-07,-0.0048139706
1.804544e-07,-0.004807508
1.805544e-07,-0.0047931468
1.806544e-07,-0.0047773495
1.807544e-07,-0.0047680147
1.808544e-07,-0.0047672966
1.809544e-07,-0.0047730411
1.810544e-07,-0.0047787856
1.811544e-07,-0.0047795037
1.812544e-07,-0.0047737592
1.813544e-07,-0.0047658605
1.814544e-07,-0.0047622702
1.815544e-07,-0.0047680147
1.816544e-07,-0.004783812
1.817544e-07,-0.0048024816
1.818544e-07,-0.0048154067
1.819544e-07,-0.0048139706
1.820544e-07,-0.0047974552
1.821544e-07,-0.004771605
1.822544e-07,-0.0047471909
1.823544e-07,-0.0047335478
1.824544e-07,-0.0047342659
1.825544e-07,-0.0047450368
1.826544e-07,-0.0047558077
1.827544e-07,-0.0047565257
1.828544e-07,-0.0047428826
1.829544e-07,-0.0047170324
1.830544e-07,-0.00468831
1.831544e-07,-0.004664614
1.832544e-07,-0.0046516889
1.833544e-07,-0.0046488166
1.834544e-07,-0.0046473805
1.835544e-07,-0.004641636
1.836544e-07,-0.0046272748
1.837544e-07,-0.004605733
1.838544e-07,-0.0045856273
1.839544e-07,-0.0045727022
1.840544e-07,-0.004570548
1.841544e-07,-0.0045748564
1.842544e-07,-0.0045777286
1.843544e-07,-0.0045727022
1.844544e-07,-0.0045554687
1.845544e-07,-0.0045281824
1.846544e-07,-0.0045008961
1.847544e-07,-0.0044807904
1.848544e-07,-0.0044728918
1.849544e-07,-0.0044743279
1.850544e-07,-0.0044793543
1.851544e-07,-0.0044807904
1.852544e-07,-0.0044743279
1.853544e-07,-0.0044628389
1.854544e-07,-0.00445135
1.855544e-07,-0.0044463235
1.856544e-07,-0.0044506319
1.857544e-07,-0.0044599667
1.858544e-07,-0.0044685834
1.859544e-07,-0.0044693015
1.860544e-07,-0.0044606847
1.861544e-07,-0.0044470416
1.862544e-07,-0.0044362707
1.863544e-07,-0.0044348346
1.864544e-07,-0.0044448874
1.865544e-07,-0.0044621209
1.866544e-07,-0.0044764821
1.867544e-07,-0.0044807904
1.868544e-07,-0.0044714557
1.869544e-07,-0.0044527861
1.870544e-07,-0.0044333984
1.871544e-07,-0.0044233456
1.872544e-07,-0.0044262178
1.873544e-07,-0.004439861
1.874544e-07,-0.0044570944
1.875544e-07,-0.0044693015
1.876544e-07,-0.0044728918
1.877544e-07,-0.0044693015
1.878544e-07,-0.0044657112
1.879544e-07,-0.0044693015
1.880544e-07,-0.0044829446
1.881544e-07,-0.0045030503
1.882544e-07,-0.0045238741
1.883544e-07,-0.0045382353
1.884544e-07,-0.0045425437
1.885544e-07,-0.0045396714
1.886544e-07,-0.0045360811
1.887544e-07,-0.0045382353
1.888544e-07,-0.004546852
1.889544e-07,-0.004558341
1.890544e-07,-0.0045648035
1.891544e-07,-0.0045612132
1.892544e-07,-0.0045475701
1.893544e-07,-0.0045310547
1.894544e-07,-0.0045245921
1.895544e-07,-0.0045382353
1.896544e-07,-0.0045741383
1.897544e-07,-0.0046244026
1.898544e-07,-0.0046753849
1.899544e-07,-0.0047105699
1.900544e-07,-0.0047206227
1.901544e-07,-0.0047062615
1.902544e-07,-0.0046789752
1.903544e-07,-0.004653125
1.904544e-07,-0.004641636
1.905544e-07,-0.0046495347
1.906544e-07,-0.0046717946
1.907544e-07,-0.0046990809
1.908544e-07,-0.0047199046
1.909544e-07,-0.0047285214
1.910544e-07,-0.0047234949
1.911544e-07,-0.0047105699
1.912544e-07,-0.0046962086
1.913544e-07,-0.0046847197
1.914544e-07,-0.0046782571
1.915544e-07,-0.0046761029
1.916544e-07,-0.0046761029
1.917544e-07,-0.0046782571
1.918544e-07,-0.0046818474
1.919544e-07,-0.0046875919
1.920544e-07,-0.0046940545
1.921544e-07,-0.0046990809
1.922544e-07,-0.0047012351
1.923544e-07,-0.0046990809
1.924544e-07,-0.0046954906
1.925544e-07,-0.0046954906
1.926544e-07,-0.0047041073
1.927544e-07,-0.0047220588
1.928544e-07,-0.0047457548
1.929544e-07,-0.0047680147
1.930544e-07,-0.0047809398
1.931544e-07,-0.0047795037
1.932544e-07,-0.0047665786
1.933544e-07,-0.0047493451
1.934544e-07,-0.0047400103
1.935544e-07,-0.0047450368
1.936544e-07,-0.0047658605
1.937544e-07,-0.004794583
1.938544e-07,-0.0048218693
1.939544e-07,-0.0048369485
1.940544e-07,-0.0048376666
1.941544e-07,-0.0048276137
1.942544e-07,-0.0048168428
1.943544e-07,-0.0048139706
1.944544e-07,-0.0048225873
1.945544e-07,-0.0048405388
1.946544e-07,-0.0048592084
1.947544e-07,-0.0048714154
1.948544e-07,-0.0048728516
1.949544e-07,-0.004865671
1.950544e-07,-0.0048556181
1.951544e-07,-0.0048484375
1.952544e-07,-0.0048477194
1.953544e-07,-0.0048505917
1.954544e-07,-0.0048520278
1.955544e-07,-0.0048484375
1.956544e-07,-0.0048391027
1.957544e-07,-0.0048283318
1.958544e-07,-0.0048225873
1.959544e-07,-0.0048254596
1.960544e-07,-0.0048355124
1.961544e-07,-0.0048455653
1.962544e-07,-0.0048484375
1.963544e-07,-0.0048369485
1.964544e-07,-0.0048139706
1.965544e-07,-0.0047881204
1.966544e-07,-0.0047701689
1.967544e-07,-0.0047680147
1.968544e-07,-0.0047816579
1.969544e-07,-0.0048039177
1.970544e-07,-0.0048218693
1.971544e-07,-0.0048254596
1.972544e-07,-0.0048132525
1.973544e-07,-0.0047924288
1.974544e-07,-0.0047737592
1.975544e-07,-0.0047680147
1.976544e-07,-0.0047773495
1.977544e-07,-0.0047960191
1.978544e-07,-0.0048118164
1.979544e-07,-0.0048139706
1.980544e-07,-0.0047996094
1.981544e-07,-0.0047751953
1.982544e-07,-0.0047529354
1.983544e-07,-0.0047450368
1.984544e-07,-0.0047565257
1.985544e-07,-0.0047816579
1.986544e-07,-0.0048089442
1.987544e-07,-0.0048254596
1.988544e-07,-0.0048233054
1.989544e-07,-0.0048060719
1.990544e-07,-0.004783812
1.991544e-07,-0.0047680147
1.992544e-07,-0.0047658605
1.993544e-07,-0.0047773495
1.994544e-07,-0.0047924288
1.995544e-07,-0.0048024816
1.996544e-07,-0.0048010455
1.997544e-07,-0.0047888385
1.998544e-07,-0.0047751953
1.999544e-07,-0.0047680147
2.000544e-07,-0.0047730411
2.001544e-07,-0.0047881204
2.002544e-07,-0.0048046358
2.003544e-07,-0.0048139706
2.004544e-07,-0.0048103803
2.005544e-07,-0.004795301
2.006544e-07,-0.0047780676
2.007544e-07,-0.0047680147
2.008544e-07,-0.0047701689
2.009544e-07,-0.004783812
2.010544e-07,-0.0048010455
2.011544e-07,-0.0048139706
2.012544e-07,-0.0048168428
2.013544e-07,-0.0048110983
2.014544e-07,-0.0048039177
2.015544e-07,-0.0048024816
2.016544e-07,-0.0048103803
2.017544e-07,-0.0048261776
2.018544e-07,-0.0048412569
2.019544e-07,-0.0048484375
2.020544e-07,-0.0048434111
2.021544e-07,-0.0048297679
2.022544e-07,-0.0048132525
2.023544e-07,-0.0048024816
2.024544e-07,-0.0048017636
2.025544e-07,-0.0048082261
2.026544e-07,-0.0048146886
2.027544e-07,-0.0048139706
2.028544e-07,-0.0048017636
2.029544e-07,-0.0047809398
2.030544e-07,-0.004759398
2.031544e-07,-0.0047450368
2.032544e-07,-0.0047421645
2.033544e-07,-0.004747909
2.034544e-07,-0.0047550896
2.035544e-07,-0.0047565257
2.036544e-07,-0.0047471909
2.037544e-07,-0.0047299575
2.038544e-07,-0.0047112879
2.039544e-07,-0.0046990809
2.040544e-07,-0.0046962086
2.041544e-07,-0.0047019531
2.042544e-07,-0.0047084157
2.043544e-07,-0.0047105699
2.044544e-07,-0.0047041073
2.045544e-07,-0.0046926183
2.046544e-07,-0.0046811294
2.047544e-07,-0.0046761029
2.048544e-07,-0.0046789752
2.049544e-07,-0.0046861558
2.050544e-07,-0.0046911822
2.051544e-07,-0.0046875919
2.052544e-07,-0.0046739488
2.053544e-07,-0.0046545611
2.054544e-07,-0.0046380457
2.055544e-07,-0.0046301471
2.056544e-07,-0.0046337374
2.057544e-07,-0.0046437902
2.058544e-07,-0.0046524069
2.059544e-07,-0.004653125
2.060544e-07,-0.0046437902
2.061544e-07,-0.0046301471
2.062544e-07,-0.0046193761
2.063544e-07,-0.0046186581
2.064544e-07,-0.0046279929
2.065544e-07,-0.004641636
2.066544e-07,-0.0046488166
2.067544e-07,-0.004641636
2.068544e-07,-0.0046200942
2.069544e-07,-0.0045913718
2.070544e-07,-0.0045676758
2.071544e-07,-0.0045612132
2.072544e-07,-0.0045762925
2.073544e-07,-0.0046086052
2.074544e-07,-0.0046459444
2.075544e-07,-0.0046761029
2.076544e-07,-0.0046919003
2.077544e-07,-0.0046933364
2.078544e-07,-0.004689028
2.079544e-07,-0.0046875919
2.080544e-07,-0.0046954906
2.081544e-07,-0.004712006
2.082544e-07,-0.0047306756
2.083544e-07,-0.0047450368
2.084544e-07,-0.0047507813
2.085544e-07,-0.0047500632
2.086544e-07,-0.0047493451
2.087544e-07,-0.0047565257
2.088544e-07,-0.0047737592
2.089544e-07,-0.0047996094
2.090544e-07,-0.0048261776
2.091544e-07,-0.0048484375
2.092544e-07,-0.0048620807
2.093544e-07,-0.0048692613
2.094544e-07,-0.0048750057
2.095544e-07,-0.0048829044
2.096544e-07,-0.0048929573
2.097544e-07,-0.0048994198
2.098544e-07,-0.0048972656
2.099544e-07,-0.0048829044
2.100544e-07,-0.0048599265
2.101544e-07,-0.0048383847
2.102544e-07,-0.0048283318
2.103544e-07,-0.0048369485
2.104544e-07,-0.0048620807
2.105544e-07,-0.0048936753
2.106544e-07,-0.0049152171
2.107544e-07,-0.0049173713
2.108544e-07,-0.0048965476
2.109544e-07,-0.0048613626
2.110544e-07,-0.0048254596
2.111544e-07,-0.0048024816
2.112544e-07,-0.0047974552
2.113544e-07,-0.0048046358
2.114544e-07,-0.0048139706
2.115544e-07,-0.0048139706
2.116544e-07,-0.0047996094
2.117544e-07,-0.0047766314
2.118544e-07,-0.0047543716
2.119544e-07,-0.0047450368
2.120544e-07,-0.0047514993
2.121544e-07,-0.0047687328
2.122544e-07,-0.0047859662
2.123544e-07,-0.0047909926
2.124544e-07,-0.0047802217
2.125544e-07,-0.0047572438
2.126544e-07,-0.0047342659
2.127544e-07,-0.0047220588
2.128544e-07,-0.0047256491
2.129544e-07,-0.0047414465
2.130544e-07,-0.004759398
2.131544e-07,-0.0047680147
2.132544e-07,-0.0047637063
2.133544e-07,-0.0047507813
2.134544e-07,-0.0047407284
2.135544e-07,-0.0047450368
2.136544e-07,-0.0047687328
2.137544e-07,-0.0048060719
2.138544e-07,-0.0048455653
2.139544e-07,-0.0048714154
2.140544e-07,-0.0048771599
2.141544e-07,-0.0048635168
2.142544e-07,-0.004841975
2.143544e-07,-0.0048254596
2.144544e-07,-0.0048225873
2.145544e-07,-0.0048326402
2.146544e-07,-0.0048484375
2.147544e-07,-0.0048599265
2.148544e-07,-0.0048592084
2.149544e-07,-0.0048477194
2.150544e-07,-0.0048333582
2.151544e-07,-0.0048254596
2.152544e-07,-0.004831204
2.153544e-07,-0.0048505917
2.154544e-07,-0.0048750057
2.155544e-07,-0.0048943934
2.156544e-07,-0.0049008559
2.157544e-07,-0.0048936753
2.158544e-07,-0.0048771599
2.159544e-07,-0.0048599265
2.160544e-07,-0.0048477194
2.161544e-07,-0.0048412569
2.162544e-07,-0.0048355124
2.163544e-07,-0.0048254596
2.164544e-07,-0.004807508
2.165544e-07,-0.004783812
2.166544e-07,-0.004760116
2.167544e-07,-0.0047450368
2.168544e-07,-0.0047414465
2.169544e-07,-0.0047464729
2.170544e-07,-0.0047543716
2.171544e-07,-0.0047565257
2.172544e-07,-0.0047493451
2.173544e-07,-0.0047335478
2.174544e-07,-0.0047148782
2.175544e-07,-0.0046990809
2.176544e-07,-0.0046904642
2.177544e-07,-0.0046868739
2.178544e-07,-0.0046840016
2.179544e-07,-0.0046761029
2.180544e-07,-0.0046624598
2.181544e-07,-0.0046466625
2.182544e-07,-0.0046337374
2.183544e-07,-0.0046301471
2.184544e-07,-0.0046358915
2.185544e-07,-0.0046480986
2.186544e-07,-0.0046595875
2.187544e-07,-0.004664614
2.188544e-07,-0.0046631778
2.189544e-07,-0.0046581514
2.190544e-07,-0.0046574334
2.191544e-07,-0.004664614
2.192544e-07,-0.0046782571
2.193544e-07,-0.0046919003
2.194544e-07,-0.0046969267
2.195544e-07,-0.0046875919
2.196544e-07,-0.0046660501
2.197544e-07,-0.0046423541
2.198544e-07,-0.0046272748
2.199544e-07,-0.0046301471
2.200544e-07,-0.0046516889
2.201544e-07,-0.0046825655
2.202544e-07,-0.0047105699
2.203544e-07,-0.0047220588
2.204544e-07,-0.0047141602
2.205544e-07,-0.0046919003
2.206544e-07,-0.0046682043
2.207544e-07,-0.004653125
2.208544e-07,-0.004653125
2.209544e-07,-0.004665332
2.210544e-07,-0.0046796932
2.211544e-07,-0.0046875919
2.212544e-07,-0.0046861558
2.213544e-07,-0.0046789752
2.214544e-07,-0.004676821
2.215544e-07,-0.0046875919
2.216544e-07,-0.0047141602
2.217544e-07,-0.0047507813
2.218544e-07,-0.004783812
2.219544e-07,-0.0048024816
2.220544e-07,-0.0048017636
2.221544e-07,-0.0047874023
2.222544e-07,-0.004771605
2.223544e-07,-0.0047680147
2.224544e-07,-0.0047845301
2.225544e-07,-0.004818997
2.226544e-07,-0.0048606445
2.227544e-07,-0.0048943934
2.228544e-07,-0.0049116268
2.229544e-07,-0.0049101907
2.230544e-07,-0.0048972656
2.231544e-07,-0.0048829044
2.232544e-07,-0.0048757238
2.233544e-07,-0.004878596
2.234544e-07,-0.0048864947
2.235544e-07,-0.0048943934
2.236544e-07,-0.0048972656
2.237544e-07,-0.0048943934
2.238544e-07,-0.0048915211
2.239544e-07,-0.0048943934
2.240544e-07,-0.0049051643
2.241544e-07,-0.0049223977
2.242544e-07,-0.0049396312
2.243544e-07,-0.0049518382
2.244544e-07,-0.0049554285
2.245544e-07,-0.0049525563
2.246544e-07,-0.0049496841
2.247544e-07,-0.0049518382
2.248544e-07,-0.0049618911
2.249544e-07,-0.0049762523
2.250544e-07,-0.0049898955
2.251544e-07,-0.0049977941
2.252544e-07,-0.0049992302
2.253544e-07,-0.0049992302
2.254544e-07,-0.0050042567
2.255544e-07,-0.0050207721
2.256544e-07,-0.0050473403
2.257544e-07,-0.0050753447
2.258544e-07,-0.0050961684
2.259544e-07,-0.0051011949
2.260544e-07,-0.0050897059
2.261544e-07,-0.0050696002
2.262544e-07,-0.0050545209
2.263544e-07,-0.005055239
2.264544e-07,-0.0050753447
2.265544e-07,-0.0051076574
2.266544e-07,-0.0051399701
2.267544e-07,-0.0051586397
2.268544e-07,-0.0051564855
2.269544e-07,-0.0051363798
2.270544e-07,-0.0051098116
2.271544e-07,-0.0050897059
2.272544e-07,-0.0050846795
2.273544e-07,-0.0050947323
2.274544e-07,-0.0051119658
2.275544e-07,-0.0051241728
2.276544e-07,-0.0051234547
2.277544e-07,-0.0051083755
2.278544e-07,-0.0050861156
2.279544e-07,-0.0050667279
2.280544e-07,-0.0050581112
2.281544e-07,-0.0050617015
2.282544e-07,-0.0050710363
2.283544e-07,-0.0050782169
2.284544e-07,-0.0050753447
2.285544e-07,-0.0050609835
2.286544e-07,-0.0050401597
2.287544e-07,-0.0050207721
2.288544e-07,-0.0050100011
2.289544e-07,-0.0050092831
2.290544e-07,-0.0050150276
2.291544e-07,-0.0050207721
2.292544e-07,-0.005020054
2.293544e-07,-0.0050114373
2.294544e-07,-0.0049977941
2.295544e-07,-0.0049863051
2.296544e-07,-0.0049827148
2.297544e-07,-0.0049898955
2.298544e-07,-0.0050042567
2.299544e-07,-0.0050207721
2.300544e-07,-0.0050336972
2.301544e-07,-0.0050387236
2.302544e-07,-0.0050372875
2.303544e-07,-0.005032261
2.304544e-07,-0.0050279527
2.305544e-07,-0.0050257985
2.306544e-07,-0.0050279527
2.307544e-07,-0.005032261
2.308544e-07,-0.0050380055
2.309544e-07,-0.00504375
2.310544e-07,-0.0050494945
2.311544e-07,-0.005055239
2.312544e-07,-0.0050602654
2.313544e-07,-0.0050617015
2.314544e-07,-0.0050602654
2.315544e-07,-0.005055239
2.316544e-07,-0.0050502125
2.317544e-07,-0.0050487764
2.318544e-07,-0.0050538028
2.319544e-07,-0.0050667279
2.320544e-07,-0.0050825253
2.321544e-07,-0.0050947323
2.322544e-07,-0.0050976045
2.323544e-07,-0.0050897059
2.324544e-07,-0.0050746266
2.325544e-07,-0.0050602654
2.326544e-07,-0.005055957
2.327544e-07,-0.0050667279
2.328544e-07,-0.0050904239
2.329544e-07,-0.0051184283
2.330544e-07,-0.0051399701
2.331544e-07,-0.0051471507
2.332544e-07,-0.0051378159
2.333544e-07,-0.0051184283
2.334544e-07,-0.0050997587
2.335544e-07,-0.0050897059
2.336544e-07,-0.0050925781
2.337544e-07,-0.0051047852
2.338544e-07,-0.0051184283
2.339544e-07,-0.0051241728
2.340544e-07,-0.0051198644
2.341544e-07,-0.0051090935
2.342544e-07,-0.0051004768
2.343544e-07,-0.0051011949
2.344544e-07,-0.005114838
2.345544e-07,-0.0051370979
2.346544e-07,-0.0051593578
2.347544e-07,-0.0051701287
2.348544e-07,-0.0051643842
2.349544e-07,-0.0051435604
2.350544e-07,-0.0051155561
2.351544e-07,-0.0050897059
2.352544e-07,-0.0050746266
2.353544e-07,-0.0050724724
2.354544e-07,-0.005079653
2.355544e-07,-0.0050897059
2.356544e-07,-0.0050983226
2.357544e-07,-0.005103349
2.358544e-07,-0.0051076574
2.359544e-07,-0.0051126838
2.360544e-07,-0.0051205825
2.361544e-07,-0.0051284812
2.362544e-07,-0.0051306353
2.363544e-07,-0.0051241728
2.364544e-07,-0.0051069393
2.365544e-07,-0.0050825253
2.366544e-07,-0.0050595473
2.367544e-07,-0.00504375
2.368544e-07,-0.0050401597
2.369544e-07,-0.0050487764
2.370544e-07,-0.0050631376
2.371544e-07,-0.0050782169
2.372544e-07,-0.0050889878
2.373544e-07,-0.0050947323
2.374544e-07,-0.0050976045
2.375544e-07,-0.0051011949
2.376544e-07,-0.0051062213
2.377544e-07,-0.0051112477
2.378544e-07,-0.005114838
2.379544e-07,-0.0051126838
2.380544e-07,-0.0051062213
2.381544e-07,-0.0050983226
2.382544e-07,-0.0050918601
2.383544e-07,-0.0050897059
2.384544e-07,-0.0050897059
2.385544e-07,-0.0050882698
2.386544e-07,-0.0050810892
2.387544e-07,-0.0050667279
2.388544e-07,-0.0050494945
2.389544e-07,-0.0050358513
2.390544e-07,-0.0050329791
2.391544e-07,-0.00504375
2.392544e-07,-0.0050638557
2.393544e-07,-0.0050839614
2.394544e-07,-0.0050940142
2.395544e-07,-0.0050897059
2.396544e-07,-0.0050739085
2.397544e-07,-0.005055957
2.398544e-07,-0.0050473403
2.399544e-07,-0.005055239
2.400544e-07,-0.005078935
2.401544e-07,-0.0051076574
2.402544e-07,-0.0051299173
2.403544e-07,-0.0051356618
2.404544e-07,-0.0051256089
2.405544e-07,-0.0051076574
2.406544e-07,-0.0050961684
2.407544e-07,-0.0051011949
2.408544e-07,-0.0051256089
2.409544e-07,-0.0051607939
2.410544e-07,-0.0051952608
2.411544e-07,-0.0052160846
2.412544e-07,-0.0052196749
2.413544e-07,-0.0052117762
2.414544e-07,-0.0052024414
2.415544e-07,-0.0052045956
2.416544e-07,-0.005221829
2.417544e-07,-0.0052491153
2.418544e-07,-0.0052778378
2.419544e-07,-0.0052965074
2.420544e-07,-0.0053015338
2.421544e-07,-0.0052972254
2.422544e-07,-0.005292917
2.423544e-07,-0.0052965074
2.424544e-07,-0.0053115866
2.425544e-07,-0.0053324104
2.426544e-07,-0.0053496438
2.427544e-07,-0.0053539522
2.428544e-07,-0.0053431813
2.429544e-07,-0.0053230756
2.430544e-07,-0.005304406
2.431544e-07,-0.0052965074
2.432544e-07,-0.0053022518
2.433544e-07,-0.0053144589
2.434544e-07,-0.0053237937
2.435544e-07,-0.0053194853
2.436544e-07,-0.0053008157
2.437544e-07,-0.0052749655
2.438544e-07,-0.0052548598
2.439544e-07,-0.0052505515
2.440544e-07,-0.0052656307
2.441544e-07,-0.0052914809
2.442544e-07,-0.0053137408
2.443544e-07,-0.0053194853
2.444544e-07,-0.0053029699
2.445544e-07,-0.0052713752
2.446544e-07,-0.0052369083
2.447544e-07,-0.0052160846
2.448544e-07,-0.0052146484
2.449544e-07,-0.0052304458
2.450544e-07,-0.0052505515
2.451544e-07,-0.0052620404
2.452544e-07,-0.0052577321
2.453544e-07,-0.0052412167
2.454544e-07,-0.0052232652
2.455544e-07,-0.0052160846
2.456544e-07,-0.0052268555
2.457544e-07,-0.0052519876
2.458544e-07,-0.005279992
2.459544e-07,-0.0052965074
2.460544e-07,-0.0052936351
2.461544e-07,-0.0052735294
2.462544e-07,-0.0052462431
2.463544e-07,-0.0052275735
2.464544e-07,-0.0052268555
2.465544e-07,-0.0052462431
2.466544e-07,-0.0052771197
2.467544e-07,-0.0053079963
2.468544e-07,-0.0053288201
2.469544e-07,-0.0053360007
2.470544e-07,-0.0053338465
2.471544e-07,-0.0053309743
2.472544e-07,-0.0053331284
2.473544e-07,-0.0053410271
2.474544e-07,-0.0053503619
2.475544e-07,-0.0053539522
2.476544e-07,-0.0053467716
2.477544e-07,-0.0053302562
2.478544e-07,-0.0053108686
2.479544e-07,-0.0052965074
2.480544e-07,-0.005292199
2.481544e-07,-0.0052972254
2.482544e-07,-0.0053051241
2.483544e-07,-0.0053079963
2.484544e-07,-0.0053008157
2.485544e-07,-0.0052850184
2.486544e-07,-0.0052656307
2.487544e-07,-0.0052505515
2.488544e-07,-0.0052433709
2.489544e-07,-0.0052433709
2.490544e-07,-0.0052440889
2.491544e-07,-0.0052390625
2.492544e-07,-0.0052254193
2.493544e-07,-0.0052045956
2.494544e-07,-0.0051837718
2.495544e-07,-0.0051701287
2.496544e-07,-0.0051679745
2.497544e-07,-0.005173719
2.498544e-07,-0.0051808996
2.499544e-07,-0.0051816176
2.500544e-07,-0.0051708467
2.501544e-07,-0.005150741
2.502544e-07,-0.0051284812
2.503544e-07,-0.0051126838
2.504544e-07,-0.0051098116
2.505544e-07,-0.0051184283
2.506544e-07,-0.0051342256
2.507544e-07,-0.0051471507
2.508544e-07,-0.0051528952
2.509544e-07,-0.0051493049
2.510544e-07,-0.0051421243
2.511544e-07,-0.0051356618
2.512544e-07,-0.0051349437
2.513544e-07,-0.0051406882
2.514544e-07,-0.005150023
2.515544e-07,-0.0051586397
2.516544e-07,-0.0051636661
2.517544e-07,-0.0051672564
2.518544e-07,-0.0051715648
2.519544e-07,-0.0051816176
2.520544e-07,-0.005198133
2.521544e-07,-0.0052182387
2.522544e-07,-0.0052369083
2.523544e-07,-0.0052505515
2.524544e-07,-0.0052577321
2.525544e-07,-0.0052606043
2.526544e-07,-0.0052641946
2.527544e-07,-0.0052735294
2.528544e-07,-0.0052886087
2.529544e-07,-0.0053065602
2.530544e-07,-0.0053216395
2.531544e-07,-0.0053309743
2.532544e-07,-0.0053338465
2.533544e-07,-0.0053338465
2.534544e-07,-0.0053352826
2.535544e-07,-0.0053424632
2.536544e-07,-0.0053532341
2.537544e-07,-0.0053618509
2.538544e-07,-0.005363287
2.539544e-07,-0.0053539522
2.540544e-07,-0.0053374368
2.541544e-07,-0.0053209214
2.542544e-07,-0.0053137408
2.543544e-07,-0.0053194853
2.544544e-07,-0.0053360007
2.545544e-07,-0.0053532341
2.546544e-07,-0.0053618509
2.547544e-07,-0.0053539522
2.548544e-07,-0.0053302562
2.549544e-07,-0.0053000977
2.550544e-07,-0.0052742475
2.551544e-07,-0.0052620404
2.552544e-07,-0.0052634766
2.553544e-07,-0.0052706572
2.554544e-07,-0.0052735294
2.555544e-07,-0.0052620404
2.556544e-07,-0.0052361903
2.557544e-07,-0.0052045956
2.558544e-07,-0.0051794635
2.559544e-07,-0.0051701287
2.560544e-07,-0.0051794635
2.561544e-07,-0.005198133
2.562544e-07,-0.0052146484
2.563544e-07,-0.0052160846
2.564544e-07,-0.0051995692
2.565544e-07,-0.0051722829
2.566544e-07,-0.0051464327
2.567544e-07,-0.0051356618
2.568544e-07,-0.0051449966
2.569544e-07,-0.0051701287
2.570544e-07,-0.005198133
2.571544e-07,-0.0052160846
2.572544e-07,-0.0052168026
2.573544e-07,-0.0052024414
2.574544e-07,-0.0051830538
2.575544e-07,-0.0051701287
2.576544e-07,-0.0051701287
2.577544e-07,-0.0051808996
2.578544e-07,-0.0051959789
2.579544e-07,-0.0052045956
2.580544e-07,-0.0052031595
2.581544e-07,-0.0051952608
2.582544e-07,-0.0051887983
2.583544e-07,-0.0051931066
2.584544e-07,-0.0052117762
2.585544e-07,-0.0052419347
2.586544e-07,-0.0052728114
2.587544e-07,-0.0052965074
2.588544e-07,-0.0053072783
2.589544e-07,-0.0053087144
2.590544e-07,-0.0053101505
2.591544e-07,-0.0053194853
2.592544e-07,-0.0053403091
2.593544e-07,-0.0053697495
2.594544e-07,-0.0053963178
2.595544e-07,-0.0054113971
2.596544e-07,-0.005410679
2.597544e-07,-0.005398472
2.598544e-07,-0.0053833927
2.599544e-07,-0.0053769301
2.600544e-07,-0.0053826746
2.601544e-07,-0.005398472
2.602544e-07,-0.0054142693
2.603544e-07,-0.005422886
2.604544e-07,-0.0054185777
2.605544e-07,-0.0054063706
2.606544e-07,-0.0053927275
2.607544e-07,-0.0053884191
2.608544e-07,-0.0053970358
2.609544e-07,-0.0054142693
2.610544e-07,-0.0054336569
2.611544e-07,-0.005445864
2.612544e-07,-0.0054473001
2.613544e-07,-0.0054408375
2.614544e-07,-0.005434375
2.615544e-07,-0.005434375
2.616544e-07,-0.0054437098
2.617544e-07,-0.0054573529
2.618544e-07,-0.0054681239
2.619544e-07,-0.0054688419
2.620544e-07,-0.0054587891
2.621544e-07,-0.0054437098
2.622544e-07,-0.0054336569
2.623544e-07,-0.005434375
2.624544e-07,-0.005445864
2.625544e-07,-0.0054609432
2.626544e-07,-0.0054674058
2.627544e-07,-0.0054573529
2.628544e-07,-0.0054307847
2.629544e-07,-0.005398472
2.630544e-07,-0.0053726218
2.631544e-07,-0.0053654412
2.632544e-07,-0.0053783663
2.633544e-07,-0.0054020623
2.634544e-07,-0.005422168
2.635544e-07,-0.005422886
2.636544e-07,-0.0054006261
2.637544e-07,-0.0053625689
2.638544e-07,-0.0053223575
2.639544e-07,-0.0052965074
2.640544e-07,-0.0052914809
2.641544e-07,-0.005304406
2.642544e-07,-0.0053216395
2.643544e-07,-0.0053309743
2.644544e-07,-0.0053237937
2.645544e-07,-0.0053022518
2.646544e-07,-0.0052778378
2.647544e-07,-0.0052620404
2.648544e-07,-0.0052613224
2.649544e-07,-0.0052720933
2.650544e-07,-0.0052843003
2.651544e-07,-0.0052850184
2.652544e-07,-0.005268503
2.653544e-07,-0.0052383444
2.654544e-07,-0.0052045956
2.655544e-07,-0.0051816176
2.656544e-07,-0.0051773093
2.657544e-07,-0.0051895163
2.658544e-07,-0.0052103401
2.659544e-07,-0.0052275735
2.660544e-07,-0.0052326
2.661544e-07,-0.0052254193
2.662544e-07,-0.0052124943
2.663544e-07,-0.0052045956
2.664544e-07,-0.0052060317
2.665544e-07,-0.0052160846
2.666544e-07,-0.0052268555
2.667544e-07,-0.0052275735
2.668544e-07,-0.0052139304
2.669544e-07,-0.0051873621
2.670544e-07,-0.0051579216
2.671544e-07,-0.0051356618
2.672544e-07,-0.0051291992
2.673544e-07,-0.0051378159
2.674544e-07,-0.0051543313
2.675544e-07,-0.0051701287
2.676544e-07,-0.0051773093
2.677544e-07,-0.005173719
2.678544e-07,-0.0051658203
2.679544e-07,-0.0051586397
2.680544e-07,-0.0051579216
2.681544e-07,-0.0051629481
2.682544e-07,-0.0051686926
2.683544e-07,-0.0051701287
2.684544e-07,-0.0051643842
2.685544e-07,-0.0051543313
2.686544e-07,-0.0051464327
2.687544e-07,-0.0051471507
2.688544e-07,-0.0051586397
2.689544e-07,-0.0051780273
2.690544e-07,-0.0051959789
2.691544e-07,-0.0052045956
2.692544e-07,-0.0052002872
2.693544e-07,-0.005185208
2.694544e-07,-0.0051686926
2.695544e-07,-0.0051586397
2.696544e-07,-0.0051600758
2.697544e-07,-0.0051708467
2.698544e-07,-0.005185208
2.699544e-07,-0.0051931066
2.700544e-07,-0.0051909524
2.701544e-07,-0.0051787454
2.702544e-07,-0.0051615119
2.703544e-07,-0.0051471507
2.704544e-07,-0.0051392521
2.705544e-07,-0.0051370979
2.706544e-07,-0.0051370979
2.707544e-07,-0.0051356618
2.708544e-07,-0.0051306353
2.709544e-07,-0.005126327
2.710544e-07,-0.005126327
2.711544e-07,-0.0051356618
2.712544e-07,-0.0051521772
2.713544e-07,-0.0051694106
2.714544e-07,-0.0051773093
2.715544e-07,-0.0051701287
2.716544e-07,-0.0051471507
2.717544e-07,-0.0051155561
2.718544e-07,-0.0050889878
2.719544e-07,-0.0050782169
2.720544e-07,-0.0050882698
2.721544e-07,-0.0051155561
2.722544e-07,-0.0051464327
2.723544e-07,-0.0051701287
2.724544e-07,-0.0051773093
2.725544e-07,-0.0051701287
2.726544e-07,-0.0051564855
2.727544e-07,-0.0051471507
2.728544e-07,-0.005150741
2.729544e-07,-0.0051672564
2.730544e-07,-0.0051887983
2.731544e-07,-0.0052045956
2.732544e-07,-0.0052074678
2.733544e-07,-0.0051952608
2.734544e-07,-0.0051751551
2.735544e-07,-0.0051586397
2.736544e-07,-0.0051536133
2.737544e-07,-0.0051643842
2.738544e-07,-0.0051844899
2.739544e-07,-0.0052045956
2.740544e-07,-0.0052153665
2.741544e-07,-0.0052124943
2.742544e-07,-0.005198133
2.743544e-07,-0.0051816176
2.744544e-07,-0.0051715648
2.745544e-07,-0.005173719
2.746544e-07,-0.0051873621
2.747544e-07,-0.0052045956
2.748544e-07,-0.0052175207
2.749544e-07,-0.0052189568
2.750544e-07,-0.005208904
2.751544e-07,-0.0051931066
2.752544e-07,-0.0051787454
2.753544e-07,-0.0051730009
2.754544e-07,-0.0051787454
2.755544e-07,-0.0051931066
2.756544e-07,-0.005208904
2.757544e-07,-0.0052196749
2.758544e-07,-0.005221829
2.759544e-07,-0.0052160846
2.760544e-07,-0.0052074678
2.761544e-07,-0.0052024414
2.762544e-07,-0.0052053136
2.763544e-07,-0.0052160846
2.764544e-07,-0.0052304458
2.765544e-07,-0.0052433709
2.766544e-07,-0.0052469612
2.767544e-07,-0.0052390625
2.768544e-07,-0.0052203929
2.769544e-07,-0.0051959789
2.770544e-07,-0.005173719
2.771544e-07,-0.0051586397
2.772544e-07,-0.0051557675
2.773544e-07,-0.0051636661
2.774544e-07,-0.0051787454
2.775544e-07,-0.0051931066
2.776544e-07,-0.0052010053
2.777544e-07,-0.0051995692
2.778544e-07,-0.0051873621
2.779544e-07,-0.0051701287
2.780544e-07,-0.0051528952
2.781544e-07,-0.0051421243
2.782544e-07,-0.0051406882
2.783544e-07,-0.0051471507
2.784544e-07,-0.0051586397
2.785544e-07,-0.0051701287
2.786544e-07,-0.0051780273
2.787544e-07,-0.0051816176
2.788544e-07,-0.0051823357
2.789544e-07,-0.0051830538
2.790544e-07,-0.0051866441
2.791544e-07,-0.0051931066
2.792544e-07,-0.0051995692
2.793544e-07,-0.0052045956
2.794544e-07,-0.0052060317
2.795544e-07,-0.0052045956
2.796544e-07,-0.0052045956
2.797544e-07,-0.005209622
2.798544e-07,-0.005221829
2.799544e-07,-0.0052390625
2.800544e-07,-0.005256296
2.801544e-07,-0.0052670669
2.802544e-07,-0.005268503
2.803544e-07,-0.0052620404
2.804544e-07,-0.0052541418
2.805544e-07,-0.0052527057
2.806544e-07,-0.0052627585
2.807544e-07,-0.0052850184
2.808544e-07,-0.0053123047
2.809544e-07,-0.0053338465
2.810544e-07,-0.0053410271
2.811544e-07,-0.0053309743
2.812544e-07,-0.0053094324
2.813544e-07,-0.0052878906
2.814544e-07,-0.0052778378
2.815544e-07,-0.0052850184
2.816544e-07,-0.0053065602
2.817544e-07,-0.0053331284
2.818544e-07,-0.005351798
2.819544e-07,-0.0053539522
2.820544e-07,-0.0053388729
2.821544e-07,-0.0053144589
2.822544e-07,-0.0052936351
2.823544e-07,-0.0052850184
2.824544e-07,-0.005292199
2.825544e-07,-0.0053087144
2.826544e-07,-0.0053252298
2.827544e-07,-0.0053309743
2.828544e-07,-0.0053237937
2.829544e-07,-0.0053072783
2.830544e-07,-0.0052914809
2.831544e-07,-0.0052850184
2.832544e-07,-0.0052914809
2.833544e-07,-0.0053079963
2.834544e-07,-0.0053237937
2.835544e-07,-0.0053309743
2.836544e-07,-0.0053252298
2.837544e-07,-0.0053101505
2.838544e-07,-0.0052936351
2.839544e-07,-0.0052850184
2.840544e-07,-0.0052871726
2.841544e-07,-0.0052972254
2.842544e-07,-0.0053072783
2.843544e-07,-0.0053079963
2.844544e-07,-0.0052957893
2.845544e-07,-0.0052742475
2.846544e-07,-0.0052519876
2.847544e-07,-0.0052390625
2.848544e-07,-0.0052404986
2.849544e-07,-0.0052548598
2.850544e-07,-0.0052728114
2.851544e-07,-0.0052850184
2.852544e-07,-0.0052843003
2.853544e-07,-0.0052720933
2.854544e-07,-0.0052534237
2.855544e-07,-0.0052390625
2.856544e-07,-0.0052340361
2.857544e-07,-0.0052404986
2.858544e-07,-0.0052519876
2.859544e-07,-0.0052620404
2.860544e-07,-0.0052656307
2.861544e-07,-0.0052620404
2.862544e-07,-0.0052555779
2.863544e-07,-0.0052505515
2.864544e-07,-0.0052512695
2.865544e-07,-0.005257014
2.866544e-07,-0.0052620404
2.867544e-07,-0.0052620404
2.868544e-07,-0.0052548598
2.869544e-07,-0.0052419347
2.870544e-07,-0.0052311638
2.871544e-07,-0.0052275735
2.872544e-07,-0.0052340361
2.873544e-07,-0.0052469612
2.874544e-07,-0.0052591682
2.875544e-07,-0.0052620404
2.876544e-07,-0.0052505515
2.877544e-07,-0.0052261374
2.878544e-07,-0.0051959789
2.879544e-07,-0.0051701287
2.880544e-07,-0.0051557675
2.881544e-07,-0.0051557675
2.882544e-07,-0.0051665384
2.883544e-07,-0.0051816176
2.884544e-07,-0.0051952608
2.885544e-07,-0.0052031595
2.886544e-07,-0.0052060317
2.887544e-07,-0.0052045956
2.888544e-07,-0.0052002872
2.889544e-07,-0.0051938247
2.890544e-07,-0.0051837718
2.891544e-07,-0.0051701287
2.892544e-07,-0.0051557675
2.893544e-07,-0.0051442785
2.894544e-07,-0.0051406882
2.895544e-07,-0.0051471507
2.896544e-07,-0.0051607939
2.897544e-07,-0.0051773093
2.898544e-07,-0.0051887983
2.899544e-07,-0.0051931066
2.900544e-07,-0.0051902344
2.901544e-07,-0.005185208
2.902544e-07,-0.005185208
2.903544e-07,-0.0051931066
2.904544e-07,-0.0052081859
2.905544e-07,-0.0052254193
2.906544e-07,-0.0052369083
2.907544e-07,-0.0052390625
2.908544e-07,-0.0052340361
2.909544e-07,-0.0052297277
2.910544e-07,-0.005233318
2.911544e-07,-0.0052505515
2.912544e-07,-0.0052792739
2.913544e-07,-0.0053101505
2.914544e-07,-0.0053338465
2.915544e-07,-0.0053424632
2.916544e-07,-0.0053360007
2.917544e-07,-0.0053209214
2.918544e-07,-0.0053094324
2.919544e-07,-0.0053079963
2.920544e-07,-0.0053187672
2.921544e-07,-0.0053360007
2.922544e-07,-0.0053503619
2.923544e-07,-0.0053539522
2.924544e-07,-0.0053474897
2.925544e-07,-0.0053367188
2.926544e-07,-0.0053331284
2.927544e-07,-0.0053424632
2.928544e-07,-0.0053647231
2.929544e-07,-0.0053920094
2.930544e-07,-0.005410679
2.931544e-07,-0.0054113971
2.932544e-07,-0.0053941636
2.933544e-07,-0.0053661592
2.934544e-07,-0.0053410271
2.935544e-07,-0.0053309743
2.936544e-07,-0.0053381549
2.937544e-07,-0.0053561064
2.938544e-07,-0.0053726218
2.939544e-07,-0.0053769301
2.940544e-07,-0.0053640051
2.941544e-07,-0.0053410271
2.942544e-07,-0.0053187672
2.943544e-07,-0.0053079963
2.944544e-07,-0.0053137408
2.945544e-07,-0.0053288201
2.946544e-07,-0.0053424632
2.947544e-07,-0.0053424632
2.948544e-07,-0.0053237937
2.949544e-07,-0.005292199
2.950544e-07,-0.0052598863
2.951544e-07,-0.0052390625
2.952544e-07,-0.0052369083
2.953544e-07,-0.0052491153
2.954544e-07,-0.0052656307
2.955544e-07,-0.0052735294
2.956544e-07,-0.0052670669
2.957544e-07,-0.0052491153
2.958544e-07,-0.0052282916
2.959544e-07,-0.0052160846
2.960544e-07,-0.0052175207
2.961544e-07,-0.0052282916
2.962544e-07,-0.0052390625
2.963544e-07,-0.0052390625
2.964544e-07,-0.0052225471
2.965544e-07,-0.0051938247
2.966544e-07,-0.0051643842
2.967544e-07,-0.0051471507
2.968544e-07,-0.0051485869
2.969544e-07,-0.0051665384
2.970544e-07,-0.0051895163
2.971544e-07,-0.0052045956
2.972544e-07,-0.0052045956
2.973544e-07,-0.0051895163
2.974544e-07,-0.0051701287
2.975544e-07,-0.0051586397
2.976544e-07,-0.0051643842
2.977544e-07,-0.0051873621
2.978544e-07,-0.0052203929
2.979544e-07,-0.0052505515
2.980544e-07,-0.0052670669
2.981544e-07,-0.0052670669
2.982544e-07,-0.0052548598
2.983544e-07,-0.0052390625
2.984544e-07,-0.0052290097
2.985544e-07,-0.0052290097
2.986544e-07,-0.0052376264
2.987544e-07,-0.0052505515
2.988544e-07,-0.0052627585
2.989544e-07,-0.0052728114
2.990544e-07,-0.0052835823
2.991544e-07,-0.0052965074
2.992544e-07,-0.0053137408
2.993544e-07,-0.0053324104
2.994544e-07,-0.0053474897
2.995544e-07,-0.0053539522
2.996544e-07,-0.00535108
2.997544e-07,-0.0053424632
2.998544e-07,-0.0053331284
2.999544e-07,-0.0053309743
3.000544e-07,-0.0053367188
3.001544e-07,-0.0053482077
3.002544e-07,-0.0053596967
3.003544e-07,-0.0053654412
3.004544e-07,-0.0053640051
3.005544e-07,-0.0053596967
3.006544e-07,-0.0053582606
3.007544e-07,-0.0053654412
3.008544e-07,-0.0053812385
3.009544e-07,-0.0053999081
3.010544e-07,-0.0054121151
3.011544e-07,-0.0054113971
3.012544e-07,-0.0053955997
3.013544e-07,-0.0053719037
3.014544e-07,-0.00535108
3.015544e-07,-0.0053424632
3.016544e-07,-0.005351798
3.017544e-07,-0.005374776
3.018544e-07,-0.0054027803
3.019544e-07,-0.005422886
3.020544e-07,-0.0054293486
3.021544e-07,-0.0054207318
3.022544e-07,-0.0054049345
3.023544e-07,-0.0053884191
3.024544e-07,-0.0053776482
3.025544e-07,-0.0053733398
3.026544e-07,-0.0053711857
3.027544e-07,-0.0053654412
3.028544e-07,-0.0053539522
3.029544e-07,-0.005339591
3.030544e-07,-0.0053259478
3.031544e-07,-0.0053194853
3.032544e-07,-0.0053223575
3.033544e-07,-0.0053316923
3.034544e-07,-0.0053403091
3.035544e-07,-0.0053424632
3.036544e-07,-0.0053352826
3.037544e-07,-0.0053209214
3.038544e-07,-0.0053058421
3.039544e-07,-0.0052965074
3.040544e-07,-0.0052950712
3.041544e-07,-0.0052986615
3.042544e-07,-0.0053008157
3.043544e-07,-0.0052965074
3.044544e-07,-0.0052843003
3.045544e-07,-0.0052670669
3.046544e-07,-0.0052541418
3.047544e-07,-0.0052505515
3.048544e-07,-0.0052598863
3.049544e-07,-0.0052771197
3.050544e-07,-0.0052957893
3.051544e-07,-0.0053079963
3.052544e-07,-0.0053094324
3.053544e-07,-0.005303688
3.054544e-07,-0.0052972254
3.055544e-07,-0.0052965074
3.056544e-07,-0.005303688
3.057544e-07,-0.0053144589
3.058544e-07,-0.0053223575
3.059544e-07,-0.0053194853
3.060544e-07,-0.005303688
3.061544e-07,-0.0052785558
3.062544e-07,-0.0052541418
3.063544e-07,-0.0052390625
3.064544e-07,-0.0052390625
3.065544e-07,-0.0052519876
3.066544e-07,-0.0052706572
3.067544e-07,-0.0052850184
3.068544e-07,-0.0052893267
3.069544e-07,-0.0052828642
3.070544e-07,-0.0052713752
3.071544e-07,-0.0052620404
3.072544e-07,-0.0052591682
3.073544e-07,-0.0052634766
3.074544e-07,-0.0052699391
3.075544e-07,-0.0052735294
3.076544e-07,-0.0052699391
3.077544e-07,-0.0052598863
3.078544e-07,-0.0052476792
3.079544e-07,-0.0052390625
3.080544e-07,-0.0052361903
3.081544e-07,-0.0052383444
3.082544e-07,-0.0052404986
3.083544e-07,-0.0052390625
3.084544e-07,-0.0052318819
3.085544e-07,-0.0052225471
3.086544e-07,-0.0052153665
3.087544e-07,-0.0052160846
3.088544e-07,-0.0052261374
3.089544e-07,-0.0052419347
3.090544e-07,-0.0052555779
3.091544e-07,-0.0052620404
3.092544e-07,-0.0052577321
3.093544e-07,-0.0052462431
3.094544e-07,-0.0052340361
3.095544e-07,-0.0052275735
3.096544e-07,-0.0052304458
3.097544e-07,-0.0052397806
3.098544e-07,-0.0052491153
3.099544e-07,-0.0052505515
3.100544e-07,-0.0052404986
3.101544e-07,-0.0052203929
3.102544e-07,-0.005198133
3.103544e-07,-0.0051816176
3.104544e-07,-0.0051758732
3.105544e-07,-0.0051816176
3.106544e-07,-0.0051931066
3.107544e-07,-0.0052045956
3.108544e-07,-0.0052103401
3.109544e-07,-0.0052081859
3.110544e-07,-0.0052010053
3.111544e-07,-0.0051931066
3.112544e-07,-0.0051866441
3.113544e-07,-0.0051823357
3.114544e-07,-0.0051773093
3.115544e-07,-0.0051701287
3.116544e-07,-0.0051593578
3.117544e-07,-0.0051478688
3.118544e-07,-0.0051392521
3.119544e-07,-0.0051356618
3.120544e-07,-0.0051378159
3.121544e-07,-0.0051435604
3.122544e-07,-0.0051478688
3.123544e-07,-0.0051471507
3.124544e-07,-0.0051435604
3.125544e-07,-0.0051406882
3.126544e-07,-0.0051442785
3.127544e-07,-0.0051586397
3.128544e-07,-0.0051816176
3.129544e-07,-0.0052060317
3.130544e-07,-0.0052239832
3.131544e-07,-0.0052275735
3.132544e-07,-0.0052160846
3.133544e-07,-0.0051959789
3.134544e-07,-0.0051773093
3.135544e-07,-0.0051701287
3.136544e-07,-0.0051780273
3.137544e-07,-0.005198133
3.138544e-07,-0.005221111
3.139544e-07,-0.0052390625
3.140544e-07,-0.005245525
3.141544e-07,-0.0052412167
3.142544e-07,-0.0052326
3.143544e-07,-0.0052275735
3.144544e-07,-0.0052318819
3.145544e-07,-0.005245525
3.146544e-07,-0.0052613224
3.147544e-07,-0.0052735294
3.148544e-07,-0.0052756836
3.149544e-07,-0.0052670669
3.150544e-07,-0.0052527057
3.151544e-07,-0.0052390625
3.152544e-07,-0.0052318819
3.153544e-07,-0.0052340361
3.154544e-07,-0.0052412167
3.155544e-07,-0.0052505515
3.156544e-07,-0.0052577321
3.157544e-07,-0.0052606043
3.158544e-07,-0.0052613224
3.159544e-07,-0.0052620404
3.160544e-07,-0.0052634766
3.161544e-07,-0.0052656307
3.162544e-07,-0.0052656307
3.163544e-07,-0.0052620404
3.164544e-07,-0.0052548598
3.165544e-07,-0.0052462431
3.166544e-07,-0.0052397806
3.167544e-07,-0.0052390625
3.168544e-07,-0.0052426528
3.169544e-07,-0.0052483973
3.170544e-07,-0.0052519876
3.171544e-07,-0.0052505515
3.172544e-07,-0.005244807
3.173544e-07,-0.0052390625
3.174544e-07,-0.0052361903
3.175544e-07,-0.0052390625
3.176544e-07,-0.005244807
3.177544e-07,-0.0052483973
3.178544e-07,-0.0052433709
3.179544e-07,-0.0052275735
3.180544e-07,-0.0052045956
3.181544e-07,-0.0051823357
3.182544e-07,-0.0051694106
3.183544e-07,-0.0051701287
3.184544e-07,-0.0051830538
3.185544e-07,-0.0052002872
3.186544e-07,-0.0052132123
3.187544e-07,-0.0052160846
3.188544e-07,-0.005208904
3.189544e-07,-0.0051995692
3.190544e-07,-0.0051959789
3.191544e-07,-0.0052045956
3.192544e-07,-0.0052232652
3.193544e-07,-0.0052440889
3.194544e-07,-0.005256296
3.195544e-07,-0.0052505515
3.196544e-07,-0.0052275735
3.197544e-07,-0.0051952608
3.198544e-07,-0.0051651023
3.199544e-07,-0.0051471507
3.200544e-07,-0.0051435604
3.201544e-07,-0.005150741
3.202544e-07,-0.0051579216
3.203544e-07,-0.0051586397
3.204544e-07,-0.005150741
3.205544e-07,-0.0051392521
3.206544e-07,-0.0051327895
3.207544e-07,-0.0051356618
3.208544e-07,-0.0051478688
3.209544e-07,-0.0051600758
3.210544e-07,-0.00516223
3.211544e-07,-0.0051471507
3.212544e-07,-0.0051169922
3.213544e-07,-0.0050810892
3.214544e-07,-0.0050538028
3.215544e-07,-0.00504375
3.216544e-07,-0.0050523667
3.217544e-07,-0.0050696002
3.218544e-07,-0.0050818072
3.219544e-07,-0.0050782169
3.220544e-07,-0.0050566751
3.221544e-07,-0.0050250804
3.222544e-07,-0.0049977941
3.223544e-07,-0.0049863051
3.224544e-07,-0.0049934858
3.225544e-07,-0.0050121553
3.226544e-07,-0.0050293888
3.227544e-07,-0.005032261
3.228544e-07,-0.0050186179
3.229544e-07,-0.004996358
3.230544e-07,-0.0049776884
3.231544e-07,-0.0049748162
3.232544e-07,-0.0049898955
3.233544e-07,-0.0050143095
3.234544e-07,-0.005032261
3.235544e-07,-0.005032261
3.236544e-07,-0.0050092831
3.237544e-07,-0.0049719439
3.238544e-07,-0.0049360409
3.239544e-07,-0.0049173713
3.240544e-07,-0.0049216797
3.241544e-07,-0.0049425034
3.242544e-07,-0.0049654814
3.243544e-07,-0.0049748162
3.244544e-07,-0.0049640453
3.245544e-07,-0.004937477
3.246544e-07,-0.0049094727
3.247544e-07,-0.0048943934
3.248544e-07,-0.0049001379
3.249544e-07,-0.0049231158
3.250544e-07,-0.004948966
3.251544e-07,-0.0049633272
3.252544e-07,-0.0049575827
3.253544e-07,-0.0049353228
3.254544e-07,-0.0049087546
3.255544e-07,-0.0048943934
3.256544e-07,-0.0049008559
3.257544e-07,-0.0049274242
3.258544e-07,-0.004960455
3.259544e-07,-0.0049863051
3.260544e-07,-0.0049934858
3.261544e-07,-0.0049812787
3.262544e-07,-0.0049590188
3.263544e-07,-0.0049403493
3.264544e-07,-0.0049353228
3.265544e-07,-0.0049453757
3.266544e-07,-0.0049626091
3.267544e-07,-0.0049748162
3.268544e-07,-0.0049740981
3.269544e-07,-0.0049583008
3.270544e-07,-0.0049360409
3.271544e-07,-0.0049173713
3.272544e-07,-0.0049101907
3.273544e-07,-0.0049166533
3.274544e-07,-0.0049295784
3.275544e-07,-0.0049403493
3.276544e-07,-0.0049410673
3.277544e-07,-0.0049317325
3.278544e-07,-0.0049173713
3.279544e-07,-0.0049058824
3.280544e-07,-0.0049037282
3.281544e-07,-0.0049116268
3.282544e-07,-0.0049223977
3.283544e-07,-0.0049288603
3.284544e-07,-0.0049259881
3.285544e-07,-0.0049144991
3.286544e-07,-0.004901574
3.287544e-07,-0.0048943934
3.288544e-07,-0.0048987017
3.289544e-07,-0.0049123449
3.290544e-07,-0.0049295784
3.291544e-07,-0.0049403493
3.292544e-07,-0.0049396312
3.293544e-07,-0.0049288603
3.294544e-07,-0.0049144991
3.295544e-07,-0.0049058824
3.296544e-07,-0.0049101907
3.297544e-07,-0.0049288603
3.298544e-07,-0.0049568647
3.299544e-07,-0.0049863051
3.300544e-07,-0.0050100011
3.301544e-07,-0.0050250804
3.302544e-07,-0.005031543
3.303544e-07,-0.005032261
3.304544e-07,-0.0050301068
3.305544e-07,-0.0050257985
3.306544e-07,-0.0050186179
3.307544e-07,-0.0050092831
3.308544e-07,-0.0049992302
3.309544e-07,-0.0049934858
3.310544e-07,-0.004996358
3.311544e-07,-0.0050092831
3.312544e-07,-0.0050293888
3.313544e-07,-0.0050487764
3.314544e-07,-0.0050588293
3.315544e-07,-0.005055239
3.316544e-07,-0.0050387236
3.317544e-07,-0.0050164637
3.318544e-07,-0.0050006664
3.319544e-07,-0.0049977941
3.320544e-07,-0.0050100011
3.321544e-07,-0.005032261
3.322544e-07,-0.0050538028
3.323544e-07,-0.0050667279
3.324544e-07,-0.0050681641
3.325544e-07,-0.0050617015
3.326544e-07,-0.005055239
3.327544e-07,-0.005055239
3.328544e-07,-0.0050638557
3.329544e-07,-0.0050753447
3.330544e-07,-0.0050825253
3.331544e-07,-0.0050782169
3.332544e-07,-0.0050617015
3.333544e-07,-0.0050401597
3.334544e-07,-0.0050236443
3.335544e-07,-0.0050207721
3.336544e-07,-0.0050344152
3.337544e-07,-0.0050588293
3.338544e-07,-0.0050839614
3.339544e-07,-0.0051011949
3.340544e-07,-0.0051055032
3.341544e-07,-0.0050997587
3.342544e-07,-0.0050925781
3.343544e-07,-0.0050897059
3.344544e-07,-0.0050947323
3.345544e-07,-0.005102631
3.346544e-07,-0.0051069393
3.347544e-07,-0.0051011949
3.348544e-07,-0.0050853975
3.349544e-07,-0.0050667279
3.350544e-07,-0.0050545209
3.351544e-07,-0.005055239
3.352544e-07,-0.0050703182
3.353544e-07,-0.0050904239
3.354544e-07,-0.0051040671
3.355544e-07,-0.0051011949
3.356544e-07,-0.005078935
3.357544e-07,-0.0050459042
3.358544e-07,-0.0050143095
3.359544e-07,-0.0049977941
3.360544e-07,-0.0050013844
3.361544e-07,-0.005020054
3.362544e-07,-0.0050423139
3.363544e-07,-0.005055239
3.364544e-07,-0.0050523667
3.365544e-07,-0.0050372875
3.366544e-07,-0.0050186179
3.367544e-07,-0.0050092831
3.368544e-07,-0.0050157456
3.369544e-07,-0.0050351333
3.370544e-07,-0.0050602654
3.371544e-07,-0.0050782169
3.372544e-07,-0.0050832433
3.373544e-07,-0.0050753447
3.374544e-07,-0.0050624196
3.375544e-07,-0.005055239
3.376544e-07,-0.0050588293
3.377544e-07,-0.0050731905
3.378544e-07,-0.0050904239
3.379544e-07,-0.0051011949
3.380544e-07,-0.0051011949
3.381544e-07,-0.0050918601
3.382544e-07,-0.0050810892
3.383544e-07,-0.0050782169
3.384544e-07,-0.0050889878
3.385544e-07,-0.0051126838
3.386544e-07,-0.0051392521
3.387544e-07,-0.0051586397
3.388544e-07,-0.0051629481
3.389544e-07,-0.0051521772
3.390544e-07,-0.0051320715
3.391544e-07,-0.0051126838
3.392544e-07,-0.0051019129
3.393544e-07,-0.005102631
3.394544e-07,-0.0051126838
3.395544e-07,-0.0051241728
3.396544e-07,-0.0051327895
3.397544e-07,-0.0051378159
3.398544e-07,-0.0051414062
3.399544e-07,-0.0051471507
3.400544e-07,-0.0051586397
3.401544e-07,-0.0051730009
3.402544e-07,-0.0051866441
3.403544e-07,-0.0051931066
3.404544e-07,-0.0051902344
3.405544e-07,-0.0051787454
3.406544e-07,-0.0051665384
3.407544e-07,-0.0051586397
3.408544e-07,-0.0051600758
3.409544e-07,-0.0051694106
3.410544e-07,-0.0051823357
3.411544e-07,-0.0051931066
3.412544e-07,-0.0051988511
3.413544e-07,-0.0051995692
3.414544e-07,-0.0052002872
3.415544e-07,-0.0052045956
3.416544e-07,-0.0052139304
3.417544e-07,-0.0052261374
3.418544e-07,-0.0052361903
3.419544e-07,-0.0052390625
3.420544e-07,-0.005233318
3.421544e-07,-0.005221829
3.422544e-07,-0.0052110581
3.423544e-07,-0.0052045956
3.424544e-07,-0.0052053136
3.425544e-07,-0.0052110581
3.426544e-07,-0.0052160846
3.427544e-07,-0.0052160846
3.428544e-07,-0.0052103401
3.429544e-07,-0.0052031595
3.430544e-07,-0.0051995692
3.431544e-07,-0.0052045956
3.432544e-07,-0.0052175207
3.433544e-07,-0.0052318819
3.434544e-07,-0.0052412167
3.435544e-07,-0.0052390625
3.436544e-07,-0.0052254193
3.437544e-07,-0.0052060317
3.438544e-07,-0.0051923886
3.439544e-07,-0.0051931066
3.440544e-07,-0.0052103401
3.441544e-07,-0.0052390625
3.442544e-07,-0.0052677849
3.443544e-07,-0.0052850184
3.444544e-07,-0.0052850184
3.445544e-07,-0.0052699391
3.446544e-07,-0.0052469612
3.447544e-07,-0.0052275735
3.448544e-07,-0.0052203929
3.449544e-07,-0.0052268555
3.450544e-07,-0.0052433709
3.451544e-07,-0.0052620404
3.452544e-07,-0.0052771197
3.453544e-07,-0.0052864545
3.454544e-07,-0.0052914809
3.455544e-07,-0.0052965074
3.456544e-07,-0.0053029699
3.457544e-07,-0.0053108686
3.458544e-07,-0.0053173311
3.459544e-07,-0.0053194853
3.460544e-07,-0.005315895
3.461544e-07,-0.0053101505
3.462544e-07,-0.0053058421
3.463544e-07,-0.0053079963
3.464544e-07,-0.0053173311
3.465544e-07,-0.0053295381
3.466544e-07,-0.005339591
3.467544e-07,-0.0053424632
3.468544e-07,-0.0053367188
3.469544e-07,-0.0053252298
3.470544e-07,-0.0053137408
3.471544e-07,-0.0053079963
3.472544e-07,-0.0053087144
3.473544e-07,-0.0053144589
3.474544e-07,-0.0053194853
3.475544e-07,-0.0053194853
3.476544e-07,-0.0053144589
3.477544e-07,-0.0053079963
3.478544e-07,-0.005304406
3.479544e-07,-0.0053079963
3.480544e-07,-0.0053173311
3.481544e-07,-0.005327384
3.482544e-07,-0.0053331284
3.483544e-07,-0.0053309743
3.484544e-07,-0.0053223575
3.485544e-07,-0.0053130227
3.486544e-07,-0.0053108686
3.487544e-07,-0.0053194853
3.488544e-07,-0.0053367188
3.489544e-07,-0.0053553883
3.490544e-07,-0.0053661592
3.491544e-07,-0.0053654412
3.492544e-07,-0.0053553883
3.493544e-07,-0.0053460535
3.494544e-07,-0.0053467716
3.495544e-07,-0.0053654412
3.496544e-07,-0.005398472
3.497544e-07,-0.0054350931
3.498544e-07,-0.0054623794
3.499544e-07,-0.0054688419
3.500544e-07,-0.0054551988
3.501544e-07,-0.0054300666
3.502544e-07,-0.0054070887
3.503544e-07,-0.0053999081
3.504544e-07,-0.005410679
3.505544e-07,-0.0054322208
3.506544e-07,-0.0054523265
3.507544e-07,-0.0054573529
3.508544e-07,-0.0054437098
3.509544e-07,-0.0054157054
3.510544e-07,-0.0053855469
3.511544e-07,-0.0053654412
3.512544e-07,-0.0053604148
3.513544e-07,-0.0053668773
3.514544e-07,-0.005375494
3.515544e-07,-0.0053769301
3.516544e-07,-0.0053675954
3.517544e-07,-0.0053525161
3.518544e-07,-0.0053410271
3.519544e-07,-0.0053424632
3.520544e-07,-0.0053582606
3.521544e-07,-0.0053812385
3.522544e-07,-0.00539919
3.523544e-07,-0.0053999081
3.524544e-07,-0.0053798024
3.525544e-07,-0.0053446174
3.526544e-07,-0.0053079963
3.527544e-07,-0.0052850184
3.528544e-07,-0.0052821461
3.529544e-07,-0.0052965074
3.530544e-07,-0.0053173311
3.531544e-07,-0.0053309743
3.532544e-07,-0.0053302562
3.533544e-07,-0.0053166131
3.534544e-07,-0.0052979435
3.535544e-07,-0.0052850184
3.536544e-07,-0.0052843003
3.537544e-07,-0.005292917
3.538544e-07,-0.005304406
3.539544e-07,-0.0053079963
3.540544e-07,-0.0052986615
3.541544e-07,-0.005279992
3.542544e-07,-0.0052606043
3.543544e-07,-0.0052505515
3.544544e-07,-0.005256296
3.545544e-07,-0.0052749655
3.546544e-07,-0.0053000977
3.547544e-07,-0.0053194853
3.548544e-07,-0.005328102
3.549544e-07,-0.0053266659
3.550544e-07,-0.0053216395
3.551544e-07,-0.0053194853
3.552544e-07,-0.0053252298
3.553544e-07,-0.0053352826
3.554544e-07,-0.0053431813
3.555544e-07,-0.0053424632
3.556544e-07,-0.0053295381
3.557544e-07,-0.0053101505
3.558544e-07,-0.005292199
3.559544e-07,-0.0052850184
3.560544e-07,-0.005292199
3.561544e-07,-0.0053101505
3.562544e-07,-0.0053295381
3.563544e-07,-0.0053424632
3.564544e-07,-0.0053438994
3.565544e-07,-0.0053374368
3.566544e-07,-0.0053309743
3.567544e-07,-0.0053309743
3.568544e-07,-0.0053403091
3.569544e-07,-0.0053546703
3.570544e-07,-0.0053661592
3.571544e-07,-0.0053654412
3.572544e-07,-0.0053525161
3.573544e-07,-0.0053338465
3.574544e-07,-0.0053194853
3.575544e-07,-0.0053194853
3.576544e-07,-0.0053374368
3.577544e-07,-0.0053661592
3.578544e-07,-0.0053948817
3.579544e-07,-0.0054113971
3.580544e-07,-0.005410679
3.581544e-07,-0.0053955997
3.582544e-07,-0.0053769301
3.583544e-07,-0.0053654412
3.584544e-07,-0.0053675954
3.585544e-07,-0.0053819566
3.586544e-07,-0.00539919
3.587544e-07,-0.0054113971
3.588544e-07,-0.0054128332
3.589544e-07,-0.0054063706
3.590544e-07,-0.00539919
3.591544e-07,-0.0053999081
3.592544e-07,-0.0054113971
3.593544e-07,-0.0054307847
3.594544e-07,-0.0054494543
3.595544e-07,-0.0054573529
3.596544e-07,-0.0054523265
3.597544e-07,-0.0054372472
3.598544e-07,-0.0054207318
3.599544e-07,-0.0054113971
3.600544e-07,-0.0054135512
3.601544e-07,-0.0054236041
3.602544e-07,-0.0054329389
3.603544e-07,-0.005434375
3.604544e-07,-0.0054250402
3.605544e-07,-0.0054085248
3.606544e-07,-0.0053934455
3.607544e-07,-0.0053884191
3.608544e-07,-0.0053955997
3.609544e-07,-0.0054092429
3.610544e-07,-0.0054214499
3.611544e-07,-0.005422886
3.612544e-07,-0.0054113971
3.613544e-07,-0.0053912914
3.614544e-07,-0.0053726218
3.615544e-07,-0.0053654412
3.616544e-07,-0.0053711857
3.617544e-07,-0.0053862649
3.618544e-07,-0.005398472
3.619544e-07,-0.0053999081
3.620544e-07,-0.005386983
3.621544e-07,-0.0053640051
3.622544e-07,-0.0053417452
3.623544e-07,-0.0053309743
3.624544e-07,-0.0053352826
3.625544e-07,-0.00535108
3.626544e-07,-0.0053683134
3.627544e-07,-0.0053769301
3.628544e-07,-0.0053740579
3.629544e-07,-0.0053625689
3.630544e-07,-0.0053532341
3.631544e-07,-0.0053539522
3.632544e-07,-0.0053675954
3.633544e-07,-0.0053891372
3.634544e-07,-0.0054070887
3.635544e-07,-0.0054113971
3.636544e-07,-0.005398472
3.637544e-07,-0.005374776
3.638544e-07,-0.005351798
3.639544e-07,-0.0053424632
3.640544e-07,-0.0053525161
3.641544e-07,-0.0053776482
3.642544e-07,-0.0054056526
3.643544e-07,-0.005422886
3.644544e-07,-0.005422168
3.645544e-07,-0.0054049345
3.646544e-07,-0.0053819566
3.647544e-07,-0.0053654412
3.648544e-07,-0.0053640051
3.649544e-07,-0.0053769301
3.650544e-07,-0.0053970358
3.651544e-07,-0.0054113971
3.652544e-07,-0.0054135512
3.653544e-07,-0.0054020623
3.654544e-07,-0.005386983
3.655544e-07,-0.0053769301
3.656544e-07,-0.0053812385
3.657544e-07,-0.00539919
3.658544e-07,-0.0054250402
3.659544e-07,-0.005445864
3.660544e-07,-0.0054544807
3.661544e-07,-0.0054487362
3.662544e-07,-0.005434375
3.663544e-07,-0.005422886
3.664544e-07,-0.005422168
3.665544e-07,-0.0054350931
3.666544e-07,-0.0054573529
3.667544e-07,-0.0054803309
3.668544e-07,-0.005493974
3.669544e-07,-0.0054946921
3.670544e-07,-0.0054846392
3.671544e-07,-0.0054688419
3.672544e-07,-0.0054559168
3.673544e-07,-0.0054501723
3.674544e-07,-0.0054516085
3.675544e-07,-0.0054573529
3.676544e-07,-0.0054623794
3.677544e-07,-0.0054638155
3.678544e-07,-0.0054616613
3.679544e-07,-0.0054573529
3.680544e-07,-0.0054530446
3.681544e-07,-0.0054501723
3.682544e-07,-0.0054480182
3.683544e-07,-0.005445864
3.684544e-07,-0.0054429917
3.685544e-07,-0.0054408375
3.686544e-07,-0.0054415556
3.687544e-07,-0.005445864
3.688544e-07,-0.0054537626
3.689544e-07,-0.0054630974
3.690544e-07,-0.0054688419
3.691544e-07,-0.0054688419
3.692544e-07,-0.0054638155
3.693544e-07,-0.0054559168
3.694544e-07,-0.0054487362
3.695544e-07,-0.005445864
3.696544e-07,-0.005445864
3.697544e-07,-0.005445864
3.698544e-07,-0.0054422737
3.699544e-07,-0.005434375
3.700544e-07,-0.005422886
3.701544e-07,-0.0054128332
3.702544e-07,-0.0054085248
3.703544e-07,-0.0054113971
3.704544e-07,-0.0054178596
3.705544e-07,-0.0054214499
3.706544e-07,-0.0054164235
3.707544e-07,-0.0053999081
3.708544e-07,-0.0053762121
3.709544e-07,-0.0053539522
3.710544e-07,-0.0053410271
3.711544e-07,-0.0053424632
3.712544e-07,-0.0053539522
3.713544e-07,-0.0053661592
3.714544e-07,-0.0053683134
3.715544e-07,-0.0053539522
3.716544e-07,-0.0053252298
3.717544e-07,-0.005292199
3.718544e-07,-0.0052677849
3.719544e-07,-0.0052620404
3.720544e-07,-0.0052749655
3.721544e-07,-0.0052993796
3.722544e-07,-0.0053216395
3.723544e-07,-0.0053309743
3.724544e-07,-0.0053237937
3.725544e-07,-0.0053058421
3.726544e-07,-0.0052893267
3.727544e-07,-0.0052850184
3.728544e-07,-0.0052972254
3.729544e-07,-0.0053223575
3.730544e-07,-0.0053482077
3.731544e-07,-0.0053654412
3.732544e-07,-0.0053675954
3.733544e-07,-0.0053561064
3.734544e-07,-0.0053410271
3.735544e-07,-0.0053309743
3.736544e-07,-0.0053309743
3.737544e-07,-0.0053388729
3.738544e-07,-0.0053489258
3.739544e-07,-0.0053539522
3.740544e-07,-0.00535108
3.741544e-07,-0.0053453355
3.742544e-07,-0.0053438994
3.743544e-07,-0.0053539522
3.744544e-07,-0.0053776482
3.745544e-07,-0.0054099609
3.746544e-07,-0.0054394014
3.747544e-07,-0.0054573529
3.748544e-07,-0.0054602252
3.749544e-07,-0.0054508904
3.750544e-07,-0.0054394014
3.751544e-07,-0.005434375
3.752544e-07,-0.0054401195
3.753544e-07,-0.0054530446
3.754544e-07,-0.0054652516
3.755544e-07,-0.0054688419
3.756544e-07,-0.0054616613
3.757544e-07,-0.0054487362
3.758544e-07,-0.0054408375
3.759544e-07,-0.005445864
3.760544e-07,-0.0054681239
3.761544e-07,-0.0055018727
3.762544e-07,-0.0055363396
3.763544e-07,-0.0055607537
3.764544e-07,-0.0055686523
3.765544e-07,-0.0055629079
3.766544e-07,-0.005552855
3.767544e-07,-0.0055492647
3.768544e-07,-0.0055578814
3.769544e-07,-0.0055772691
3.770544e-07,-0.005600247
3.771544e-07,-0.0056181985
3.772544e-07,-0.0056268153
3.773544e-07,-0.0056268153
3.774544e-07,-0.0056253791
3.775544e-07,-0.0056296875
3.776544e-07,-0.0056433307
3.777544e-07,-0.0056641544
3.778544e-07,-0.0056849782
3.779544e-07,-0.0056986213
3.780544e-07,-0.0057022116
3.781544e-07,-0.0056971852
3.782544e-07,-0.0056900046
3.783544e-07,-0.0056871324
3.784544e-07,-0.0056892865
3.785544e-07,-0.0056935949
3.786544e-07,-0.005694313
3.787544e-07,-0.0056871324
3.788544e-07,-0.0056742073
3.789544e-07,-0.0056612822
3.790544e-07,-0.0056562557
3.791544e-07,-0.0056641544
3.792544e-07,-0.0056821059
3.793544e-07,-0.0057007755
3.794544e-07,-0.0057086742
3.795544e-07,-0.0056986213
3.796544e-07,-0.0056720531
3.797544e-07,-0.0056390223
3.798544e-07,-0.0056138902
3.799544e-07,-0.0056067096
3.800544e-07,-0.0056181985
3.801544e-07,-0.0056397403
3.802544e-07,-0.0056548196
3.803544e-07,-0.0056526654
3.804544e-07,-0.0056311236
3.805544e-07,-0.0055980928
3.806544e-07,-0.0055700885
3.807544e-07,-0.0055607537
3.808544e-07,-0.0055743968
3.809544e-07,-0.0056024012
3.810544e-07,-0.0056304056
3.811544e-07,-0.0056411765
3.812544e-07,-0.0056282514
3.813544e-07,-0.0055945025
3.814544e-07,-0.0055557273
3.815544e-07,-0.0055262868
3.816544e-07,-0.0055162339
3.817544e-07,-0.0055262868
3.818544e-07,-0.0055449563
3.819544e-07,-0.0055607537
3.820544e-07,-0.0055657801
3.821544e-07,-0.0055600356
3.822544e-07,-0.0055514189
3.823544e-07,-0.0055492647
3.824544e-07,-0.0055578814
3.825544e-07,-0.0055743968
3.826544e-07,-0.0055894761
3.827544e-07,-0.0055952206
3.828544e-07,-0.0055866039
3.829544e-07,-0.0055693704
3.830544e-07,-0.005552855
3.831544e-07,-0.0055492647
3.832544e-07,-0.0055629079
3.833544e-07,-0.0055909122
3.834544e-07,-0.0056210708
3.835544e-07,-0.0056411765
3.836544e-07,-0.0056440487
3.837544e-07,-0.0056318417
3.838544e-07,-0.005611736
3.839544e-07,-0.0055952206
3.840544e-07,-0.0055894761
3.841544e-07,-0.0055937845
3.842544e-07,-0.0056024012
3.843544e-07,-0.0056067096
3.844544e-07,-0.0056038373
3.845544e-07,-0.0055966567
3.846544e-07,-0.0055909122
3.847544e-07,-0.0055952206
3.848544e-07,-0.0056102999
3.849544e-07,-0.0056318417
3.850544e-07,-0.0056490751
3.851544e-07,-0.0056526654
3.852544e-07,-0.0056390223
3.853544e-07,-0.005611736
3.854544e-07,-0.0055822955
3.855544e-07,-0.0055607537
3.856544e-07,-0.0055514189
3.857544e-07,-0.005552855
3.858544e-07,-0.0055542911
3.859544e-07,-0.0055492647
3.860544e-07,-0.0055334674
3.861544e-07,-0.0055126436
3.862544e-07,-0.0054954102
3.863544e-07,-0.0054918199
3.864544e-07,-0.0055040269
3.865544e-07,-0.0055262868
3.866544e-07,-0.0055449563
3.867544e-07,-0.0055492647
3.868544e-07,-0.0055327493
3.869544e-07,-0.0054997185
3.870544e-07,-0.0054623794
3.871544e-07,-0.005434375
3.872544e-07,-0.0054250402
3.873544e-07,-0.0054336569
3.874544e-07,-0.0054523265
3.875544e-07,-0.0054688419
3.876544e-07,-0.0054753045
3.877544e-07,-0.0054717142
3.878544e-07,-0.0054630974
3.879544e-07,-0.0054573529
3.880544e-07,-0.0054595071
3.881544e-07,-0.0054674058
3.882544e-07,-0.0054731503
3.883544e-07,-0.0054688419
3.884544e-07,-0.0054508904
3.885544e-07,-0.005422168
3.886544e-07,-0.0053934455
3.887544e-07,-0.0053769301
3.888544e-07,-0.0053790843
3.889544e-07,-0.0053999081
3.890544e-07,-0.0054300666
3.891544e-07,-0.0054573529
3.892544e-07,-0.0054731503
3.893544e-07,-0.0054753045
3.894544e-07,-0.0054666877
3.895544e-07,-0.0054573529
3.896544e-07,-0.0054530446
3.897544e-07,-0.0054559168
3.898544e-07,-0.0054630974
3.899544e-07,-0.0054688419
3.900544e-07,-0.0054681239
3.901544e-07,-0.0054609432
3.902544e-07,-0.0054516085
3.903544e-07,-0.005445864
3.904544e-07,-0.005446582
3.905544e-07,-0.0054544807
3.906544e-07,-0.0054630974
3.907544e-07,-0.0054688419
3.908544e-07,-0.0054674058
3.909544e-07,-0.0054595071
3.910544e-07,-0.0054508904
3.911544e-07,-0.005445864
3.912544e-07,-0.0054473001
3.913544e-07,-0.0054551988
3.914544e-07,-0.0054638155
3.915544e-07,-0.0054688419
3.916544e-07,-0.0054674058
3.917544e-07,-0.0054609432
3.918544e-07,-0.0054523265
3.919544e-07,-0.005445864
3.920544e-07,-0.0054415556
3.921544e-07,-0.0054386834
3.922544e-07,-0.0054329389
3.923544e-07,-0.005422886
3.924544e-07,-0.0054099609
3.925544e-07,-0.00539919
3.926544e-07,-0.0053948817
3.927544e-07,-0.0053999081
3.928544e-07,-0.0054113971
3.929544e-07,-0.0054236041
3.930544e-07,-0.0054286305
3.931544e-07,-0.005422886
3.932544e-07,-0.0054085248
3.933544e-07,-0.0053927275
3.934544e-07,-0.0053848288
3.935544e-07,-0.0053884191
3.936544e-07,-0.0054020623
3.937544e-07,-0.0054178596
3.938544e-07,-0.0054264763
3.939544e-07,-0.005422886
3.940544e-07,-0.0054092429
3.941544e-07,-0.0053948817
3.942544e-07,-0.0053898552
3.943544e-07,-0.0053999081
3.944544e-07,-0.005422168
3.945544e-07,-0.005446582
3.946544e-07,-0.0054609432
3.947544e-07,-0.0054573529
3.948544e-07,-0.0054372472
3.949544e-07,-0.0054128332
3.950544e-07,-0.0053970358
3.951544e-07,-0.0053999081
3.952544e-07,-0.005422168
3.953544e-07,-0.0054523265
3.954544e-07,-0.0054753045
3.955544e-07,-0.0054803309
3.956544e-07,-0.0054645335
3.957544e-07,-0.0054379653
3.958544e-07,-0.0054164235
3.959544e-07,-0.0054113971
3.960544e-07,-0.0054264763
3.961544e-07,-0.0054537626
3.962544e-07,-0.0054760225
3.963544e-07,-0.0054803309
3.964544e-07,-0.0054616613
3.965544e-07,-0.0054279125
3.966544e-07,-0.0053941636
3.967544e-07,-0.0053769301
3.968544e-07,-0.0053819566
3.969544e-07,-0.0054049345
3.970544e-07,-0.0054307847
3.971544e-07,-0.005445864
3.972544e-07,-0.0054415556
3.973544e-07,-0.005422168
3.974544e-07,-0.0053999081
3.975544e-07,-0.0053884191
3.976544e-07,-0.0053948817
3.977544e-07,-0.0054171415
3.978544e-07,-0.0054422737
3.979544e-07,-0.0054573529
3.980544e-07,-0.0054551988
3.981544e-07,-0.0054372472
3.982544e-07,-0.0054142693
3.983544e-07,-0.0053999081
3.984544e-07,-0.0054006261
3.985544e-07,-0.0054149874
3.986544e-07,-0.0054336569
3.987544e-07,-0.005445864
3.988544e-07,-0.0054451459
3.989544e-07,-0.0054350931
3.990544e-07,-0.0054243222
3.991544e-07,-0.005422886
3.992544e-07,-0.0054372472
3.993544e-07,-0.0054623794
3.994544e-07,-0.0054882295
3.995544e-07,-0.0055033088
3.996544e-07,-0.0055004366
3.997544e-07,-0.0054824851
3.998544e-07,-0.0054602252
3.999544e-07,-0.005445864
4.000544e-07,-0.0054480182
4.001544e-07,-0.0054659697
4.002544e-07,-0.0054918199
4.003544e-07,-0.0055147978
4.004544e-07,-0.0055284409
4.005544e-07,-0.0055305951
4.006544e-07,-0.0055277229
4.007544e-07,-0.0055262868
4.008544e-07,-0.0055298771
4.009544e-07,-0.0055363396
4.010544e-07,-0.005540648
4.011544e-07,-0.0055377757
4.012544e-07,-0.0055277229
4.013544e-07,-0.0055155159
4.014544e-07,-0.0055090533
4.015544e-07,-0.0055147978
4.016544e-07,-0.0055320312
4.017544e-07,-0.0055521369
4.018544e-07,-0.005565062
4.019544e-07,-0.0055607537
4.020544e-07,-0.0055399299
4.021544e-07,-0.0055104894
4.022544e-07,-0.0054867934
4.023544e-07,-0.0054803309
4.024544e-07,-0.005493256
4.025544e-07,-0.0055183881
4.026544e-07,-0.005541366
4.027544e-07,-0.0055492647
4.028544e-07,-0.0055377757
4.029544e-07,-0.0055119256
4.030544e-07,-0.0054846392
4.031544e-07,-0.0054688419
4.032544e-07,-0.00546956
4.033544e-07,-0.0054839212
4.034544e-07,-0.0054990005
4.035544e-07,-0.0055033088
4.036544e-07,-0.0054911018
4.037544e-07,-0.0054645335
4.038544e-07,-0.005434375
4.039544e-07,-0.0054113971
4.040544e-07,-0.0054013442
4.041544e-07,-0.0054013442
4.042544e-07,-0.0054034984
4.043544e-07,-0.0053999081
4.044544e-07,-0.005386983
4.045544e-07,-0.0053690315
4.046544e-07,-0.0053553883
4.047544e-07,-0.0053539522
4.048544e-07,-0.0053661592
4.049544e-07,-0.0053848288
4.050544e-07,-0.00539919
4.051544e-07,-0.0053999081
4.052544e-07,-0.0053841108
4.053544e-07,-0.0053604148
4.054544e-07,-0.0053388729
4.055544e-07,-0.0053309743
4.056544e-07,-0.005339591
4.057544e-07,-0.0053575425
4.058544e-07,-0.0053733398
4.059544e-07,-0.0053769301
4.060544e-07,-0.0053668773
4.061544e-07,-0.0053496438
4.062544e-07,-0.0053381549
4.063544e-07,-0.0053424632
4.064544e-07,-0.0053640051
4.065544e-07,-0.0053934455
4.066544e-07,-0.0054164235
4.067544e-07,-0.005422886
4.068544e-07,-0.0054099609
4.069544e-07,-0.0053877011
4.070544e-07,-0.0053719037
4.071544e-07,-0.0053769301
4.072544e-07,-0.0054063706
4.073544e-07,-0.0054508904
4.074544e-07,-0.0054925379
4.075544e-07,-0.0055147978
4.076544e-07,-0.0055097714
4.077544e-07,-0.0054839212
4.078544e-07,-0.0054530446
4.079544e-07,-0.005434375
4.080544e-07,-0.0054372472
4.081544e-07,-0.005458071
4.082544e-07,-0.0054853573
4.083544e-07,-0.0055033088
4.084544e-07,-0.0055025908
4.085544e-07,-0.0054846392
4.086544e-07,-0.0054616613
4.087544e-07,-0.005445864
4.088544e-07,-0.0054451459
4.089544e-07,-0.005458071
4.090544e-07,-0.0054738683
4.091544e-07,-0.0054803309
4.092544e-07,-0.0054709961
4.093544e-07,-0.0054487362
4.094544e-07,-0.0054250402
4.095544e-07,-0.0054113971
4.096544e-07,-0.0054149874
4.097544e-07,-0.0054329389
4.098544e-07,-0.0054551988
4.099544e-07,-0.0054688419
4.100544e-07,-0.0054681239
4.101544e-07,-0.0054551988
4.102544e-07,-0.0054401195
4.103544e-07,-0.005434375
4.104544e-07,-0.0054437098
4.105544e-07,-0.0054638155
4.106544e-07,-0.0054839212
4.107544e-07,-0.0054918199
4.108544e-07,-0.0054810489
4.109544e-07,-0.0054551988
4.110544e-07,-0.0054279125
4.111544e-07,-0.0054113971
4.112544e-07,-0.0054157054
4.113544e-07,-0.0054379653
4.114544e-07,-0.0054681239
4.115544e-07,-0.0054918199
4.116544e-07,-0.0054997185
4.117544e-07,-0.0054911018
4.118544e-07,-0.0054724322
4.119544e-07,-0.0054573529
4.120544e-07,-0.0054537626
4.121544e-07,-0.0054645335
4.122544e-07,-0.0054839212
4.123544e-07,-0.0055033088
4.124544e-07,-0.0055162339
4.125544e-07,-0.0055219784
4.126544e-07,-0.0055234145
4.127544e-07,-0.0055262868
4.128544e-07,-0.0055341854
4.129544e-07,-0.0055463925
4.130544e-07,-0.0055571634
4.131544e-07,-0.0055607537
4.132544e-07,-0.0055564453
4.133544e-07,-0.0055471105
4.134544e-07,-0.0055384938
4.135544e-07,-0.0055377757
4.136544e-07,-0.0055442383
4.137544e-07,-0.005552855
4.138544e-07,-0.0055564453
4.139544e-07,-0.0055492647
4.140544e-07,-0.0055320312
4.141544e-07,-0.0055140797
4.142544e-07,-0.005505463
4.143544e-07,-0.0055147978
4.144544e-07,-0.0055435202
4.145544e-07,-0.0055830136
4.146544e-07,-0.0056196347
4.147544e-07,-0.0056411765
4.148544e-07,-0.0056426126
4.149544e-07,-0.0056282514
4.150544e-07,-0.0056088637
4.151544e-07,-0.0055952206
4.152544e-07,-0.0055930664
4.153544e-07,-0.0055988109
4.154544e-07,-0.0056059915
4.155544e-07,-0.0056067096
4.156544e-07,-0.0055980928
4.157544e-07,-0.0055858858
4.158544e-07,-0.0055787052
4.159544e-07,-0.0055837316
4.160544e-07,-0.0056016831
4.161544e-07,-0.0056246611
4.162544e-07,-0.0056411765
4.163544e-07,-0.0056411765
4.164544e-07,-0.005623943
4.165544e-07,-0.0055959386
4.166544e-07,-0.0055715246
4.167544e-07,-0.0055607537
4.168544e-07,-0.0055686523
4.169544e-07,-0.005588758
4.170544e-07,-0.0056088637
4.171544e-07,-0.0056181985
4.172544e-07,-0.005612454
4.173544e-07,-0.0055973748
4.174544e-07,-0.0055844497
4.175544e-07,-0.0055837316
4.176544e-07,-0.005599529
4.177544e-07,-0.0056246611
4.178544e-07,-0.0056462029
4.179544e-07,-0.0056526654
4.180544e-07,-0.0056397403
4.181544e-07,-0.005612454
4.182544e-07,-0.0055858858
4.183544e-07,-0.0055722426
4.184544e-07,-0.0055787052
4.185544e-07,-0.0056009651
4.186544e-07,-0.0056268153
4.187544e-07,-0.0056411765
4.188544e-07,-0.0056368681
4.189544e-07,-0.0056153263
4.190544e-07,-0.0055858858
4.191544e-07,-0.0055607537
4.192544e-07,-0.0055485466
4.193544e-07,-0.0055492647
4.194544e-07,-0.0055564453
4.195544e-07,-0.0055607537
4.196544e-07,-0.0055578814
4.197544e-07,-0.0055492647
4.198544e-07,-0.0055399299
4.199544e-07,-0.0055377757
4.200544e-07,-0.0055435202
4.201544e-07,-0.0055521369
4.202544e-07,-0.0055564453
4.203544e-07,-0.0055492647
4.204544e-07,-0.005529159
4.205544e-07,-0.0055025908
4.206544e-07,-0.0054803309
4.207544e-07,-0.0054688419
4.208544e-07,-0.005470278
4.209544e-07,-0.0054767406
4.210544e-07,-0.0054788948
4.211544e-07,-0.0054688419
4.212544e-07,-0.005446582
4.213544e-07,-0.005422168
4.214544e-07,-0.0054070887
4.215544e-07,-0.0054113971
4.216544e-07,-0.0054336569
4.217544e-07,-0.0054630974
4.218544e-07,-0.0054832031
4.219544e-07,-0.0054803309
4.220544e-07,-0.0054523265
4.221544e-07,-0.0054099609
4.222544e-07,-0.0053719037
4.223544e-07,-0.0053539522
4.224544e-07,-0.0053640051
4.225544e-07,-0.0053963178
4.226544e-07,-0.0054329389
4.227544e-07,-0.0054573529
4.228544e-07,-0.0054595071
4.229544e-07,-0.0054415556
4.230544e-07,-0.0054164235
4.231544e-07,-0.0053999081
4.232544e-07,-0.0054006261
4.233544e-07,-0.0054178596
4.234544e-07,-0.0054415556
4.235544e-07,-0.0054573529
4.236544e-07,-0.005458071
4.237544e-07,-0.0054437098
4.238544e-07,-0.0054243222
4.239544e-07,-0.0054113971
4.240544e-07,-0.0054121151
4.241544e-07,-0.0054264763
4.242544e-07,-0.0054444278
4.243544e-07,-0.0054573529
4.244544e-07,-0.005458071
4.245544e-07,-0.0054494543
4.246544e-07,-0.0054386834
4.247544e-07,-0.005434375
4.248544e-07,-0.0054415556
4.249544e-07,-0.0054559168
4.250544e-07,-0.0054681239
4.251544e-07,-0.0054688419
4.252544e-07,-0.0054551988
4.253544e-07,-0.0054315028
4.254544e-07,-0.0054092429
4.255544e-07,-0.0053999081
4.256544e-07,-0.0054078068
4.257544e-07,-0.0054300666
4.258544e-07,-0.0054537626
4.259544e-07,-0.0054688419
4.260544e-07,-0.0054681239
4.261544e-07,-0.0054537626
4.262544e-07,-0.0054350931
4.263544e-07,-0.005422886
4.264544e-07,-0.0054214499
4.265544e-07,-0.0054293486
4.266544e-07,-0.0054365292
4.267544e-07,-0.005434375
4.268544e-07,-0.0054192957
4.269544e-07,-0.0053941636
4.270544e-07,-0.0053690315
4.271544e-07,-0.0053539522
4.272544e-07,-0.005351798
4.273544e-07,-0.0053596967
4.274544e-07,-0.0053668773
4.275544e-07,-0.0053654412
4.276544e-07,-0.00535108
4.277544e-07,-0.0053302562
4.278544e-07,-0.0053123047
4.279544e-07,-0.0053079963
4.280544e-07,-0.0053209214
4.281544e-07,-0.0053446174
4.282544e-07,-0.0053675954
4.283544e-07,-0.0053769301
4.284544e-07,-0.0053683134
4.285544e-07,-0.0053453355
4.286544e-07,-0.0053209214
4.287544e-07,-0.0053079963
4.288544e-07,-0.0053130227
4.289544e-07,-0.0053338465
4.290544e-07,-0.0053596967
4.291544e-07,-0.0053769301
4.292544e-07,-0.0053776482
4.293544e-07,-0.0053625689
4.294544e-07,-0.0053388729
4.295544e-07,-0.0053194853
4.296544e-07,-0.0053108686
4.297544e-07,-0.0053144589
4.298544e-07,-0.0053237937
4.299544e-07,-0.0053309743
4.300544e-07,-0.0053309743
4.301544e-07,-0.0053252298
4.302544e-07,-0.0053194853
4.303544e-07,-0.0053194853
4.304544e-07,-0.0053288201
4.305544e-07,-0.0053431813
4.306544e-07,-0.0053539522
4.307544e-07,-0.0053539522
4.308544e-07,-0.0053403091
4.309544e-07,-0.0053173311
4.310544e-07,-0.0052957893
4.311544e-07,-0.0052850184
4.312544e-07,-0.0052900448
4.313544e-07,-0.0053072783
4.314544e-07,-0.005328102
4.315544e-07,-0.0053424632
4.316544e-07,-0.0053446174
4.317544e-07,-0.0053360007
4.318544e-07,-0.0053245117
4.319544e-07,-0.0053194853
4.320544e-07,-0.0053252298
4.321544e-07,-0.0053410271
4.322544e-07,-0.0053604148
4.323544e-07,-0.0053769301
4.324544e-07,-0.005386983
4.325544e-07,-0.0053927275
4.326544e-07,-0.00539919
4.327544e-07,-0.0054113971
4.328544e-07,-0.0054307847
4.329544e-07,-0.0054508904
4.330544e-07,-0.0054659697
4.331544e-07,-0.0054688419
4.332544e-07,-0.0054595071
4.333544e-07,-0.0054444278
4.334544e-07,-0.0054336569
4.335544e-07,-0.005434375
4.336544e-07,-0.0054480182
4.337544e-07,-0.0054688419
4.338544e-07,-0.0054860754
4.339544e-07,-0.0054918199
4.340544e-07,-0.0054846392
4.341544e-07,-0.005470278
4.342544e-07,-0.005458071
4.343544e-07,-0.0054573529
4.344544e-07,-0.0054688419
4.345544e-07,-0.0054875115
4.346544e-07,-0.0055011546
4.347544e-07,-0.0055033088
4.348544e-07,-0.0054925379
4.349544e-07,-0.0054753045
4.350544e-07,-0.0054645335
4.351544e-07,-0.0054688419
4.352544e-07,-0.0054882295
4.353544e-07,-0.0055133617
4.354544e-07,-0.0055298771
4.355544e-07,-0.0055262868
4.356544e-07,-0.0054990005
4.357544e-07,-0.0054573529
4.358544e-07,-0.0054149874
4.359544e-07,-0.0053884191
4.360544e-07,-0.0053841108
4.361544e-07,-0.0053970358
4.362544e-07,-0.0054142693
4.363544e-07,-0.005422886
4.364544e-07,-0.0054142693
4.365544e-07,-0.0053905733
4.366544e-07,-0.0053625689
4.367544e-07,-0.0053424632
4.368544e-07,-0.0053374368
4.369544e-07,-0.0053460535
4.370544e-07,-0.0053589786
4.371544e-07,-0.0053654412
4.372544e-07,-0.0053582606
4.373544e-07,-0.0053381549
4.374544e-07,-0.0053144589
4.375544e-07,-0.0052965074
4.376544e-07,-0.0052893267
4.377544e-07,-0.005292199
4.378544e-07,-0.0052972254
4.379544e-07,-0.0052965074
4.380544e-07,-0.0052864545
4.381544e-07,-0.0052706572
4.382544e-07,-0.005256296
4.383544e-07,-0.0052505515
4.384544e-07,-0.005257014
4.385544e-07,-0.0052699391
4.386544e-07,-0.0052821461
4.387544e-07,-0.0052850184
4.388544e-07,-0.0052764017
4.389544e-07,-0.0052620404
4.390544e-07,-0.0052505515
4.391544e-07,-0.0052505515
4.392544e-07,-0.0052634766
4.393544e-07,-0.0052828642
4.394544e-07,-0.0052965074
4.395544e-07,-0.0052965074
4.396544e-07,-0.005279992
4.397544e-07,-0.0052527057
4.398544e-07,-0.0052275735
4.399544e-07,-0.0052160846
4.400544e-07,-0.005221111
4.401544e-07,-0.0052376264
4.402544e-07,-0.0052548598
4.403544e-07,-0.0052620404
4.404544e-07,-0.005256296
4.405544e-07,-0.0052433709
4.406544e-07,-0.0052340361
4.407544e-07,-0.0052390625
4.408544e-07,-0.0052606043
4.409544e-07,-0.0052914809
4.410544e-07,-0.0053194853
4.411544e-07,-0.0053309743
4.412544e-07,-0.0053230756
4.413544e-07,-0.0053015338
4.414544e-07,-0.00528071
4.415544e-07,-0.0052735294
4.416544e-07,-0.0052871726
4.417544e-07,-0.0053180492
4.418544e-07,-0.0053525161
4.419544e-07,-0.0053769301
4.420544e-07,-0.0053841108
4.421544e-07,-0.005375494
4.422544e-07,-0.0053618509
4.423544e-07,-0.0053539522
4.424544e-07,-0.0053589786
4.425544e-07,-0.005375494
4.426544e-07,-0.0053927275
4.427544e-07,-0.0053999081
4.428544e-07,-0.0053912914
4.429544e-07,-0.0053697495
4.430544e-07,-0.0053460535
4.431544e-07,-0.0053309743
4.432544e-07,-0.0053316923
4.433544e-07,-0.0053467716
4.434544e-07,-0.0053654412
4.435544e-07,-0.0053769301
4.436544e-07,-0.0053733398
4.437544e-07,-0.0053546703
4.438544e-07,-0.0053295381
4.439544e-07,-0.0053079963
4.440544e-07,-0.0052972254
4.441544e-07,-0.0052979435
4.442544e-07,-0.005303688
4.443544e-07,-0.0053079963
4.444544e-07,-0.0053051241
4.445544e-07,-0.0052965074
4.446544e-07,-0.0052878906
4.447544e-07,-0.0052850184
4.448544e-07,-0.0052900448
4.449544e-07,-0.0052986615
4.450544e-07,-0.0053029699
4.451544e-07,-0.0052965074
4.452544e-07,-0.0052771197
4.453544e-07,-0.0052505515
4.454544e-07,-0.0052268555
4.455544e-07,-0.0052160846
4.456544e-07,-0.0052225471
4.457544e-07,-0.0052412167
4.458544e-07,-0.0052613224
4.459544e-07,-0.0052735294
4.460544e-07,-0.0052713752
4.461544e-07,-0.0052591682
4.462544e-07,-0.005244807
4.463544e-07,-0.0052390625
4.464544e-07,-0.0052476792
4.465544e-07,-0.0052677849
4.466544e-07,-0.0052907629
4.467544e-07,-0.0053079963
4.468544e-07,-0.0053137408
4.469544e-07,-0.0053094324
4.470544e-07,-0.0053051241
4.471544e-07,-0.0053079963
4.472544e-07,-0.0053237937
4.473544e-07,-0.0053503619
4.474544e-07,-0.0053790843
4.475544e-07,-0.0053999081
4.476544e-07,-0.0054078068
4.477544e-07,-0.0054049345
4.478544e-07,-0.00539919
4.479544e-07,-0.0053999081
4.480544e-07,-0.0054128332
4.481544e-07,-0.0054358111
4.482544e-07,-0.0054609432
4.483544e-07,-0.0054803309
4.484544e-07,-0.0054867934
4.485544e-07,-0.0054803309
4.486544e-07,-0.0054681239
4.487544e-07,-0.0054573529
4.488544e-07,-0.0054544807
4.489544e-07,-0.0054587891
4.490544e-07,-0.0054659697
4.491544e-07,-0.0054688419
4.492544e-07,-0.0054645335
4.493544e-07,-0.0054537626
4.494544e-07,-0.0054415556
4.495544e-07,-0.005434375
4.496544e-07,-0.005434375
4.497544e-07,-0.0054386834
4.498544e-07,-0.0054408375
4.499544e-07,-0.005434375
4.500544e-07,-0.0054157054
4.501544e-07,-0.0053891372
4.502544e-07,-0.0053618509
4.503544e-07,-0.0053424632
4.504544e-07,-0.0053352826
4.505544e-07,-0.0053374368
4.506544e-07,-0.0053424632
4.507544e-07,-0.0053424632
4.508544e-07,-0.0053316923
4.509544e-07,-0.0053123047
4.510544e-07,-0.0052907629
4.511544e-07,-0.0052735294
4.512544e-07,-0.0052663488
4.513544e-07,-0.0052699391
4.514544e-07,-0.0052778378
4.515544e-07,-0.0052850184
4.516544e-07,-0.0052871726
4.517544e-07,-0.0052857364
4.518544e-07,-0.0052828642
4.519544e-07,-0.0052850184
4.520544e-07,-0.0052936351
4.521544e-07,-0.0053072783
4.522544e-07,-0.0053209214
4.523544e-07,-0.0053309743
4.524544e-07,-0.0053352826
4.525544e-07,-0.0053360007
4.526544e-07,-0.0053374368
4.527544e-07,-0.0053424632
4.528544e-07,-0.0053525161
4.529544e-07,-0.0053640051
4.530544e-07,-0.0053726218
4.531544e-07,-0.0053769301
4.532544e-07,-0.0053783663
4.533544e-07,-0.0053833927
4.534544e-07,-0.0053970358
4.535544e-07,-0.005422886
4.536544e-07,-0.0054566349
4.537544e-07,-0.0054889476
4.538544e-07,-0.0055104894
4.539544e-07,-0.0055147978
4.540544e-07,-0.0055040269
4.541544e-07,-0.0054867934
4.542544e-07,-0.0054760225
4.543544e-07,-0.0054803309
4.544544e-07,-0.0055011546
4.545544e-07,-0.0055313132
4.546544e-07,-0.0055585995
4.547544e-07,-0.0055722426
4.548544e-07,-0.0055708065
4.549544e-07,-0.0055585995
4.550544e-07,-0.0055485466
4.551544e-07,-0.0055492647
4.552544e-07,-0.005564344
4.553544e-07,-0.00558804
4.554544e-07,-0.0056095818
4.555544e-07,-0.0056181985
4.556544e-07,-0.0056095818
4.557544e-07,-0.005588758
4.558544e-07,-0.005565062
4.559544e-07,-0.0055492647
4.560544e-07,-0.0055463925
4.561544e-07,-0.0055550092
4.562544e-07,-0.0055664982
4.563544e-07,-0.0055722426
4.564544e-07,-0.0055693704
4.565544e-07,-0.0055600356
4.566544e-07,-0.0055514189
4.567544e-07,-0.0055492647
4.568544e-07,-0.0055557273
4.569544e-07,-0.005565062
4.570544e-07,-0.0055686523
4.571544e-07,-0.0055607537
4.572544e-07,-0.005540648
4.573544e-07,-0.0055162339
4.574544e-07,-0.0054968463
4.575544e-07,-0.0054918199
4.576544e-07,-0.0055018727
4.577544e-07,-0.0055205423
4.578544e-07,-0.0055356216
4.579544e-07,-0.0055377757
4.580544e-07,-0.0055248506
4.581544e-07,-0.0055033088
4.582544e-07,-0.0054853573
4.583544e-07,-0.0054803309
4.584544e-07,-0.0054918199
4.585544e-07,-0.0055126436
4.586544e-07,-0.0055320312
4.587544e-07,-0.0055377757
4.588544e-07,-0.0055277229
4.589544e-07,-0.0055068991
4.590544e-07,-0.0054875115
4.591544e-07,-0.0054803309
4.592544e-07,-0.0054889476
4.593544e-07,-0.0055083352
4.594544e-07,-0.0055284409
4.595544e-07,-0.0055377757
4.596544e-07,-0.0055341854
4.597544e-07,-0.0055219784
4.598544e-07,-0.0055126436
4.599544e-07,-0.0055147978
4.600544e-07,-0.0055313132
4.601544e-07,-0.0055557273
4.602544e-07,-0.005576551
4.603544e-07,-0.0055837316
4.604544e-07,-0.0055751149
4.605544e-07,-0.0055578814
4.606544e-07,-0.0055456744
4.607544e-07,-0.0055492647
4.608544e-07,-0.0055708065
4.609544e-07,-0.0056031193
4.610544e-07,-0.0056304056
4.611544e-07,-0.0056411765
4.612544e-07,-0.0056304056
4.613544e-07,-0.0056059915
4.614544e-07,-0.0055815774
4.615544e-07,-0.0055722426
4.616544e-07,-0.0055837316
4.617544e-07,-0.0056102999
4.618544e-07,-0.0056383042
4.619544e-07,-0.0056526654
4.620544e-07,-0.005646921
4.621544e-07,-0.0056246611
4.622544e-07,-0.0055988109
4.623544e-07,-0.0055837316
4.624544e-07,-0.0055866039
4.625544e-07,-0.0056045554
4.626544e-07,-0.0056268153
4.627544e-07,-0.0056411765
4.628544e-07,-0.0056390223
4.629544e-07,-0.0056225069
4.630544e-07,-0.005600247
