LECROYHDO6104B,11090,Waveform
Segments,1,SegmentSize,3561
Segment,TrigTime,TimeSinceSegment1
#1,04-May-2026 18:21:05,0                 
Time,Ampl
996439,0.021279728
996440,0.012907302
996441,0.010640941
996442,0.025745334
996443,0.013596479
996444,0.014944909
996445,0.010367683
996446,0.022425035
996447,0.011328125
996448,0.013832721
996449,0.013913143
996450,0.015889246
996451,0.016463695
996452,0.011233341
996453,0.010875747
996454,0.0227511
996455,0.012585449
996456,0.01381046
996457,0.016136978
996458,0.017858887
996459,0.025415512
996460,0.010935346
996461,0.016057273
996462,0.011336742
996463,0.011046645
996464,0.010955451
996465,0.010811121
996466,0.022047335
996467,0.011899701
996468,0.01366254
996469,0.013617302
996470,0.020990349
996471,0.016773896
996472,0.020707434
996473,0.01086354
996474,0.013569192
996475,0.011905446
996476,0.012760523
996477,0.012940519
996478,0.013587144
996479,0.011070341
996480,0.012236129
996481,0.010293417
996482,0.011076803
996483,0.010835536
996484,0.011550724
996485,0.012209521
996486,0.012087833
996487,0.011001407
996488,0.016416302
996489,0.012500718
996490,0.012847659
996491,0.011417164
996492,0.011236931
996493,0.019189453
996494,0.012462015
996495,0.024235265
996496,0.010925293
996497,0.018867763
996498,0.020914953
996499,0.02434082
996500,0.015040985
996501,0.01377384
996502,0.015900018
996503,0.011189539
996504,0.017547967
996505,0.0150326
996506,0.011719468
996507,0.013869341
996508,0.012799997
996509,0.01283318
996510,0.013760914
996511,0.012332544
996512,0.016210938
996513,0.011382697
996514,0.01094109
996515,0.011075367
996516,0.011175178
996517,0.013676901
996518,0.015752098
996519,0.016399069
996520,0.010951861
996521,0.01313614
996522,0.01342558
996523,0.013798254
996524,0.0017621694
996525,0.018668141
996526,0.01089298
996527,0.010761575
996528,0.020484835
996529,0.013419836
996530,0.01097843
996531,0.012873115
996532,0.013702752
996533,0.015980439
996534,0.021309169
996535,0.016536219
996536,0.013653924
996537,0.023956658
996538,0.02787655
996539,0.010961196
996540,0.011170152
996541,0.01137049
996542,0.011495433
996543,0.016084559
996544,0.01237088
996545,0.012017463
996546,0.012965517
996547,0.013926068
996548,0.014002901
996549,0.011195283
996550,0.018377326
996551,0.021740723
996552,0.021805348
996553,0.012805894
996554,0.014023007
996555,0.011098346
996556,0.016293515
996557,0.011003561
996558,0.018681066
996559,0.011251292
996560,0.010175359
996561,0.0111522
996562,0.014016544
996563,0.016797593
996564,0.013396139
996565,0.018910846
996566,0.015872013
996567,0.017155187
996568,0.0237635
996569,0.01154229
996570,0.018538171
996571,0.017373478
996572,0.010801787
996573,0.011064596
996574,0.013059369
996575,0.013138982
996576,0.015387322
996577,0.016613051
996578,0.011160099
996579,0.016371783
996580,0.0025222125
996581,0.033570774
996582,0.010961914
996583,0.014594279
996584,0.020936253
996585,0.013924632
996586,0.011280015
996587,0.010994945
996588,0.011290872
996589,0.015405684
996590,0.013320743
996591,0.026580451
996592,0.014597926
996593,0.013812615
996594,0.013629509
996595,0.01697639
996596,0.016647186
996597,0.010983456
996598,0.012556009
996599,0.016532628
996600,0.011388442
996601,0.011560776
996602,0.010955451
996603,0.011371208
996604,0.010440646
996605,0.01639476
996606,0.016567096
996607,0.016001264
996608,0.011616067
996609,0.011527028
996610,0.013720703
996611,0.017394248
996612,0.012818819
996613,0.019030044
996614,0.013913143
996615,0.018996295
996616,0.016203038
996617,0.011869027
996618,0.018755026
996619,0.018915871
996620,0.012438002
996621,0.011420037
996622,0.01662454
996623,0.0083778678
996624,0.011069623
996625,0.021937471
996626,0.015016085
996627,0.010080842
996628,0.012756348
996629,0.015274107
996630,0.015917968
996631,0.011286478
996632,0.019080307
996633,0.013651052
996634,0.026383704
996635,0.011285041
996636,0.014950438
996637,0.012215648
996638,0.012806612
996639,0.011025822
996640,0.015693935
996641,0.016237507
996642,0.016259765
996643,0.016254021
996644,0.018793084
996645,0.013558421
996646,0.014679685
996647,0.012408088
996648,0.02035713
996649,0.010859231
996650,0.011075367
996651,0.039303768
996652,0.018405331
996653,0.011550102
996654,0.019086052
996655,0.015299524
996656,0.013788919
996657,0.026842544
996658,0.013742245
996659,0.015992647
996660,0.020440884
996661,0.018798109
996662,0.0070966994
996663,0.029334214
996664,0.01113712
996665,0.012879136
996666,0.023794375
996667,0.010951143
996668,0.010930319
996669,0.01319987
996670,0.013875804
996671,0.010279885
996672,0.015866268
996673,0.016207347
996674,0.010950425
996675,0.011283605
996676,0.014430147
996677,0.0087455437
996678,0.011934169
996679,0.017268602
996680,0.014763327
996681,0.011510666
996682,0.011090447
996683,0.013854262
996684,0.010899443
996685,0.012050494
996686,0.018807445
996687,0.011130658
996688,0.021794578
996689,0.016307876
996690,0.014797794
996691,0.012550265
996692,0.011040901
996693,0.012746295
996694,0.012580423
996695,0.013936839
996696,0.010908778
996697,0.019132726
996698,0.012398753
996699,0.013725012
996700,0.010354315
996701,0.018922335
996702,0.01377743
996703,0.018823242
996704,0.018002231
996705,0.01087072
996706,0.018802419
996707,0.011259191
996708,0.024908088
996709,0.012725471
996710,0.038102858
996711,0.011070341
996712,0.018716969
996713,0.020151205
996714,0.0028470808
996715,0.013227396
996716,0.014223346
996717,0.0048100767
996718,0.017567741
996719,0.019060202
996720,0.013623765
996721,0.021220129
996722,0.01339623
996723,0.021840533
996724,0.011523438
996725,0.013816923
996726,0.018619314
996727,0.010647229
996728,0.018711224
996729,0.015821749
996730,0.010683306
996731,0.018887868
996732,0.031668629
996733,0.011897547
996734,0.020619124
996735,0.013660386
996736,0.013955509
996737,0.013664695
996738,0.015787901
996739,0.020414013
996740,0.017976731
996741,0.015999828
996742,0.012902114
996743,0.010846307
996744,0.0088846665
996745,0.015919404
996746,0.01628059
996747,0.016587919
996748,0.010907342
996749,0.013818359
996750,0.012408088
996751,0.016373938
996752,0.013570628
996753,0.01780216
996754,0.010791734
996755,0.010927447
996756,0.011615349
996757,0.019093232
996758,0.018789493
996759,0.0086563565
996760,0.013798254
996761,0.017371323
996762,0.010857077
996763,0.016308594
996764,0.010662483
996765,0.011498335
996766,0.01645436
996767,0.013731474
996768,0.0028762054
996769,0.011144302
996770,0.015116613
996771,0.012973202
996772,0.021714155
996773,0.010948989
996774,0.01094468
996775,0.01579877
996776,0.013695571
996777,0.010326007
996778,0.015755687
996779,0.011058134
996780,0.013143382
996781,0.011136402
996782,0.015900735
996783,0.016788732
996784,0.011147174
996785,0.021554746
996786,0.016064454
996787,0.011523438
996788,0.011114143
996789,0.013361673
996790,0.0059407279
996791,0.010086874
996792,0.022789983
996793,0.013235294
996794,0.010021418
996795,0.012327665
996796,0.019554228
996797,0.013292739
996798,0.016182933
996799,0.018405331
996800,0.013800408
996801,0.016638901
996802,0.013481589
996803,0.01926844
996804,0.01113353
996805,0.015940228
996806,0.011074649
996807,0.010975557
996808,0.013285559
996809,0.011639123
996810,0.017675459
996811,0.018206539
996812,0.014168055
996813,0.011091165
996814,0.023713235
996815,0.01642492
996816,0.011351821
996817,0.013545496
996818,0.012675925
996819,0.013727166
996820,0.012353515
996821,0.011139994
996822,0.015406709
996823,0.015901454
996824,0.013248219
996825,0.013323615
996826,0.011057416
996827,0.021594957
996828,0.0024910152
996829,0.021638758
996830,0.0125
996831,0.020727774
996832,0.011285041
996833,0.022506416
996834,0.020453835
996835,0.010997099
996836,0.017248536
996837,0.017698556
996838,0.01345502
996839,0.01107824
996840,0.018915871
996841,0.013388959
996842,0.019048713
996843,0.018772978
996844,0.017525706
996845,0.011201747
996846,0.011313763
996847,0.035030589
996848,0.019358916
996849,0.021779498
996850,0.016119745
996851,0.016004855
996852,0.013931813
996853,0.0091185309
996854,0.035769474
996855,0.014029469
996856,0.014590993
996857,0.015627872
996858,0.010656739
996859,0.011789838
996860,0.017577648
996861,0.014028751
996862,0.012778662
996863,0.013681928
996864,0.011165843
996865,0.011203901
996866,0.011188821
996867,0.010425364
996868,0.016333725
996869,0.011259191
996870,0.01379969
996871,0.010899443
996872,0.018116008
996873,0.011208209
996874,0.011417164
996875,0.010987046
996876,0.010884636
996877,0.013625201
996878,0.011067469
996879,0.016269818
996880,0.011540472
996881,0.01110409
996882,0.011242676
996883,0.021335019
996884,0.011060288
996885,0.013396139
996886,0.012260168
996887,0.014977448
996888,0.011115579
996889,0.012270939
996890,0.01384421
996891,0.015518389
996892,0.013752297
996893,0.0070529273
996894,0.018637264
996895,0.011080394
996896,0.011269962
996897,0.012976793
996898,0.014690085
996899,0.013791073
996900,0.012888066
996901,0.013707778
996902,0.01484375
996903,0.01594382
996904,0.025523577
996905,0.010694795
996906,0.010868566
996907,0.01098202
996908,0.011403522
996909,0.013747271
996910,0.010774501
996911,0.012409524
996912,0.011221852
996913,0.02404426
996914,0.024180694
996915,0.030155055
996916,0.014348288
996917,0.011234777
996918,0.011516257
996919,0.013107297
996920,0.016340906
996921,0.011027976
996922,0.010948989
996923,0.018977625
996924,0.016085276
996925,0.019504664
996926,0.022881212
996927,0.010579187
996928,0.012293198
996929,0.019786162
996930,0.021159811
996931,0.013487333
996932,0.013821231
996933,0.014109174
996934,0.012119577
996935,0.015903607
996936,0.013532571
996937,0.01272619
996938,0.011086857
996939,0.011956881
996940,0.013595043
996941,0.016029986
996942,0.012563189
996943,0.0033137801
996944,0.01129653
996945,0.016796876
996946,0.016183652
996947,0.016602999
996948,0.011063878
996949,0.010949707
996950,0.020942239
996951,0.011781221
996952,0.016000547
996953,0.011045927
996954,0.015677419
996955,0.012125828
996956,0.019636804
996957,0.017892225
996958,0.012332608
996959,0.018469956
996960,0.012489947
996961,0.021732107
996962,0.01481431
996963,0.011429371
996964,0.011309455
996965,0.018991269
996966,0.013488051
996967,0.014751839
996968,0.024719957
996969,0.010741469
996970,0.019825654
996971,0.013508157
996972,0.016023524
996973,0.015678706
996974,0.013560575
996975,0.015889246
996976,0.011156509
996977,0.016074507
996978,0.011359002
996979,0.0020337068
996980,0.013890166
996981,0.012159639
996982,0.01898337
996983,0.013637408
996984,0.014194624
996985,0.022119859
996986,0.010839126
996987,0.011264218
996988,0.039636947
996989,0.025786163
996990,0.011429371
996991,0.012867647
996992,0.01133028
996993,0.011163689
996994,0.03203484
996995,0.011565803
996996,0.011432962
996997,0.010993509
996998,0.01294807
996999,0.021233054
997000,0.023288144
997001,0.020123471
997002,0.013528263
997003,0.012683824
997004,0.020177504
997005,0.016411277
997006,0.011221852
997007,0.011124914
997008,0.01610969
997009,0.014288689
997010,0.013445686
997011,0.011020795
997012,0.013717831
997013,0.013722139
997014,0.0138011
997015,0.011106962
997016,0.021656709
997017,0.010923139
997018,0.010950425
997019,0.013480153
997020,0.0026913038
997021,0.013355928
997022,0.011136402
997023,0.019152114
997024,0.016481647
997025,0.019401999
997026,0.014952177
997027,0.022150734
997028,0.021476476
997029,0.013607968
997030,0.016107537
997031,0.011213236
997032,0.015220731
997033,0.01354406
997034,0.011163689
997035,0.016742302
997036,0.0032599194
997037,0.016248995
997038,0.016497912
997039,0.013811179
997040,0.014013672
997041,0.0028905056
997042,0.011359002
997043,0.01110409
997044,0.019041533
997045,0.010894416
997046,0.017499857
997047,0.016079532
997048,0.013588921
997049,0.019189453
997050,0.012430348
997051,0.013461484
997052,0.011523438
997053,0.015774356
997054,0.022002814
997055,0.011493997
997056,0.014275046
997057,0.034742646
997058,0.023943014
997059,0.014556525
997060,0.018803136
997061,0.013661822
997062,0.012905704
997063,0.011307301
997064,0.011025104
997065,0.010854923
997066,0.013706342
997067,0.011530618
997068,0.013067288
997069,0.011160099
997070,0.013505285
997071,0.015626436
997072,0.013784611
997073,0.013687672
997074,0.011753217
997075,0.016228888
997076,0.014430865
997077,0.016793285
997078,0.016314339
997079,0.027481617
997080,0.011110553
997081,0.011362592
997082,0.011114143
997083,0.030315146
997084,0.013768814
997085,0.013979205
997086,0.014748966
997087,0.016159955
997088,0.021401079
997089,0.01474035
997090,0.017589614
997091,0.011068187
997092,0.025183149
997093,0.013374598
997094,0.011178768
997095,0.011606732
997096,0.010987046
997097,0.011063878
997098,0.018359374
997099,0.010812557
997100,0.013886576
997101,0.01794902
997102,0.013913143
997103,0.011055262
997104,0.017364861
997105,0.01865378
997106,0.017443435
997107,0.014042394
997108,0.01152631
997109,0.012135943
997110,0.013568474
997111,0.012284582
997112,0.020225614
997113,0.031051815
997114,0.020347854
997115,0.021444881
997116,0.012091544
997117,0.011194565
997118,0.016618796
997119,0.013568474
997120,0.010612937
997121,0.013710651
997122,0.015851907
997123,0.027652029
997124,0.011707979
997125,0.012906056
997126,0.02271485
997127,0.011402085
997128,0.011035874
997129,0.013494514
997130,0.018999645
997131,0.011906164
997132,0.013314281
997133,0.011860208
997134,0.016932588
997135,0.016549144
997136,0.013439223
997137,0.02402631
997138,0.014161592
997139,0.018480629
997140,0.011457376
997141,0.010850615
997142,0.011511949
997143,0.015189137
997144,0.01377025
997145,0.013595761
997146,0.0132554
997147,0.013508157
997148,0.011076085
997149,0.023181684
997150,0.014180262
997151,0.02999483
997152,0.01088939
997153,0.013924632
997154,0.011070341
997155,0.016051527
997156,0.013870778
997157,0.011123477
997158,0.024871752
997159,0.011661305
997160,0.013508875
997161,0.0095753809
997162,0.011806011
997163,0.018626494
997164,0.016144158
997165,0.017145135
997166,0.010844152
997167,0.01368839
997168,0.011617503
997169,0.010270602
997170,0.013855699
997171,0.011008588
997172,0.010958324
997173,0.013596479
997174,0.013502412
997175,0.013694853
997176,0.011545697
997177,0.010381678
997178,0.013696289
997179,0.011262064
997180,0.012096808
997181,0.013809024
997182,0.011317354
997183,0.016564224
997184,0.019360352
997185,0.013859289
997186,0.020845402
997187,0.011345359
997188,0.01283318
997189,0.013972024
997190,0.023369284
997191,0.010317186
997192,0.013627355
997193,0.013928941
997194,0.014070399
997195,0.011856617
997196,0.011286979
997197,0.019145651
997198,0.013833439
997199,0.011562212
997200,0.011282887
997201,0.01517693
997202,0.018386662
997203,0.015188419
997204,0.010916676
997205,0.018778723
997206,0.013744399
997207,0.013995002
997208,0.013890166
997209,0.019755285
997210,0.011208927
997211,0.015311508
997212,0.013855699
997213,0.018285755
997214,0.011033002
997215,0.015004596
997216,0.016157083
997217,0.013760196
997218,0.013381778
997219,0.025017234
997220,0.013748707
997221,0.013775276
997222,0.013939711
997223,0.014059627
997224,0.01124483
997225,0.011006434
997226,0.016353114
997227,0.013490206
997228,0.026593689
997229,0.011313045
997230,0.025562979
997231,0.010915958
997232,0.013823385
997233,0.011664177
997234,0.010128964
997235,0.021728231
997236,0.013710651
997237,0.01230397
997238,0.021121755
997239,0.013530417
997240,0.016521139
997241,0.025448069
997242,0.01335521
997243,0.016133387
997244,0.015359721
997245,0.012803886
997246,0.016024241
997247,0.011020077
997248,0.011089011
997249,0.024141917
997250,0.015296995
997251,0.011247702
997252,0.01112635
997253,0.015973259
997254,0.013653206
997255,0.028550619
997256,0.014085398
997257,0.011661305
997258,0.013358083
997259,0.012594784
997260,0.011017923
997261,0.012660845
997262,0.011083985
997263,0.016254021
997264,0.013752297
997265,0.01607307
997266,0.014361213
997267,0.011519847
997268,0.016314339
997269,0.013648897
997270,0.016374655
997271,0.014878217
997272,0.022256291
997273,0.015150362
997274,0.016629567
997275,0.01349954
997276,0.013741527
997277,0.010868566
997278,0.015235781
997279,0.031526454
997280,0.015584788
997281,0.013519647
997282,0.011061724
997283,0.010987046
997284,0.013694853
997285,0.0021932682
997286,0.020463211
997287,0.012885598
997288,0.011348949
997289,0.010935346
997290,0.018788775
997291,0.014254223
997292,0.011666331
997293,0.011860926
997294,0.014746045
997295,0.01221852
997296,0.027038371
997297,0.014763327
997298,0.026552448
997299,0.022011431
997300,0.016062299
997301,0.010888672
997302,0.012977511
997303,0.021521714
997304,0.018623622
997305,0.013779584
997306,0.021897977
997307,0.017365579
997308,0.014028033
997309,0.018068254
997310,0.011259191
997311,0.016050091
997312,0.016317211
997313,0.011465993
997314,0.011155791
997315,0.013905245
997316,0.013354492
997317,0.01361443
997318,0.011091165
997319,0.0084631778
997320,0.021591365
997321,0.013834875
997322,0.011236931
997323,0.017970631
997324,0.012017463
997325,0.015845444
997326,0.010992073
997327,0.014883962
997328,0.016440718
997329,0.010768037
997330,0.013924632
997331,0.011312327
997332,0.014187442
997333,0.010999253
997334,0.01128576
997335,0.020224364
997336,0.011004997
997337,0.015338955
997338,0.017058967
997339,0.024881549
997340,0.0025683593
997341,0.016215246
997342,0.016233915
997343,0.01338106
997344,0.011510064
997345,0.011376953
997346,0.016396916
997347,0.014264275
997348,0.010729214
997349,0.026539521
997350,0.011055262
997351,0.013710651
997352,0.015494313
997353,0.010986328
997354,0.010960478
997355,0.013778866
997356,0.017532863
997357,0.015491304
997358,0.019144934
997359,0.011638328
997360,0.013789637
997361,0.015090669
997362,0.013719985
997363,0.014522059
997364,0.013941147
997365,0.011349667
997366,0.013361673
997367,0.013539752
997368,0.011081831
997369,0.013924632
997370,0.011419319
997371,0.012299662
997372,0.014857393
997373,0.016475184
997374,0.011328125
997375,0.011006434
997376,0.018482164
997377,0.016555607
997378,0.016464412
997379,0.011247702
997380,0.011040183
997381,0.010861386
997382,0.01618796
997383,0.0099779097
997384,0.019007066
997385,0.013712087
997386,0.013510311
997387,0.014490312
997388,0.013697007
997389,0.013534008
997390,0.016326545
997391,0.018828269
997392,0.017813459
997393,0.018588437
997394,0.01391458
997395,0.011218262
997396,0.014636949
997397,0.014197021
997398,0.011087575
997399,0.019152682
997400,0.010973403
997401,0.017985713
997402,0.026769301
997403,0.016468721
997404,0.013696289
997405,0.013430607
997406,0.011152918
997407,0.013541906
997408,0.014142923
997409,0.01113712
997410,0.012798714
997411,0.011073931
997412,0.010906624
997413,0.013893038
997414,0.013745835
997415,0.013903582
997416,0.021507353
997417,0.015716912
997418,0.013408347
997419,0.012637868
997420,0.011150046
997421,0.01226304
997422,0.01630285
997423,0.021498736
997424,0.013490924
997425,0.013733628
997426,0.012195542
997427,0.010998535
997428,0.026746323
997429,0.03567028
997430,0.015616383
997431,0.011030848
997432,0.016605154
997433,0.016182216
997434,0.015958181
997435,0.014326747
997436,0.029872041
997437,0.029288976
997438,0.011232623
997439,0.019385483
997440,0.012459129
997441,0.013390395
997442,0.011275707
997443,0.015306899
997444,0.01349236
997445,0.010887119
997446,0.016040038
997447,0.023331227
997448,0.01356991
997449,0.013788201
997450,0.012556889
997451,0.018615723
997452,0.012564626
997453,0.011084703
997454,0.010943244
997455,0.015167596
997456,0.011008588
997457,0.010617693
997458,0.019067382
997459,0.01453642
997460,0.0094370982
997461,0.017394301
997462,0.026826747
997463,0.012236471
997464,0.013552616
997465,0.0099479835
997466,0.013283405
997467,0.017383531
997468,0.013586426
997469,0.015682444
997470,0.012815855
997471,0.013488051
997472,0.016190113
997473,0.014537138
997474,0.011390597
997475,0.011569394
997476,0.010914522
997477,0.013292739
997478,0.013051471
997479,0.012312586
997480,0.016447898
997481,0.0099796075
997482,0.013903091
997483,0.012876276
997484,0.016119026
997485,0.011479636
997486,0.039434455
997487,0.0188765
997488,0.011329544
997489,0.01105957
997490,0.010327078
997491,0.021622961
997492,0.013918888
997493,0.013878676
997494,0.013076584
997495,0.021551874
997496,0.0092961201
997497,0.010121268
997498,0.013330078
997499,0.019326603
997500,0.013076946
997501,0.010938218
997502,0.011290068
997503,0.01225945
997504,0.011335306
997505,0.01157442
997506,0.013430607
997507,0.020266544
997508,0.01916432
997509,0.024253218
997510,0.014051011
997511,0.011554314
997512,0.020340504
997513,0.011099064
997514,0.013683364
997515,0.013805434
997516,0.012956719
997517,0.011170152
997518,0.0098593077
997519,0.013768096
997520,0.010821892
997521,0.011113425
997522,0.024856942
997523,0.018696863
997524,0.009846325
997525,0.015475644
997526,0.027875114
997527,0.013717113
997528,0.026789406
997529,0.012531594
997530,0.011227597
997531,0.0026107109
997532,0.016233196
997533,0.013639562
997534,0.0241412
997535,0.015716912
997536,0.011161535
997537,0.010702694
997538,0.011690028
997539,0.014434455
997540,0.011152918
997541,0.015223381
997542,0.010772346
997543,0.011081831
997544,0.011298684
997545,0.013865033
997546,0.014476103
997547,0.010385652
997548,0.015856933
997549,0.013522519
997550,0.0032799225
997551,0.011272835
997552,0.01361443
997553,0.014239143
997554,0.0109375
997555,0.013857135
997556,0.015360129
997557,0.011349667
997558,0.019073846
997559,0.015785845
997560,0.01361084
997561,0.01098561
997562,0.01114861
997563,0.031545121
997564,0.018952493
997565,0.013532571
997566,0.013604377
997567,0.024567146
997568,0.013304946
997569,0.016463695
997570,0.010242662
997571,0.011201747
997572,0.013522519
997573,0.020670813
997574,0.013629509
997575,0.022109807
997576,0.01171157
997577,0.016812673
997578,0.011019359
997579,0.011269962
997580,0.010964069
997581,0.013908835
997582,0.010948271
997583,0.017789945
997584,0.010880055
997585,0.014569451
997586,0.013602941
997587,0.011726649
997588,0.011672794
997589,0.013419118
997590,0.01103911
997591,0.011592371
997592,0.013587862
997593,0.015004596
997594,0.013971306
997595,0.015801642
997596,0.018654497
997597,0.012167538
997598,0.013849954
997599,0.015001649
997600,0.012202005
997601,0.018964458
997602,0.013545496
997603,0.013438505
997604,0.010851333
997605,0.011305147
997606,0.018915154
997607,0.013970588
997608,0.010835536
997609,0.020965748
997610,0.016292796
997611,0.020570084
997612,0.014998069
997613,0.011036593
997614,0.014941902
997615,0.016439281
997616,0.014196778
997617,0.031354837
997618,0.016209502
997619,0.011997358
997620,0.027448092
997621,0.014132152
997622,0.017137954
997623,0.017835813
997624,0.017744256
997625,0.01372932
997626,0.013928941
997627,0.013168515
997628,0.010292637
997629,0.014808868
997630,0.010444303
997631,0.012270939
997632,0.015701832
997633,0.010475408
997634,0.011342486
997635,0.0188017
997636,0.026784381
997637,0.011521284
997638,0.012396066
997639,0.022522861
997640,0.011799691
997641,0.016164981
997642,0.010868566
997643,0.01103372
997644,0.013720703
997645,0.016393324
997646,0.017612591
997647,0.010040402
997648,0.016670497
997649,0.011393469
997650,0.0042314786
997651,0.011071777
997652,0.014068244
997653,0.014081888
997654,0.01396987
997655,0.020889314
997656,0.014183852
997657,0.011309455
997658,0.018773695
997659,0.014016544
997660,0.01908318
997661,0.011873852
997662,0.0093243541
997663,0.010983456
997664,0.012786506
997665,0.011362592
997666,0.01338465
997667,0.013890166
997668,0.013722857
997669,0.011324535
997670,0.011582319
997671,0.013296329
997672,0.011170152
997673,0.013763787
997674,0.0099081444
997675,0.010934628
997676,0.010512408
997677,0.011410702
997678,0.015919404
997679,0.019308854
997680,0.014945248
997681,0.013924632
997682,0.010961914
997683,0.013427016
997684,0.032435946
997685,0.010701258
997686,0.013672593
997687,0.013312845
997688,0.013687672
997689,0.023196232
997690,0.013870778
997691,0.012026798
997692,0.010952579
997693,0.016179344
997694,0.020461857
997695,0.015797334
997696,0.012425296
997697,0.018929515
997698,0.013523955
997699,0.016482364
997700,0.010955451
997701,0.011825023
997702,0.011101936
997703,0.021573415
997704,0.013625919
997705,0.026493566
997706,0.013407629
997707,0.011051672
997708,0.014230526
997709,0.019242389
997710,0.037238628
997711,0.017944518
997712,0.010928883
997713,0.0089032501
997714,0.013749425
997715,0.011029412
997716,0.016238943
997717,0.013243911
997718,0.015429728
997719,0.014051011
997720,0.015261285
997721,0.016269818
997722,0.015085018
997723,0.013872214
997724,0.0111005
997725,0.013443531
997726,0.013482307
997727,0.016364602
997728,0.011474609
997729,0.016449334
997730,0.011158663
997731,0.014802103
997732,0.026519416
997733,0.010983456
997734,0.016371783
997735,0.024063649
997736,0.01198874
997737,0.011868824
997738,0.012554121
997739,0.011260627
997740,0.011006434
997741,0.014021571
997742,0.016231043
997743,0.010803223
997744,0.035664223
997745,0.016416302
997746,0.012974028
997747,0.012534467
997748,0.0109892
997749,0.011695054
997750,0.013200827
997751,0.031573128
997752,0.010886517
997753,0.012713264
997754,0.021702666
997755,0.010181247
997756,0.012455745
997757,0.01060791
997758,0.010983456
997759,0.014072089
997760,0.015398811
997761,0.024053596
997762,0.011034438
997763,0.021661736
997764,0.019097541
997765,0.010790298
997766,0.015213472
997767,0.014975155
997768,0.0230377
997769,0.01094109
997770,0.014384191
997771,0.010948989
997772,0.01113712
997773,0.013646025
997774,0.013635972
997775,0.01875359
997776,0.010903751
997777,0.01145953
997778,0.0097118989
997779,0.023936553
997780,0.011237649
997781,0.010999971
997782,0.011081113
997783,0.012704183
997784,0.027804745
997785,0.010796042
997786,0.016315056
997787,0.010983456
997788,0.021528177
997789,0.014833697
997790,0.030058028
997791,0.016096048
997792,0.029610667
997793,0.01915714
997794,0.018667422
997795,0.024301328
997796,0.0188534
997797,0.013376034
997798,0.01024165
997799,0.011293174
997800,0.011348949
997801,0.011854463
997802,0.013235294
997803,0.015235708
997804,0.011259191
997805,0.019148523
997806,0.013527545
997807,0.01138557
997808,0.011322381
997809,0.011230469
997810,0.023768526
997811,0.011925551
997812,0.011239803
997813,0.011046645
997814,0.012247243
997815,0.010838408
997816,0.024219468
997817,0.009773978
997818,0.013746553
997819,0.0035592222
997820,0.013371726
997821,0.011190975
997822,0.010805377
997823,0.011132094
997824,0.011371208
997825,0.018681066
997826,0.015705423
997827,0.010321668
997828,0.012186152
997829,0.010417987
997830,0.014039522
997831,0.013717831
997832,0.018025476
997833,0.021444881
997834,0.011009306
997835,0.013791073
997836,0.013269761
997837,0.010753676
997838,0.013709933
997839,0.010684743
997840,0.013989976
997841,0.013422064
997842,0.018609978
997843,0.011465993
997844,0.01083769
997845,0.012904986
997846,0.018555827
997847,0.029610667
997848,0.014947151
997849,0.018848374
997850,0.015538115
997851,0.014223346
997852,0.013800408
997853,0.013597197
997854,0.015812414
997855,0.03181655
997856,0.011297248
997857,0.011040901
997858,0.01465131
997859,0.01893167
997860,0.017746244
997861,0.018400388
997862,0.013391113
997863,0.013441377
997864,0.011138557
997865,0.010836254
997866,0.015866268
997867,0.01206701
997868,0.0034867311
997869,0.010813993
997870,0.011487534
997871,0.016529039
997872,0.012757784
997873,0.010935346
997874,0.012850096
997875,0.011024386
997876,0.013456456
997877,0.011225442
997878,0.036927707
997879,0.013875086
997880,0.028202893
997881,0.01334444
997882,0.016348805
997883,0.01983642
997884,0.016503906
997885,0.011804199
997886,0.01937543
997887,0.018554688
997888,0.0031839062
997889,0.018818934
997890,0.011094037
997891,0.024009077
997892,0.019197352
997893,0.011045927
997894,0.011213954
997895,0.013702033
997896,0.012626379
997897,0.027084716
997898,0.011066033
997899,0.011135684
997900,0.013715677
997901,0.010845589
997902,0.013811897
997903,0.011149328
997904,0.022473145
997905,0.011170152
997906,0.010961914
997907,0.016222427
997908,0.011066751
997909,0.02330035
997910,0.014081888
997911,0.012557079
997912,0.011679256
997913,0.021814683
997914,0.011639764
997915,0.016164981
997916,0.016130514
997917,0.017211586
997918,0.013669003
997919,0.013350184
997920,0.01679337
997921,0.01676169
997922,0.01630285
997923,0.015363091
997924,0.013582836
997925,0.012281709
997926,0.011030848
997927,0.029078584
997928,0.013315717
997929,0.01349954
997930,0.0027190563
997931,0.01103013
997932,0.018905101
997933,0.013921042
997934,0.01592084
997935,0.016279871
997936,0.02535047
997937,0.021645939
997938,0.011391315
997939,0.011201029
997940,0.011122759
997941,0.012219359
997942,0.015390356
997943,0.010987046
997944,0.013361673
997945,0.0051721716
997946,0.012853286
997947,0.013827695
997948,0.011534208
997949,0.0096793827
997950,0.014993107
997951,0.010776655
997952,0.01908318
997953,0.014156566
997954,0.010962632
997955,0.023629222
997956,0.018926643
997957,0.0087608695
997958,0.013358607
997959,0.021731388
997960,0.014206465
997961,0.013568474
997962,0.01328125
997963,0.018910846
997964,0.019031245
997965,0.014553653
997966,0.018130314
997967,0.017537022
997968,0.02405192
997969,0.013200827
997970,0.016210938
997971,0.01109691
997972,0.016147748
997973,0.02405216
997974,0.011544261
997975,0.011106244
997976,0.019493192
997977,0.030215994
997978,0.019358197
997979,0.019209558
997980,0.01113353
997981,0.018887868
997982,0.013024184
997983,0.012831026
997984,0.01085995
997985,0.013550523
997986,0.013900937
997987,0.011111271
997988,0.026413143
997989,0.010779527
997990,0.010832663
997991,0.014247759
997992,0.021533921
997993,0.011144302
997994,0.016659006
997995,0.011914062
997996,0.011029412
997997,0.0081039621
997998,0.011092601
997999,0.015846163
998000,0.013235294
998001,0.016172161
998002,0.013823385
998003,0.012774719
998004,0.010817584
998005,0.028117906
998006,0.013680492
998007,0.010913804
998008,0.013525391
998009,0.017830882
998010,0.010895853
998011,0.011070341
998012,0.021347225
998013,0.010980584
998014,0.0017430199
998015,0.01338465
998016,0.011420037
998017,0.015433643
998018,0.012141688
998019,0.011448042
998020,0.011066751
998021,0.010214761
998022,0.026400937
998023,0.016345214
998024,0.0075591775
998025,0.017704504
998026,0.011208209
998027,0.012467611
998028,0.011035156
998029,0.0099540278
998030,0.012273811
998031,0.013511029
998032,0.011123477
998033,0.012179745
998034,0.011311609
998035,0.016259048
998036,0.015857652
998037,0.013430607
998038,0.016153492
998039,0.013478717
998040,0.013500976
998041,0.013637408
998042,0.021064309
998043,0.013663258
998044,0.023727596
998045,0.012977511
998046,0.016022805
998047,0.010814711
998048,0.013939711
998049,0.011173024
998050,0.024168137
998051,0.01382554
998052,0.015126767
998053,0.010931755
998054,0.019255515
998055,0.010839844
998056,0.011247702
998057,0.010816148
998058,0.014558637
998059,0.013612994
998060,0.0161578
998061,0.013536162
998062,0.011020795
998063,0.01762408
998064,0.017086552
998065,0.011925551
998066,0.015085232
998067,0.01202608
998068,0.010038944
998069,0.011168716
998070,0.014326747
998071,0.011099782
998072,0.014738184
998073,0.016203757
998074,0.018910846
998075,0.01127068
998076,0.01133028
998077,0.01138557
998078,0.013680492
998079,0.013952531
998080,0.01353688
998081,0.018911563
998082,0.012028952
998083,0.011615349
998084,0.013290239
998085,0.015182722
998086,0.013545496
998087,0.011362592
998088,0.01388873
998089,0.011311609
998090,0.01103372
998091,0.018414086
998092,0.011555032
998093,0.010592831
998094,0.022366792
998095,0.0128777
998096,0.018113798
998097,0.014085478
998098,0.013430607
998099,0.013718549
998100,0.017794857
998101,0.010885081
998102,0.011335306
998103,0.024597887
998104,0.018195657
998105,0.012793363
998106,0.018189913
998107,0.010483108
998108,0.017663537
998109,0.023747703
998110,0.016130514
998111,0.016641056
998112,0.017142816
998113,0.011114143
998114,0.011088293
998115,0.015153912
998116,0.011150046
998117,0.016301414
998118,0.012905149
998119,0.011132812
998120,0.01610969
998121,0.016385427
998122,0.018037293
998123,0.014725988
998124,0.013973461
998125,0.020532945
998126,0.010831945
998127,0.011283605
998128,0.01788439
998129,0.010957606
998130,0.0135814
998131,0.010977712
998132,0.011103372
998133,0.012036674
998134,0.013648897
998135,0.012879854
998136,0.011271399
998137,0.013913861
998138,0.013396139
998139,0.012350643
998140,0.017877102
998141,0.016429229
998142,0.010849897
998143,0.015096972
998144,0.016383272
998145,0.033050198
998146,0.017513964
998147,0.024358772
998148,0.01075583
998149,0.013579963
998150,0.024121812
998151,0.013409783
998152,0.013907399
998153,0.012744859
998154,0.015018378
998155,0.011018641
998156,0.010605756
998157,0.017178165
998158,0.011454504
998159,0.013641717
998160,0.013409783
998161,0.01128576
998162,0.0097822361
998163,0.01257037
998164,0.013622329
998165,0.022709036
998166,0.013801844
998167,0.012235753
998168,0.011532553
998169,0.013420554
998170,0.013545496
998171,0.010999253
998172,0.015998088
998173,0.015981875
998174,0.011730239
998175,0.025208943
998176,0.012838124
998177,0.025436874
998178,0.011682129
998179,0.027090993
998180,0.019876705
998181,0.0031631219
998182,0.018520221
998183,0.0093216877
998184,0.013246783
998185,0.029550351
998186,0.011081113
998187,0.013568474
998188,0.023874082
998189,0.011366182
998190,0.017212119
998191,0.013448558
998192,0.014493781
998193,0.0096399318
998194,0.016432818
998195,0.015133129
998196,0.013595761
998197,0.011542825
998198,0.023862591
998199,0.02083905
998200,0.013890166
998201,0.013437787
998202,0.019251158
998203,0.0027493576
998204,0.01339973
998205,0.011644072
998206,0.01490469
998207,0.0031009368
998208,0.012519388
998209,0.011638328
998210,0.010739315
998211,0.022458643
998212,0.011196001
998213,0.010739315
998214,0.013598633
998215,0.011132094
998216,0.013923196
998217,0.013513183
998218,0.013358083
998219,0.013512465
998220,0.011184513
998221,0.011346795
998222,0.010930319
998223,0.011029412
998224,0.01372573
998225,0.01088939
998226,0.011068187
998227,0.016670497
998228,0.016126206
998229,0.016149903
998230,0.013947229
998231,0.011119887
998232,0.013528263
998233,0.016176471
998234,0.014144359
998235,0.010999971
998236,0.015151798
998237,0.018780876
998238,0.011150764
998239,0.016630284
998240,0.01217824
998241,0.018941723
998242,0.016880888
998243,0.013840619
998244,0.025395652
998245,0.0028239992
998246,0.010991354
998247,0.012971048
998248,0.020481244
998249,0.012201287
998250,0.016063018
998251,0.012299662
998252,0.010979866
998253,0.010872156
998254,0.011468865
998255,0.016215246
998256,0.013361673
998257,0.012658691
998258,0.016022805
998259,0.020137208
998260,0.024126839
998261,0.011251292
998262,0.016396197
998263,0.016432101
998264,0.020898437
998265,0.01105239
998266,0.016774615
998267,0.015340701
998268,0.013660386
998269,0.014535702
998270,0.016955972
998271,0.011020795
998272,0.01590289
998273,0.011170152
998274,0.0039206413
998275,0.01114861
998276,0.024457864
998277,0.011236213
998278,0.013457174
998279,0.011012896
998280,0.014996819
998281,0.011046645
998282,0.010842716
998283,0.016257612
998284,0.016683422
998285,0.013660386
998286,0.011127668
998287,0.025612876
998288,0.011863798
998289,0.010687177
998290,0.015553229
998291,0.016967773
998292,0.010961914
998293,0.018888585
998294,0.012212776
998295,0.0129294
998296,0.020341223
998297,0.011109835
998298,0.025572792
998299,0.011121323
998300,0.011077521
998301,0.011599386
998302,0.018872788
998303,0.01157083
998304,0.015523035
998305,0.016210938
998306,0.01773897
998307,0.011109835
998308,0.010933192
998309,0.011207491
998310,0.0165434
998311,0.016348805
998312,0.017458927
998313,0.015387414
998314,0.011190257
998315,0.013623047
998316,0.019094668
998317,0.013648897
998318,0.015948128
998319,0.011086857
998320,0.025573038
998321,0.01582174
998322,0.021289062
998323,0.016226016
998324,0.015492169
998325,0.016306439
998326,0.0039444966
998327,0.016075943
998328,0.01100787
998329,0.0086613679
998330,0.013852108
998331,0.021360869
998332,0.031246692
998333,0.011899701
998334,0.016401224
998335,0.012187336
998336,0.016051527
998337,0.011012178
998338,0.013878676
998339,0.013038765
998340,0.019073846
998341,0.01876149
998342,0.021703383
998343,0.013872214
998344,0.018637983
998345,0.017190373
998346,0.010989918
998347,0.018691119
998348,0.013479435
998349,0.010932473
998350,0.010811121
998351,0.013430607
998352,0.011155791
998353,0.012159579
998354,0.016505342
998355,0.018861664
998356,0.02226894
998357,0.018922335
998358,0.018986961
998359,0.012907858
998360,0.02157844
998361,0.011264936
998362,0.018818934
998363,0.010732853
998364,0.013078757
998365,0.018382354
998366,0.016715433
998367,0.013849954
998368,0.013342286
998369,0.01117087
998370,0.023589011
998371,0.01078958
998372,0.010871438
998373,0.013984231
998374,0.012442555
998375,0.011021513
998376,0.013780302
998377,0.010976993
998378,0.016597971
998379,0.018910846
998380,0.013464356
998381,0.01216682
998382,0.011127786
998383,0.019748757
998384,0.016060863
998385,0.013531135
998386,0.011601996
998387,0.014506262
998388,0.013698443
998389,0.023690257
998390,0.011273553
998391,0.013540231
998392,0.013284841
998393,0.011245548
998394,0.013276224
998395,0.013556985
998396,0.015681008
998397,0.014154412
998398,0.011496869
998399,0.012645404
998400,0.021510186
998401,0.011240148
998402,0.010451032
998403,0.011239085
998404,0.014358341
998405,0.011653407
998406,0.012876108
998407,0.01191478
998408,0.010689051
998409,0.011105526
998410,0.018798109
998411,0.01630285
998412,0.016124053
998413,0.026691033
998414,0.012003102
998415,0.013248937
998416,0.01187457
998417,0.016490264
998418,0.011435116
998419,0.013844928
998420,0.011089729
998421,0.011926269
998422,0.029171214
998423,0.015895441
998424,0.010650275
998425,0.011238367
998426,0.016818993
998427,0.012752757
998428,0.015691468
998429,0.011394905
998430,0.011408548
998431,0.013384206
998432,0.013964126
998433,0.013796818
998434,0.010824764
998435,0.019313678
998436,0.029022576
998437,0.013400448
998438,0.017627671
998439,0.012585637
998440,0.013541188
998441,0.013947611
998442,0.013637113
998443,0.021336766
998444,0.01618796
998445,0.018009014
998446,0.01094468
998447,0.01642851
998448,0.011352539
998449,0.011186667
998450,0.011274271
998451,0.011030477
998452,0.014825799
998453,0.011014332
998454,0.010951143
998455,0.029733473
998456,0.010054702
998457,0.013649615
998458,0.013945972
998459,0.020046653
998460,0.012191234
998461,0.013266888
998462,0.016176471
998463,0.010737161
998464,0.011553054
998465,0.010775937
998466,0.015288925
998467,0.010458737
998468,0.011317354
998469,0.01370706
998470,0.012561753
998471,0.010885799
998472,0.010010962
998473,0.013407629
998474,0.013498104
998475,0.012960277
998476,0.016555607
998477,0.010963351
998478,0.01586986
998479,0.0097314464
998480,0.020038607
998481,0.013757324
998482,0.010921703
998483,0.01849868
998484,0.011471019
998485,0.010827636
998486,0.016134823
998487,0.016529039
998488,0.011608887
998489,0.011163689
998490,0.011062442
998491,0.011027976
998492,0.011938477
998493,0.010085016
998494,0.0034185008
998495,0.019739488
998496,0.011038029
998497,0.014097685
998498,0.01683565
998499,0.023012409
998500,0.018915154
998501,0.012638086
998502,0.011514821
998503,0.011201747
998504,0.017548684
998505,0.011163689
998506,0.01117087
998507,0.012001666
998508,0.013157052
998509,0.011882468
998510,0.013821949
998511,0.013786765
998512,0.024284093
998513,0.015992647
998514,0.012157485
998515,0.013878676
998516,0.012146714
998517,0.011379107
998518,0.018900793
998519,0.011033002
998520,0.014018699
998521,0.011098346
998522,0.012798714
998523,0.013832721
998524,0.010968377
998525,0.013456456
998526,0.013932531
998527,0.016097484
998528,0.016973546
998529,0.016439281
998530,0.015005314
998531,0.0099383704
998532,0.013525391
998533,0.011578728
998534,0.021855613
998535,0.013845646
998536,0.015601304
998537,0.011027258
998538,0.011369772
998539,0.018709788
998540,0.025980642
998541,0.021830481
998542,0.018004967
998543,0.01088939
998544,0.011294376
998545,0.013292739
998546,0.020428108
998547,0.01306296
998548,0.01107824
998549,0.0097739054
998550,0.011928423
998551,0.022462374
998552,0.015023983
998553,0.012825948
998554,0.011357565
998555,0.012488511
998556,0.011330998
998557,0.013363827
998558,0.015613511
998559,0.011063878
998560,0.011879596
998561,0.013446404
998562,0.018666705
998563,0.013407629
998564,0.02654383
998565,0.013821231
998566,0.0099913673
998567,0.013864315
998568,0.012013155
998569,0.011667049
998570,0.013332232
998571,0.013648179
998572,0.013635254
998573,0.013974897
998574,0.013253246
998575,0.010881491
998576,0.013627355
998577,0.010754394
998578,0.01122257
998579,0.012699027
998580,0.013444968
998581,0.011183795
998582,0.013278038
998583,0.01361443
998584,0.011477482
998585,0.011273553
998586,0.011136402
998587,0.0149292
998588,0.021270461
998589,0.017200425
998590,0.013832721
998591,0.010534932
998592,0.016183652
998593,0.016423484
998594,0.013906681
998595,0.023440942
998596,0.021024816
998597,0.013694853
998598,0.020264735
998599,0.016213091
998600,0.011420037
998601,0.01124483
998602,0.010849897
998603,0.011812098
998604,0.013549805
998605,0.016546991
998606,0.01652473
998607,0.013496668
998608,0.010720646
998609,0.015992647
998610,0.011458094
998611,0.016079532
998612,0.016179344
998613,0.011014332
998614,0.0053209253
998615,0.013683364
998616,0.012856131
998617,0.0033103114
998618,0.013680492
998619,0.016486673
998620,0.013961972
998621,0.01232267
998622,0.011161535
998623,0.013879394
998624,0.01103372
998625,0.016038602
998626,0.011201747
998627,0.013505285
998628,0.029524464
998629,0.015966797
998630,0.011061724
998631,0.016399788
998632,0.015963925
998633,0.021994537
998634,0.010236412
998635,0.011250574
998636,0.003426661
998637,0.013559857
998638,0.022012867
998639,0.012980483
998640,0.017451746
998641,0.01730239
998642,0.020440314
998643,0.015303309
998644,0.013757324
998645,0.011368336
998646,0.02001277
998647,0.015778664
998648,0.013572064
998649,0.015675489
998650,0.013430607
998651,0.010684743
998652,0.014478975
998653,0.013740809
998654,0.01062658
998655,0.013775994
998656,0.010309918
998657,0.02030891
998658,0.016762407
998659,0.020211266
998660,0.016077379
998661,0.013487333
998662,0.012674489
998663,0.013764505
998664,0.01353203
998665,0.016371783
998666,0.012404498
998667,0.011089729
998668,0.011352539
998669,0.016360294
998670,0.01913847
998671,0.011395806
998672,0.010785271
998673,0.016245404
998674,0.013340131
998675,0.012216366
998676,0.018564498
998677,0.013683364
998678,0.01827967
998679,0.032324936
998680,0.013476563
998681,0.0017110673
998682,0.017313879
998683,0.013776712
998684,0.010791016
998685,0.01118164
998686,0.013515337
998687,0.013901655
998688,0.018864891
998689,0.012017463
998690,0.010867286
998691,0.013916734
998692,0.013455738
998693,0.012505027
998694,0.017544815
998695,0.011340332
998696,0.011491843
998697,0.025667079
998698,0.013308536
998699,0.011305147
998700,0.020658605
998701,0.016964182
998702,0.012808052
998703,0.010587804
998704,0.013648897
998705,0.013447122
998706,0.013591453
998707,0.011504049
998708,0.011491125
998709,0.011124196
998710,0.011049517
998711,0.018830422
998712,0.01619155
998713,0.013143826
998714,0.011945657
998715,0.012345253
998716,0.013694135
998717,0.011349667
998718,0.010077903
998719,0.010868367
998720,0.013735782
998721,0.015189638
998722,0.011156509
998723,0.017271513
998724,0.011099782
998725,0.014487592
998726,0.010926011
998727,0.019439338
998728,0.019075999
998729,0.011063878
998730,0.026225012
998731,0.011160099
998732,0.014007209
998733,0.013992848
998734,0.014797794
998735,0.030152086
998736,0.010513613
998737,0.010938936
998738,0.01953125
998739,0.013936121
998740,0.013579963
998741,0.010979148
998742,0.013388959
998743,0.013893038
998744,0.010876465
998745,0.012311868
998746,0.017437601
998747,0.011534926
998748,0.01251597
998749,0.010825482
998750,0.019232538
998751,0.016210219
998752,0.020567959
998753,0.017435949
998754,0.011238367
998755,0.01384421
998756,0.013660386
998757,0.016709272
998758,0.01685432
998759,0.021024816
998760,0.021610754
998761,0.011655766
998762,0.010930319
998763,0.019188736
998764,0.011239085
998765,0.016653262
998766,0.022880973
998767,0.016284179
998768,0.013465074
998769,0.013501694
998770,0.020630602
998771,0.012665154
998772,0.011002125
998773,0.011065315
998774,0.010998535
998775,0.011029412
998776,0.019160731
998777,0.021713436
998778,0.011781939
998779,0.013821231
998780,0.016061582
998781,0.014787741
998782,0.011837948
998783,0.015482106
998784,0.015107862
998785,0.013578527
998786,0.013686236
998787,0.017102147
998788,0.013301356
998789,0.01086354
998790,0.01134105
998791,0.024804687
998792,0.013212316
998793,0.0111522
998794,0.01157083
998795,0.011101936
998796,0.010801787
998797,0.013501694
998798,0.0099653415
998799,0.014029469
998800,0.017118566
998801,0.012615868
998802,0.022886502
998803,0.0109375
998804,0.014960433
998805,0.011717314
998806,0.016268382
998807,0.010476626
998808,0.013501917
998809,0.016396197
998810,0.017199798
998811,0.016642492
998812,0.013824103
998813,0.0022729656
998814,0.0139591
998815,0.019450827
998816,0.011032284
998817,0.01322955
998818,0.011978919
998819,0.011351103
998820,0.011262782
998821,0.01384421
998822,0.027976362
998823,0.010870002
998824,0.011227597
998825,0.010999971
998826,0.011315918
998827,0.022568246
998828,0.013591453
998829,0.016477337
998830,0.010745778
998831,0.013311408
998832,0.010948271
998833,0.026567526
998834,0.011005715
998835,0.010867848
998836,0.024313534
998837,0.020010915
998838,0.011064596
998839,0.010145198
998840,0.011058852
998841,0.011921243
998842,0.013711369
998843,0.0108262
998844,0.01896829
998845,0.011481072
998846,0.013780302
998847,0.011349667
998848,0.015925149
998849,0.017670754
998850,0.013917452
998851,0.011728085
998852,0.011310891
998853,0.011006434
998854,0.016003419
998855,0.013732192
998856,0.010661765
998857,0.032213636
998858,0.01391817
998859,0.016190113
998860,0.012231079
998861,0.020450369
998862,0.01372932
998863,0.010133637
998864,0.011805798
998865,0.015308426
998866,0.013924632
998867,0.013876522
998868,0.013947611
998869,0.011282887
998870,0.011521284
998871,0.027242603
998872,0.017807905
998873,0.011167279
998874,0.010862822
998875,0.024001177
998876,0.013373162
998877,0.011018641
998878,0.011090447
998879,0.01304924
998880,0.021407543
998881,0.01354047
998882,0.011120605
998883,0.013867905
998884,0.014332491
998885,0.011632583
998886,0.01857982
998887,0.011108398
998888,0.012268066
998889,0.017629772
998890,0.011971507
998891,0.029659377
998892,0.018095847
998893,0.016182216
998894,0.011741728
998895,0.027230078
998896,0.016336598
998897,0.011346077
998898,0.016536219
998899,0.010523804
998900,0.011443014
998901,0.022040155
998902,0.016426357
998903,0.039326746
998904,0.010964787
998905,0.021959012
998906,0.012701775
998907,0.013775276
998908,0.010601885
998909,0.01574707
998910,0.024010513
998911,0.013487333
998912,0.010820456
998913,0.012012437
998914,0.021657428
998915,0.010701976
998916,0.013992848
998917,0.013691262
998918,0.016326545
998919,0.010223079
998920,0.013374598
998921,0.012997203
998922,0.01114143
998923,0.012667703
998924,0.014211857
998925,0.015809076
998926,0.016096048
998927,0.013534726
998928,0.021587776
998929,0.016480928
998930,0.011139994
998931,0.013732192
998932,0.014051011
998933,0.010820456
998934,0.013750861
998935,0.01682057
998936,0.018669577
998937,0.015322575
998938,0.021063559
998939,0.011117015
998940,0.025884651
998941,0.015237248
998942,0.013837029
998943,0.017681526
998944,0.010403262
998945,0.011105526
998946,0.014583541
998947,0.020061178
998948,0.015034754
998949,0.011550006
998950,0.027613422
998951,0.011323099
998952,0.010197202
998953,0.011132812
998954,0.015803078
998955,0.010777373
998956,0.013489488
998957,0.010951861
998958,0.012633591
998959,0.021662453
998960,0.024110323
998961,0.016034294
998962,0.013519916
998963,0.013490206
998964,0.010791734
998965,0.016564941
998966,0.015869141
998967,0.013924632
998968,0.013802562
998969,0.013009105
998970,0.013576373
998971,0.013621611
998972,0.015866268
998973,0.011328125
998974,0.014075425
998975,0.01140783
998976,0.016095329
998977,0.021484375
998978,0.010861386
998979,0.022261316
998980,0.014489028
998981,0.014820772
998982,0.010627298
998983,0.017837346
998984,0.011695772
998985,0.016525447
998986,0.011332434
998987,0.016580021
998988,0.011086857
998989,0.010910214
998990,0.011499023
998991,0.013304946
998992,0.018034276
998993,0.014200368
998994,0.013177849
998995,0.018984379
998996,0.013568474
998997,0.013740809
998998,0.018404238
998999,0.021436984
999000,0.015280331
999001,0.011528464
999002,0.018839039
999003,0.023502145
999004,0.016314339
999005,0.012476304
999006,0.021845559
999007,0.013017003
999008,0.01408117
999009,0.011922679
999010,0.010850615
999011,0.013694853
999012,0.016373219
999013,0.013327206
999014,0.019094668
999015,0.013947611
999016,0.013890166
999017,0.01622458
999018,0.021542955
999019,0.01335162
999020,0.013651052
999021,0.019228946
999022,0.012648048
999023,0.011060288
999024,0.021044921
999025,0.013959818
999026,0.013523237
999027,0.012511489
999028,0.015785845
999029,0.011167997
999030,0.01138557
999031,0.018583409
999032,0.027194394
999033,0.021248134
999034,0.01095976
999035,0.011280015
999036,0.011165843
999037,0.011420037
999038,0.012362133
999039,0.019526392
999040,0.013669721
999041,0.012488511
999042,0.012619916
999043,0.011346795
999044,0.013853544
999045,0.013350184
999046,0.0056306957
999047,0.019061638
999048,0.029237276
999049,0.015973259
999050,0.01639476
999051,0.011387724
999052,0.010898007
999053,0.012633465
999054,0.014136461
999055,0.013505285
999056,0.010928883
999057,0.011629711
999058,0.011109835
999059,0.01112635
999060,0.012695313
999061,0.013576373
999062,0.011109835
999063,0.013763787
999064,0.014317412
999065,0.013410501
999066,0.020659113
999067,0.010397979
999068,0.011005715
999069,0.0050593186
999070,0.013423426
999071,0.015145845
999072,0.010670715
999073,0.017474724
999074,0.01623176
999075,0.02696605
999076,0.024032772
999077,0.013656078
999078,0.01245548
999079,0.016342742
999080,0.022847973
999081,0.011355411
999082,0.016090304
999083,0.018607106
999084,0.012583991
999085,0.018799547
999086,0.021472886
999087,0.012339872
999088,0.013763787
999089,0.013867187
999090,0.014867446
999091,0.010735916
999092,0.011063878
999093,0.010656021
999094,0.010744342
999095,0.011239803
999096,0.0109375
999097,0.011088293
999098,0.010824764
999099,0.013610122
999100,0.019806985
999101,0.015969669
999102,0.011022232
999103,0.01976103
999104,0.013606532
999105,0.013893038
999106,0.013535444
999107,0.018213747
999108,0.017634802
999109,0.0031839593
999110,0.016371783
999111,0.01105598
999112,0.011440142
999113,0.021824736
999114,0.01434757
999115,0.01083769
999116,0.010792452
999117,0.011075367
999118,0.010918112
999119,0.01148897
999120,0.012601246
999121,0.012074908
999122,0.010942526
999123,0.011259191
999124,0.016865809
999125,0.013941147
999126,0.010877901
999127,0.010335838
999128,0.014081888
999129,0.016692039
999130,0.011098346
999131,0.01639476
999132,0.020200696
999133,0.014935662
999134,0.011227597
999135,0.010853487
999136,0.011656997
999137,0.013553395
999138,0.016323673
999139,0.013534008
999140,0.011139994
999141,0.011203901
999142,0.011282887
999143,0.01020041
999144,0.011358283
999145,0.015973585
999146,0.013472972
999147,0.013834157
999148,0.013367417
999149,0.011960018
999150,0.015132578
999151,0.011613195
999152,0.011339614
999153,0.014005773
999154,0.014893718
999155,0.0188534
999156,0.011939913
999157,0.014740335
999158,0.011089729
999159,0.011109835
999160,0.010766601
999161,0.020366371
999162,0.015968233
999163,0.016383272
999164,0.013436351
999165,0.012344181
999166,0.02249839
999167,0.001561314
999168,0.016282026
999169,0.013683364
999170,0.0117446
999171,0.037512206
999172,0.013630227
999173,0.015309538
999174,0.011175178
999175,0.011015768
999176,0.011185949
999177,0.014079016
999178,0.01533983
999179,0.019441493
999180,0.011224724
999181,0.013926068
999182,0.011409266
999183,0.01358499
999184,0.010917394
999185,0.016934743
999186,0.020026712
999187,0.01113353
999188,0.016292796
999189,0.01639476
999190,0.011160817
999191,0.016656134
999192,0.016136259
999193,0.013651052
999194,0.011029412
999195,0.015582634
999196,0.02411535
999197,0.011282169
999198,0.0136848
999199,0.013299202
999200,0.010629452
999201,0.013122376
999202,0.016065171
999203,0.010895135
999204,0.014394962
999205,0.013619456
999206,0.015021044
999207,0.015340648
999208,0.013318589
999209,0.013532571
999210,0.011155791
999211,0.017830882
999212,0.013498104
999213,0.020253532
999214,0.013426298
999215,0.016801184
999216,0.011007152
999217,0.01160386
999218,0.015865549
999219,0.014550063
999220,0.013732192
999221,0.011098346
999222,0.01144876
999223,0.010294118
999224,0.013665413
999225,0.02242168
999226,0.013194364
999227,0.010971967
999228,0.013922478
999229,0.016704964
999230,0.012418266
999231,0.013335104
999232,0.011196001
999233,0.026022209
999234,0.010059544
999235,0.011690028
999236,0.011167997
999237,0.011523438
999238,0.023759192
999239,0.016379682
999240,0.010963351
999241,0.011144302
999242,0.016609462
999243,0.0099874781
999244,0.010200811
999245,0.013742963
999246,0.012685204
999247,0.016315775
999248,0.010082384
999249,0.011756808
999250,0.011111989
999251,0.013798254
999252,0.01586196
999253,0.01515054
999254,0.029175524
999255,0.013798254
999256,0.016590074
999257,0.011516257
999258,0.013763787
999259,0.014578068
999260,0.013860007
999261,0.018734202
999262,0.016636029
999263,0.013650334
999264,0.010868566
999265,0.013510311
999266,0.011451632
999267,0.010050759
999268,0.016406249
999269,0.011029412
999270,0.022662897
999271,0.018933823
999272,0.01171157
999273,0.010923857
999274,0.03141531
999275,0.016847139
999276,0.017443897
999277,0.011291504
999278,0.016181497
999279,0.01124842
999280,0.01110409
999281,0.016327264
999282,0.013639562
999283,0.016957721
999284,0.011422909
999285,0.0038304043
999286,0.013421272
999287,0.014487592
999288,0.016233915
999289,0.011203183
999290,0.014935936
999291,0.016204474
999292,0.017165959
999293,0.016236788
999294,0.010983456
999295,0.013407629
999296,0.017181037
999297,0.022970375
999298,0.010722082
999299,0.01114502
999300,0.011321662
999301,0.011288632
999302,0.014155848
999303,0.012495222
999304,0.013490206
999305,0.013644589
999306,0.015545296
999307,0.011193129
999308,0.011045209
999309,0.01380328
999310,0.013630945
999311,0.013331514
999312,0.02024213
999313,0.015008904
999314,0.019338092
999315,0.027235324
999316,0.012676276
999317,0.012649356
999318,0.013153185
999319,0.010638786
999320,0.024317125
999321,0.01301972
999322,0.010387789
999323,0.010763011
999324,0.011480354
999325,0.019175092
999326,0.011339614
999327,0.011200311
999328,0.02007113
999329,0.02625517
999330,0.015358556
999331,0.013628791
999332,0.013411937
999333,0.011206773
999334,0.013658232
999335,0.011029412
999336,0.013465074
999337,0.015349264
999338,0.013881548
999339,0.014310949
999340,0.016501753
999341,0.013376034
999342,0.011387724
999343,0.011006434
999344,0.025534324
999345,0.011184513
999346,0.010994945
999347,0.014402894
999348,0.014148667
999349,0.02556655
999350,0.010560518
999351,0.014372702
999352,0.010977712
999353,0.013094584
999354,0.011209645
999355,0.01117087
999356,0.014449107
999357,0.01171875
999358,0.016407574
999359,0.012879136
999360,0.013327206
999361,0.01127068
999362,0.016118309
999363,0.016269101
999364,0.011283605
999365,0.012775735
999366,0.013694853
999367,0.015912224
999368,0.014005055
999369,0.015092917
999370,0.013629509
999371,0.013349466
999372,0.013261862
999373,0.0032313806
999374,0.01157083
999375,0.013798972
999376,0.013813333
999377,0.010921703
999378,0.015304666
999379,0.010781681
999380,0.0105309
999381,0.015286793
999382,0.0092202621
999383,0.011546415
999384,0.016406249
999385,0.013815487
999386,0.011031566
999387,0.017662851
999388,0.01570848
999389,0.016345214
999390,0.01103013
999391,0.012280048
999392,0.013457174
999393,0.017881745
999394,0.010918831
999395,0.014685059
999396,0.013078039
999397,0.016529756
999398,0.01532126
999399,0.012552022
999400,0.011615349
999401,0.019073846
999402,0.011758244
999403,0.01639476
999404,0.01413287
999405,0.014007209
999406,0.011391315
999407,0.013648897
999408,0.018623622
999409,0.014545036
999410,0.011283605
999411,0.014300178
999412,0.017038144
999413,0.013967716
999414,0.010521024
999415,0.011175178
999416,0.011684283
999417,0.019355325
999418,0.016004136
999419,0.011006434
999420,0.011155791
999421,0.015460161
999422,0.010954733
999423,0.018478027
999424,0.015146703
999425,0.020361328
999426,0.012769273
999427,0.011162971
999428,0.01167423
999429,0.012754912
999430,0.013809742
999431,0.0022060303
999432,0.01082261
999433,0.015287285
999434,0.011170152
999435,0.011400649
999436,0.013211984
999437,0.013373162
999438,0.012281543
999439,0.011103372
999440,0.011455222
999441,0.011066033
999442,0.011561494
999443,0.011308019
999444,0.016596535
999445,0.0096345209
999446,0.0028396167
999447,0.014371285
999448,0.016142003
999449,0.010899443
999450,0.014142923
999451,0.023017064
999452,0.013878676
999453,0.016592946
999454,0.013712805
999455,0.011975477
999456,0.010665355
999457,0.015421841
999458,0.016155647
999459,0.019000603
999460,0.011006434
999461,0.01070054
999462,0.01102295
999463,0.013558421
999464,0.016888786
999465,0.023006566
999466,0.017225558
999467,0.01085995
999468,0.013211349
999469,0.015418818
999470,0.013601505
999471,0.015143501
999472,0.015015366
999473,0.016027113
999474,0.010971967
999475,0.016155647
999476,0.017673057
999477,0.018191349
999478,0.01643569
999479,0.016326545
999480,0.01113712
999481,0.016270537
999482,0.016429229
999483,0.013769532
999484,0.014912375
999485,0.01112635
999486,0.011351103
999487,0.002845441
999488,0.011231905
999489,0.013447122
999490,0.01105239
999491,0.013327206
999492,0.010577751
999493,0.01746851
999494,0.011033002
999495,0.011356129
999496,0.010892262
999497,0.011050235
999498,0.015970387
999499,0.016572122
999500,0.019060202
999501,0.011272835
999502,0.014208267
999503,0.016090304
999504,0.011169434
999505,0.010971967
999506,0.018569048
999507,0.012591911
999508,0.013212316
999509,0.010965505
999510,0.024681894
999511,0.018487908
999512,0.01075224
999513,0.011034438
999514,0.013823385
999515,0.01134105
999516,0.012043313
999517,0.012603461
999518,0.019112621
999519,0.022454416
999520,0.011323099
999521,0.018680349
999522,0.0260814
999523,0.018494371
999524,0.027695768
999525,0.013721421
999526,0.013414091
999527,0.011269244
999528,0.011398495
999529,0.010804659
999530,0.013656078
999531,0.027022058
999532,0.013524673
999533,0.011937759
999534,0.02365938
999535,0.015614229
999536,0.039028034
999537,0.013804716
999538,0.014566761
999539,0.015969669
999540,0.013457892
999541,0.01084487
999542,0.013752297
999543,0.013720703
999544,0.010829072
999545,0.014145795
999546,0.014553857
999547,0.020602807
999548,0.010372778
999549,0.0096065542
999550,0.011240521
999551,0.013903091
999552,0.011937041
999553,0.010164347
999554,0.013640998
999555,0.031471163
999556,0.013671875
999557,0.010827636
999558,0.010707002
999559,0.018043337
999560,0.015184111
999561,0.011382697
999562,0.016038602
999563,0.01361443
999564,0.035213694
999565,0.017380267
999566,0.016545555
999567,0.012069164
999568,0.020317527
999569,0.01618796
999570,0.013530417
999571,0.011064596
999572,0.015044409
999573,0.010757267
999574,0.016279871
999575,0.018945312
999576,0.011213954
999577,0.013781738
999578,0.011179486
999579,0.022394875
999580,0.011288632
999581,0.013579963
999582,0.012187577
999583,0.024379596
999584,0.015970387
999585,0.035241701
999586,0.011868106
999587,0.011402803
999588,0.015508557
999589,0.014829853
999590,0.011518411
999591,0.01637681
999592,0.016107537
999593,0.013148408
999594,0.010948989
999595,0.013158462
999596,0.011542825
999597,0.022702927
999598,0.011710851
999599,0.011293658
999600,0.010708767
999601,0.021886488
999602,0.013864315
999603,0.011697927
999604,0.013830567
999605,0.020082721
999606,0.0026083058
999607,0.010974912
999608,0.011202465
999609,0.015287511
999610,0.0088708038
999611,0.011509795
999612,0.015346923
999613,0.014579504
999614,0.013684082
999615,0.011199592
999616,0.01391458
999617,0.012771145
999618,0.035325963
999619,0.030748785
999620,0.013577091
999621,0.0099299541
999622,0.011314481
999623,0.013776551
999624,0.019441351
999625,0.012927521
999626,0.011387724
999627,0.011113425
999628,0.011293658
999629,0.016103946
999630,0.020327888
999631,0.0047189794
999632,0.011237649
999633,0.010687615
999634,0.01102295
999635,0.014150822
999636,0.010877901
999637,0.010969813
999638,0.012097168
999639,0.024427706
999640,0.011285041
999641,0.011150046
999642,0.011136402
999643,0.013536162
999644,0.011269244
999645,0.013669003
999646,0.010690487
999647,0.014697266
999648,0.023122303
999649,0.011132812
999650,0.010205796
999651,0.013964126
999652,0.011053826
999653,0.018748565
999654,0.026530905
999655,0.013571346
999656,0.011616067
999657,0.012380717
999658,0.010148757
999659,0.015965361
999660,0.024485437
999661,0.013151281
999662,0.033074591
999663,0.011005715
999664,0.011013614
999665,0.011156509
999666,0.026539521
999667,0.024105296
999668,0.010964787
999669,0.01585478
999670,0.011045927
999671,0.014997423
999672,0.013579963
999673,0.013035681
999674,0.013901655
999675,0.012861903
999676,0.013311408
999677,0.013767377
999678,0.02155992
999679,0.0099852579
999680,0.019910386
999681,0.013512465
999682,0.018687529
999683,0.021164611
999684,0.013800408
999685,0.010891544
999686,0.016153492
999687,0.016599407
999688,0.012717572
999689,0.010884363
999690,0.011327407
999691,0.014021571
999692,0.010953297
999693,0.01264433
999694,0.013801126
999695,0.013602941
999696,0.016192269
999697,0.0098825945
999698,0.011252728
999699,0.014266429
999700,0.012141688
999701,0.010981302
999702,0.013700597
999703,0.021446317
999704,0.011503331
999705,0.017631261
999706,0.011012178
999707,0.010830509
999708,0.011747472
999709,0.011529182
999710,0.022513418
999711,0.021665325
999712,0.013608363
999713,0.019203814
999714,0.013189338
999715,0.013546214
999716,0.026711857
999717,0.011098346
999718,0.013650334
999719,0.026108194
999720,0.012181181
999721,0.010870002
999722,0.021857766
999723,0.015925867
999724,0.011017923
999725,0.013788919
999726,0.021474322
999727,0.013631663
999728,0.012502024
999729,0.011590935
999730,0.012980796
999731,0.024987061
999732,0.014519187
999733,0.011025104
999734,0.012465533
999735,0.018718405
999736,0.011106244
999737,0.013212316
999738,0.010994227
999739,0.0098988889
999740,0.01081543
999741,0.018759334
999742,0.010960478
999743,0.013131893
999744,0.015984748
999745,0.012111529
999746,0.011257037
999747,0.015028279
999748,0.016142003
999749,0.010421215
999750,0.013486615
999751,0.018841911
999752,0.016696347
999753,0.011272117
999754,0.016220272
999755,0.011456658
999756,0.012259349
999757,0.011122041
999758,0.013801844
999759,0.010579905
999760,0.012258732
999761,0.016475184
999762,0.010816148
999763,0.013861443
999764,0.011112707
999765,0.011362592
999766,0.01399572
999767,0.010818302
999768,0.012178309
999769,0.013641717
999770,0.010676126
999771,0.013340131
999772,0.016192986
999773,0.021668199
999774,0.022144273
999775,0.019519761
999776,0.010876465
999777,0.025942096
999778,0.037517235
999779,0.013586426
999780,0.011772909
999781,0.013755888
999782,0.0023256561
999783,0.013901655
999784,0.011277861
999785,0.012063419
999786,0.011089011
999787,0.010994227
999788,0.010979866
999789,0.013456456
999790,0.010419395
999791,0.013397576
999792,0.011531336
999793,0.0021955681
999794,0.010926011
999795,0.010976993
999796,0.012050494
999797,0.013546932
999798,0.021222282
999799,0.012658232
999800,0.02320772
999801,0.029380171
999802,0.01639476
999803,0.022322878
999804,0.010915958
999805,0.01970502
999806,0.015021036
999807,0.014422966
999808,0.016050091
999809,0.011826459
999810,0.016350958
999811,0.01113353
999812,0.010987764
999813,0.018540327
999814,0.01377743
999815,0.011397059
999816,0.013411219
999817,0.018831858
999818,0.014090504
999819,0.011277143
999820,0.017973492
999821,0.015994802
999822,0.012013155
999823,0.011064596
999824,0.011404958
999825,0.011169434
999826,0.013788919
999827,0.016022805
999828,0.012591911
999829,0.019945571
999830,0.013789637
999831,0.010702694
999832,0.01372932
999833,0.014051011
999834,0.014020135
999835,0.023925781
999836,0.011118899
999837,0.013380342
999838,0.011380543
999839,0.011286478
999840,0.025257066
999841,0.027010569
999842,0.023828125
999843,0.020883547
999844,0.017415689
999845,0.010865694
999846,0.013388241
999847,0.010587804
999848,0.016256893
999849,0.014935662
999850,0.012120864
999851,0.011045209
999852,0.015891401
999853,0.014368667
999854,0.011256319
999855,0.025896732
999856,0.021202177
999857,0.013560575
999858,0.013521083
999859,0.011057416
999860,0.010788144
999861,0.016661162
999862,0.021255314
999863,0.01609892
999864,0.010740033
999865,0.011496869
999866,0.018979779
999867,0.011048799
999868,0.011321419
999869,0.023955939
999870,0.011527746
999871,0.016376091
999872,0.01370706
999873,0.015693935
999874,0.0035177451
999875,0.01572481
999876,0.011098346
999877,0.014851648
999878,0.016061582
999879,0.029400993
999880,0.02030101
999881,0.01105239
999882,0.0036459209
999883,0.016799029
999884,0.014091941
999885,0.011089729
999886,0.010765165
999887,0.011828613
999888,0.02153033
999889,0.011188449
999890,0.010941808
999891,0.014942124
999892,0.011038747
999893,0.011147892
999894,0.011050235
999895,0.01159668
999896,0.013676901
999897,0.019117648
999898,0.012278837
999899,0.013802562
999900,0.013897346
999901,0.011175896
999902,0.020559454
999903,0.013895192
999904,0.010675408
999905,0.011567958
999906,0.014016544
999907,0.0109892
999908,0.021740723
999909,0.011207491
999910,0.01660659
999911,0.011162971
999912,0.013518928
999913,0.01361802
999914,0.01087072
999915,0.016306439
999916,0.021199305
999917,0.010081622
999918,0.010717056
999919,0.013535444
999920,0.011225442
999921,0.003254011
999922,0.011089011
999923,0.01304788
999924,0.011339614
999925,0.01631362
999926,0.016578585
999927,0.010948989
999928,0.01640266
999929,0.019084616
999930,0.013465074
999931,0.011086857
999932,0.028698731
999933,0.011239085
999934,0.010043414
999935,0.011040901
999936,0.016189396
999937,0.010022955
999938,0.017773438
999939,0.022463497
999940,0.01127068
999941,0.015446265
999942,0.011013614
999943,0.021380974
999944,0.013340131
999945,0.031340506
999946,0.010762293
999947,0.010868566
999948,0.01334444
999949,0.012476028
999950,0.013060087
999951,0.013829849
999952,0.013454302
999953,0.010939654
999954,0.013009162
999955,0.01523653
999956,0.016154211
999957,0.016181497
999958,0.0014733039
999959,0.011122759
999960,0.013593607
999961,0.013335822
999962,0.018612131
999963,0.019569308
999964,0.013936121
999965,0.013602941
999966,0.019180119
999967,0.013715677
999968,0.024095962
999969,0.020235667
999970,0.011068905
999971,0.011031566
999972,0.013401885
999973,0.013833439
999974,0.010914522
999975,0.01451416
999976,0.0024627303
999977,0.011091165
999978,0.016119745
999979,0.01504337
999980,0.013824822
999981,0.012007411
999982,0.018999433
999983,0.010914522
999984,0.026736271
999985,0.021383129
999986,0.01476979
999987,0.010719928
999988,0.011029412
999989,0.01194853
999990,0.016029986
999991,0.024241729
999992,0.016111126
999993,0.01722802
999994,0.024192182
999995,0.013931095
999996,0.016149903
999997,0.0019552805
999998,0.012581141
999999,0.025205046
