LECROYHDO6104B,11090,Waveform
Segments,1,SegmentSize,4136
Segment,TrigTime,TimeSinceSegment1
#1,04-May-2026 18:21:05,0                 
Time,Ampl
995864,0.021279728
995865,0.012907302
995866,0.010640941
995867,0.025745334
995868,0.013596479
995869,0.014944909
995870,0.010367683
995871,0.022425035
995872,0.011328125
995873,0.013832721
995874,0.013913143
995875,0.015889246
995876,0.016463695
995877,0.011233341
995878,0.010875747
995879,0.0227511
995880,0.012585449
995881,0.01381046
995882,0.016136978
995883,0.017858887
995884,0.025415512
995885,0.010935346
995886,0.016057273
995887,0.011336742
995888,0.011046645
995889,0.010955451
995890,0.010811121
995891,0.022047335
995892,0.011899701
995893,0.01366254
995894,0.013617302
995895,0.020990349
995896,0.016773896
995897,0.020707434
995898,0.01086354
995899,0.013569192
995900,0.011905446
995901,0.012760523
995902,0.012940519
995903,0.013587144
995904,0.011070341
995905,0.012236129
995906,0.010293417
995907,0.011076803
995908,0.010835536
995909,0.011550724
995910,0.012209521
995911,0.012087833
995912,0.011001407
995913,0.016416302
995914,0.012500718
995915,0.012847659
995916,0.011417164
995917,0.011236931
995918,0.019189453
995919,0.012462015
995920,0.024235265
995921,0.010925293
995922,0.018867763
995923,0.020914953
995924,0.02434082
995925,0.015040985
995926,0.01377384
995927,0.015900018
995928,0.011189539
995929,0.017547967
995930,0.0150326
995931,0.011719468
995932,0.013869341
995933,0.012799997
995934,0.01283318
995935,0.013760914
995936,0.012332544
995937,0.016210938
995938,0.011382697
995939,0.01094109
995940,0.011075367
995941,0.011175178
995942,0.013676901
995943,0.015752098
995944,0.016399069
995945,0.010951861
995946,0.01313614
995947,0.01342558
995948,0.013798254
995949,0.0017621694
995950,0.018668141
995951,0.01089298
995952,0.010761575
995953,0.020484835
995954,0.013419836
995955,0.01097843
995956,0.012873115
995957,0.013702752
995958,0.015980439
995959,0.021309169
995960,0.016536219
995961,0.013653924
995962,0.023956658
995963,0.02787655
995964,0.010961196
995965,0.011170152
995966,0.01137049
995967,0.011495433
995968,0.016084559
995969,0.01237088
995970,0.012017463
995971,0.012965517
995972,0.013926068
995973,0.014002901
995974,0.011195283
995975,0.018377326
995976,0.021740723
995977,0.021805348
995978,0.012805894
995979,0.014023007
995980,0.011098346
995981,0.016293515
995982,0.011003561
995983,0.018681066
995984,0.011251292
995985,0.010175359
995986,0.0111522
995987,0.014016544
995988,0.016797593
995989,0.013396139
995990,0.018910846
995991,0.015872013
995992,0.017155187
995993,0.0237635
995994,0.01154229
995995,0.018538171
995996,0.017373478
995997,0.010801787
995998,0.011064596
995999,0.013059369
996000,0.013138982
996001,0.015387322
996002,0.016613051
996003,0.011160099
996004,0.016371783
996005,0.0025222125
996006,0.033570774
996007,0.010961914
996008,0.014594279
996009,0.020936253
996010,0.013924632
996011,0.011280015
996012,0.010994945
996013,0.011290872
996014,0.015405684
996015,0.013320743
996016,0.026580451
996017,0.014597926
996018,0.013812615
996019,0.013629509
996020,0.01697639
996021,0.016647186
996022,0.010983456
996023,0.012556009
996024,0.016532628
996025,0.011388442
996026,0.011560776
996027,0.010955451
996028,0.011371208
996029,0.010440646
996030,0.01639476
996031,0.016567096
996032,0.016001264
996033,0.011616067
996034,0.011527028
996035,0.013720703
996036,0.017394248
996037,0.012818819
996038,0.019030044
996039,0.013913143
996040,0.018996295
996041,0.016203038
996042,0.011869027
996043,0.018755026
996044,0.018915871
996045,0.012438002
996046,0.011420037
996047,0.01662454
996048,0.0083778678
996049,0.011069623
996050,0.021937471
996051,0.015016085
996052,0.010080842
996053,0.012756348
996054,0.015274107
996055,0.015917968
996056,0.011286478
996057,0.019080307
996058,0.013651052
996059,0.026383704
996060,0.011285041
996061,0.014950438
996062,0.012215648
996063,0.012806612
996064,0.011025822
996065,0.015693935
996066,0.016237507
996067,0.016259765
996068,0.016254021
996069,0.018793084
996070,0.013558421
996071,0.014679685
996072,0.012408088
996073,0.02035713
996074,0.010859231
996075,0.011075367
996076,0.039303768
996077,0.018405331
996078,0.011550102
996079,0.019086052
996080,0.015299524
996081,0.013788919
996082,0.026842544
996083,0.013742245
996084,0.015992647
996085,0.020440884
996086,0.018798109
996087,0.0070966994
996088,0.029334214
996089,0.01113712
996090,0.012879136
996091,0.023794375
996092,0.010951143
996093,0.010930319
996094,0.01319987
996095,0.013875804
996096,0.010279885
996097,0.015866268
996098,0.016207347
996099,0.010950425
996100,0.011283605
996101,0.014430147
996102,0.0087455437
996103,0.011934169
996104,0.017268602
996105,0.014763327
996106,0.011510666
996107,0.011090447
996108,0.013854262
996109,0.010899443
996110,0.012050494
996111,0.018807445
996112,0.011130658
996113,0.021794578
996114,0.016307876
996115,0.014797794
996116,0.012550265
996117,0.011040901
996118,0.012746295
996119,0.012580423
996120,0.013936839
996121,0.010908778
996122,0.019132726
996123,0.012398753
996124,0.013725012
996125,0.010354315
996126,0.018922335
996127,0.01377743
996128,0.018823242
996129,0.018002231
996130,0.01087072
996131,0.018802419
996132,0.011259191
996133,0.024908088
996134,0.012725471
996135,0.038102858
996136,0.011070341
996137,0.018716969
996138,0.020151205
996139,0.0028470808
996140,0.013227396
996141,0.014223346
996142,0.0048100767
996143,0.017567741
996144,0.019060202
996145,0.013623765
996146,0.021220129
996147,0.01339623
996148,0.021840533
996149,0.011523438
996150,0.013816923
996151,0.018619314
996152,0.010647229
996153,0.018711224
996154,0.015821749
996155,0.010683306
996156,0.018887868
996157,0.031668629
996158,0.011897547
996159,0.020619124
996160,0.013660386
996161,0.013955509
996162,0.013664695
996163,0.015787901
996164,0.020414013
996165,0.017976731
996166,0.015999828
996167,0.012902114
996168,0.010846307
996169,0.0088846665
996170,0.015919404
996171,0.01628059
996172,0.016587919
996173,0.010907342
996174,0.013818359
996175,0.012408088
996176,0.016373938
996177,0.013570628
996178,0.01780216
996179,0.010791734
996180,0.010927447
996181,0.011615349
996182,0.019093232
996183,0.018789493
996184,0.0086563565
996185,0.013798254
996186,0.017371323
996187,0.010857077
996188,0.016308594
996189,0.010662483
996190,0.011498335
996191,0.01645436
996192,0.013731474
996193,0.0028762054
996194,0.011144302
996195,0.015116613
996196,0.012973202
996197,0.021714155
996198,0.010948989
996199,0.01094468
996200,0.01579877
996201,0.013695571
996202,0.010326007
996203,0.015755687
996204,0.011058134
996205,0.013143382
996206,0.011136402
996207,0.015900735
996208,0.016788732
996209,0.011147174
996210,0.021554746
996211,0.016064454
996212,0.011523438
996213,0.011114143
996214,0.013361673
996215,0.0059407279
996216,0.010086874
996217,0.022789983
996218,0.013235294
996219,0.010021418
996220,0.012327665
996221,0.019554228
996222,0.013292739
996223,0.016182933
996224,0.018405331
996225,0.013800408
996226,0.016638901
996227,0.013481589
996228,0.01926844
996229,0.01113353
996230,0.015940228
996231,0.011074649
996232,0.010975557
996233,0.013285559
996234,0.011639123
996235,0.017675459
996236,0.018206539
996237,0.014168055
996238,0.011091165
996239,0.023713235
996240,0.01642492
996241,0.011351821
996242,0.013545496
996243,0.012675925
996244,0.013727166
996245,0.012353515
996246,0.011139994
996247,0.015406709
996248,0.015901454
996249,0.013248219
996250,0.013323615
996251,0.011057416
996252,0.021594957
996253,0.0024910152
996254,0.021638758
996255,0.0125
996256,0.020727774
996257,0.011285041
996258,0.022506416
996259,0.020453835
996260,0.010997099
996261,0.017248536
996262,0.017698556
996263,0.01345502
996264,0.01107824
996265,0.018915871
996266,0.013388959
996267,0.019048713
996268,0.018772978
996269,0.017525706
996270,0.011201747
996271,0.011313763
996272,0.035030589
996273,0.019358916
996274,0.021779498
996275,0.016119745
996276,0.016004855
996277,0.013931813
996278,0.0091185309
996279,0.035769474
996280,0.014029469
996281,0.014590993
996282,0.015627872
996283,0.010656739
996284,0.011789838
996285,0.017577648
996286,0.014028751
996287,0.012778662
996288,0.013681928
996289,0.011165843
996290,0.011203901
996291,0.011188821
996292,0.010425364
996293,0.016333725
996294,0.011259191
996295,0.01379969
996296,0.010899443
996297,0.018116008
996298,0.011208209
996299,0.011417164
996300,0.010987046
996301,0.010884636
996302,0.013625201
996303,0.011067469
996304,0.016269818
996305,0.011540472
996306,0.01110409
996307,0.011242676
996308,0.021335019
996309,0.011060288
996310,0.013396139
996311,0.012260168
996312,0.014977448
996313,0.011115579
996314,0.012270939
996315,0.01384421
996316,0.015518389
996317,0.013752297
996318,0.0070529273
996319,0.018637264
996320,0.011080394
996321,0.011269962
996322,0.012976793
996323,0.014690085
996324,0.013791073
996325,0.012888066
996326,0.013707778
996327,0.01484375
996328,0.01594382
996329,0.025523577
996330,0.010694795
996331,0.010868566
996332,0.01098202
996333,0.011403522
996334,0.013747271
996335,0.010774501
996336,0.012409524
996337,0.011221852
996338,0.02404426
996339,0.024180694
996340,0.030155055
996341,0.014348288
996342,0.011234777
996343,0.011516257
996344,0.013107297
996345,0.016340906
996346,0.011027976
996347,0.010948989
996348,0.018977625
996349,0.016085276
996350,0.019504664
996351,0.022881212
996352,0.010579187
996353,0.012293198
996354,0.019786162
996355,0.021159811
996356,0.013487333
996357,0.013821231
996358,0.014109174
996359,0.012119577
996360,0.015903607
996361,0.013532571
996362,0.01272619
996363,0.011086857
996364,0.011956881
996365,0.013595043
996366,0.016029986
996367,0.012563189
996368,0.0033137801
996369,0.01129653
996370,0.016796876
996371,0.016183652
996372,0.016602999
996373,0.011063878
996374,0.010949707
996375,0.020942239
996376,0.011781221
996377,0.016000547
996378,0.011045927
996379,0.015677419
996380,0.012125828
996381,0.019636804
996382,0.017892225
996383,0.012332608
996384,0.018469956
996385,0.012489947
996386,0.021732107
996387,0.01481431
996388,0.011429371
996389,0.011309455
996390,0.018991269
996391,0.013488051
996392,0.014751839
996393,0.024719957
996394,0.010741469
996395,0.019825654
996396,0.013508157
996397,0.016023524
996398,0.015678706
996399,0.013560575
996400,0.015889246
996401,0.011156509
996402,0.016074507
996403,0.011359002
996404,0.0020337068
996405,0.013890166
996406,0.012159639
996407,0.01898337
996408,0.013637408
996409,0.014194624
996410,0.022119859
996411,0.010839126
996412,0.011264218
996413,0.039636947
996414,0.025786163
996415,0.011429371
996416,0.012867647
996417,0.01133028
996418,0.011163689
996419,0.03203484
996420,0.011565803
996421,0.011432962
996422,0.010993509
996423,0.01294807
996424,0.021233054
996425,0.023288144
996426,0.020123471
996427,0.013528263
996428,0.012683824
996429,0.020177504
996430,0.016411277
996431,0.011221852
996432,0.011124914
996433,0.01610969
996434,0.014288689
996435,0.013445686
996436,0.011020795
996437,0.013717831
996438,0.013722139
996439,0.0138011
996440,0.011106962
996441,0.021656709
996442,0.010923139
996443,0.010950425
996444,0.013480153
996445,0.0026913038
996446,0.013355928
996447,0.011136402
996448,0.019152114
996449,0.016481647
996450,0.019401999
996451,0.014952177
996452,0.022150734
996453,0.021476476
996454,0.013607968
996455,0.016107537
996456,0.011213236
996457,0.015220731
996458,0.01354406
996459,0.011163689
996460,0.016742302
996461,0.0032599194
996462,0.016248995
996463,0.016497912
996464,0.013811179
996465,0.014013672
996466,0.0028905056
996467,0.011359002
996468,0.01110409
996469,0.019041533
996470,0.010894416
996471,0.017499857
996472,0.016079532
996473,0.013588921
996474,0.019189453
996475,0.012430348
996476,0.013461484
996477,0.011523438
996478,0.015774356
996479,0.022002814
996480,0.011493997
996481,0.014275046
996482,0.034742646
996483,0.023943014
996484,0.014556525
996485,0.018803136
996486,0.013661822
996487,0.012905704
996488,0.011307301
996489,0.011025104
996490,0.010854923
996491,0.013706342
996492,0.011530618
996493,0.013067288
996494,0.011160099
996495,0.013505285
996496,0.015626436
996497,0.013784611
996498,0.013687672
996499,0.011753217
996500,0.016228888
996501,0.014430865
996502,0.016793285
996503,0.016314339
996504,0.027481617
996505,0.011110553
996506,0.011362592
996507,0.011114143
996508,0.030315146
996509,0.013768814
996510,0.013979205
996511,0.014748966
996512,0.016159955
996513,0.021401079
996514,0.01474035
996515,0.017589614
996516,0.011068187
996517,0.025183149
996518,0.013374598
996519,0.011178768
996520,0.011606732
996521,0.010987046
996522,0.011063878
996523,0.018359374
996524,0.010812557
996525,0.013886576
996526,0.01794902
996527,0.013913143
996528,0.011055262
996529,0.017364861
996530,0.01865378
996531,0.017443435
996532,0.014042394
996533,0.01152631
996534,0.012135943
996535,0.013568474
996536,0.012284582
996537,0.020225614
996538,0.031051815
996539,0.020347854
996540,0.021444881
996541,0.012091544
996542,0.011194565
996543,0.016618796
996544,0.013568474
996545,0.010612937
996546,0.013710651
996547,0.015851907
996548,0.027652029
996549,0.011707979
996550,0.012906056
996551,0.02271485
996552,0.011402085
996553,0.011035874
996554,0.013494514
996555,0.018999645
996556,0.011906164
996557,0.013314281
996558,0.011860208
996559,0.016932588
996560,0.016549144
996561,0.013439223
996562,0.02402631
996563,0.014161592
996564,0.018480629
996565,0.011457376
996566,0.010850615
996567,0.011511949
996568,0.015189137
996569,0.01377025
996570,0.013595761
996571,0.0132554
996572,0.013508157
996573,0.011076085
996574,0.023181684
996575,0.014180262
996576,0.02999483
996577,0.01088939
996578,0.013924632
996579,0.011070341
996580,0.016051527
996581,0.013870778
996582,0.011123477
996583,0.024871752
996584,0.011661305
996585,0.013508875
996586,0.0095753809
996587,0.011806011
996588,0.018626494
996589,0.016144158
996590,0.017145135
996591,0.010844152
996592,0.01368839
996593,0.011617503
996594,0.010270602
996595,0.013855699
996596,0.011008588
996597,0.010958324
996598,0.013596479
996599,0.013502412
996600,0.013694853
996601,0.011545697
996602,0.010381678
996603,0.013696289
996604,0.011262064
996605,0.012096808
996606,0.013809024
996607,0.011317354
996608,0.016564224
996609,0.019360352
996610,0.013859289
996611,0.020845402
996612,0.011345359
996613,0.01283318
996614,0.013972024
996615,0.023369284
996616,0.010317186
996617,0.013627355
996618,0.013928941
996619,0.014070399
996620,0.011856617
996621,0.011286979
996622,0.019145651
996623,0.013833439
996624,0.011562212
996625,0.011282887
996626,0.01517693
996627,0.018386662
996628,0.015188419
996629,0.010916676
996630,0.018778723
996631,0.013744399
996632,0.013995002
996633,0.013890166
996634,0.019755285
996635,0.011208927
996636,0.015311508
996637,0.013855699
996638,0.018285755
996639,0.011033002
996640,0.015004596
996641,0.016157083
996642,0.013760196
996643,0.013381778
996644,0.025017234
996645,0.013748707
996646,0.013775276
996647,0.013939711
996648,0.014059627
996649,0.01124483
996650,0.011006434
996651,0.016353114
996652,0.013490206
996653,0.026593689
996654,0.011313045
996655,0.025562979
996656,0.010915958
996657,0.013823385
996658,0.011664177
996659,0.010128964
996660,0.021728231
996661,0.013710651
996662,0.01230397
996663,0.021121755
996664,0.013530417
996665,0.016521139
996666,0.025448069
996667,0.01335521
996668,0.016133387
996669,0.015359721
996670,0.012803886
996671,0.016024241
996672,0.011020077
996673,0.011089011
996674,0.024141917
996675,0.015296995
996676,0.011247702
996677,0.01112635
996678,0.015973259
996679,0.013653206
996680,0.028550619
996681,0.014085398
996682,0.011661305
996683,0.013358083
996684,0.012594784
996685,0.011017923
996686,0.012660845
996687,0.011083985
996688,0.016254021
996689,0.013752297
996690,0.01607307
996691,0.014361213
996692,0.011519847
996693,0.016314339
996694,0.013648897
996695,0.016374655
996696,0.014878217
996697,0.022256291
996698,0.015150362
996699,0.016629567
996700,0.01349954
996701,0.013741527
996702,0.010868566
996703,0.015235781
996704,0.031526454
996705,0.015584788
996706,0.013519647
996707,0.011061724
996708,0.010987046
996709,0.013694853
996710,0.0021932682
996711,0.020463211
996712,0.012885598
996713,0.011348949
996714,0.010935346
996715,0.018788775
996716,0.014254223
996717,0.011666331
996718,0.011860926
996719,0.014746045
996720,0.01221852
996721,0.027038371
996722,0.014763327
996723,0.026552448
996724,0.022011431
996725,0.016062299
996726,0.010888672
996727,0.012977511
996728,0.021521714
996729,0.018623622
996730,0.013779584
996731,0.021897977
996732,0.017365579
996733,0.014028033
996734,0.018068254
996735,0.011259191
996736,0.016050091
996737,0.016317211
996738,0.011465993
996739,0.011155791
996740,0.013905245
996741,0.013354492
996742,0.01361443
996743,0.011091165
996744,0.0084631778
996745,0.021591365
996746,0.013834875
996747,0.011236931
996748,0.017970631
996749,0.012017463
996750,0.015845444
996751,0.010992073
996752,0.014883962
996753,0.016440718
996754,0.010768037
996755,0.013924632
996756,0.011312327
996757,0.014187442
996758,0.010999253
996759,0.01128576
996760,0.020224364
996761,0.011004997
996762,0.015338955
996763,0.017058967
996764,0.024881549
996765,0.0025683593
996766,0.016215246
996767,0.016233915
996768,0.01338106
996769,0.011510064
996770,0.011376953
996771,0.016396916
996772,0.014264275
996773,0.010729214
996774,0.026539521
996775,0.011055262
996776,0.013710651
996777,0.015494313
996778,0.010986328
996779,0.010960478
996780,0.013778866
996781,0.017532863
996782,0.015491304
996783,0.019144934
996784,0.011638328
996785,0.013789637
996786,0.015090669
996787,0.013719985
996788,0.014522059
996789,0.013941147
996790,0.011349667
996791,0.013361673
996792,0.013539752
996793,0.011081831
996794,0.013924632
996795,0.011419319
996796,0.012299662
996797,0.014857393
996798,0.016475184
996799,0.011328125
996800,0.011006434
996801,0.018482164
996802,0.016555607
996803,0.016464412
996804,0.011247702
996805,0.011040183
996806,0.010861386
996807,0.01618796
996808,0.0099779097
996809,0.019007066
996810,0.013712087
996811,0.013510311
996812,0.014490312
996813,0.013697007
996814,0.013534008
996815,0.016326545
996816,0.018828269
996817,0.017813459
996818,0.018588437
996819,0.01391458
996820,0.011218262
996821,0.014636949
996822,0.014197021
996823,0.011087575
996824,0.019152682
996825,0.010973403
996826,0.017985713
996827,0.026769301
996828,0.016468721
996829,0.013696289
996830,0.013430607
996831,0.011152918
996832,0.013541906
996833,0.014142923
996834,0.01113712
996835,0.012798714
996836,0.011073931
996837,0.010906624
996838,0.013893038
996839,0.013745835
996840,0.013903582
996841,0.021507353
996842,0.015716912
996843,0.013408347
996844,0.012637868
996845,0.011150046
996846,0.01226304
996847,0.01630285
996848,0.021498736
996849,0.013490924
996850,0.013733628
996851,0.012195542
996852,0.010998535
996853,0.026746323
996854,0.03567028
996855,0.015616383
996856,0.011030848
996857,0.016605154
996858,0.016182216
996859,0.015958181
996860,0.014326747
996861,0.029872041
996862,0.029288976
996863,0.011232623
996864,0.019385483
996865,0.012459129
996866,0.013390395
996867,0.011275707
996868,0.015306899
996869,0.01349236
996870,0.010887119
996871,0.016040038
996872,0.023331227
996873,0.01356991
996874,0.013788201
996875,0.012556889
996876,0.018615723
996877,0.012564626
996878,0.011084703
996879,0.010943244
996880,0.015167596
996881,0.011008588
996882,0.010617693
996883,0.019067382
996884,0.01453642
996885,0.0094370982
996886,0.017394301
996887,0.026826747
996888,0.012236471
996889,0.013552616
996890,0.0099479835
996891,0.013283405
996892,0.017383531
996893,0.013586426
996894,0.015682444
996895,0.012815855
996896,0.013488051
996897,0.016190113
996898,0.014537138
996899,0.011390597
996900,0.011569394
996901,0.010914522
996902,0.013292739
996903,0.013051471
996904,0.012312586
996905,0.016447898
996906,0.0099796075
996907,0.013903091
996908,0.012876276
996909,0.016119026
996910,0.011479636
996911,0.039434455
996912,0.0188765
996913,0.011329544
996914,0.01105957
996915,0.010327078
996916,0.021622961
996917,0.013918888
996918,0.013878676
996919,0.013076584
996920,0.021551874
996921,0.0092961201
996922,0.010121268
996923,0.013330078
996924,0.019326603
996925,0.013076946
996926,0.010938218
996927,0.011290068
996928,0.01225945
996929,0.011335306
996930,0.01157442
996931,0.013430607
996932,0.020266544
996933,0.01916432
996934,0.024253218
996935,0.014051011
996936,0.011554314
996937,0.020340504
996938,0.011099064
996939,0.013683364
996940,0.013805434
996941,0.012956719
996942,0.011170152
996943,0.0098593077
996944,0.013768096
996945,0.010821892
996946,0.011113425
996947,0.024856942
996948,0.018696863
996949,0.009846325
996950,0.015475644
996951,0.027875114
996952,0.013717113
996953,0.026789406
996954,0.012531594
996955,0.011227597
996956,0.0026107109
996957,0.016233196
996958,0.013639562
996959,0.0241412
996960,0.015716912
996961,0.011161535
996962,0.010702694
996963,0.011690028
996964,0.014434455
996965,0.011152918
996966,0.015223381
996967,0.010772346
996968,0.011081831
996969,0.011298684
996970,0.013865033
996971,0.014476103
996972,0.010385652
996973,0.015856933
996974,0.013522519
996975,0.0032799225
996976,0.011272835
996977,0.01361443
996978,0.014239143
996979,0.0109375
996980,0.013857135
996981,0.015360129
996982,0.011349667
996983,0.019073846
996984,0.015785845
996985,0.01361084
996986,0.01098561
996987,0.01114861
996988,0.031545121
996989,0.018952493
996990,0.013532571
996991,0.013604377
996992,0.024567146
996993,0.013304946
996994,0.016463695
996995,0.010242662
996996,0.011201747
996997,0.013522519
996998,0.020670813
996999,0.013629509
997000,0.022109807
997001,0.01171157
997002,0.016812673
997003,0.011019359
997004,0.011269962
997005,0.010964069
997006,0.013908835
997007,0.010948271
997008,0.017789945
997009,0.010880055
997010,0.014569451
997011,0.013602941
997012,0.011726649
997013,0.011672794
997014,0.013419118
997015,0.01103911
997016,0.011592371
997017,0.013587862
997018,0.015004596
997019,0.013971306
997020,0.015801642
997021,0.018654497
997022,0.012167538
997023,0.013849954
997024,0.015001649
997025,0.012202005
997026,0.018964458
997027,0.013545496
997028,0.013438505
997029,0.010851333
997030,0.011305147
997031,0.018915154
997032,0.013970588
997033,0.010835536
997034,0.020965748
997035,0.016292796
997036,0.020570084
997037,0.014998069
997038,0.011036593
997039,0.014941902
997040,0.016439281
997041,0.014196778
997042,0.031354837
997043,0.016209502
997044,0.011997358
997045,0.027448092
997046,0.014132152
997047,0.017137954
997048,0.017835813
997049,0.017744256
997050,0.01372932
997051,0.013928941
997052,0.013168515
997053,0.010292637
997054,0.014808868
997055,0.010444303
997056,0.012270939
997057,0.015701832
997058,0.010475408
997059,0.011342486
997060,0.0188017
997061,0.026784381
997062,0.011521284
997063,0.012396066
997064,0.022522861
997065,0.011799691
997066,0.016164981
997067,0.010868566
997068,0.01103372
997069,0.013720703
997070,0.016393324
997071,0.017612591
997072,0.010040402
997073,0.016670497
997074,0.011393469
997075,0.0042314786
997076,0.011071777
997077,0.014068244
997078,0.014081888
997079,0.01396987
997080,0.020889314
997081,0.014183852
997082,0.011309455
997083,0.018773695
997084,0.014016544
997085,0.01908318
997086,0.011873852
997087,0.0093243541
997088,0.010983456
997089,0.012786506
997090,0.011362592
997091,0.01338465
997092,0.013890166
997093,0.013722857
997094,0.011324535
997095,0.011582319
997096,0.013296329
997097,0.011170152
997098,0.013763787
997099,0.0099081444
997100,0.010934628
997101,0.010512408
997102,0.011410702
997103,0.015919404
997104,0.019308854
997105,0.014945248
997106,0.013924632
997107,0.010961914
997108,0.013427016
997109,0.032435946
997110,0.010701258
997111,0.013672593
997112,0.013312845
997113,0.013687672
997114,0.023196232
997115,0.013870778
997116,0.012026798
997117,0.010952579
997118,0.016179344
997119,0.020461857
997120,0.015797334
997121,0.012425296
997122,0.018929515
997123,0.013523955
997124,0.016482364
997125,0.010955451
997126,0.011825023
997127,0.011101936
997128,0.021573415
997129,0.013625919
997130,0.026493566
997131,0.013407629
997132,0.011051672
997133,0.014230526
997134,0.019242389
997135,0.037238628
997136,0.017944518
997137,0.010928883
997138,0.0089032501
997139,0.013749425
997140,0.011029412
997141,0.016238943
997142,0.013243911
997143,0.015429728
997144,0.014051011
997145,0.015261285
997146,0.016269818
997147,0.015085018
997148,0.013872214
997149,0.0111005
997150,0.013443531
997151,0.013482307
997152,0.016364602
997153,0.011474609
997154,0.016449334
997155,0.011158663
997156,0.014802103
997157,0.026519416
997158,0.010983456
997159,0.016371783
997160,0.024063649
997161,0.01198874
997162,0.011868824
997163,0.012554121
997164,0.011260627
997165,0.011006434
997166,0.014021571
997167,0.016231043
997168,0.010803223
997169,0.035664223
997170,0.016416302
997171,0.012974028
997172,0.012534467
997173,0.0109892
997174,0.011695054
997175,0.013200827
997176,0.031573128
997177,0.010886517
997178,0.012713264
997179,0.021702666
997180,0.010181247
997181,0.012455745
997182,0.01060791
997183,0.010983456
997184,0.014072089
997185,0.015398811
997186,0.024053596
997187,0.011034438
997188,0.021661736
997189,0.019097541
997190,0.010790298
997191,0.015213472
997192,0.014975155
997193,0.0230377
997194,0.01094109
997195,0.014384191
997196,0.010948989
997197,0.01113712
997198,0.013646025
997199,0.013635972
997200,0.01875359
997201,0.010903751
997202,0.01145953
997203,0.0097118989
997204,0.023936553
997205,0.011237649
997206,0.010999971
997207,0.011081113
997208,0.012704183
997209,0.027804745
997210,0.010796042
997211,0.016315056
997212,0.010983456
997213,0.021528177
997214,0.014833697
997215,0.030058028
997216,0.016096048
997217,0.029610667
997218,0.01915714
997219,0.018667422
997220,0.024301328
997221,0.0188534
997222,0.013376034
997223,0.01024165
997224,0.011293174
997225,0.011348949
997226,0.011854463
997227,0.013235294
997228,0.015235708
997229,0.011259191
997230,0.019148523
997231,0.013527545
997232,0.01138557
997233,0.011322381
997234,0.011230469
997235,0.023768526
997236,0.011925551
997237,0.011239803
997238,0.011046645
997239,0.012247243
997240,0.010838408
997241,0.024219468
997242,0.009773978
997243,0.013746553
997244,0.0035592222
997245,0.013371726
997246,0.011190975
997247,0.010805377
997248,0.011132094
997249,0.011371208
997250,0.018681066
997251,0.015705423
997252,0.010321668
997253,0.012186152
997254,0.010417987
997255,0.014039522
997256,0.013717831
997257,0.018025476
997258,0.021444881
997259,0.011009306
997260,0.013791073
997261,0.013269761
997262,0.010753676
997263,0.013709933
997264,0.010684743
997265,0.013989976
997266,0.013422064
997267,0.018609978
997268,0.011465993
997269,0.01083769
997270,0.012904986
997271,0.018555827
997272,0.029610667
997273,0.014947151
997274,0.018848374
997275,0.015538115
997276,0.014223346
997277,0.013800408
997278,0.013597197
997279,0.015812414
997280,0.03181655
997281,0.011297248
997282,0.011040901
997283,0.01465131
997284,0.01893167
997285,0.017746244
997286,0.018400388
997287,0.013391113
997288,0.013441377
997289,0.011138557
997290,0.010836254
997291,0.015866268
997292,0.01206701
997293,0.0034867311
997294,0.010813993
997295,0.011487534
997296,0.016529039
997297,0.012757784
997298,0.010935346
997299,0.012850096
997300,0.011024386
997301,0.013456456
997302,0.011225442
997303,0.036927707
997304,0.013875086
997305,0.028202893
997306,0.01334444
997307,0.016348805
997308,0.01983642
997309,0.016503906
997310,0.011804199
997311,0.01937543
997312,0.018554688
997313,0.0031839062
997314,0.018818934
997315,0.011094037
997316,0.024009077
997317,0.019197352
997318,0.011045927
997319,0.011213954
997320,0.013702033
997321,0.012626379
997322,0.027084716
997323,0.011066033
997324,0.011135684
997325,0.013715677
997326,0.010845589
997327,0.013811897
997328,0.011149328
997329,0.022473145
997330,0.011170152
997331,0.010961914
997332,0.016222427
997333,0.011066751
997334,0.02330035
997335,0.014081888
997336,0.012557079
997337,0.011679256
997338,0.021814683
997339,0.011639764
997340,0.016164981
997341,0.016130514
997342,0.017211586
997343,0.013669003
997344,0.013350184
997345,0.01679337
997346,0.01676169
997347,0.01630285
997348,0.015363091
997349,0.013582836
997350,0.012281709
997351,0.011030848
997352,0.029078584
997353,0.013315717
997354,0.01349954
997355,0.0027190563
997356,0.01103013
997357,0.018905101
997358,0.013921042
997359,0.01592084
997360,0.016279871
997361,0.02535047
997362,0.021645939
997363,0.011391315
997364,0.011201029
997365,0.011122759
997366,0.012219359
997367,0.015390356
997368,0.010987046
997369,0.013361673
997370,0.0051721716
997371,0.012853286
997372,0.013827695
997373,0.011534208
997374,0.0096793827
997375,0.014993107
997376,0.010776655
997377,0.01908318
997378,0.014156566
997379,0.010962632
997380,0.023629222
997381,0.018926643
997382,0.0087608695
997383,0.013358607
997384,0.021731388
997385,0.014206465
997386,0.013568474
997387,0.01328125
997388,0.018910846
997389,0.019031245
997390,0.014553653
997391,0.018130314
997392,0.017537022
997393,0.02405192
997394,0.013200827
997395,0.016210938
997396,0.01109691
997397,0.016147748
997398,0.02405216
997399,0.011544261
997400,0.011106244
997401,0.019493192
997402,0.030215994
997403,0.019358197
997404,0.019209558
997405,0.01113353
997406,0.018887868
997407,0.013024184
997408,0.012831026
997409,0.01085995
997410,0.013550523
997411,0.013900937
997412,0.011111271
997413,0.026413143
997414,0.010779527
997415,0.010832663
997416,0.014247759
997417,0.021533921
997418,0.011144302
997419,0.016659006
997420,0.011914062
997421,0.011029412
997422,0.0081039621
997423,0.011092601
997424,0.015846163
997425,0.013235294
997426,0.016172161
997427,0.013823385
997428,0.012774719
997429,0.010817584
997430,0.028117906
997431,0.013680492
997432,0.010913804
997433,0.013525391
997434,0.017830882
997435,0.010895853
997436,0.011070341
997437,0.021347225
997438,0.010980584
997439,0.0017430199
997440,0.01338465
997441,0.011420037
997442,0.015433643
997443,0.012141688
997444,0.011448042
997445,0.011066751
997446,0.010214761
997447,0.026400937
997448,0.016345214
997449,0.0075591775
997450,0.017704504
997451,0.011208209
997452,0.012467611
997453,0.011035156
997454,0.0099540278
997455,0.012273811
997456,0.013511029
997457,0.011123477
997458,0.012179745
997459,0.011311609
997460,0.016259048
997461,0.015857652
997462,0.013430607
997463,0.016153492
997464,0.013478717
997465,0.013500976
997466,0.013637408
997467,0.021064309
997468,0.013663258
997469,0.023727596
997470,0.012977511
997471,0.016022805
997472,0.010814711
997473,0.013939711
997474,0.011173024
997475,0.024168137
997476,0.01382554
997477,0.015126767
997478,0.010931755
997479,0.019255515
997480,0.010839844
997481,0.011247702
997482,0.010816148
997483,0.014558637
997484,0.013612994
997485,0.0161578
997486,0.013536162
997487,0.011020795
997488,0.01762408
997489,0.017086552
997490,0.011925551
997491,0.015085232
997492,0.01202608
997493,0.010038944
997494,0.011168716
997495,0.014326747
997496,0.011099782
997497,0.014738184
997498,0.016203757
997499,0.018910846
997500,0.01127068
997501,0.01133028
997502,0.01138557
997503,0.013680492
997504,0.013952531
997505,0.01353688
997506,0.018911563
997507,0.012028952
997508,0.011615349
997509,0.013290239
997510,0.015182722
997511,0.013545496
997512,0.011362592
997513,0.01388873
997514,0.011311609
997515,0.01103372
997516,0.018414086
997517,0.011555032
997518,0.010592831
997519,0.022366792
997520,0.0128777
997521,0.018113798
997522,0.014085478
997523,0.013430607
997524,0.013718549
997525,0.017794857
997526,0.010885081
997527,0.011335306
997528,0.024597887
997529,0.018195657
997530,0.012793363
997531,0.018189913
997532,0.010483108
997533,0.017663537
997534,0.023747703
997535,0.016130514
997536,0.016641056
997537,0.017142816
997538,0.011114143
997539,0.011088293
997540,0.015153912
997541,0.011150046
997542,0.016301414
997543,0.012905149
997544,0.011132812
997545,0.01610969
997546,0.016385427
997547,0.018037293
997548,0.014725988
997549,0.013973461
997550,0.020532945
997551,0.010831945
997552,0.011283605
997553,0.01788439
997554,0.010957606
997555,0.0135814
997556,0.010977712
997557,0.011103372
997558,0.012036674
997559,0.013648897
997560,0.012879854
997561,0.011271399
997562,0.013913861
997563,0.013396139
997564,0.012350643
997565,0.017877102
997566,0.016429229
997567,0.010849897
997568,0.015096972
997569,0.016383272
997570,0.033050198
997571,0.017513964
997572,0.024358772
997573,0.01075583
997574,0.013579963
997575,0.024121812
997576,0.013409783
997577,0.013907399
997578,0.012744859
997579,0.015018378
997580,0.011018641
997581,0.010605756
997582,0.017178165
997583,0.011454504
997584,0.013641717
997585,0.013409783
997586,0.01128576
997587,0.0097822361
997588,0.01257037
997589,0.013622329
997590,0.022709036
997591,0.013801844
997592,0.012235753
997593,0.011532553
997594,0.013420554
997595,0.013545496
997596,0.010999253
997597,0.015998088
997598,0.015981875
997599,0.011730239
997600,0.025208943
997601,0.012838124
997602,0.025436874
997603,0.011682129
997604,0.027090993
997605,0.019876705
997606,0.0031631219
997607,0.018520221
997608,0.0093216877
997609,0.013246783
997610,0.029550351
997611,0.011081113
997612,0.013568474
997613,0.023874082
997614,0.011366182
997615,0.017212119
997616,0.013448558
997617,0.014493781
997618,0.0096399318
997619,0.016432818
997620,0.015133129
997621,0.013595761
997622,0.011542825
997623,0.023862591
997624,0.02083905
997625,0.013890166
997626,0.013437787
997627,0.019251158
997628,0.0027493576
997629,0.01339973
997630,0.011644072
997631,0.01490469
997632,0.0031009368
997633,0.012519388
997634,0.011638328
997635,0.010739315
997636,0.022458643
997637,0.011196001
997638,0.010739315
997639,0.013598633
997640,0.011132094
997641,0.013923196
997642,0.013513183
997643,0.013358083
997644,0.013512465
997645,0.011184513
997646,0.011346795
997647,0.010930319
997648,0.011029412
997649,0.01372573
997650,0.01088939
997651,0.011068187
997652,0.016670497
997653,0.016126206
997654,0.016149903
997655,0.013947229
997656,0.011119887
997657,0.013528263
997658,0.016176471
997659,0.014144359
997660,0.010999971
997661,0.015151798
997662,0.018780876
997663,0.011150764
997664,0.016630284
997665,0.01217824
997666,0.018941723
997667,0.016880888
997668,0.013840619
997669,0.025395652
997670,0.0028239992
997671,0.010991354
997672,0.012971048
997673,0.020481244
997674,0.012201287
997675,0.016063018
997676,0.012299662
997677,0.010979866
997678,0.010872156
997679,0.011468865
997680,0.016215246
997681,0.013361673
997682,0.012658691
997683,0.016022805
997684,0.020137208
997685,0.024126839
997686,0.011251292
997687,0.016396197
997688,0.016432101
997689,0.020898437
997690,0.01105239
997691,0.016774615
997692,0.015340701
997693,0.013660386
997694,0.014535702
997695,0.016955972
997696,0.011020795
997697,0.01590289
997698,0.011170152
997699,0.0039206413
997700,0.01114861
997701,0.024457864
997702,0.011236213
997703,0.013457174
997704,0.011012896
997705,0.014996819
997706,0.011046645
997707,0.010842716
997708,0.016257612
997709,0.016683422
997710,0.013660386
997711,0.011127668
997712,0.025612876
997713,0.011863798
997714,0.010687177
997715,0.015553229
997716,0.016967773
997717,0.010961914
997718,0.018888585
997719,0.012212776
997720,0.0129294
997721,0.020341223
997722,0.011109835
997723,0.025572792
997724,0.011121323
997725,0.011077521
997726,0.011599386
997727,0.018872788
997728,0.01157083
997729,0.015523035
997730,0.016210938
997731,0.01773897
997732,0.011109835
997733,0.010933192
997734,0.011207491
997735,0.0165434
997736,0.016348805
997737,0.017458927
997738,0.015387414
997739,0.011190257
997740,0.013623047
997741,0.019094668
997742,0.013648897
997743,0.015948128
997744,0.011086857
997745,0.025573038
997746,0.01582174
997747,0.021289062
997748,0.016226016
997749,0.015492169
997750,0.016306439
997751,0.0039444966
997752,0.016075943
997753,0.01100787
997754,0.0086613679
997755,0.013852108
997756,0.021360869
997757,0.031246692
997758,0.011899701
997759,0.016401224
997760,0.012187336
997761,0.016051527
997762,0.011012178
997763,0.013878676
997764,0.013038765
997765,0.019073846
997766,0.01876149
997767,0.021703383
997768,0.013872214
997769,0.018637983
997770,0.017190373
997771,0.010989918
997772,0.018691119
997773,0.013479435
997774,0.010932473
997775,0.010811121
997776,0.013430607
997777,0.011155791
997778,0.012159579
997779,0.016505342
997780,0.018861664
997781,0.02226894
997782,0.018922335
997783,0.018986961
997784,0.012907858
997785,0.02157844
997786,0.011264936
997787,0.018818934
997788,0.010732853
997789,0.013078757
997790,0.018382354
997791,0.016715433
997792,0.013849954
997793,0.013342286
997794,0.01117087
997795,0.023589011
997796,0.01078958
997797,0.010871438
997798,0.013984231
997799,0.012442555
997800,0.011021513
997801,0.013780302
997802,0.010976993
997803,0.016597971
997804,0.018910846
997805,0.013464356
997806,0.01216682
997807,0.011127786
997808,0.019748757
997809,0.016060863
997810,0.013531135
997811,0.011601996
997812,0.014506262
997813,0.013698443
997814,0.023690257
997815,0.011273553
997816,0.013540231
997817,0.013284841
997818,0.011245548
997819,0.013276224
997820,0.013556985
997821,0.015681008
997822,0.014154412
997823,0.011496869
997824,0.012645404
997825,0.021510186
997826,0.011240148
997827,0.010451032
997828,0.011239085
997829,0.014358341
997830,0.011653407
997831,0.012876108
997832,0.01191478
997833,0.010689051
997834,0.011105526
997835,0.018798109
997836,0.01630285
997837,0.016124053
997838,0.026691033
997839,0.012003102
997840,0.013248937
997841,0.01187457
997842,0.016490264
997843,0.011435116
997844,0.013844928
997845,0.011089729
997846,0.011926269
997847,0.029171214
997848,0.015895441
997849,0.010650275
997850,0.011238367
997851,0.016818993
997852,0.012752757
997853,0.015691468
997854,0.011394905
997855,0.011408548
997856,0.013384206
997857,0.013964126
997858,0.013796818
997859,0.010824764
997860,0.019313678
997861,0.029022576
997862,0.013400448
997863,0.017627671
997864,0.012585637
997865,0.013541188
997866,0.013947611
997867,0.013637113
997868,0.021336766
997869,0.01618796
997870,0.018009014
997871,0.01094468
997872,0.01642851
997873,0.011352539
997874,0.011186667
997875,0.011274271
997876,0.011030477
997877,0.014825799
997878,0.011014332
997879,0.010951143
997880,0.029733473
997881,0.010054702
997882,0.013649615
997883,0.013945972
997884,0.020046653
997885,0.012191234
997886,0.013266888
997887,0.016176471
997888,0.010737161
997889,0.011553054
997890,0.010775937
997891,0.015288925
997892,0.010458737
997893,0.011317354
997894,0.01370706
997895,0.012561753
997896,0.010885799
997897,0.010010962
997898,0.013407629
997899,0.013498104
997900,0.012960277
997901,0.016555607
997902,0.010963351
997903,0.01586986
997904,0.0097314464
997905,0.020038607
997906,0.013757324
997907,0.010921703
997908,0.01849868
997909,0.011471019
997910,0.010827636
997911,0.016134823
997912,0.016529039
997913,0.011608887
997914,0.011163689
997915,0.011062442
997916,0.011027976
997917,0.011938477
997918,0.010085016
997919,0.0034185008
997920,0.019739488
997921,0.011038029
997922,0.014097685
997923,0.01683565
997924,0.023012409
997925,0.018915154
997926,0.012638086
997927,0.011514821
997928,0.011201747
997929,0.017548684
997930,0.011163689
997931,0.01117087
997932,0.012001666
997933,0.013157052
997934,0.011882468
997935,0.013821949
997936,0.013786765
997937,0.024284093
997938,0.015992647
997939,0.012157485
997940,0.013878676
997941,0.012146714
997942,0.011379107
997943,0.018900793
997944,0.011033002
997945,0.014018699
997946,0.011098346
997947,0.012798714
997948,0.013832721
997949,0.010968377
997950,0.013456456
997951,0.013932531
997952,0.016097484
997953,0.016973546
997954,0.016439281
997955,0.015005314
997956,0.0099383704
997957,0.013525391
997958,0.011578728
997959,0.021855613
997960,0.013845646
997961,0.015601304
997962,0.011027258
997963,0.011369772
997964,0.018709788
997965,0.025980642
997966,0.021830481
997967,0.018004967
997968,0.01088939
997969,0.011294376
997970,0.013292739
997971,0.020428108
997972,0.01306296
997973,0.01107824
997974,0.0097739054
997975,0.011928423
997976,0.022462374
997977,0.015023983
997978,0.012825948
997979,0.011357565
997980,0.012488511
997981,0.011330998
997982,0.013363827
997983,0.015613511
997984,0.011063878
997985,0.011879596
997986,0.013446404
997987,0.018666705
997988,0.013407629
997989,0.02654383
997990,0.013821231
997991,0.0099913673
997992,0.013864315
997993,0.012013155
997994,0.011667049
997995,0.013332232
997996,0.013648179
997997,0.013635254
997998,0.013974897
997999,0.013253246
998000,0.010881491
998001,0.013627355
998002,0.010754394
998003,0.01122257
998004,0.012699027
998005,0.013444968
998006,0.011183795
998007,0.013278038
998008,0.01361443
998009,0.011477482
998010,0.011273553
998011,0.011136402
998012,0.0149292
998013,0.021270461
998014,0.017200425
998015,0.013832721
998016,0.010534932
998017,0.016183652
998018,0.016423484
998019,0.013906681
998020,0.023440942
998021,0.021024816
998022,0.013694853
998023,0.020264735
998024,0.016213091
998025,0.011420037
998026,0.01124483
998027,0.010849897
998028,0.011812098
998029,0.013549805
998030,0.016546991
998031,0.01652473
998032,0.013496668
998033,0.010720646
998034,0.015992647
998035,0.011458094
998036,0.016079532
998037,0.016179344
998038,0.011014332
998039,0.0053209253
998040,0.013683364
998041,0.012856131
998042,0.0033103114
998043,0.013680492
998044,0.016486673
998045,0.013961972
998046,0.01232267
998047,0.011161535
998048,0.013879394
998049,0.01103372
998050,0.016038602
998051,0.011201747
998052,0.013505285
998053,0.029524464
998054,0.015966797
998055,0.011061724
998056,0.016399788
998057,0.015963925
998058,0.021994537
998059,0.010236412
998060,0.011250574
998061,0.003426661
998062,0.013559857
998063,0.022012867
998064,0.012980483
998065,0.017451746
998066,0.01730239
998067,0.020440314
998068,0.015303309
998069,0.013757324
998070,0.011368336
998071,0.02001277
998072,0.015778664
998073,0.013572064
998074,0.015675489
998075,0.013430607
998076,0.010684743
998077,0.014478975
998078,0.013740809
998079,0.01062658
998080,0.013775994
998081,0.010309918
998082,0.02030891
998083,0.016762407
998084,0.020211266
998085,0.016077379
998086,0.013487333
998087,0.012674489
998088,0.013764505
998089,0.01353203
998090,0.016371783
998091,0.012404498
998092,0.011089729
998093,0.011352539
998094,0.016360294
998095,0.01913847
998096,0.011395806
998097,0.010785271
998098,0.016245404
998099,0.013340131
998100,0.012216366
998101,0.018564498
998102,0.013683364
998103,0.01827967
998104,0.032324936
998105,0.013476563
998106,0.0017110673
998107,0.017313879
998108,0.013776712
998109,0.010791016
998110,0.01118164
998111,0.013515337
998112,0.013901655
998113,0.018864891
998114,0.012017463
998115,0.010867286
998116,0.013916734
998117,0.013455738
998118,0.012505027
998119,0.017544815
998120,0.011340332
998121,0.011491843
998122,0.025667079
998123,0.013308536
998124,0.011305147
998125,0.020658605
998126,0.016964182
998127,0.012808052
998128,0.010587804
998129,0.013648897
998130,0.013447122
998131,0.013591453
998132,0.011504049
998133,0.011491125
998134,0.011124196
998135,0.011049517
998136,0.018830422
998137,0.01619155
998138,0.013143826
998139,0.011945657
998140,0.012345253
998141,0.013694135
998142,0.011349667
998143,0.010077903
998144,0.010868367
998145,0.013735782
998146,0.015189638
998147,0.011156509
998148,0.017271513
998149,0.011099782
998150,0.014487592
998151,0.010926011
998152,0.019439338
998153,0.019075999
998154,0.011063878
998155,0.026225012
998156,0.011160099
998157,0.014007209
998158,0.013992848
998159,0.014797794
998160,0.030152086
998161,0.010513613
998162,0.010938936
998163,0.01953125
998164,0.013936121
998165,0.013579963
998166,0.010979148
998167,0.013388959
998168,0.013893038
998169,0.010876465
998170,0.012311868
998171,0.017437601
998172,0.011534926
998173,0.01251597
998174,0.010825482
998175,0.019232538
998176,0.016210219
998177,0.020567959
998178,0.017435949
998179,0.011238367
998180,0.01384421
998181,0.013660386
998182,0.016709272
998183,0.01685432
998184,0.021024816
998185,0.021610754
998186,0.011655766
998187,0.010930319
998188,0.019188736
998189,0.011239085
998190,0.016653262
998191,0.022880973
998192,0.016284179
998193,0.013465074
998194,0.013501694
998195,0.020630602
998196,0.012665154
998197,0.011002125
998198,0.011065315
998199,0.010998535
998200,0.011029412
998201,0.019160731
998202,0.021713436
998203,0.011781939
998204,0.013821231
998205,0.016061582
998206,0.014787741
998207,0.011837948
998208,0.015482106
998209,0.015107862
998210,0.013578527
998211,0.013686236
998212,0.017102147
998213,0.013301356
998214,0.01086354
998215,0.01134105
998216,0.024804687
998217,0.013212316
998218,0.0111522
998219,0.01157083
998220,0.011101936
998221,0.010801787
998222,0.013501694
998223,0.0099653415
998224,0.014029469
998225,0.017118566
998226,0.012615868
998227,0.022886502
998228,0.0109375
998229,0.014960433
998230,0.011717314
998231,0.016268382
998232,0.010476626
998233,0.013501917
998234,0.016396197
998235,0.017199798
998236,0.016642492
998237,0.013824103
998238,0.0022729656
998239,0.0139591
998240,0.019450827
998241,0.011032284
998242,0.01322955
998243,0.011978919
998244,0.011351103
998245,0.011262782
998246,0.01384421
998247,0.027976362
998248,0.010870002
998249,0.011227597
998250,0.010999971
998251,0.011315918
998252,0.022568246
998253,0.013591453
998254,0.016477337
998255,0.010745778
998256,0.013311408
998257,0.010948271
998258,0.026567526
998259,0.011005715
998260,0.010867848
998261,0.024313534
998262,0.020010915
998263,0.011064596
998264,0.010145198
998265,0.011058852
998266,0.011921243
998267,0.013711369
998268,0.0108262
998269,0.01896829
998270,0.011481072
998271,0.013780302
998272,0.011349667
998273,0.015925149
998274,0.017670754
998275,0.013917452
998276,0.011728085
998277,0.011310891
998278,0.011006434
998279,0.016003419
998280,0.013732192
998281,0.010661765
998282,0.032213636
998283,0.01391817
998284,0.016190113
998285,0.012231079
998286,0.020450369
998287,0.01372932
998288,0.010133637
998289,0.011805798
998290,0.015308426
998291,0.013924632
998292,0.013876522
998293,0.013947611
998294,0.011282887
998295,0.011521284
998296,0.027242603
998297,0.017807905
998298,0.011167279
998299,0.010862822
998300,0.024001177
998301,0.013373162
998302,0.011018641
998303,0.011090447
998304,0.01304924
998305,0.021407543
998306,0.01354047
998307,0.011120605
998308,0.013867905
998309,0.014332491
998310,0.011632583
998311,0.01857982
998312,0.011108398
998313,0.012268066
998314,0.017629772
998315,0.011971507
998316,0.029659377
998317,0.018095847
998318,0.016182216
998319,0.011741728
998320,0.027230078
998321,0.016336598
998322,0.011346077
998323,0.016536219
998324,0.010523804
998325,0.011443014
998326,0.022040155
998327,0.016426357
998328,0.039326746
998329,0.010964787
998330,0.021959012
998331,0.012701775
998332,0.013775276
998333,0.010601885
998334,0.01574707
998335,0.024010513
998336,0.013487333
998337,0.010820456
998338,0.012012437
998339,0.021657428
998340,0.010701976
998341,0.013992848
998342,0.013691262
998343,0.016326545
998344,0.010223079
998345,0.013374598
998346,0.012997203
998347,0.01114143
998348,0.012667703
998349,0.014211857
998350,0.015809076
998351,0.016096048
998352,0.013534726
998353,0.021587776
998354,0.016480928
998355,0.011139994
998356,0.013732192
998357,0.014051011
998358,0.010820456
998359,0.013750861
998360,0.01682057
998361,0.018669577
998362,0.015322575
998363,0.021063559
998364,0.011117015
998365,0.025884651
998366,0.015237248
998367,0.013837029
998368,0.017681526
998369,0.010403262
998370,0.011105526
998371,0.014583541
998372,0.020061178
998373,0.015034754
998374,0.011550006
998375,0.027613422
998376,0.011323099
998377,0.010197202
998378,0.011132812
998379,0.015803078
998380,0.010777373
998381,0.013489488
998382,0.010951861
998383,0.012633591
998384,0.021662453
998385,0.024110323
998386,0.016034294
998387,0.013519916
998388,0.013490206
998389,0.010791734
998390,0.016564941
998391,0.015869141
998392,0.013924632
998393,0.013802562
998394,0.013009105
998395,0.013576373
998396,0.013621611
998397,0.015866268
998398,0.011328125
998399,0.014075425
998400,0.01140783
998401,0.016095329
998402,0.021484375
998403,0.010861386
998404,0.022261316
998405,0.014489028
998406,0.014820772
998407,0.010627298
998408,0.017837346
998409,0.011695772
998410,0.016525447
998411,0.011332434
998412,0.016580021
998413,0.011086857
998414,0.010910214
998415,0.011499023
998416,0.013304946
998417,0.018034276
998418,0.014200368
998419,0.013177849
998420,0.018984379
998421,0.013568474
998422,0.013740809
998423,0.018404238
998424,0.021436984
998425,0.015280331
998426,0.011528464
998427,0.018839039
998428,0.023502145
998429,0.016314339
998430,0.012476304
998431,0.021845559
998432,0.013017003
998433,0.01408117
998434,0.011922679
998435,0.010850615
998436,0.013694853
998437,0.016373219
998438,0.013327206
998439,0.019094668
998440,0.013947611
998441,0.013890166
998442,0.01622458
998443,0.021542955
998444,0.01335162
998445,0.013651052
998446,0.019228946
998447,0.012648048
998448,0.011060288
998449,0.021044921
998450,0.013959818
998451,0.013523237
998452,0.012511489
998453,0.015785845
998454,0.011167997
998455,0.01138557
998456,0.018583409
998457,0.027194394
998458,0.021248134
998459,0.01095976
998460,0.011280015
998461,0.011165843
998462,0.011420037
998463,0.012362133
998464,0.019526392
998465,0.013669721
998466,0.012488511
998467,0.012619916
998468,0.011346795
998469,0.013853544
998470,0.013350184
998471,0.0056306957
998472,0.019061638
998473,0.029237276
998474,0.015973259
998475,0.01639476
998476,0.011387724
998477,0.010898007
998478,0.012633465
998479,0.014136461
998480,0.013505285
998481,0.010928883
998482,0.011629711
998483,0.011109835
998484,0.01112635
998485,0.012695313
998486,0.013576373
998487,0.011109835
998488,0.013763787
998489,0.014317412
998490,0.013410501
998491,0.020659113
998492,0.010397979
998493,0.011005715
998494,0.0050593186
998495,0.013423426
998496,0.015145845
998497,0.010670715
998498,0.017474724
998499,0.01623176
998500,0.02696605
998501,0.024032772
998502,0.013656078
998503,0.01245548
998504,0.016342742
998505,0.022847973
998506,0.011355411
998507,0.016090304
998508,0.018607106
998509,0.012583991
998510,0.018799547
998511,0.021472886
998512,0.012339872
998513,0.013763787
998514,0.013867187
998515,0.014867446
998516,0.010735916
998517,0.011063878
998518,0.010656021
998519,0.010744342
998520,0.011239803
998521,0.0109375
998522,0.011088293
998523,0.010824764
998524,0.013610122
998525,0.019806985
998526,0.015969669
998527,0.011022232
998528,0.01976103
998529,0.013606532
998530,0.013893038
998531,0.013535444
998532,0.018213747
998533,0.017634802
998534,0.0031839593
998535,0.016371783
998536,0.01105598
998537,0.011440142
998538,0.021824736
998539,0.01434757
998540,0.01083769
998541,0.010792452
998542,0.011075367
998543,0.010918112
998544,0.01148897
998545,0.012601246
998546,0.012074908
998547,0.010942526
998548,0.011259191
998549,0.016865809
998550,0.013941147
998551,0.010877901
998552,0.010335838
998553,0.014081888
998554,0.016692039
998555,0.011098346
998556,0.01639476
998557,0.020200696
998558,0.014935662
998559,0.011227597
998560,0.010853487
998561,0.011656997
998562,0.013553395
998563,0.016323673
998564,0.013534008
998565,0.011139994
998566,0.011203901
998567,0.011282887
998568,0.01020041
998569,0.011358283
998570,0.015973585
998571,0.013472972
998572,0.013834157
998573,0.013367417
998574,0.011960018
998575,0.015132578
998576,0.011613195
998577,0.011339614
998578,0.014005773
998579,0.014893718
998580,0.0188534
998581,0.011939913
998582,0.014740335
998583,0.011089729
998584,0.011109835
998585,0.010766601
998586,0.020366371
998587,0.015968233
998588,0.016383272
998589,0.013436351
998590,0.012344181
998591,0.02249839
998592,0.001561314
998593,0.016282026
998594,0.013683364
998595,0.0117446
998596,0.037512206
998597,0.013630227
998598,0.015309538
998599,0.011175178
998600,0.011015768
998601,0.011185949
998602,0.014079016
998603,0.01533983
998604,0.019441493
998605,0.011224724
998606,0.013926068
998607,0.011409266
998608,0.01358499
998609,0.010917394
998610,0.016934743
998611,0.020026712
998612,0.01113353
998613,0.016292796
998614,0.01639476
998615,0.011160817
998616,0.016656134
998617,0.016136259
998618,0.013651052
998619,0.011029412
998620,0.015582634
998621,0.02411535
998622,0.011282169
998623,0.0136848
998624,0.013299202
998625,0.010629452
998626,0.013122376
998627,0.016065171
998628,0.010895135
998629,0.014394962
998630,0.013619456
998631,0.015021044
998632,0.015340648
998633,0.013318589
998634,0.013532571
998635,0.011155791
998636,0.017830882
998637,0.013498104
998638,0.020253532
998639,0.013426298
998640,0.016801184
998641,0.011007152
998642,0.01160386
998643,0.015865549
998644,0.014550063
998645,0.013732192
998646,0.011098346
998647,0.01144876
998648,0.010294118
998649,0.013665413
998650,0.02242168
998651,0.013194364
998652,0.010971967
998653,0.013922478
998654,0.016704964
998655,0.012418266
998656,0.013335104
998657,0.011196001
998658,0.026022209
998659,0.010059544
998660,0.011690028
998661,0.011167997
998662,0.011523438
998663,0.023759192
998664,0.016379682
998665,0.010963351
998666,0.011144302
998667,0.016609462
998668,0.0099874781
998669,0.010200811
998670,0.013742963
998671,0.012685204
998672,0.016315775
998673,0.010082384
998674,0.011756808
998675,0.011111989
998676,0.013798254
998677,0.01586196
998678,0.01515054
998679,0.029175524
998680,0.013798254
998681,0.016590074
998682,0.011516257
998683,0.013763787
998684,0.014578068
998685,0.013860007
998686,0.018734202
998687,0.016636029
998688,0.013650334
998689,0.010868566
998690,0.013510311
998691,0.011451632
998692,0.010050759
998693,0.016406249
998694,0.011029412
998695,0.022662897
998696,0.018933823
998697,0.01171157
998698,0.010923857
998699,0.03141531
998700,0.016847139
998701,0.017443897
998702,0.011291504
998703,0.016181497
998704,0.01124842
998705,0.01110409
998706,0.016327264
998707,0.013639562
998708,0.016957721
998709,0.011422909
998710,0.0038304043
998711,0.013421272
998712,0.014487592
998713,0.016233915
998714,0.011203183
998715,0.014935936
998716,0.016204474
998717,0.017165959
998718,0.016236788
998719,0.010983456
998720,0.013407629
998721,0.017181037
998722,0.022970375
998723,0.010722082
998724,0.01114502
998725,0.011321662
998726,0.011288632
998727,0.014155848
998728,0.012495222
998729,0.013490206
998730,0.013644589
998731,0.015545296
998732,0.011193129
998733,0.011045209
998734,0.01380328
998735,0.013630945
998736,0.013331514
998737,0.02024213
998738,0.015008904
998739,0.019338092
998740,0.027235324
998741,0.012676276
998742,0.012649356
998743,0.013153185
998744,0.010638786
998745,0.024317125
998746,0.01301972
998747,0.010387789
998748,0.010763011
998749,0.011480354
998750,0.019175092
998751,0.011339614
998752,0.011200311
998753,0.02007113
998754,0.02625517
998755,0.015358556
998756,0.013628791
998757,0.013411937
998758,0.011206773
998759,0.013658232
998760,0.011029412
998761,0.013465074
998762,0.015349264
998763,0.013881548
998764,0.014310949
998765,0.016501753
998766,0.013376034
998767,0.011387724
998768,0.011006434
998769,0.025534324
998770,0.011184513
998771,0.010994945
998772,0.014402894
998773,0.014148667
998774,0.02556655
998775,0.010560518
998776,0.014372702
998777,0.010977712
998778,0.013094584
998779,0.011209645
998780,0.01117087
998781,0.014449107
998782,0.01171875
998783,0.016407574
998784,0.012879136
998785,0.013327206
998786,0.01127068
998787,0.016118309
998788,0.016269101
998789,0.011283605
998790,0.012775735
998791,0.013694853
998792,0.015912224
998793,0.014005055
998794,0.015092917
998795,0.013629509
998796,0.013349466
998797,0.013261862
998798,0.0032313806
998799,0.01157083
998800,0.013798972
998801,0.013813333
998802,0.010921703
998803,0.015304666
998804,0.010781681
998805,0.0105309
998806,0.015286793
998807,0.0092202621
998808,0.011546415
998809,0.016406249
998810,0.013815487
998811,0.011031566
998812,0.017662851
998813,0.01570848
998814,0.016345214
998815,0.01103013
998816,0.012280048
998817,0.013457174
998818,0.017881745
998819,0.010918831
998820,0.014685059
998821,0.013078039
998822,0.016529756
998823,0.01532126
998824,0.012552022
998825,0.011615349
998826,0.019073846
998827,0.011758244
998828,0.01639476
998829,0.01413287
998830,0.014007209
998831,0.011391315
998832,0.013648897
998833,0.018623622
998834,0.014545036
998835,0.011283605
998836,0.014300178
998837,0.017038144
998838,0.013967716
998839,0.010521024
998840,0.011175178
998841,0.011684283
998842,0.019355325
998843,0.016004136
998844,0.011006434
998845,0.011155791
998846,0.015460161
998847,0.010954733
998848,0.018478027
998849,0.015146703
998850,0.020361328
998851,0.012769273
998852,0.011162971
998853,0.01167423
998854,0.012754912
998855,0.013809742
998856,0.0022060303
998857,0.01082261
998858,0.015287285
998859,0.011170152
998860,0.011400649
998861,0.013211984
998862,0.013373162
998863,0.012281543
998864,0.011103372
998865,0.011455222
998866,0.011066033
998867,0.011561494
998868,0.011308019
998869,0.016596535
998870,0.0096345209
998871,0.0028396167
998872,0.014371285
998873,0.016142003
998874,0.010899443
998875,0.014142923
998876,0.023017064
998877,0.013878676
998878,0.016592946
998879,0.013712805
998880,0.011975477
998881,0.010665355
998882,0.015421841
998883,0.016155647
998884,0.019000603
998885,0.011006434
998886,0.01070054
998887,0.01102295
998888,0.013558421
998889,0.016888786
998890,0.023006566
998891,0.017225558
998892,0.01085995
998893,0.013211349
998894,0.015418818
998895,0.013601505
998896,0.015143501
998897,0.015015366
998898,0.016027113
998899,0.010971967
998900,0.016155647
998901,0.017673057
998902,0.018191349
998903,0.01643569
998904,0.016326545
998905,0.01113712
998906,0.016270537
998907,0.016429229
998908,0.013769532
998909,0.014912375
998910,0.01112635
998911,0.011351103
998912,0.002845441
998913,0.011231905
998914,0.013447122
998915,0.01105239
998916,0.013327206
998917,0.010577751
998918,0.01746851
998919,0.011033002
998920,0.011356129
998921,0.010892262
998922,0.011050235
998923,0.015970387
998924,0.016572122
998925,0.019060202
998926,0.011272835
998927,0.014208267
998928,0.016090304
998929,0.011169434
998930,0.010971967
998931,0.018569048
998932,0.012591911
998933,0.013212316
998934,0.010965505
998935,0.024681894
998936,0.018487908
998937,0.01075224
998938,0.011034438
998939,0.013823385
998940,0.01134105
998941,0.012043313
998942,0.012603461
998943,0.019112621
998944,0.022454416
998945,0.011323099
998946,0.018680349
998947,0.0260814
998948,0.018494371
998949,0.027695768
998950,0.013721421
998951,0.013414091
998952,0.011269244
998953,0.011398495
998954,0.010804659
998955,0.013656078
998956,0.027022058
998957,0.013524673
998958,0.011937759
998959,0.02365938
998960,0.015614229
998961,0.039028034
998962,0.013804716
998963,0.014566761
998964,0.015969669
998965,0.013457892
998966,0.01084487
998967,0.013752297
998968,0.013720703
998969,0.010829072
998970,0.014145795
998971,0.014553857
998972,0.020602807
998973,0.010372778
998974,0.0096065542
998975,0.011240521
998976,0.013903091
998977,0.011937041
998978,0.010164347
998979,0.013640998
998980,0.031471163
998981,0.013671875
998982,0.010827636
998983,0.010707002
998984,0.018043337
998985,0.015184111
998986,0.011382697
998987,0.016038602
998988,0.01361443
998989,0.035213694
998990,0.017380267
998991,0.016545555
998992,0.012069164
998993,0.020317527
998994,0.01618796
998995,0.013530417
998996,0.011064596
998997,0.015044409
998998,0.010757267
998999,0.016279871
999000,0.018945312
999001,0.011213954
999002,0.013781738
999003,0.011179486
999004,0.022394875
999005,0.011288632
999006,0.013579963
999007,0.012187577
999008,0.024379596
999009,0.015970387
999010,0.035241701
999011,0.011868106
999012,0.011402803
999013,0.015508557
999014,0.014829853
999015,0.011518411
999016,0.01637681
999017,0.016107537
999018,0.013148408
999019,0.010948989
999020,0.013158462
999021,0.011542825
999022,0.022702927
999023,0.011710851
999024,0.011293658
999025,0.010708767
999026,0.021886488
999027,0.013864315
999028,0.011697927
999029,0.013830567
999030,0.020082721
999031,0.0026083058
999032,0.010974912
999033,0.011202465
999034,0.015287511
999035,0.0088708038
999036,0.011509795
999037,0.015346923
999038,0.014579504
999039,0.013684082
999040,0.011199592
999041,0.01391458
999042,0.012771145
999043,0.035325963
999044,0.030748785
999045,0.013577091
999046,0.0099299541
999047,0.011314481
999048,0.013776551
999049,0.019441351
999050,0.012927521
999051,0.011387724
999052,0.011113425
999053,0.011293658
999054,0.016103946
999055,0.020327888
999056,0.0047189794
999057,0.011237649
999058,0.010687615
999059,0.01102295
999060,0.014150822
999061,0.010877901
999062,0.010969813
999063,0.012097168
999064,0.024427706
999065,0.011285041
999066,0.011150046
999067,0.011136402
999068,0.013536162
999069,0.011269244
999070,0.013669003
999071,0.010690487
999072,0.014697266
999073,0.023122303
999074,0.011132812
999075,0.010205796
999076,0.013964126
999077,0.011053826
999078,0.018748565
999079,0.026530905
999080,0.013571346
999081,0.011616067
999082,0.012380717
999083,0.010148757
999084,0.015965361
999085,0.024485437
999086,0.013151281
999087,0.033074591
999088,0.011005715
999089,0.011013614
999090,0.011156509
999091,0.026539521
999092,0.024105296
999093,0.010964787
999094,0.01585478
999095,0.011045927
999096,0.014997423
999097,0.013579963
999098,0.013035681
999099,0.013901655
999100,0.012861903
999101,0.013311408
999102,0.013767377
999103,0.02155992
999104,0.0099852579
999105,0.019910386
999106,0.013512465
999107,0.018687529
999108,0.021164611
999109,0.013800408
999110,0.010891544
999111,0.016153492
999112,0.016599407
999113,0.012717572
999114,0.010884363
999115,0.011327407
999116,0.014021571
999117,0.010953297
999118,0.01264433
999119,0.013801126
999120,0.013602941
999121,0.016192269
999122,0.0098825945
999123,0.011252728
999124,0.014266429
999125,0.012141688
999126,0.010981302
999127,0.013700597
999128,0.021446317
999129,0.011503331
999130,0.017631261
999131,0.011012178
999132,0.010830509
999133,0.011747472
999134,0.011529182
999135,0.022513418
999136,0.021665325
999137,0.013608363
999138,0.019203814
999139,0.013189338
999140,0.013546214
999141,0.026711857
999142,0.011098346
999143,0.013650334
999144,0.026108194
999145,0.012181181
999146,0.010870002
999147,0.021857766
999148,0.015925867
999149,0.011017923
999150,0.013788919
999151,0.021474322
999152,0.013631663
999153,0.012502024
999154,0.011590935
999155,0.012980796
999156,0.024987061
999157,0.014519187
999158,0.011025104
999159,0.012465533
999160,0.018718405
999161,0.011106244
999162,0.013212316
999163,0.010994227
999164,0.0098988889
999165,0.01081543
999166,0.018759334
999167,0.010960478
999168,0.013131893
999169,0.015984748
999170,0.012111529
999171,0.011257037
999172,0.015028279
999173,0.016142003
999174,0.010421215
999175,0.013486615
999176,0.018841911
999177,0.016696347
999178,0.011272117
999179,0.016220272
999180,0.011456658
999181,0.012259349
999182,0.011122041
999183,0.013801844
999184,0.010579905
999185,0.012258732
999186,0.016475184
999187,0.010816148
999188,0.013861443
999189,0.011112707
999190,0.011362592
999191,0.01399572
999192,0.010818302
999193,0.012178309
999194,0.013641717
999195,0.010676126
999196,0.013340131
999197,0.016192986
999198,0.021668199
999199,0.022144273
999200,0.019519761
999201,0.010876465
999202,0.025942096
999203,0.037517235
999204,0.013586426
999205,0.011772909
999206,0.013755888
999207,0.0023256561
999208,0.013901655
999209,0.011277861
999210,0.012063419
999211,0.011089011
999212,0.010994227
999213,0.010979866
999214,0.013456456
999215,0.010419395
999216,0.013397576
999217,0.011531336
999218,0.0021955681
999219,0.010926011
999220,0.010976993
999221,0.012050494
999222,0.013546932
999223,0.021222282
999224,0.012658232
999225,0.02320772
999226,0.029380171
999227,0.01639476
999228,0.022322878
999229,0.010915958
999230,0.01970502
999231,0.015021036
999232,0.014422966
999233,0.016050091
999234,0.011826459
999235,0.016350958
999236,0.01113353
999237,0.010987764
999238,0.018540327
999239,0.01377743
999240,0.011397059
999241,0.013411219
999242,0.018831858
999243,0.014090504
999244,0.011277143
999245,0.017973492
999246,0.015994802
999247,0.012013155
999248,0.011064596
999249,0.011404958
999250,0.011169434
999251,0.013788919
999252,0.016022805
999253,0.012591911
999254,0.019945571
999255,0.013789637
999256,0.010702694
999257,0.01372932
999258,0.014051011
999259,0.014020135
999260,0.023925781
999261,0.011118899
999262,0.013380342
999263,0.011380543
999264,0.011286478
999265,0.025257066
999266,0.027010569
999267,0.023828125
999268,0.020883547
999269,0.017415689
999270,0.010865694
999271,0.013388241
999272,0.010587804
999273,0.016256893
999274,0.014935662
999275,0.012120864
999276,0.011045209
999277,0.015891401
999278,0.014368667
999279,0.011256319
999280,0.025896732
999281,0.021202177
999282,0.013560575
999283,0.013521083
999284,0.011057416
999285,0.010788144
999286,0.016661162
999287,0.021255314
999288,0.01609892
999289,0.010740033
999290,0.011496869
999291,0.018979779
999292,0.011048799
999293,0.011321419
999294,0.023955939
999295,0.011527746
999296,0.016376091
999297,0.01370706
999298,0.015693935
999299,0.0035177451
999300,0.01572481
999301,0.011098346
999302,0.014851648
999303,0.016061582
999304,0.029400993
999305,0.02030101
999306,0.01105239
999307,0.0036459209
999308,0.016799029
999309,0.014091941
999310,0.011089729
999311,0.010765165
999312,0.011828613
999313,0.02153033
999314,0.011188449
999315,0.010941808
999316,0.014942124
999317,0.011038747
999318,0.011147892
999319,0.011050235
999320,0.01159668
999321,0.013676901
999322,0.019117648
999323,0.012278837
999324,0.013802562
999325,0.013897346
999326,0.011175896
999327,0.020559454
999328,0.013895192
999329,0.010675408
999330,0.011567958
999331,0.014016544
999332,0.0109892
999333,0.021740723
999334,0.011207491
999335,0.01660659
999336,0.011162971
999337,0.013518928
999338,0.01361802
999339,0.01087072
999340,0.016306439
999341,0.021199305
999342,0.010081622
999343,0.010717056
999344,0.013535444
999345,0.011225442
999346,0.003254011
999347,0.011089011
999348,0.01304788
999349,0.011339614
999350,0.01631362
999351,0.016578585
999352,0.010948989
999353,0.01640266
999354,0.019084616
999355,0.013465074
999356,0.011086857
999357,0.028698731
999358,0.011239085
999359,0.010043414
999360,0.011040901
999361,0.016189396
999362,0.010022955
999363,0.017773438
999364,0.022463497
999365,0.01127068
999366,0.015446265
999367,0.011013614
999368,0.021380974
999369,0.013340131
999370,0.031340506
999371,0.010762293
999372,0.010868566
999373,0.01334444
999374,0.012476028
999375,0.013060087
999376,0.013829849
999377,0.013454302
999378,0.010939654
999379,0.013009162
999380,0.01523653
999381,0.016154211
999382,0.016181497
999383,0.0014733039
999384,0.011122759
999385,0.013593607
999386,0.013335822
999387,0.018612131
999388,0.019569308
999389,0.013936121
999390,0.013602941
999391,0.019180119
999392,0.013715677
999393,0.024095962
999394,0.020235667
999395,0.011068905
999396,0.011031566
999397,0.013401885
999398,0.013833439
999399,0.010914522
999400,0.01451416
999401,0.0024627303
999402,0.011091165
999403,0.016119745
999404,0.01504337
999405,0.013824822
999406,0.012007411
999407,0.018999433
999408,0.010914522
999409,0.026736271
999410,0.021383129
999411,0.01476979
999412,0.010719928
999413,0.011029412
999414,0.01194853
999415,0.016029986
999416,0.024241729
999417,0.016111126
999418,0.01722802
999419,0.024192182
999420,0.013931095
999421,0.016149903
999422,0.0019552805
999423,0.012581141
999424,0.025205046
999425,0.0018260027
999426,0.013530417
999427,0.02234892
999428,0.011066033
999429,0.013809742
999430,0.010936064
999431,0.011027258
999432,0.012528004
999433,0.01361802
999434,0.013897346
999435,0.011206773
999436,0.01540871
999437,0.011443014
999438,0.012477022
999439,0.013087373
999440,0.032411106
999441,0.017696604
999442,0.012375144
999443,0.015330286
999444,0.01075583
999445,0.013712087
999446,0.010923857
999447,0.0099659637
999448,0.011066033
999449,0.013783893
999450,0.010537961
999451,0.013450712
999452,0.01060432
999453,0.010857795
999454,0.011227597
999455,0.010023003
999456,0.013657514
999457,0.010372927
999458,0.013426298
999459,0.01630285
999460,0.010939654
999461,0.010642667
999462,0.0099034524
999463,0.038732193
999464,0.011351103
999465,0.013524673
999466,0.011006434
999467,0.013913143
999468,0.018189196
999469,0.018073114
999470,0.0202571
999471,0.016015625
999472,0.011646226
999473,0.010976275
999474,0.011206773
999475,0.012093578
999476,0.011361874
999477,0.014178107
999478,0.039131433
999479,0.020702763
999480,0.016055118
999481,0.013435633
999482,0.018550379
999483,0.010966941
999484,0.01636963
999485,0.016371783
999486,0.015093194
999487,0.019281365
999488,0.011249138
999489,0.018891457
999490,0.011279297
999491,0.010954733
999492,0.019140625
999493,0.012530671
999494,0.025136432
999495,0.013628791
999496,0.02068462
999497,0.013766659
999498,0.010938936
999499,0.011291504
999500,0.014282945
999501,0.015907198
999502,0.011294376
999503,0.013261862
999504,0.010755112
999505,0.011753217
999506,0.015990492
999507,0.011998794
999508,0.011086857
999509,0.024591424
999510,0.011201747
999511,0.016391171
999512,0.013694063
999513,0.012143842
999514,0.01890151
999515,0.018798383
999516,0.010140754
999517,0.010791016
999518,0.010903751
999519,0.016338753
999520,0.010717774
999521,0.011330998
999522,0.011219698
999523,0.011121323
999524,0.020478372
999525,0.034348909
999526,0.013308536
999527,0.011054544
999528,0.0082055461
999529,0.016949821
999530,0.013747271
999531,0.016475184
999532,0.013361673
999533,0.010457859
999534,0.012491384
999535,0.015248252
999536,0.010196603
999537,0.014079016
999538,0.01349954
999539,0.019603221
999540,0.01137049
999541,0.010772346
999542,0.021495864
999543,0.015562416
999544,0.016084559
999545,0.011239803
999546,0.01398854
999547,0.019024896
999548,0.012400189
999549,0.028517062
999550,0.010945398
999551,0.011216108
999552,0.013516055
999553,0.011155791
999554,0.01391817
999555,0.010070359
999556,0.024532542
999557,0.022157917
999558,0.013177849
999559,0.030200195
999560,0.013620174
999561,0.013363109
999562,0.015577813
999563,0.011295812
999564,0.010278792
999565,0.013446404
999566,0.013401167
999567,0.013153436
999568,0.010825482
999569,0.012497449
999570,0.016636029
999571,0.011186667
999572,0.016452206
999573,0.0099477321
999574,0.01221852
999575,0.015414609
999576,0.012077062
999577,0.010922421
999578,0.01122616
999579,0.013396139
999580,0.012764246
999581,0.012558338
999582,0.018781595
999583,0.011111989
999584,0.011124196
999585,0.010853487
999586,0.021138545
999587,0.013041402
999588,0.011017923
999589,0.011008588
999590,0.018910846
999591,0.016247559
999592,0.012691004
999593,0.017230583
999594,0.013982077
999595,0.012179783
999596,0.0034198842
999597,0.018832577
999598,0.010982738
999599,0.011114143
999600,0.013606532
999601,0.016353114
999602,0.012527286
999603,0.010946834
999604,0.011091165
999605,0.012669977
999606,0.029439051
999607,0.034552362
999608,0.010880055
999609,0.011216108
999610,0.013338695
999611,0.010979866
999612,0.011349667
999613,0.017653521
999614,0.018864891
999615,0.010879337
999616,0.010701976
999617,0.016396197
999618,0.010943244
999619,0.01472527
999620,0.011061724
999621,0.013979205
999622,0.018788056
999623,0.0034833839
999624,0.01602855
999625,0.022605255
999626,0.011286478
999627,0.010882927
999628,0.016153492
999629,0.010746496
999630,0.013763068
999631,0.013306382
999632,0.029000316
999633,0.018791648
999634,0.011819997
999635,0.018709788
999636,0.010350851
999637,0.012512749
999638,0.012258732
999639,0.013568474
999640,0.0090730982
999641,0.013376034
999642,0.011083267
999643,0.01125201
999644,0.010799632
999645,0.011091165
999646,0.0082859332
999647,0.010959042
999648,0.016303567
999649,0.011068187
999650,0.017003676
999651,0.023386158
999652,0.020557359
999653,0.012952256
999654,0.01484375
999655,0.013577809
999656,0.018340705
999657,0.011274271
999658,0.0214973
999659,0.015892118
999660,0.011735265
999661,0.01101146
999662,0.01373291
999663,0.034570314
999664,0.014809966
999665,0.0085795997
999666,0.021617217
999667,0.0113669
999668,0.021564798
999669,0.0022032522
999670,0.013407629
999671,0.01080035
999672,0.010734289
999673,0.013143945
999674,0.011090447
999675,0.013106762
999676,0.021443445
999677,0.011155791
999678,0.016292796
999679,0.011730957
999680,0.013361673
999681,0.011454504
999682,0.016877297
999683,0.018832577
999684,0.010781681
999685,0.011121323
999686,0.010793888
999687,0.017326804
999688,0.022734644
999689,0.01815008
999690,0.010505227
999691,0.010987046
999692,0.016046183
999693,0.014633358
999694,0.015192728
999695,0.018164063
999696,0.013704188
999697,0.011492561
999698,0.01403665
999699,0.021284036
999700,0.010650275
999701,0.014200368
999702,0.011021513
999703,0.018795956
999704,0.012358542
999705,0.016116153
999706,0.012777889
999707,0.010957606
999708,0.011183077
999709,0.016446462
999710,0.011455222
999711,0.022060977
999712,0.011845129
999713,0.02390427
999714,0.010984892
999715,0.011379483
999716,0.014065749
999717,0.01874282
999718,0.01103013
999719,0.011180922
999720,0.0188534
999721,0.021297976
999722,0.013577091
999723,0.016654698
999724,0.020285156
999725,0.014545036
999726,0.013786765
999727,0.018682502
999728,0.022234216
999729,0.018369451
999730,0.013637408
999731,0.013444968
999732,0.018834013
999733,0.011079676
999734,0.011464557
999735,0.017773438
999736,0.018961109
999737,0.011432244
999738,0.012940615
999739,0.019718794
999740,0.012606273
999741,0.012561035
999742,0.011663459
999743,0.01849078
999744,0.010966223
999745,0.016222427
999746,0.013970588
999747,0.016895125
999748,0.0097339097
999749,0.01526597
999750,0.01070772
999751,0.0135814
999752,0.012501716
999753,0.011009306
999754,0.009796543
999755,0.01882037
999756,0.014211857
999757,0.017745035
999758,0.017220531
999759,0.01202249
999760,0.010688333
999761,0.013683364
999762,0.012186859
999763,0.011261212
999764,0.022162225
999765,0.01385139
999766,0.010627298
999767,0.012781479
999768,0.01479671
999769,0.013706342
999770,0.013660386
999771,0.013793945
999772,0.010868566
999773,0.013967716
999774,0.016750919
999775,0.011098346
999776,0.0091231251
999777,0.010980584
999778,0.010786708
999779,0.013409065
999780,0.013079475
999781,0.018795956
999782,0.021991326
999783,0.011074649
999784,0.010847025
999785,0.011066033
999786,0.012876982
999787,0.018144926
999788,0.018500833
999789,0.015814569
999790,0.01372932
999791,0.013775276
999792,0.0142255
999793,0.01133746
999794,0.01377743
999795,0.011284323
999796,0.010773892
999797,0.020214017
999798,0.01243779
999799,0.010615809
999800,0.01377743
999801,0.012776743
999802,0.014772662
999803,0.016684139
999804,0.015936054
999805,0.01079676
999806,0.010443121
999807,0.011244112
999808,0.012826717
999809,0.011182358
999810,0.0096883932
999811,0.013338695
999812,0.018785184
999813,0.01122257
999814,0.017599266
999815,0.022727339
999816,0.010914522
999817,0.010982738
999818,0.011274271
999819,0.027684497
999820,0.015940947
999821,0.013663258
999822,0.012544735
999823,0.018836167
999824,0.021549001
999825,0.018704044
999826,0.013704906
999827,0.013832721
999828,0.015822466
999829,0.017361231
999830,0.012626996
999831,0.012571716
999832,0.010824046
999833,0.0092901615
999834,0.011387006
999835,0.010940934
999836,0.019417079
999837,0.013648897
999838,0.014477539
999839,0.011105526
999840,0.010950425
999841,0.013558421
999842,0.016214527
999843,0.016653262
999844,0.020060126
999845,0.013396857
999846,0.018976189
999847,0.030903177
999848,0.010760139
999849,0.018799547
999850,0.019565716
999851,0.01135972
999852,0.011185949
999853,0.011468865
999854,0.01360725
999855,0.014047421
999856,0.015912943
999857,0.011190257
999858,0.021610754
999859,0.015969669
999860,0.016122617
999861,0.013511029
999862,0.02181612
999863,0.016177189
999864,0.012850414
999865,0.013112188
999866,0.010909496
999867,0.0027467581
999868,0.010964069
999869,0.014545036
999870,0.020269804
999871,0.015152516
999872,0.011960018
999873,0.015843291
999874,0.01325899
999875,0.022647513
999876,0.018742101
999877,0.01372573
999878,0.016237507
999879,0.011022232
999880,0.016532628
999881,0.010997099
999882,0.011095474
999883,0.010905188
999884,0.02195904
999885,0.0087781828
999886,0.013740091
999887,0.018640136
999888,0.011328125
999889,0.015820313
999890,0.038947612
999891,0.019025736
999892,0.015728401
999893,0.01384421
999894,0.011040901
999895,0.018224336
999896,0.011353257
999897,0.014183134
999898,0.01342558
999899,0.018491497
999900,0.013830567
999901,0.014677519
999902,0.033870921
999903,0.011224724
999904,0.011036593
999905,0.012281709
999906,0.014202522
999907,0.01103372
999908,0.013653924
999909,0.013763787
999910,0.012646484
999911,0.016153492
999912,0.013947611
999913,0.010942526
999914,0.026686724
999915,0.013593607
999916,0.019117648
999917,0.013884421
999918,0.012163995
999919,0.016327981
999920,0.01086354
999921,0.02035941
999922,0.011294376
999923,0.030172909
999924,0.011782657
999925,0.013638844
999926,0.010962632
999927,0.020128677
999928,0.027508589
999929,0.013570628
999930,0.010811121
999931,0.013893756
999932,0.012522978
999933,0.016561352
999934,0.0138478
999935,0.013938993
999936,0.01628777
999937,0.013541906
999938,0.016118309
999939,0.013816205
999940,0.013836311
999941,0.013674029
999942,0.013434197
999943,0.020945111
999944,0.015050552
999945,0.018556843
999946,0.016282743
999947,0.016512522
999948,0.011555032
999949,0.01368839
999950,0.01613267
999951,0.013638844
999952,0.022783129
999953,0.011294376
999954,0.013547651
999955,0.013579963
999956,0.011024386
999957,0.017049633
999958,0.010875029
999959,0.010788144
999960,0.022894271
999961,0.011502613
999962,0.016197294
999963,0.013936121
999964,0.013568474
999965,0.016238224
999966,0.013648897
999967,0.013561293
999968,0.010917394
999969,0.018788056
999970,0.014286535
999971,0.016524011
999972,0.014865479
999973,0.010893698
999974,0.010988482
999975,0.0020244634
999976,0.010732853
999977,0.011304429
999978,0.019999083
999979,0.022762522
999980,0.011033002
999981,0.018844783
999982,0.016330853
999983,0.016978545
999984,0.013572782
999985,0.017290901
999986,0.017836457
999987,0.011515609
999988,0.014101993
999989,0.012599186
999990,0.010921703
999991,0.01613267
999992,0.011140712
999993,0.0109375
999994,0.011280733
999995,0.01349954
999996,0.016325828
999997,0.015793025
999998,0.011500459
999999,0.010983456
