LECROYHDO6104B,11090,Waveform
Segments,1,SegmentSize,5853
Segment,TrigTime,TimeSinceSegment1
#1,04-May-2026 18:21:05,0                 
Time,Ampl
994147,0.021279728
994148,0.012907302
994149,0.010640941
994150,0.025745334
994151,0.013596479
994152,0.014944909
994153,0.010367683
994154,0.022425035
994155,0.011328125
994156,0.013832721
994157,0.013913143
994158,0.015889246
994159,0.016463695
994160,0.011233341
994161,0.010875747
994162,0.0227511
994163,0.012585449
994164,0.01381046
994165,0.016136978
994166,0.017858887
994167,0.025415512
994168,0.010935346
994169,0.016057273
994170,0.011336742
994171,0.011046645
994172,0.010955451
994173,0.010811121
994174,0.022047335
994175,0.011899701
994176,0.01366254
994177,0.013617302
994178,0.020990349
994179,0.016773896
994180,0.020707434
994181,0.01086354
994182,0.013569192
994183,0.011905446
994184,0.012760523
994185,0.012940519
994186,0.013587144
994187,0.011070341
994188,0.012236129
994189,0.010293417
994190,0.011076803
994191,0.010835536
994192,0.011550724
994193,0.012209521
994194,0.012087833
994195,0.011001407
994196,0.016416302
994197,0.012500718
994198,0.012847659
994199,0.011417164
994200,0.011236931
994201,0.019189453
994202,0.012462015
994203,0.024235265
994204,0.010925293
994205,0.018867763
994206,0.020914953
994207,0.02434082
994208,0.015040985
994209,0.01377384
994210,0.015900018
994211,0.011189539
994212,0.017547967
994213,0.0150326
994214,0.011719468
994215,0.013869341
994216,0.012799997
994217,0.01283318
994218,0.013760914
994219,0.012332544
994220,0.016210938
994221,0.011382697
994222,0.01094109
994223,0.011075367
994224,0.011175178
994225,0.013676901
994226,0.015752098
994227,0.016399069
994228,0.010951861
994229,0.01313614
994230,0.01342558
994231,0.013798254
994232,0.0017621694
994233,0.018668141
994234,0.01089298
994235,0.010761575
994236,0.020484835
994237,0.013419836
994238,0.01097843
994239,0.012873115
994240,0.013702752
994241,0.015980439
994242,0.021309169
994243,0.016536219
994244,0.013653924
994245,0.023956658
994246,0.02787655
994247,0.010961196
994248,0.011170152
994249,0.01137049
994250,0.011495433
994251,0.016084559
994252,0.01237088
994253,0.012017463
994254,0.012965517
994255,0.013926068
994256,0.014002901
994257,0.011195283
994258,0.018377326
994259,0.021740723
994260,0.021805348
994261,0.012805894
994262,0.014023007
994263,0.011098346
994264,0.016293515
994265,0.011003561
994266,0.018681066
994267,0.011251292
994268,0.010175359
994269,0.0111522
994270,0.014016544
994271,0.016797593
994272,0.013396139
994273,0.018910846
994274,0.015872013
994275,0.017155187
994276,0.0237635
994277,0.01154229
994278,0.018538171
994279,0.017373478
994280,0.010801787
994281,0.011064596
994282,0.013059369
994283,0.013138982
994284,0.015387322
994285,0.016613051
994286,0.011160099
994287,0.016371783
994288,0.0025222125
994289,0.033570774
994290,0.010961914
994291,0.014594279
994292,0.020936253
994293,0.013924632
994294,0.011280015
994295,0.010994945
994296,0.011290872
994297,0.015405684
994298,0.013320743
994299,0.026580451
994300,0.014597926
994301,0.013812615
994302,0.013629509
994303,0.01697639
994304,0.016647186
994305,0.010983456
994306,0.012556009
994307,0.016532628
994308,0.011388442
994309,0.011560776
994310,0.010955451
994311,0.011371208
994312,0.010440646
994313,0.01639476
994314,0.016567096
994315,0.016001264
994316,0.011616067
994317,0.011527028
994318,0.013720703
994319,0.017394248
994320,0.012818819
994321,0.019030044
994322,0.013913143
994323,0.018996295
994324,0.016203038
994325,0.011869027
994326,0.018755026
994327,0.018915871
994328,0.012438002
994329,0.011420037
994330,0.01662454
994331,0.0083778678
994332,0.011069623
994333,0.021937471
994334,0.015016085
994335,0.010080842
994336,0.012756348
994337,0.015274107
994338,0.015917968
994339,0.011286478
994340,0.019080307
994341,0.013651052
994342,0.026383704
994343,0.011285041
994344,0.014950438
994345,0.012215648
994346,0.012806612
994347,0.011025822
994348,0.015693935
994349,0.016237507
994350,0.016259765
994351,0.016254021
994352,0.018793084
994353,0.013558421
994354,0.014679685
994355,0.012408088
994356,0.02035713
994357,0.010859231
994358,0.011075367
994359,0.039303768
994360,0.018405331
994361,0.011550102
994362,0.019086052
994363,0.015299524
994364,0.013788919
994365,0.026842544
994366,0.013742245
994367,0.015992647
994368,0.020440884
994369,0.018798109
994370,0.0070966994
994371,0.029334214
994372,0.01113712
994373,0.012879136
994374,0.023794375
994375,0.010951143
994376,0.010930319
994377,0.01319987
994378,0.013875804
994379,0.010279885
994380,0.015866268
994381,0.016207347
994382,0.010950425
994383,0.011283605
994384,0.014430147
994385,0.0087455437
994386,0.011934169
994387,0.017268602
994388,0.014763327
994389,0.011510666
994390,0.011090447
994391,0.013854262
994392,0.010899443
994393,0.012050494
994394,0.018807445
994395,0.011130658
994396,0.021794578
994397,0.016307876
994398,0.014797794
994399,0.012550265
994400,0.011040901
994401,0.012746295
994402,0.012580423
994403,0.013936839
994404,0.010908778
994405,0.019132726
994406,0.012398753
994407,0.013725012
994408,0.010354315
994409,0.018922335
994410,0.01377743
994411,0.018823242
994412,0.018002231
994413,0.01087072
994414,0.018802419
994415,0.011259191
994416,0.024908088
994417,0.012725471
994418,0.038102858
994419,0.011070341
994420,0.018716969
994421,0.020151205
994422,0.0028470808
994423,0.013227396
994424,0.014223346
994425,0.0048100767
994426,0.017567741
994427,0.019060202
994428,0.013623765
994429,0.021220129
994430,0.01339623
994431,0.021840533
994432,0.011523438
994433,0.013816923
994434,0.018619314
994435,0.010647229
994436,0.018711224
994437,0.015821749
994438,0.010683306
994439,0.018887868
994440,0.031668629
994441,0.011897547
994442,0.020619124
994443,0.013660386
994444,0.013955509
994445,0.013664695
994446,0.015787901
994447,0.020414013
994448,0.017976731
994449,0.015999828
994450,0.012902114
994451,0.010846307
994452,0.0088846665
994453,0.015919404
994454,0.01628059
994455,0.016587919
994456,0.010907342
994457,0.013818359
994458,0.012408088
994459,0.016373938
994460,0.013570628
994461,0.01780216
994462,0.010791734
994463,0.010927447
994464,0.011615349
994465,0.019093232
994466,0.018789493
994467,0.0086563565
994468,0.013798254
994469,0.017371323
994470,0.010857077
994471,0.016308594
994472,0.010662483
994473,0.011498335
994474,0.01645436
994475,0.013731474
994476,0.0028762054
994477,0.011144302
994478,0.015116613
994479,0.012973202
994480,0.021714155
994481,0.010948989
994482,0.01094468
994483,0.01579877
994484,0.013695571
994485,0.010326007
994486,0.015755687
994487,0.011058134
994488,0.013143382
994489,0.011136402
994490,0.015900735
994491,0.016788732
994492,0.011147174
994493,0.021554746
994494,0.016064454
994495,0.011523438
994496,0.011114143
994497,0.013361673
994498,0.0059407279
994499,0.010086874
994500,0.022789983
994501,0.013235294
994502,0.010021418
994503,0.012327665
994504,0.019554228
994505,0.013292739
994506,0.016182933
994507,0.018405331
994508,0.013800408
994509,0.016638901
994510,0.013481589
994511,0.01926844
994512,0.01113353
994513,0.015940228
994514,0.011074649
994515,0.010975557
994516,0.013285559
994517,0.011639123
994518,0.017675459
994519,0.018206539
994520,0.014168055
994521,0.011091165
994522,0.023713235
994523,0.01642492
994524,0.011351821
994525,0.013545496
994526,0.012675925
994527,0.013727166
994528,0.012353515
994529,0.011139994
994530,0.015406709
994531,0.015901454
994532,0.013248219
994533,0.013323615
994534,0.011057416
994535,0.021594957
994536,0.0024910152
994537,0.021638758
994538,0.0125
994539,0.020727774
994540,0.011285041
994541,0.022506416
994542,0.020453835
994543,0.010997099
994544,0.017248536
994545,0.017698556
994546,0.01345502
994547,0.01107824
994548,0.018915871
994549,0.013388959
994550,0.019048713
994551,0.018772978
994552,0.017525706
994553,0.011201747
994554,0.011313763
994555,0.035030589
994556,0.019358916
994557,0.021779498
994558,0.016119745
994559,0.016004855
994560,0.013931813
994561,0.0091185309
994562,0.035769474
994563,0.014029469
994564,0.014590993
994565,0.015627872
994566,0.010656739
994567,0.011789838
994568,0.017577648
994569,0.014028751
994570,0.012778662
994571,0.013681928
994572,0.011165843
994573,0.011203901
994574,0.011188821
994575,0.010425364
994576,0.016333725
994577,0.011259191
994578,0.01379969
994579,0.010899443
994580,0.018116008
994581,0.011208209
994582,0.011417164
994583,0.010987046
994584,0.010884636
994585,0.013625201
994586,0.011067469
994587,0.016269818
994588,0.011540472
994589,0.01110409
994590,0.011242676
994591,0.021335019
994592,0.011060288
994593,0.013396139
994594,0.012260168
994595,0.014977448
994596,0.011115579
994597,0.012270939
994598,0.01384421
994599,0.015518389
994600,0.013752297
994601,0.0070529273
994602,0.018637264
994603,0.011080394
994604,0.011269962
994605,0.012976793
994606,0.014690085
994607,0.013791073
994608,0.012888066
994609,0.013707778
994610,0.01484375
994611,0.01594382
994612,0.025523577
994613,0.010694795
994614,0.010868566
994615,0.01098202
994616,0.011403522
994617,0.013747271
994618,0.010774501
994619,0.012409524
994620,0.011221852
994621,0.02404426
994622,0.024180694
994623,0.030155055
994624,0.014348288
994625,0.011234777
994626,0.011516257
994627,0.013107297
994628,0.016340906
994629,0.011027976
994630,0.010948989
994631,0.018977625
994632,0.016085276
994633,0.019504664
994634,0.022881212
994635,0.010579187
994636,0.012293198
994637,0.019786162
994638,0.021159811
994639,0.013487333
994640,0.013821231
994641,0.014109174
994642,0.012119577
994643,0.015903607
994644,0.013532571
994645,0.01272619
994646,0.011086857
994647,0.011956881
994648,0.013595043
994649,0.016029986
994650,0.012563189
994651,0.0033137801
994652,0.01129653
994653,0.016796876
994654,0.016183652
994655,0.016602999
994656,0.011063878
994657,0.010949707
994658,0.020942239
994659,0.011781221
994660,0.016000547
994661,0.011045927
994662,0.015677419
994663,0.012125828
994664,0.019636804
994665,0.017892225
994666,0.012332608
994667,0.018469956
994668,0.012489947
994669,0.021732107
994670,0.01481431
994671,0.011429371
994672,0.011309455
994673,0.018991269
994674,0.013488051
994675,0.014751839
994676,0.024719957
994677,0.010741469
994678,0.019825654
994679,0.013508157
994680,0.016023524
994681,0.015678706
994682,0.013560575
994683,0.015889246
994684,0.011156509
994685,0.016074507
994686,0.011359002
994687,0.0020337068
994688,0.013890166
994689,0.012159639
994690,0.01898337
994691,0.013637408
994692,0.014194624
994693,0.022119859
994694,0.010839126
994695,0.011264218
994696,0.039636947
994697,0.025786163
994698,0.011429371
994699,0.012867647
994700,0.01133028
994701,0.011163689
994702,0.03203484
994703,0.011565803
994704,0.011432962
994705,0.010993509
994706,0.01294807
994707,0.021233054
994708,0.023288144
994709,0.020123471
994710,0.013528263
994711,0.012683824
994712,0.020177504
994713,0.016411277
994714,0.011221852
994715,0.011124914
994716,0.01610969
994717,0.014288689
994718,0.013445686
994719,0.011020795
994720,0.013717831
994721,0.013722139
994722,0.0138011
994723,0.011106962
994724,0.021656709
994725,0.010923139
994726,0.010950425
994727,0.013480153
994728,0.0026913038
994729,0.013355928
994730,0.011136402
994731,0.019152114
994732,0.016481647
994733,0.019401999
994734,0.014952177
994735,0.022150734
994736,0.021476476
994737,0.013607968
994738,0.016107537
994739,0.011213236
994740,0.015220731
994741,0.01354406
994742,0.011163689
994743,0.016742302
994744,0.0032599194
994745,0.016248995
994746,0.016497912
994747,0.013811179
994748,0.014013672
994749,0.0028905056
994750,0.011359002
994751,0.01110409
994752,0.019041533
994753,0.010894416
994754,0.017499857
994755,0.016079532
994756,0.013588921
994757,0.019189453
994758,0.012430348
994759,0.013461484
994760,0.011523438
994761,0.015774356
994762,0.022002814
994763,0.011493997
994764,0.014275046
994765,0.034742646
994766,0.023943014
994767,0.014556525
994768,0.018803136
994769,0.013661822
994770,0.012905704
994771,0.011307301
994772,0.011025104
994773,0.010854923
994774,0.013706342
994775,0.011530618
994776,0.013067288
994777,0.011160099
994778,0.013505285
994779,0.015626436
994780,0.013784611
994781,0.013687672
994782,0.011753217
994783,0.016228888
994784,0.014430865
994785,0.016793285
994786,0.016314339
994787,0.027481617
994788,0.011110553
994789,0.011362592
994790,0.011114143
994791,0.030315146
994792,0.013768814
994793,0.013979205
994794,0.014748966
994795,0.016159955
994796,0.021401079
994797,0.01474035
994798,0.017589614
994799,0.011068187
994800,0.025183149
994801,0.013374598
994802,0.011178768
994803,0.011606732
994804,0.010987046
994805,0.011063878
994806,0.018359374
994807,0.010812557
994808,0.013886576
994809,0.01794902
994810,0.013913143
994811,0.011055262
994812,0.017364861
994813,0.01865378
994814,0.017443435
994815,0.014042394
994816,0.01152631
994817,0.012135943
994818,0.013568474
994819,0.012284582
994820,0.020225614
994821,0.031051815
994822,0.020347854
994823,0.021444881
994824,0.012091544
994825,0.011194565
994826,0.016618796
994827,0.013568474
994828,0.010612937
994829,0.013710651
994830,0.015851907
994831,0.027652029
994832,0.011707979
994833,0.012906056
994834,0.02271485
994835,0.011402085
994836,0.011035874
994837,0.013494514
994838,0.018999645
994839,0.011906164
994840,0.013314281
994841,0.011860208
994842,0.016932588
994843,0.016549144
994844,0.013439223
994845,0.02402631
994846,0.014161592
994847,0.018480629
994848,0.011457376
994849,0.010850615
994850,0.011511949
994851,0.015189137
994852,0.01377025
994853,0.013595761
994854,0.0132554
994855,0.013508157
994856,0.011076085
994857,0.023181684
994858,0.014180262
994859,0.02999483
994860,0.01088939
994861,0.013924632
994862,0.011070341
994863,0.016051527
994864,0.013870778
994865,0.011123477
994866,0.024871752
994867,0.011661305
994868,0.013508875
994869,0.0095753809
994870,0.011806011
994871,0.018626494
994872,0.016144158
994873,0.017145135
994874,0.010844152
994875,0.01368839
994876,0.011617503
994877,0.010270602
994878,0.013855699
994879,0.011008588
994880,0.010958324
994881,0.013596479
994882,0.013502412
994883,0.013694853
994884,0.011545697
994885,0.010381678
994886,0.013696289
994887,0.011262064
994888,0.012096808
994889,0.013809024
994890,0.011317354
994891,0.016564224
994892,0.019360352
994893,0.013859289
994894,0.020845402
994895,0.011345359
994896,0.01283318
994897,0.013972024
994898,0.023369284
994899,0.010317186
994900,0.013627355
994901,0.013928941
994902,0.014070399
994903,0.011856617
994904,0.011286979
994905,0.019145651
994906,0.013833439
994907,0.011562212
994908,0.011282887
994909,0.01517693
994910,0.018386662
994911,0.015188419
994912,0.010916676
994913,0.018778723
994914,0.013744399
994915,0.013995002
994916,0.013890166
994917,0.019755285
994918,0.011208927
994919,0.015311508
994920,0.013855699
994921,0.018285755
994922,0.011033002
994923,0.015004596
994924,0.016157083
994925,0.013760196
994926,0.013381778
994927,0.025017234
994928,0.013748707
994929,0.013775276
994930,0.013939711
994931,0.014059627
994932,0.01124483
994933,0.011006434
994934,0.016353114
994935,0.013490206
994936,0.026593689
994937,0.011313045
994938,0.025562979
994939,0.010915958
994940,0.013823385
994941,0.011664177
994942,0.010128964
994943,0.021728231
994944,0.013710651
994945,0.01230397
994946,0.021121755
994947,0.013530417
994948,0.016521139
994949,0.025448069
994950,0.01335521
994951,0.016133387
994952,0.015359721
994953,0.012803886
994954,0.016024241
994955,0.011020077
994956,0.011089011
994957,0.024141917
994958,0.015296995
994959,0.011247702
994960,0.01112635
994961,0.015973259
994962,0.013653206
994963,0.028550619
994964,0.014085398
994965,0.011661305
994966,0.013358083
994967,0.012594784
994968,0.011017923
994969,0.012660845
994970,0.011083985
994971,0.016254021
994972,0.013752297
994973,0.01607307
994974,0.014361213
994975,0.011519847
994976,0.016314339
994977,0.013648897
994978,0.016374655
994979,0.014878217
994980,0.022256291
994981,0.015150362
994982,0.016629567
994983,0.01349954
994984,0.013741527
994985,0.010868566
994986,0.015235781
994987,0.031526454
994988,0.015584788
994989,0.013519647
994990,0.011061724
994991,0.010987046
994992,0.013694853
994993,0.0021932682
994994,0.020463211
994995,0.012885598
994996,0.011348949
994997,0.010935346
994998,0.018788775
994999,0.014254223
995000,0.011666331
995001,0.011860926
995002,0.014746045
995003,0.01221852
995004,0.027038371
995005,0.014763327
995006,0.026552448
995007,0.022011431
995008,0.016062299
995009,0.010888672
995010,0.012977511
995011,0.021521714
995012,0.018623622
995013,0.013779584
995014,0.021897977
995015,0.017365579
995016,0.014028033
995017,0.018068254
995018,0.011259191
995019,0.016050091
995020,0.016317211
995021,0.011465993
995022,0.011155791
995023,0.013905245
995024,0.013354492
995025,0.01361443
995026,0.011091165
995027,0.0084631778
995028,0.021591365
995029,0.013834875
995030,0.011236931
995031,0.017970631
995032,0.012017463
995033,0.015845444
995034,0.010992073
995035,0.014883962
995036,0.016440718
995037,0.010768037
995038,0.013924632
995039,0.011312327
995040,0.014187442
995041,0.010999253
995042,0.01128576
995043,0.020224364
995044,0.011004997
995045,0.015338955
995046,0.017058967
995047,0.024881549
995048,0.0025683593
995049,0.016215246
995050,0.016233915
995051,0.01338106
995052,0.011510064
995053,0.011376953
995054,0.016396916
995055,0.014264275
995056,0.010729214
995057,0.026539521
995058,0.011055262
995059,0.013710651
995060,0.015494313
995061,0.010986328
995062,0.010960478
995063,0.013778866
995064,0.017532863
995065,0.015491304
995066,0.019144934
995067,0.011638328
995068,0.013789637
995069,0.015090669
995070,0.013719985
995071,0.014522059
995072,0.013941147
995073,0.011349667
995074,0.013361673
995075,0.013539752
995076,0.011081831
995077,0.013924632
995078,0.011419319
995079,0.012299662
995080,0.014857393
995081,0.016475184
995082,0.011328125
995083,0.011006434
995084,0.018482164
995085,0.016555607
995086,0.016464412
995087,0.011247702
995088,0.011040183
995089,0.010861386
995090,0.01618796
995091,0.0099779097
995092,0.019007066
995093,0.013712087
995094,0.013510311
995095,0.014490312
995096,0.013697007
995097,0.013534008
995098,0.016326545
995099,0.018828269
995100,0.017813459
995101,0.018588437
995102,0.01391458
995103,0.011218262
995104,0.014636949
995105,0.014197021
995106,0.011087575
995107,0.019152682
995108,0.010973403
995109,0.017985713
995110,0.026769301
995111,0.016468721
995112,0.013696289
995113,0.013430607
995114,0.011152918
995115,0.013541906
995116,0.014142923
995117,0.01113712
995118,0.012798714
995119,0.011073931
995120,0.010906624
995121,0.013893038
995122,0.013745835
995123,0.013903582
995124,0.021507353
995125,0.015716912
995126,0.013408347
995127,0.012637868
995128,0.011150046
995129,0.01226304
995130,0.01630285
995131,0.021498736
995132,0.013490924
995133,0.013733628
995134,0.012195542
995135,0.010998535
995136,0.026746323
995137,0.03567028
995138,0.015616383
995139,0.011030848
995140,0.016605154
995141,0.016182216
995142,0.015958181
995143,0.014326747
995144,0.029872041
995145,0.029288976
995146,0.011232623
995147,0.019385483
995148,0.012459129
995149,0.013390395
995150,0.011275707
995151,0.015306899
995152,0.01349236
995153,0.010887119
995154,0.016040038
995155,0.023331227
995156,0.01356991
995157,0.013788201
995158,0.012556889
995159,0.018615723
995160,0.012564626
995161,0.011084703
995162,0.010943244
995163,0.015167596
995164,0.011008588
995165,0.010617693
995166,0.019067382
995167,0.01453642
995168,0.0094370982
995169,0.017394301
995170,0.026826747
995171,0.012236471
995172,0.013552616
995173,0.0099479835
995174,0.013283405
995175,0.017383531
995176,0.013586426
995177,0.015682444
995178,0.012815855
995179,0.013488051
995180,0.016190113
995181,0.014537138
995182,0.011390597
995183,0.011569394
995184,0.010914522
995185,0.013292739
995186,0.013051471
995187,0.012312586
995188,0.016447898
995189,0.0099796075
995190,0.013903091
995191,0.012876276
995192,0.016119026
995193,0.011479636
995194,0.039434455
995195,0.0188765
995196,0.011329544
995197,0.01105957
995198,0.010327078
995199,0.021622961
995200,0.013918888
995201,0.013878676
995202,0.013076584
995203,0.021551874
995204,0.0092961201
995205,0.010121268
995206,0.013330078
995207,0.019326603
995208,0.013076946
995209,0.010938218
995210,0.011290068
995211,0.01225945
995212,0.011335306
995213,0.01157442
995214,0.013430607
995215,0.020266544
995216,0.01916432
995217,0.024253218
995218,0.014051011
995219,0.011554314
995220,0.020340504
995221,0.011099064
995222,0.013683364
995223,0.013805434
995224,0.012956719
995225,0.011170152
995226,0.0098593077
995227,0.013768096
995228,0.010821892
995229,0.011113425
995230,0.024856942
995231,0.018696863
995232,0.009846325
995233,0.015475644
995234,0.027875114
995235,0.013717113
995236,0.026789406
995237,0.012531594
995238,0.011227597
995239,0.0026107109
995240,0.016233196
995241,0.013639562
995242,0.0241412
995243,0.015716912
995244,0.011161535
995245,0.010702694
995246,0.011690028
995247,0.014434455
995248,0.011152918
995249,0.015223381
995250,0.010772346
995251,0.011081831
995252,0.011298684
995253,0.013865033
995254,0.014476103
995255,0.010385652
995256,0.015856933
995257,0.013522519
995258,0.0032799225
995259,0.011272835
995260,0.01361443
995261,0.014239143
995262,0.0109375
995263,0.013857135
995264,0.015360129
995265,0.011349667
995266,0.019073846
995267,0.015785845
995268,0.01361084
995269,0.01098561
995270,0.01114861
995271,0.031545121
995272,0.018952493
995273,0.013532571
995274,0.013604377
995275,0.024567146
995276,0.013304946
995277,0.016463695
995278,0.010242662
995279,0.011201747
995280,0.013522519
995281,0.020670813
995282,0.013629509
995283,0.022109807
995284,0.01171157
995285,0.016812673
995286,0.011019359
995287,0.011269962
995288,0.010964069
995289,0.013908835
995290,0.010948271
995291,0.017789945
995292,0.010880055
995293,0.014569451
995294,0.013602941
995295,0.011726649
995296,0.011672794
995297,0.013419118
995298,0.01103911
995299,0.011592371
995300,0.013587862
995301,0.015004596
995302,0.013971306
995303,0.015801642
995304,0.018654497
995305,0.012167538
995306,0.013849954
995307,0.015001649
995308,0.012202005
995309,0.018964458
995310,0.013545496
995311,0.013438505
995312,0.010851333
995313,0.011305147
995314,0.018915154
995315,0.013970588
995316,0.010835536
995317,0.020965748
995318,0.016292796
995319,0.020570084
995320,0.014998069
995321,0.011036593
995322,0.014941902
995323,0.016439281
995324,0.014196778
995325,0.031354837
995326,0.016209502
995327,0.011997358
995328,0.027448092
995329,0.014132152
995330,0.017137954
995331,0.017835813
995332,0.017744256
995333,0.01372932
995334,0.013928941
995335,0.013168515
995336,0.010292637
995337,0.014808868
995338,0.010444303
995339,0.012270939
995340,0.015701832
995341,0.010475408
995342,0.011342486
995343,0.0188017
995344,0.026784381
995345,0.011521284
995346,0.012396066
995347,0.022522861
995348,0.011799691
995349,0.016164981
995350,0.010868566
995351,0.01103372
995352,0.013720703
995353,0.016393324
995354,0.017612591
995355,0.010040402
995356,0.016670497
995357,0.011393469
995358,0.0042314786
995359,0.011071777
995360,0.014068244
995361,0.014081888
995362,0.01396987
995363,0.020889314
995364,0.014183852
995365,0.011309455
995366,0.018773695
995367,0.014016544
995368,0.01908318
995369,0.011873852
995370,0.0093243541
995371,0.010983456
995372,0.012786506
995373,0.011362592
995374,0.01338465
995375,0.013890166
995376,0.013722857
995377,0.011324535
995378,0.011582319
995379,0.013296329
995380,0.011170152
995381,0.013763787
995382,0.0099081444
995383,0.010934628
995384,0.010512408
995385,0.011410702
995386,0.015919404
995387,0.019308854
995388,0.014945248
995389,0.013924632
995390,0.010961914
995391,0.013427016
995392,0.032435946
995393,0.010701258
995394,0.013672593
995395,0.013312845
995396,0.013687672
995397,0.023196232
995398,0.013870778
995399,0.012026798
995400,0.010952579
995401,0.016179344
995402,0.020461857
995403,0.015797334
995404,0.012425296
995405,0.018929515
995406,0.013523955
995407,0.016482364
995408,0.010955451
995409,0.011825023
995410,0.011101936
995411,0.021573415
995412,0.013625919
995413,0.026493566
995414,0.013407629
995415,0.011051672
995416,0.014230526
995417,0.019242389
995418,0.037238628
995419,0.017944518
995420,0.010928883
995421,0.0089032501
995422,0.013749425
995423,0.011029412
995424,0.016238943
995425,0.013243911
995426,0.015429728
995427,0.014051011
995428,0.015261285
995429,0.016269818
995430,0.015085018
995431,0.013872214
995432,0.0111005
995433,0.013443531
995434,0.013482307
995435,0.016364602
995436,0.011474609
995437,0.016449334
995438,0.011158663
995439,0.014802103
995440,0.026519416
995441,0.010983456
995442,0.016371783
995443,0.024063649
995444,0.01198874
995445,0.011868824
995446,0.012554121
995447,0.011260627
995448,0.011006434
995449,0.014021571
995450,0.016231043
995451,0.010803223
995452,0.035664223
995453,0.016416302
995454,0.012974028
995455,0.012534467
995456,0.0109892
995457,0.011695054
995458,0.013200827
995459,0.031573128
995460,0.010886517
995461,0.012713264
995462,0.021702666
995463,0.010181247
995464,0.012455745
995465,0.01060791
995466,0.010983456
995467,0.014072089
995468,0.015398811
995469,0.024053596
995470,0.011034438
995471,0.021661736
995472,0.019097541
995473,0.010790298
995474,0.015213472
995475,0.014975155
995476,0.0230377
995477,0.01094109
995478,0.014384191
995479,0.010948989
995480,0.01113712
995481,0.013646025
995482,0.013635972
995483,0.01875359
995484,0.010903751
995485,0.01145953
995486,0.0097118989
995487,0.023936553
995488,0.011237649
995489,0.010999971
995490,0.011081113
995491,0.012704183
995492,0.027804745
995493,0.010796042
995494,0.016315056
995495,0.010983456
995496,0.021528177
995497,0.014833697
995498,0.030058028
995499,0.016096048
995500,0.029610667
995501,0.01915714
995502,0.018667422
995503,0.024301328
995504,0.0188534
995505,0.013376034
995506,0.01024165
995507,0.011293174
995508,0.011348949
995509,0.011854463
995510,0.013235294
995511,0.015235708
995512,0.011259191
995513,0.019148523
995514,0.013527545
995515,0.01138557
995516,0.011322381
995517,0.011230469
995518,0.023768526
995519,0.011925551
995520,0.011239803
995521,0.011046645
995522,0.012247243
995523,0.010838408
995524,0.024219468
995525,0.009773978
995526,0.013746553
995527,0.0035592222
995528,0.013371726
995529,0.011190975
995530,0.010805377
995531,0.011132094
995532,0.011371208
995533,0.018681066
995534,0.015705423
995535,0.010321668
995536,0.012186152
995537,0.010417987
995538,0.014039522
995539,0.013717831
995540,0.018025476
995541,0.021444881
995542,0.011009306
995543,0.013791073
995544,0.013269761
995545,0.010753676
995546,0.013709933
995547,0.010684743
995548,0.013989976
995549,0.013422064
995550,0.018609978
995551,0.011465993
995552,0.01083769
995553,0.012904986
995554,0.018555827
995555,0.029610667
995556,0.014947151
995557,0.018848374
995558,0.015538115
995559,0.014223346
995560,0.013800408
995561,0.013597197
995562,0.015812414
995563,0.03181655
995564,0.011297248
995565,0.011040901
995566,0.01465131
995567,0.01893167
995568,0.017746244
995569,0.018400388
995570,0.013391113
995571,0.013441377
995572,0.011138557
995573,0.010836254
995574,0.015866268
995575,0.01206701
995576,0.0034867311
995577,0.010813993
995578,0.011487534
995579,0.016529039
995580,0.012757784
995581,0.010935346
995582,0.012850096
995583,0.011024386
995584,0.013456456
995585,0.011225442
995586,0.036927707
995587,0.013875086
995588,0.028202893
995589,0.01334444
995590,0.016348805
995591,0.01983642
995592,0.016503906
995593,0.011804199
995594,0.01937543
995595,0.018554688
995596,0.0031839062
995597,0.018818934
995598,0.011094037
995599,0.024009077
995600,0.019197352
995601,0.011045927
995602,0.011213954
995603,0.013702033
995604,0.012626379
995605,0.027084716
995606,0.011066033
995607,0.011135684
995608,0.013715677
995609,0.010845589
995610,0.013811897
995611,0.011149328
995612,0.022473145
995613,0.011170152
995614,0.010961914
995615,0.016222427
995616,0.011066751
995617,0.02330035
995618,0.014081888
995619,0.012557079
995620,0.011679256
995621,0.021814683
995622,0.011639764
995623,0.016164981
995624,0.016130514
995625,0.017211586
995626,0.013669003
995627,0.013350184
995628,0.01679337
995629,0.01676169
995630,0.01630285
995631,0.015363091
995632,0.013582836
995633,0.012281709
995634,0.011030848
995635,0.029078584
995636,0.013315717
995637,0.01349954
995638,0.0027190563
995639,0.01103013
995640,0.018905101
995641,0.013921042
995642,0.01592084
995643,0.016279871
995644,0.02535047
995645,0.021645939
995646,0.011391315
995647,0.011201029
995648,0.011122759
995649,0.012219359
995650,0.015390356
995651,0.010987046
995652,0.013361673
995653,0.0051721716
995654,0.012853286
995655,0.013827695
995656,0.011534208
995657,0.0096793827
995658,0.014993107
995659,0.010776655
995660,0.01908318
995661,0.014156566
995662,0.010962632
995663,0.023629222
995664,0.018926643
995665,0.0087608695
995666,0.013358607
995667,0.021731388
995668,0.014206465
995669,0.013568474
995670,0.01328125
995671,0.018910846
995672,0.019031245
995673,0.014553653
995674,0.018130314
995675,0.017537022
995676,0.02405192
995677,0.013200827
995678,0.016210938
995679,0.01109691
995680,0.016147748
995681,0.02405216
995682,0.011544261
995683,0.011106244
995684,0.019493192
995685,0.030215994
995686,0.019358197
995687,0.019209558
995688,0.01113353
995689,0.018887868
995690,0.013024184
995691,0.012831026
995692,0.01085995
995693,0.013550523
995694,0.013900937
995695,0.011111271
995696,0.026413143
995697,0.010779527
995698,0.010832663
995699,0.014247759
995700,0.021533921
995701,0.011144302
995702,0.016659006
995703,0.011914062
995704,0.011029412
995705,0.0081039621
995706,0.011092601
995707,0.015846163
995708,0.013235294
995709,0.016172161
995710,0.013823385
995711,0.012774719
995712,0.010817584
995713,0.028117906
995714,0.013680492
995715,0.010913804
995716,0.013525391
995717,0.017830882
995718,0.010895853
995719,0.011070341
995720,0.021347225
995721,0.010980584
995722,0.0017430199
995723,0.01338465
995724,0.011420037
995725,0.015433643
995726,0.012141688
995727,0.011448042
995728,0.011066751
995729,0.010214761
995730,0.026400937
995731,0.016345214
995732,0.0075591775
995733,0.017704504
995734,0.011208209
995735,0.012467611
995736,0.011035156
995737,0.0099540278
995738,0.012273811
995739,0.013511029
995740,0.011123477
995741,0.012179745
995742,0.011311609
995743,0.016259048
995744,0.015857652
995745,0.013430607
995746,0.016153492
995747,0.013478717
995748,0.013500976
995749,0.013637408
995750,0.021064309
995751,0.013663258
995752,0.023727596
995753,0.012977511
995754,0.016022805
995755,0.010814711
995756,0.013939711
995757,0.011173024
995758,0.024168137
995759,0.01382554
995760,0.015126767
995761,0.010931755
995762,0.019255515
995763,0.010839844
995764,0.011247702
995765,0.010816148
995766,0.014558637
995767,0.013612994
995768,0.0161578
995769,0.013536162
995770,0.011020795
995771,0.01762408
995772,0.017086552
995773,0.011925551
995774,0.015085232
995775,0.01202608
995776,0.010038944
995777,0.011168716
995778,0.014326747
995779,0.011099782
995780,0.014738184
995781,0.016203757
995782,0.018910846
995783,0.01127068
995784,0.01133028
995785,0.01138557
995786,0.013680492
995787,0.013952531
995788,0.01353688
995789,0.018911563
995790,0.012028952
995791,0.011615349
995792,0.013290239
995793,0.015182722
995794,0.013545496
995795,0.011362592
995796,0.01388873
995797,0.011311609
995798,0.01103372
995799,0.018414086
995800,0.011555032
995801,0.010592831
995802,0.022366792
995803,0.0128777
995804,0.018113798
995805,0.014085478
995806,0.013430607
995807,0.013718549
995808,0.017794857
995809,0.010885081
995810,0.011335306
995811,0.024597887
995812,0.018195657
995813,0.012793363
995814,0.018189913
995815,0.010483108
995816,0.017663537
995817,0.023747703
995818,0.016130514
995819,0.016641056
995820,0.017142816
995821,0.011114143
995822,0.011088293
995823,0.015153912
995824,0.011150046
995825,0.016301414
995826,0.012905149
995827,0.011132812
995828,0.01610969
995829,0.016385427
995830,0.018037293
995831,0.014725988
995832,0.013973461
995833,0.020532945
995834,0.010831945
995835,0.011283605
995836,0.01788439
995837,0.010957606
995838,0.0135814
995839,0.010977712
995840,0.011103372
995841,0.012036674
995842,0.013648897
995843,0.012879854
995844,0.011271399
995845,0.013913861
995846,0.013396139
995847,0.012350643
995848,0.017877102
995849,0.016429229
995850,0.010849897
995851,0.015096972
995852,0.016383272
995853,0.033050198
995854,0.017513964
995855,0.024358772
995856,0.01075583
995857,0.013579963
995858,0.024121812
995859,0.013409783
995860,0.013907399
995861,0.012744859
995862,0.015018378
995863,0.011018641
995864,0.010605756
995865,0.017178165
995866,0.011454504
995867,0.013641717
995868,0.013409783
995869,0.01128576
995870,0.0097822361
995871,0.01257037
995872,0.013622329
995873,0.022709036
995874,0.013801844
995875,0.012235753
995876,0.011532553
995877,0.013420554
995878,0.013545496
995879,0.010999253
995880,0.015998088
995881,0.015981875
995882,0.011730239
995883,0.025208943
995884,0.012838124
995885,0.025436874
995886,0.011682129
995887,0.027090993
995888,0.019876705
995889,0.0031631219
995890,0.018520221
995891,0.0093216877
995892,0.013246783
995893,0.029550351
995894,0.011081113
995895,0.013568474
995896,0.023874082
995897,0.011366182
995898,0.017212119
995899,0.013448558
995900,0.014493781
995901,0.0096399318
995902,0.016432818
995903,0.015133129
995904,0.013595761
995905,0.011542825
995906,0.023862591
995907,0.02083905
995908,0.013890166
995909,0.013437787
995910,0.019251158
995911,0.0027493576
995912,0.01339973
995913,0.011644072
995914,0.01490469
995915,0.0031009368
995916,0.012519388
995917,0.011638328
995918,0.010739315
995919,0.022458643
995920,0.011196001
995921,0.010739315
995922,0.013598633
995923,0.011132094
995924,0.013923196
995925,0.013513183
995926,0.013358083
995927,0.013512465
995928,0.011184513
995929,0.011346795
995930,0.010930319
995931,0.011029412
995932,0.01372573
995933,0.01088939
995934,0.011068187
995935,0.016670497
995936,0.016126206
995937,0.016149903
995938,0.013947229
995939,0.011119887
995940,0.013528263
995941,0.016176471
995942,0.014144359
995943,0.010999971
995944,0.015151798
995945,0.018780876
995946,0.011150764
995947,0.016630284
995948,0.01217824
995949,0.018941723
995950,0.016880888
995951,0.013840619
995952,0.025395652
995953,0.0028239992
995954,0.010991354
995955,0.012971048
995956,0.020481244
995957,0.012201287
995958,0.016063018
995959,0.012299662
995960,0.010979866
995961,0.010872156
995962,0.011468865
995963,0.016215246
995964,0.013361673
995965,0.012658691
995966,0.016022805
995967,0.020137208
995968,0.024126839
995969,0.011251292
995970,0.016396197
995971,0.016432101
995972,0.020898437
995973,0.01105239
995974,0.016774615
995975,0.015340701
995976,0.013660386
995977,0.014535702
995978,0.016955972
995979,0.011020795
995980,0.01590289
995981,0.011170152
995982,0.0039206413
995983,0.01114861
995984,0.024457864
995985,0.011236213
995986,0.013457174
995987,0.011012896
995988,0.014996819
995989,0.011046645
995990,0.010842716
995991,0.016257612
995992,0.016683422
995993,0.013660386
995994,0.011127668
995995,0.025612876
995996,0.011863798
995997,0.010687177
995998,0.015553229
995999,0.016967773
996000,0.010961914
996001,0.018888585
996002,0.012212776
996003,0.0129294
996004,0.020341223
996005,0.011109835
996006,0.025572792
996007,0.011121323
996008,0.011077521
996009,0.011599386
996010,0.018872788
996011,0.01157083
996012,0.015523035
996013,0.016210938
996014,0.01773897
996015,0.011109835
996016,0.010933192
996017,0.011207491
996018,0.0165434
996019,0.016348805
996020,0.017458927
996021,0.015387414
996022,0.011190257
996023,0.013623047
996024,0.019094668
996025,0.013648897
996026,0.015948128
996027,0.011086857
996028,0.025573038
996029,0.01582174
996030,0.021289062
996031,0.016226016
996032,0.015492169
996033,0.016306439
996034,0.0039444966
996035,0.016075943
996036,0.01100787
996037,0.0086613679
996038,0.013852108
996039,0.021360869
996040,0.031246692
996041,0.011899701
996042,0.016401224
996043,0.012187336
996044,0.016051527
996045,0.011012178
996046,0.013878676
996047,0.013038765
996048,0.019073846
996049,0.01876149
996050,0.021703383
996051,0.013872214
996052,0.018637983
996053,0.017190373
996054,0.010989918
996055,0.018691119
996056,0.013479435
996057,0.010932473
996058,0.010811121
996059,0.013430607
996060,0.011155791
996061,0.012159579
996062,0.016505342
996063,0.018861664
996064,0.02226894
996065,0.018922335
996066,0.018986961
996067,0.012907858
996068,0.02157844
996069,0.011264936
996070,0.018818934
996071,0.010732853
996072,0.013078757
996073,0.018382354
996074,0.016715433
996075,0.013849954
996076,0.013342286
996077,0.01117087
996078,0.023589011
996079,0.01078958
996080,0.010871438
996081,0.013984231
996082,0.012442555
996083,0.011021513
996084,0.013780302
996085,0.010976993
996086,0.016597971
996087,0.018910846
996088,0.013464356
996089,0.01216682
996090,0.011127786
996091,0.019748757
996092,0.016060863
996093,0.013531135
996094,0.011601996
996095,0.014506262
996096,0.013698443
996097,0.023690257
996098,0.011273553
996099,0.013540231
996100,0.013284841
996101,0.011245548
996102,0.013276224
996103,0.013556985
996104,0.015681008
996105,0.014154412
996106,0.011496869
996107,0.012645404
996108,0.021510186
996109,0.011240148
996110,0.010451032
996111,0.011239085
996112,0.014358341
996113,0.011653407
996114,0.012876108
996115,0.01191478
996116,0.010689051
996117,0.011105526
996118,0.018798109
996119,0.01630285
996120,0.016124053
996121,0.026691033
996122,0.012003102
996123,0.013248937
996124,0.01187457
996125,0.016490264
996126,0.011435116
996127,0.013844928
996128,0.011089729
996129,0.011926269
996130,0.029171214
996131,0.015895441
996132,0.010650275
996133,0.011238367
996134,0.016818993
996135,0.012752757
996136,0.015691468
996137,0.011394905
996138,0.011408548
996139,0.013384206
996140,0.013964126
996141,0.013796818
996142,0.010824764
996143,0.019313678
996144,0.029022576
996145,0.013400448
996146,0.017627671
996147,0.012585637
996148,0.013541188
996149,0.013947611
996150,0.013637113
996151,0.021336766
996152,0.01618796
996153,0.018009014
996154,0.01094468
996155,0.01642851
996156,0.011352539
996157,0.011186667
996158,0.011274271
996159,0.011030477
996160,0.014825799
996161,0.011014332
996162,0.010951143
996163,0.029733473
996164,0.010054702
996165,0.013649615
996166,0.013945972
996167,0.020046653
996168,0.012191234
996169,0.013266888
996170,0.016176471
996171,0.010737161
996172,0.011553054
996173,0.010775937
996174,0.015288925
996175,0.010458737
996176,0.011317354
996177,0.01370706
996178,0.012561753
996179,0.010885799
996180,0.010010962
996181,0.013407629
996182,0.013498104
996183,0.012960277
996184,0.016555607
996185,0.010963351
996186,0.01586986
996187,0.0097314464
996188,0.020038607
996189,0.013757324
996190,0.010921703
996191,0.01849868
996192,0.011471019
996193,0.010827636
996194,0.016134823
996195,0.016529039
996196,0.011608887
996197,0.011163689
996198,0.011062442
996199,0.011027976
996200,0.011938477
996201,0.010085016
996202,0.0034185008
996203,0.019739488
996204,0.011038029
996205,0.014097685
996206,0.01683565
996207,0.023012409
996208,0.018915154
996209,0.012638086
996210,0.011514821
996211,0.011201747
996212,0.017548684
996213,0.011163689
996214,0.01117087
996215,0.012001666
996216,0.013157052
996217,0.011882468
996218,0.013821949
996219,0.013786765
996220,0.024284093
996221,0.015992647
996222,0.012157485
996223,0.013878676
996224,0.012146714
996225,0.011379107
996226,0.018900793
996227,0.011033002
996228,0.014018699
996229,0.011098346
996230,0.012798714
996231,0.013832721
996232,0.010968377
996233,0.013456456
996234,0.013932531
996235,0.016097484
996236,0.016973546
996237,0.016439281
996238,0.015005314
996239,0.0099383704
996240,0.013525391
996241,0.011578728
996242,0.021855613
996243,0.013845646
996244,0.015601304
996245,0.011027258
996246,0.011369772
996247,0.018709788
996248,0.025980642
996249,0.021830481
996250,0.018004967
996251,0.01088939
996252,0.011294376
996253,0.013292739
996254,0.020428108
996255,0.01306296
996256,0.01107824
996257,0.0097739054
996258,0.011928423
996259,0.022462374
996260,0.015023983
996261,0.012825948
996262,0.011357565
996263,0.012488511
996264,0.011330998
996265,0.013363827
996266,0.015613511
996267,0.011063878
996268,0.011879596
996269,0.013446404
996270,0.018666705
996271,0.013407629
996272,0.02654383
996273,0.013821231
996274,0.0099913673
996275,0.013864315
996276,0.012013155
996277,0.011667049
996278,0.013332232
996279,0.013648179
996280,0.013635254
996281,0.013974897
996282,0.013253246
996283,0.010881491
996284,0.013627355
996285,0.010754394
996286,0.01122257
996287,0.012699027
996288,0.013444968
996289,0.011183795
996290,0.013278038
996291,0.01361443
996292,0.011477482
996293,0.011273553
996294,0.011136402
996295,0.0149292
996296,0.021270461
996297,0.017200425
996298,0.013832721
996299,0.010534932
996300,0.016183652
996301,0.016423484
996302,0.013906681
996303,0.023440942
996304,0.021024816
996305,0.013694853
996306,0.020264735
996307,0.016213091
996308,0.011420037
996309,0.01124483
996310,0.010849897
996311,0.011812098
996312,0.013549805
996313,0.016546991
996314,0.01652473
996315,0.013496668
996316,0.010720646
996317,0.015992647
996318,0.011458094
996319,0.016079532
996320,0.016179344
996321,0.011014332
996322,0.0053209253
996323,0.013683364
996324,0.012856131
996325,0.0033103114
996326,0.013680492
996327,0.016486673
996328,0.013961972
996329,0.01232267
996330,0.011161535
996331,0.013879394
996332,0.01103372
996333,0.016038602
996334,0.011201747
996335,0.013505285
996336,0.029524464
996337,0.015966797
996338,0.011061724
996339,0.016399788
996340,0.015963925
996341,0.021994537
996342,0.010236412
996343,0.011250574
996344,0.003426661
996345,0.013559857
996346,0.022012867
996347,0.012980483
996348,0.017451746
996349,0.01730239
996350,0.020440314
996351,0.015303309
996352,0.013757324
996353,0.011368336
996354,0.02001277
996355,0.015778664
996356,0.013572064
996357,0.015675489
996358,0.013430607
996359,0.010684743
996360,0.014478975
996361,0.013740809
996362,0.01062658
996363,0.013775994
996364,0.010309918
996365,0.02030891
996366,0.016762407
996367,0.020211266
996368,0.016077379
996369,0.013487333
996370,0.012674489
996371,0.013764505
996372,0.01353203
996373,0.016371783
996374,0.012404498
996375,0.011089729
996376,0.011352539
996377,0.016360294
996378,0.01913847
996379,0.011395806
996380,0.010785271
996381,0.016245404
996382,0.013340131
996383,0.012216366
996384,0.018564498
996385,0.013683364
996386,0.01827967
996387,0.032324936
996388,0.013476563
996389,0.0017110673
996390,0.017313879
996391,0.013776712
996392,0.010791016
996393,0.01118164
996394,0.013515337
996395,0.013901655
996396,0.018864891
996397,0.012017463
996398,0.010867286
996399,0.013916734
996400,0.013455738
996401,0.012505027
996402,0.017544815
996403,0.011340332
996404,0.011491843
996405,0.025667079
996406,0.013308536
996407,0.011305147
996408,0.020658605
996409,0.016964182
996410,0.012808052
996411,0.010587804
996412,0.013648897
996413,0.013447122
996414,0.013591453
996415,0.011504049
996416,0.011491125
996417,0.011124196
996418,0.011049517
996419,0.018830422
996420,0.01619155
996421,0.013143826
996422,0.011945657
996423,0.012345253
996424,0.013694135
996425,0.011349667
996426,0.010077903
996427,0.010868367
996428,0.013735782
996429,0.015189638
996430,0.011156509
996431,0.017271513
996432,0.011099782
996433,0.014487592
996434,0.010926011
996435,0.019439338
996436,0.019075999
996437,0.011063878
996438,0.026225012
996439,0.011160099
996440,0.014007209
996441,0.013992848
996442,0.014797794
996443,0.030152086
996444,0.010513613
996445,0.010938936
996446,0.01953125
996447,0.013936121
996448,0.013579963
996449,0.010979148
996450,0.013388959
996451,0.013893038
996452,0.010876465
996453,0.012311868
996454,0.017437601
996455,0.011534926
996456,0.01251597
996457,0.010825482
996458,0.019232538
996459,0.016210219
996460,0.020567959
996461,0.017435949
996462,0.011238367
996463,0.01384421
996464,0.013660386
996465,0.016709272
996466,0.01685432
996467,0.021024816
996468,0.021610754
996469,0.011655766
996470,0.010930319
996471,0.019188736
996472,0.011239085
996473,0.016653262
996474,0.022880973
996475,0.016284179
996476,0.013465074
996477,0.013501694
996478,0.020630602
996479,0.012665154
996480,0.011002125
996481,0.011065315
996482,0.010998535
996483,0.011029412
996484,0.019160731
996485,0.021713436
996486,0.011781939
996487,0.013821231
996488,0.016061582
996489,0.014787741
996490,0.011837948
996491,0.015482106
996492,0.015107862
996493,0.013578527
996494,0.013686236
996495,0.017102147
996496,0.013301356
996497,0.01086354
996498,0.01134105
996499,0.024804687
996500,0.013212316
996501,0.0111522
996502,0.01157083
996503,0.011101936
996504,0.010801787
996505,0.013501694
996506,0.0099653415
996507,0.014029469
996508,0.017118566
996509,0.012615868
996510,0.022886502
996511,0.0109375
996512,0.014960433
996513,0.011717314
996514,0.016268382
996515,0.010476626
996516,0.013501917
996517,0.016396197
996518,0.017199798
996519,0.016642492
996520,0.013824103
996521,0.0022729656
996522,0.0139591
996523,0.019450827
996524,0.011032284
996525,0.01322955
996526,0.011978919
996527,0.011351103
996528,0.011262782
996529,0.01384421
996530,0.027976362
996531,0.010870002
996532,0.011227597
996533,0.010999971
996534,0.011315918
996535,0.022568246
996536,0.013591453
996537,0.016477337
996538,0.010745778
996539,0.013311408
996540,0.010948271
996541,0.026567526
996542,0.011005715
996543,0.010867848
996544,0.024313534
996545,0.020010915
996546,0.011064596
996547,0.010145198
996548,0.011058852
996549,0.011921243
996550,0.013711369
996551,0.0108262
996552,0.01896829
996553,0.011481072
996554,0.013780302
996555,0.011349667
996556,0.015925149
996557,0.017670754
996558,0.013917452
996559,0.011728085
996560,0.011310891
996561,0.011006434
996562,0.016003419
996563,0.013732192
996564,0.010661765
996565,0.032213636
996566,0.01391817
996567,0.016190113
996568,0.012231079
996569,0.020450369
996570,0.01372932
996571,0.010133637
996572,0.011805798
996573,0.015308426
996574,0.013924632
996575,0.013876522
996576,0.013947611
996577,0.011282887
996578,0.011521284
996579,0.027242603
996580,0.017807905
996581,0.011167279
996582,0.010862822
996583,0.024001177
996584,0.013373162
996585,0.011018641
996586,0.011090447
996587,0.01304924
996588,0.021407543
996589,0.01354047
996590,0.011120605
996591,0.013867905
996592,0.014332491
996593,0.011632583
996594,0.01857982
996595,0.011108398
996596,0.012268066
996597,0.017629772
996598,0.011971507
996599,0.029659377
996600,0.018095847
996601,0.016182216
996602,0.011741728
996603,0.027230078
996604,0.016336598
996605,0.011346077
996606,0.016536219
996607,0.010523804
996608,0.011443014
996609,0.022040155
996610,0.016426357
996611,0.039326746
996612,0.010964787
996613,0.021959012
996614,0.012701775
996615,0.013775276
996616,0.010601885
996617,0.01574707
996618,0.024010513
996619,0.013487333
996620,0.010820456
996621,0.012012437
996622,0.021657428
996623,0.010701976
996624,0.013992848
996625,0.013691262
996626,0.016326545
996627,0.010223079
996628,0.013374598
996629,0.012997203
996630,0.01114143
996631,0.012667703
996632,0.014211857
996633,0.015809076
996634,0.016096048
996635,0.013534726
996636,0.021587776
996637,0.016480928
996638,0.011139994
996639,0.013732192
996640,0.014051011
996641,0.010820456
996642,0.013750861
996643,0.01682057
996644,0.018669577
996645,0.015322575
996646,0.021063559
996647,0.011117015
996648,0.025884651
996649,0.015237248
996650,0.013837029
996651,0.017681526
996652,0.010403262
996653,0.011105526
996654,0.014583541
996655,0.020061178
996656,0.015034754
996657,0.011550006
996658,0.027613422
996659,0.011323099
996660,0.010197202
996661,0.011132812
996662,0.015803078
996663,0.010777373
996664,0.013489488
996665,0.010951861
996666,0.012633591
996667,0.021662453
996668,0.024110323
996669,0.016034294
996670,0.013519916
996671,0.013490206
996672,0.010791734
996673,0.016564941
996674,0.015869141
996675,0.013924632
996676,0.013802562
996677,0.013009105
996678,0.013576373
996679,0.013621611
996680,0.015866268
996681,0.011328125
996682,0.014075425
996683,0.01140783
996684,0.016095329
996685,0.021484375
996686,0.010861386
996687,0.022261316
996688,0.014489028
996689,0.014820772
996690,0.010627298
996691,0.017837346
996692,0.011695772
996693,0.016525447
996694,0.011332434
996695,0.016580021
996696,0.011086857
996697,0.010910214
996698,0.011499023
996699,0.013304946
996700,0.018034276
996701,0.014200368
996702,0.013177849
996703,0.018984379
996704,0.013568474
996705,0.013740809
996706,0.018404238
996707,0.021436984
996708,0.015280331
996709,0.011528464
996710,0.018839039
996711,0.023502145
996712,0.016314339
996713,0.012476304
996714,0.021845559
996715,0.013017003
996716,0.01408117
996717,0.011922679
996718,0.010850615
996719,0.013694853
996720,0.016373219
996721,0.013327206
996722,0.019094668
996723,0.013947611
996724,0.013890166
996725,0.01622458
996726,0.021542955
996727,0.01335162
996728,0.013651052
996729,0.019228946
996730,0.012648048
996731,0.011060288
996732,0.021044921
996733,0.013959818
996734,0.013523237
996735,0.012511489
996736,0.015785845
996737,0.011167997
996738,0.01138557
996739,0.018583409
996740,0.027194394
996741,0.021248134
996742,0.01095976
996743,0.011280015
996744,0.011165843
996745,0.011420037
996746,0.012362133
996747,0.019526392
996748,0.013669721
996749,0.012488511
996750,0.012619916
996751,0.011346795
996752,0.013853544
996753,0.013350184
996754,0.0056306957
996755,0.019061638
996756,0.029237276
996757,0.015973259
996758,0.01639476
996759,0.011387724
996760,0.010898007
996761,0.012633465
996762,0.014136461
996763,0.013505285
996764,0.010928883
996765,0.011629711
996766,0.011109835
996767,0.01112635
996768,0.012695313
996769,0.013576373
996770,0.011109835
996771,0.013763787
996772,0.014317412
996773,0.013410501
996774,0.020659113
996775,0.010397979
996776,0.011005715
996777,0.0050593186
996778,0.013423426
996779,0.015145845
996780,0.010670715
996781,0.017474724
996782,0.01623176
996783,0.02696605
996784,0.024032772
996785,0.013656078
996786,0.01245548
996787,0.016342742
996788,0.022847973
996789,0.011355411
996790,0.016090304
996791,0.018607106
996792,0.012583991
996793,0.018799547
996794,0.021472886
996795,0.012339872
996796,0.013763787
996797,0.013867187
996798,0.014867446
996799,0.010735916
996800,0.011063878
996801,0.010656021
996802,0.010744342
996803,0.011239803
996804,0.0109375
996805,0.011088293
996806,0.010824764
996807,0.013610122
996808,0.019806985
996809,0.015969669
996810,0.011022232
996811,0.01976103
996812,0.013606532
996813,0.013893038
996814,0.013535444
996815,0.018213747
996816,0.017634802
996817,0.0031839593
996818,0.016371783
996819,0.01105598
996820,0.011440142
996821,0.021824736
996822,0.01434757
996823,0.01083769
996824,0.010792452
996825,0.011075367
996826,0.010918112
996827,0.01148897
996828,0.012601246
996829,0.012074908
996830,0.010942526
996831,0.011259191
996832,0.016865809
996833,0.013941147
996834,0.010877901
996835,0.010335838
996836,0.014081888
996837,0.016692039
996838,0.011098346
996839,0.01639476
996840,0.020200696
996841,0.014935662
996842,0.011227597
996843,0.010853487
996844,0.011656997
996845,0.013553395
996846,0.016323673
996847,0.013534008
996848,0.011139994
996849,0.011203901
996850,0.011282887
996851,0.01020041
996852,0.011358283
996853,0.015973585
996854,0.013472972
996855,0.013834157
996856,0.013367417
996857,0.011960018
996858,0.015132578
996859,0.011613195
996860,0.011339614
996861,0.014005773
996862,0.014893718
996863,0.0188534
996864,0.011939913
996865,0.014740335
996866,0.011089729
996867,0.011109835
996868,0.010766601
996869,0.020366371
996870,0.015968233
996871,0.016383272
996872,0.013436351
996873,0.012344181
996874,0.02249839
996875,0.001561314
996876,0.016282026
996877,0.013683364
996878,0.0117446
996879,0.037512206
996880,0.013630227
996881,0.015309538
996882,0.011175178
996883,0.011015768
996884,0.011185949
996885,0.014079016
996886,0.01533983
996887,0.019441493
996888,0.011224724
996889,0.013926068
996890,0.011409266
996891,0.01358499
996892,0.010917394
996893,0.016934743
996894,0.020026712
996895,0.01113353
996896,0.016292796
996897,0.01639476
996898,0.011160817
996899,0.016656134
996900,0.016136259
996901,0.013651052
996902,0.011029412
996903,0.015582634
996904,0.02411535
996905,0.011282169
996906,0.0136848
996907,0.013299202
996908,0.010629452
996909,0.013122376
996910,0.016065171
996911,0.010895135
996912,0.014394962
996913,0.013619456
996914,0.015021044
996915,0.015340648
996916,0.013318589
996917,0.013532571
996918,0.011155791
996919,0.017830882
996920,0.013498104
996921,0.020253532
996922,0.013426298
996923,0.016801184
996924,0.011007152
996925,0.01160386
996926,0.015865549
996927,0.014550063
996928,0.013732192
996929,0.011098346
996930,0.01144876
996931,0.010294118
996932,0.013665413
996933,0.02242168
996934,0.013194364
996935,0.010971967
996936,0.013922478
996937,0.016704964
996938,0.012418266
996939,0.013335104
996940,0.011196001
996941,0.026022209
996942,0.010059544
996943,0.011690028
996944,0.011167997
996945,0.011523438
996946,0.023759192
996947,0.016379682
996948,0.010963351
996949,0.011144302
996950,0.016609462
996951,0.0099874781
996952,0.010200811
996953,0.013742963
996954,0.012685204
996955,0.016315775
996956,0.010082384
996957,0.011756808
996958,0.011111989
996959,0.013798254
996960,0.01586196
996961,0.01515054
996962,0.029175524
996963,0.013798254
996964,0.016590074
996965,0.011516257
996966,0.013763787
996967,0.014578068
996968,0.013860007
996969,0.018734202
996970,0.016636029
996971,0.013650334
996972,0.010868566
996973,0.013510311
996974,0.011451632
996975,0.010050759
996976,0.016406249
996977,0.011029412
996978,0.022662897
996979,0.018933823
996980,0.01171157
996981,0.010923857
996982,0.03141531
996983,0.016847139
996984,0.017443897
996985,0.011291504
996986,0.016181497
996987,0.01124842
996988,0.01110409
996989,0.016327264
996990,0.013639562
996991,0.016957721
996992,0.011422909
996993,0.0038304043
996994,0.013421272
996995,0.014487592
996996,0.016233915
996997,0.011203183
996998,0.014935936
996999,0.016204474
997000,0.017165959
997001,0.016236788
997002,0.010983456
997003,0.013407629
997004,0.017181037
997005,0.022970375
997006,0.010722082
997007,0.01114502
997008,0.011321662
997009,0.011288632
997010,0.014155848
997011,0.012495222
997012,0.013490206
997013,0.013644589
997014,0.015545296
997015,0.011193129
997016,0.011045209
997017,0.01380328
997018,0.013630945
997019,0.013331514
997020,0.02024213
997021,0.015008904
997022,0.019338092
997023,0.027235324
997024,0.012676276
997025,0.012649356
997026,0.013153185
997027,0.010638786
997028,0.024317125
997029,0.01301972
997030,0.010387789
997031,0.010763011
997032,0.011480354
997033,0.019175092
997034,0.011339614
997035,0.011200311
997036,0.02007113
997037,0.02625517
997038,0.015358556
997039,0.013628791
997040,0.013411937
997041,0.011206773
997042,0.013658232
997043,0.011029412
997044,0.013465074
997045,0.015349264
997046,0.013881548
997047,0.014310949
997048,0.016501753
997049,0.013376034
997050,0.011387724
997051,0.011006434
997052,0.025534324
997053,0.011184513
997054,0.010994945
997055,0.014402894
997056,0.014148667
997057,0.02556655
997058,0.010560518
997059,0.014372702
997060,0.010977712
997061,0.013094584
997062,0.011209645
997063,0.01117087
997064,0.014449107
997065,0.01171875
997066,0.016407574
997067,0.012879136
997068,0.013327206
997069,0.01127068
997070,0.016118309
997071,0.016269101
997072,0.011283605
997073,0.012775735
997074,0.013694853
997075,0.015912224
997076,0.014005055
997077,0.015092917
997078,0.013629509
997079,0.013349466
997080,0.013261862
997081,0.0032313806
997082,0.01157083
997083,0.013798972
997084,0.013813333
997085,0.010921703
997086,0.015304666
997087,0.010781681
997088,0.0105309
997089,0.015286793
997090,0.0092202621
997091,0.011546415
997092,0.016406249
997093,0.013815487
997094,0.011031566
997095,0.017662851
997096,0.01570848
997097,0.016345214
997098,0.01103013
997099,0.012280048
997100,0.013457174
997101,0.017881745
997102,0.010918831
997103,0.014685059
997104,0.013078039
997105,0.016529756
997106,0.01532126
997107,0.012552022
997108,0.011615349
997109,0.019073846
997110,0.011758244
997111,0.01639476
997112,0.01413287
997113,0.014007209
997114,0.011391315
997115,0.013648897
997116,0.018623622
997117,0.014545036
997118,0.011283605
997119,0.014300178
997120,0.017038144
997121,0.013967716
997122,0.010521024
997123,0.011175178
997124,0.011684283
997125,0.019355325
997126,0.016004136
997127,0.011006434
997128,0.011155791
997129,0.015460161
997130,0.010954733
997131,0.018478027
997132,0.015146703
997133,0.020361328
997134,0.012769273
997135,0.011162971
997136,0.01167423
997137,0.012754912
997138,0.013809742
997139,0.0022060303
997140,0.01082261
997141,0.015287285
997142,0.011170152
997143,0.011400649
997144,0.013211984
997145,0.013373162
997146,0.012281543
997147,0.011103372
997148,0.011455222
997149,0.011066033
997150,0.011561494
997151,0.011308019
997152,0.016596535
997153,0.0096345209
997154,0.0028396167
997155,0.014371285
997156,0.016142003
997157,0.010899443
997158,0.014142923
997159,0.023017064
997160,0.013878676
997161,0.016592946
997162,0.013712805
997163,0.011975477
997164,0.010665355
997165,0.015421841
997166,0.016155647
997167,0.019000603
997168,0.011006434
997169,0.01070054
997170,0.01102295
997171,0.013558421
997172,0.016888786
997173,0.023006566
997174,0.017225558
997175,0.01085995
997176,0.013211349
997177,0.015418818
997178,0.013601505
997179,0.015143501
997180,0.015015366
997181,0.016027113
997182,0.010971967
997183,0.016155647
997184,0.017673057
997185,0.018191349
997186,0.01643569
997187,0.016326545
997188,0.01113712
997189,0.016270537
997190,0.016429229
997191,0.013769532
997192,0.014912375
997193,0.01112635
997194,0.011351103
997195,0.002845441
997196,0.011231905
997197,0.013447122
997198,0.01105239
997199,0.013327206
997200,0.010577751
997201,0.01746851
997202,0.011033002
997203,0.011356129
997204,0.010892262
997205,0.011050235
997206,0.015970387
997207,0.016572122
997208,0.019060202
997209,0.011272835
997210,0.014208267
997211,0.016090304
997212,0.011169434
997213,0.010971967
997214,0.018569048
997215,0.012591911
997216,0.013212316
997217,0.010965505
997218,0.024681894
997219,0.018487908
997220,0.01075224
997221,0.011034438
997222,0.013823385
997223,0.01134105
997224,0.012043313
997225,0.012603461
997226,0.019112621
997227,0.022454416
997228,0.011323099
997229,0.018680349
997230,0.0260814
997231,0.018494371
997232,0.027695768
997233,0.013721421
997234,0.013414091
997235,0.011269244
997236,0.011398495
997237,0.010804659
997238,0.013656078
997239,0.027022058
997240,0.013524673
997241,0.011937759
997242,0.02365938
997243,0.015614229
997244,0.039028034
997245,0.013804716
997246,0.014566761
997247,0.015969669
997248,0.013457892
997249,0.01084487
997250,0.013752297
997251,0.013720703
997252,0.010829072
997253,0.014145795
997254,0.014553857
997255,0.020602807
997256,0.010372778
997257,0.0096065542
997258,0.011240521
997259,0.013903091
997260,0.011937041
997261,0.010164347
997262,0.013640998
997263,0.031471163
997264,0.013671875
997265,0.010827636
997266,0.010707002
997267,0.018043337
997268,0.015184111
997269,0.011382697
997270,0.016038602
997271,0.01361443
997272,0.035213694
997273,0.017380267
997274,0.016545555
997275,0.012069164
997276,0.020317527
997277,0.01618796
997278,0.013530417
997279,0.011064596
997280,0.015044409
997281,0.010757267
997282,0.016279871
997283,0.018945312
997284,0.011213954
997285,0.013781738
997286,0.011179486
997287,0.022394875
997288,0.011288632
997289,0.013579963
997290,0.012187577
997291,0.024379596
997292,0.015970387
997293,0.035241701
997294,0.011868106
997295,0.011402803
997296,0.015508557
997297,0.014829853
997298,0.011518411
997299,0.01637681
997300,0.016107537
997301,0.013148408
997302,0.010948989
997303,0.013158462
997304,0.011542825
997305,0.022702927
997306,0.011710851
997307,0.011293658
997308,0.010708767
997309,0.021886488
997310,0.013864315
997311,0.011697927
997312,0.013830567
997313,0.020082721
997314,0.0026083058
997315,0.010974912
997316,0.011202465
997317,0.015287511
997318,0.0088708038
997319,0.011509795
997320,0.015346923
997321,0.014579504
997322,0.013684082
997323,0.011199592
997324,0.01391458
997325,0.012771145
997326,0.035325963
997327,0.030748785
997328,0.013577091
997329,0.0099299541
997330,0.011314481
997331,0.013776551
997332,0.019441351
997333,0.012927521
997334,0.011387724
997335,0.011113425
997336,0.011293658
997337,0.016103946
997338,0.020327888
997339,0.0047189794
997340,0.011237649
997341,0.010687615
997342,0.01102295
997343,0.014150822
997344,0.010877901
997345,0.010969813
997346,0.012097168
997347,0.024427706
997348,0.011285041
997349,0.011150046
997350,0.011136402
997351,0.013536162
997352,0.011269244
997353,0.013669003
997354,0.010690487
997355,0.014697266
997356,0.023122303
997357,0.011132812
997358,0.010205796
997359,0.013964126
997360,0.011053826
997361,0.018748565
997362,0.026530905
997363,0.013571346
997364,0.011616067
997365,0.012380717
997366,0.010148757
997367,0.015965361
997368,0.024485437
997369,0.013151281
997370,0.033074591
997371,0.011005715
997372,0.011013614
997373,0.011156509
997374,0.026539521
997375,0.024105296
997376,0.010964787
997377,0.01585478
997378,0.011045927
997379,0.014997423
997380,0.013579963
997381,0.013035681
997382,0.013901655
997383,0.012861903
997384,0.013311408
997385,0.013767377
997386,0.02155992
997387,0.0099852579
997388,0.019910386
997389,0.013512465
997390,0.018687529
997391,0.021164611
997392,0.013800408
997393,0.010891544
997394,0.016153492
997395,0.016599407
997396,0.012717572
997397,0.010884363
997398,0.011327407
997399,0.014021571
997400,0.010953297
997401,0.01264433
997402,0.013801126
997403,0.013602941
997404,0.016192269
997405,0.0098825945
997406,0.011252728
997407,0.014266429
997408,0.012141688
997409,0.010981302
997410,0.013700597
997411,0.021446317
997412,0.011503331
997413,0.017631261
997414,0.011012178
997415,0.010830509
997416,0.011747472
997417,0.011529182
997418,0.022513418
997419,0.021665325
997420,0.013608363
997421,0.019203814
997422,0.013189338
997423,0.013546214
997424,0.026711857
997425,0.011098346
997426,0.013650334
997427,0.026108194
997428,0.012181181
997429,0.010870002
997430,0.021857766
997431,0.015925867
997432,0.011017923
997433,0.013788919
997434,0.021474322
997435,0.013631663
997436,0.012502024
997437,0.011590935
997438,0.012980796
997439,0.024987061
997440,0.014519187
997441,0.011025104
997442,0.012465533
997443,0.018718405
997444,0.011106244
997445,0.013212316
997446,0.010994227
997447,0.0098988889
997448,0.01081543
997449,0.018759334
997450,0.010960478
997451,0.013131893
997452,0.015984748
997453,0.012111529
997454,0.011257037
997455,0.015028279
997456,0.016142003
997457,0.010421215
997458,0.013486615
997459,0.018841911
997460,0.016696347
997461,0.011272117
997462,0.016220272
997463,0.011456658
997464,0.012259349
997465,0.011122041
997466,0.013801844
997467,0.010579905
997468,0.012258732
997469,0.016475184
997470,0.010816148
997471,0.013861443
997472,0.011112707
997473,0.011362592
997474,0.01399572
997475,0.010818302
997476,0.012178309
997477,0.013641717
997478,0.010676126
997479,0.013340131
997480,0.016192986
997481,0.021668199
997482,0.022144273
997483,0.019519761
997484,0.010876465
997485,0.025942096
997486,0.037517235
997487,0.013586426
997488,0.011772909
997489,0.013755888
997490,0.0023256561
997491,0.013901655
997492,0.011277861
997493,0.012063419
997494,0.011089011
997495,0.010994227
997496,0.010979866
997497,0.013456456
997498,0.010419395
997499,0.013397576
997500,0.011531336
997501,0.0021955681
997502,0.010926011
997503,0.010976993
997504,0.012050494
997505,0.013546932
997506,0.021222282
997507,0.012658232
997508,0.02320772
997509,0.029380171
997510,0.01639476
997511,0.022322878
997512,0.010915958
997513,0.01970502
997514,0.015021036
997515,0.014422966
997516,0.016050091
997517,0.011826459
997518,0.016350958
997519,0.01113353
997520,0.010987764
997521,0.018540327
997522,0.01377743
997523,0.011397059
997524,0.013411219
997525,0.018831858
997526,0.014090504
997527,0.011277143
997528,0.017973492
997529,0.015994802
997530,0.012013155
997531,0.011064596
997532,0.011404958
997533,0.011169434
997534,0.013788919
997535,0.016022805
997536,0.012591911
997537,0.019945571
997538,0.013789637
997539,0.010702694
997540,0.01372932
997541,0.014051011
997542,0.014020135
997543,0.023925781
997544,0.011118899
997545,0.013380342
997546,0.011380543
997547,0.011286478
997548,0.025257066
997549,0.027010569
997550,0.023828125
997551,0.020883547
997552,0.017415689
997553,0.010865694
997554,0.013388241
997555,0.010587804
997556,0.016256893
997557,0.014935662
997558,0.012120864
997559,0.011045209
997560,0.015891401
997561,0.014368667
997562,0.011256319
997563,0.025896732
997564,0.021202177
997565,0.013560575
997566,0.013521083
997567,0.011057416
997568,0.010788144
997569,0.016661162
997570,0.021255314
997571,0.01609892
997572,0.010740033
997573,0.011496869
997574,0.018979779
997575,0.011048799
997576,0.011321419
997577,0.023955939
997578,0.011527746
997579,0.016376091
997580,0.01370706
997581,0.015693935
997582,0.0035177451
997583,0.01572481
997584,0.011098346
997585,0.014851648
997586,0.016061582
997587,0.029400993
997588,0.02030101
997589,0.01105239
997590,0.0036459209
997591,0.016799029
997592,0.014091941
997593,0.011089729
997594,0.010765165
997595,0.011828613
997596,0.02153033
997597,0.011188449
997598,0.010941808
997599,0.014942124
997600,0.011038747
997601,0.011147892
997602,0.011050235
997603,0.01159668
997604,0.013676901
997605,0.019117648
997606,0.012278837
997607,0.013802562
997608,0.013897346
997609,0.011175896
997610,0.020559454
997611,0.013895192
997612,0.010675408
997613,0.011567958
997614,0.014016544
997615,0.0109892
997616,0.021740723
997617,0.011207491
997618,0.01660659
997619,0.011162971
997620,0.013518928
997621,0.01361802
997622,0.01087072
997623,0.016306439
997624,0.021199305
997625,0.010081622
997626,0.010717056
997627,0.013535444
997628,0.011225442
997629,0.003254011
997630,0.011089011
997631,0.01304788
997632,0.011339614
997633,0.01631362
997634,0.016578585
997635,0.010948989
997636,0.01640266
997637,0.019084616
997638,0.013465074
997639,0.011086857
997640,0.028698731
997641,0.011239085
997642,0.010043414
997643,0.011040901
997644,0.016189396
997645,0.010022955
997646,0.017773438
997647,0.022463497
997648,0.01127068
997649,0.015446265
997650,0.011013614
997651,0.021380974
997652,0.013340131
997653,0.031340506
997654,0.010762293
997655,0.010868566
997656,0.01334444
997657,0.012476028
997658,0.013060087
997659,0.013829849
997660,0.013454302
997661,0.010939654
997662,0.013009162
997663,0.01523653
997664,0.016154211
997665,0.016181497
997666,0.0014733039
997667,0.011122759
997668,0.013593607
997669,0.013335822
997670,0.018612131
997671,0.019569308
997672,0.013936121
997673,0.013602941
997674,0.019180119
997675,0.013715677
997676,0.024095962
997677,0.020235667
997678,0.011068905
997679,0.011031566
997680,0.013401885
997681,0.013833439
997682,0.010914522
997683,0.01451416
997684,0.0024627303
997685,0.011091165
997686,0.016119745
997687,0.01504337
997688,0.013824822
997689,0.012007411
997690,0.018999433
997691,0.010914522
997692,0.026736271
997693,0.021383129
997694,0.01476979
997695,0.010719928
997696,0.011029412
997697,0.01194853
997698,0.016029986
997699,0.024241729
997700,0.016111126
997701,0.01722802
997702,0.024192182
997703,0.013931095
997704,0.016149903
997705,0.0019552805
997706,0.012581141
997707,0.025205046
997708,0.0018260027
997709,0.013530417
997710,0.02234892
997711,0.011066033
997712,0.013809742
997713,0.010936064
997714,0.011027258
997715,0.012528004
997716,0.01361802
997717,0.013897346
997718,0.011206773
997719,0.01540871
997720,0.011443014
997721,0.012477022
997722,0.013087373
997723,0.032411106
997724,0.017696604
997725,0.012375144
997726,0.015330286
997727,0.01075583
997728,0.013712087
997729,0.010923857
997730,0.0099659637
997731,0.011066033
997732,0.013783893
997733,0.010537961
997734,0.013450712
997735,0.01060432
997736,0.010857795
997737,0.011227597
997738,0.010023003
997739,0.013657514
997740,0.010372927
997741,0.013426298
997742,0.01630285
997743,0.010939654
997744,0.010642667
997745,0.0099034524
997746,0.038732193
997747,0.011351103
997748,0.013524673
997749,0.011006434
997750,0.013913143
997751,0.018189196
997752,0.018073114
997753,0.0202571
997754,0.016015625
997755,0.011646226
997756,0.010976275
997757,0.011206773
997758,0.012093578
997759,0.011361874
997760,0.014178107
997761,0.039131433
997762,0.020702763
997763,0.016055118
997764,0.013435633
997765,0.018550379
997766,0.010966941
997767,0.01636963
997768,0.016371783
997769,0.015093194
997770,0.019281365
997771,0.011249138
997772,0.018891457
997773,0.011279297
997774,0.010954733
997775,0.019140625
997776,0.012530671
997777,0.025136432
997778,0.013628791
997779,0.02068462
997780,0.013766659
997781,0.010938936
997782,0.011291504
997783,0.014282945
997784,0.015907198
997785,0.011294376
997786,0.013261862
997787,0.010755112
997788,0.011753217
997789,0.015990492
997790,0.011998794
997791,0.011086857
997792,0.024591424
997793,0.011201747
997794,0.016391171
997795,0.013694063
997796,0.012143842
997797,0.01890151
997798,0.018798383
997799,0.010140754
997800,0.010791016
997801,0.010903751
997802,0.016338753
997803,0.010717774
997804,0.011330998
997805,0.011219698
997806,0.011121323
997807,0.020478372
997808,0.034348909
997809,0.013308536
997810,0.011054544
997811,0.0082055461
997812,0.016949821
997813,0.013747271
997814,0.016475184
997815,0.013361673
997816,0.010457859
997817,0.012491384
997818,0.015248252
997819,0.010196603
997820,0.014079016
997821,0.01349954
997822,0.019603221
997823,0.01137049
997824,0.010772346
997825,0.021495864
997826,0.015562416
997827,0.016084559
997828,0.011239803
997829,0.01398854
997830,0.019024896
997831,0.012400189
997832,0.028517062
997833,0.010945398
997834,0.011216108
997835,0.013516055
997836,0.011155791
997837,0.01391817
997838,0.010070359
997839,0.024532542
997840,0.022157917
997841,0.013177849
997842,0.030200195
997843,0.013620174
997844,0.013363109
997845,0.015577813
997846,0.011295812
997847,0.010278792
997848,0.013446404
997849,0.013401167
997850,0.013153436
997851,0.010825482
997852,0.012497449
997853,0.016636029
997854,0.011186667
997855,0.016452206
997856,0.0099477321
997857,0.01221852
997858,0.015414609
997859,0.012077062
997860,0.010922421
997861,0.01122616
997862,0.013396139
997863,0.012764246
997864,0.012558338
997865,0.018781595
997866,0.011111989
997867,0.011124196
997868,0.010853487
997869,0.021138545
997870,0.013041402
997871,0.011017923
997872,0.011008588
997873,0.018910846
997874,0.016247559
997875,0.012691004
997876,0.017230583
997877,0.013982077
997878,0.012179783
997879,0.0034198842
997880,0.018832577
997881,0.010982738
997882,0.011114143
997883,0.013606532
997884,0.016353114
997885,0.012527286
997886,0.010946834
997887,0.011091165
997888,0.012669977
997889,0.029439051
997890,0.034552362
997891,0.010880055
997892,0.011216108
997893,0.013338695
997894,0.010979866
997895,0.011349667
997896,0.017653521
997897,0.018864891
997898,0.010879337
997899,0.010701976
997900,0.016396197
997901,0.010943244
997902,0.01472527
997903,0.011061724
997904,0.013979205
997905,0.018788056
997906,0.0034833839
997907,0.01602855
997908,0.022605255
997909,0.011286478
997910,0.010882927
997911,0.016153492
997912,0.010746496
997913,0.013763068
997914,0.013306382
997915,0.029000316
997916,0.018791648
997917,0.011819997
997918,0.018709788
997919,0.010350851
997920,0.012512749
997921,0.012258732
997922,0.013568474
997923,0.0090730982
997924,0.013376034
997925,0.011083267
997926,0.01125201
997927,0.010799632
997928,0.011091165
997929,0.0082859332
997930,0.010959042
997931,0.016303567
997932,0.011068187
997933,0.017003676
997934,0.023386158
997935,0.020557359
997936,0.012952256
997937,0.01484375
997938,0.013577809
997939,0.018340705
997940,0.011274271
997941,0.0214973
997942,0.015892118
997943,0.011735265
997944,0.01101146
997945,0.01373291
997946,0.034570314
997947,0.014809966
997948,0.0085795997
997949,0.021617217
997950,0.0113669
997951,0.021564798
997952,0.0022032522
997953,0.013407629
997954,0.01080035
997955,0.010734289
997956,0.013143945
997957,0.011090447
997958,0.013106762
997959,0.021443445
997960,0.011155791
997961,0.016292796
997962,0.011730957
997963,0.013361673
997964,0.011454504
997965,0.016877297
997966,0.018832577
997967,0.010781681
997968,0.011121323
997969,0.010793888
997970,0.017326804
997971,0.022734644
997972,0.01815008
997973,0.010505227
997974,0.010987046
997975,0.016046183
997976,0.014633358
997977,0.015192728
997978,0.018164063
997979,0.013704188
997980,0.011492561
997981,0.01403665
997982,0.021284036
997983,0.010650275
997984,0.014200368
997985,0.011021513
997986,0.018795956
997987,0.012358542
997988,0.016116153
997989,0.012777889
997990,0.010957606
997991,0.011183077
997992,0.016446462
997993,0.011455222
997994,0.022060977
997995,0.011845129
997996,0.02390427
997997,0.010984892
997998,0.011379483
997999,0.014065749
998000,0.01874282
998001,0.01103013
998002,0.011180922
998003,0.0188534
998004,0.021297976
998005,0.013577091
998006,0.016654698
998007,0.020285156
998008,0.014545036
998009,0.013786765
998010,0.018682502
998011,0.022234216
998012,0.018369451
998013,0.013637408
998014,0.013444968
998015,0.018834013
998016,0.011079676
998017,0.011464557
998018,0.017773438
998019,0.018961109
998020,0.011432244
998021,0.012940615
998022,0.019718794
998023,0.012606273
998024,0.012561035
998025,0.011663459
998026,0.01849078
998027,0.010966223
998028,0.016222427
998029,0.013970588
998030,0.016895125
998031,0.0097339097
998032,0.01526597
998033,0.01070772
998034,0.0135814
998035,0.012501716
998036,0.011009306
998037,0.009796543
998038,0.01882037
998039,0.014211857
998040,0.017745035
998041,0.017220531
998042,0.01202249
998043,0.010688333
998044,0.013683364
998045,0.012186859
998046,0.011261212
998047,0.022162225
998048,0.01385139
998049,0.010627298
998050,0.012781479
998051,0.01479671
998052,0.013706342
998053,0.013660386
998054,0.013793945
998055,0.010868566
998056,0.013967716
998057,0.016750919
998058,0.011098346
998059,0.0091231251
998060,0.010980584
998061,0.010786708
998062,0.013409065
998063,0.013079475
998064,0.018795956
998065,0.021991326
998066,0.011074649
998067,0.010847025
998068,0.011066033
998069,0.012876982
998070,0.018144926
998071,0.018500833
998072,0.015814569
998073,0.01372932
998074,0.013775276
998075,0.0142255
998076,0.01133746
998077,0.01377743
998078,0.011284323
998079,0.010773892
998080,0.020214017
998081,0.01243779
998082,0.010615809
998083,0.01377743
998084,0.012776743
998085,0.014772662
998086,0.016684139
998087,0.015936054
998088,0.01079676
998089,0.010443121
998090,0.011244112
998091,0.012826717
998092,0.011182358
998093,0.0096883932
998094,0.013338695
998095,0.018785184
998096,0.01122257
998097,0.017599266
998098,0.022727339
998099,0.010914522
998100,0.010982738
998101,0.011274271
998102,0.027684497
998103,0.015940947
998104,0.013663258
998105,0.012544735
998106,0.018836167
998107,0.021549001
998108,0.018704044
998109,0.013704906
998110,0.013832721
998111,0.015822466
998112,0.017361231
998113,0.012626996
998114,0.012571716
998115,0.010824046
998116,0.0092901615
998117,0.011387006
998118,0.010940934
998119,0.019417079
998120,0.013648897
998121,0.014477539
998122,0.011105526
998123,0.010950425
998124,0.013558421
998125,0.016214527
998126,0.016653262
998127,0.020060126
998128,0.013396857
998129,0.018976189
998130,0.030903177
998131,0.010760139
998132,0.018799547
998133,0.019565716
998134,0.01135972
998135,0.011185949
998136,0.011468865
998137,0.01360725
998138,0.014047421
998139,0.015912943
998140,0.011190257
998141,0.021610754
998142,0.015969669
998143,0.016122617
998144,0.013511029
998145,0.02181612
998146,0.016177189
998147,0.012850414
998148,0.013112188
998149,0.010909496
998150,0.0027467581
998151,0.010964069
998152,0.014545036
998153,0.020269804
998154,0.015152516
998155,0.011960018
998156,0.015843291
998157,0.01325899
998158,0.022647513
998159,0.018742101
998160,0.01372573
998161,0.016237507
998162,0.011022232
998163,0.016532628
998164,0.010997099
998165,0.011095474
998166,0.010905188
998167,0.02195904
998168,0.0087781828
998169,0.013740091
998170,0.018640136
998171,0.011328125
998172,0.015820313
998173,0.038947612
998174,0.019025736
998175,0.015728401
998176,0.01384421
998177,0.011040901
998178,0.018224336
998179,0.011353257
998180,0.014183134
998181,0.01342558
998182,0.018491497
998183,0.013830567
998184,0.014677519
998185,0.033870921
998186,0.011224724
998187,0.011036593
998188,0.012281709
998189,0.014202522
998190,0.01103372
998191,0.013653924
998192,0.013763787
998193,0.012646484
998194,0.016153492
998195,0.013947611
998196,0.010942526
998197,0.026686724
998198,0.013593607
998199,0.019117648
998200,0.013884421
998201,0.012163995
998202,0.016327981
998203,0.01086354
998204,0.02035941
998205,0.011294376
998206,0.030172909
998207,0.011782657
998208,0.013638844
998209,0.010962632
998210,0.020128677
998211,0.027508589
998212,0.013570628
998213,0.010811121
998214,0.013893756
998215,0.012522978
998216,0.016561352
998217,0.0138478
998218,0.013938993
998219,0.01628777
998220,0.013541906
998221,0.016118309
998222,0.013816205
998223,0.013836311
998224,0.013674029
998225,0.013434197
998226,0.020945111
998227,0.015050552
998228,0.018556843
998229,0.016282743
998230,0.016512522
998231,0.011555032
998232,0.01368839
998233,0.01613267
998234,0.013638844
998235,0.022783129
998236,0.011294376
998237,0.013547651
998238,0.013579963
998239,0.011024386
998240,0.017049633
998241,0.010875029
998242,0.010788144
998243,0.022894271
998244,0.011502613
998245,0.016197294
998246,0.013936121
998247,0.013568474
998248,0.016238224
998249,0.013648897
998250,0.013561293
998251,0.010917394
998252,0.018788056
998253,0.014286535
998254,0.016524011
998255,0.014865479
998256,0.010893698
998257,0.010988482
998258,0.0020244634
998259,0.010732853
998260,0.011304429
998261,0.019999083
998262,0.022762522
998263,0.011033002
998264,0.018844783
998265,0.016330853
998266,0.016978545
998267,0.013572782
998268,0.017290901
998269,0.017836457
998270,0.011515609
998271,0.014101993
998272,0.012599186
998273,0.010921703
998274,0.01613267
998275,0.011140712
998276,0.0109375
998277,0.011280733
998278,0.01349954
998279,0.016325828
998280,0.015793025
998281,0.011500459
998282,0.010983456
998283,0.016153492
998284,0.010917394
998285,0.015926585
998286,0.013755888
998287,0.014042394
998288,0.013316435
998289,0.023354204
998290,0.012642176
998291,0.015566612
998292,0.013200827
998293,0.010934628
998294,0.017618336
998295,0.010747932
998296,0.011065315
998297,0.013676901
998298,0.010561954
998299,0.022012867
998300,0.010727827
998301,0.026148897
998302,0.022933422
998303,0.014797794
998304,0.010416188
998305,0.012879854
998306,0.01630285
998307,0.012713264
998308,0.025116326
998309,0.011009306
998310,0.016521139
998311,0.013376034
998312,0.018876379
998313,0.013302792
998314,0.017658548
998315,0.021370921
998316,0.010920985
998317,0.01349954
998318,0.013759478
998319,0.012610301
998320,0.011558228
998321,0.013685518
998322,0.014876721
998323,0.01087072
998324,0.018267464
998325,0.01640984
998326,0.013913143
998327,0.013935403
998328,0.011038029
998329,0.013974897
998330,0.01063017
998331,0.013350902
998332,0.016534783
998333,0.010912368
998334,0.013568474
998335,0.018784467
998336,0.017430922
998337,0.011226879
998338,0.020553051
998339,0.013596479
998340,0.018961109
998341,0.016211655
998342,0.016061582
998343,0.016151339
998344,0.01016637
998345,0.011575856
998346,0.011156509
998347,0.016010599
998348,0.010994945
998349,0.018663833
998350,0.013894474
998351,0.011190257
998352,0.013628073
998353,0.011597398
998354,0.010981302
998355,0.019118365
998356,0.013938993
998357,0.015441176
998358,0.016648954
998359,0.011376953
998360,0.016338034
998361,0.011561168
998362,0.011532772
998363,0.020253727
998364,0.011216108
998365,0.010037498
998366,0.014005773
998367,0.013699879
998368,0.016061582
998369,0.016208066
998370,0.016692756
998371,0.016134823
998372,0.013901655
998373,0.016462259
998374,0.018393843
998375,0.01067828
998376,0.013893756
998377,0.011770451
998378,0.010915958
998379,0.013525391
998380,0.011221134
998381,0.01394402
998382,0.01171875
998383,0.018045582
998384,0.012007411
998385,0.013803998
998386,0.013708496
998387,0.013752297
998388,0.013737218
998389,0.019020708
998390,0.012179436
998391,0.010636632
998392,0.026798742
998393,0.012247961
998394,0.01655848
998395,0.011767578
998396,0.013855699
998397,0.010885799
998398,0.0109375
998399,0.012163229
998400,0.013786765
998401,0.01106316
998402,0.011415728
998403,0.013468664
998404,0.011345359
998405,0.015110808
998406,0.015900735
998407,0.01036254
998408,0.019106159
998409,0.017643342
998410,0.018445542
998411,0.011787684
998412,0.01103013
998413,0.011896829
998414,0.021722771
998415,0.011697209
998416,0.016506061
998417,0.012539493
998418,0.013709933
998419,0.011221134
998420,0.010848461
998421,0.013663258
998422,0.01773897
998423,0.019670842
998424,0.013666131
998425,0.014374139
998426,0.013780302
998427,0.010282151
998428,0.017091287
998429,0.011245548
998430,0.013545496
998431,0.010986328
998432,0.0109375
998433,0.014096967
998434,0.016381836
998435,0.010938936
998436,0.011114143
998437,0.017960332
998438,0.016204474
998439,0.025236242
998440,0.010722082
998441,0.017539086
998442,0.016084559
998443,0.015927531
998444,0.013643871
998445,0.011094037
998446,0.022130629
998447,0.014834415
998448,0.013919606
998449,0.016440718
998450,0.013706342
998451,0.018721277
998452,0.011040901
998453,0.018910846
998454,0.013786765
998455,0.010868566
998456,0.014073989
998457,0.010983456
998458,0.01348877
998459,0.011622529
998460,0.01662454
998461,0.011229751
998462,0.010945398
998463,0.017827338
998464,0.016243251
998465,0.01348877
998466,0.015312644
998467,0.016667625
998468,0.013490206
998469,0.011088293
998470,0.013648897
998471,0.01651755
998472,0.012749885
998473,0.011097628
998474,0.011262782
998475,0.01737313
998476,0.015606331
998477,0.013961254
998478,0.039005056
998479,0.010923857
998480,0.010890826
998481,0.018927362
998482,0.012999669
998483,0.013415528
998484,0.013824822
998485,0.010687543
998486,0.011165843
998487,0.012527476
998488,0.013238166
998489,0.012892779
998490,0.014141909
998491,0.024073701
998492,0.010915958
998493,0.014756338
998494,0.011313045
998495,0.011849861
998496,0.012547392
998497,0.034739058
998498,0.019378779
998499,0.015887093
998500,0.010995663
998501,0.013872214
998502,0.011397059
998503,0.026462769
998504,0.01372932
998505,0.012431066
998506,0.0025870057
998507,0.011586627
998508,0.011216826
998509,0.016796876
998510,0.013711369
998511,0.012472713
998512,0.010976993
998513,0.013039899
998514,0.014085478
998515,0.01101505
998516,0.019039609
998517,0.013373162
998518,0.012677616
998519,0.016352395
998520,0.011135684
998521,0.011201747
998522,0.014009364
998523,0.0293098
998524,0.01484375
998525,0.012526568
998526,0.01103013
998527,0.013839901
998528,0.010350076
998529,0.013663976
998530,0.013595043
998531,0.015891485
998532,0.024449248
998533,0.020283522
998534,0.010946116
998535,0.011227597
998536,0.016130514
998537,0.013686236
998538,0.010686179
998539,0.010653148
998540,0.010038225
998541,0.013488051
998542,0.011064596
998543,0.01786397
998544,0.012373636
998545,0.016398352
998546,0.016966501
998547,0.013006951
998548,0.013350902
998549,0.019320859
998550,0.019960299
998551,0.016355986
998552,0.013685518
998553,0.010681152
998554,0.015376319
998555,0.013735782
998556,0.013138887
998557,0.010829072
998558,0.01267179
998559,0.011060288
998560,0.025308879
998561,0.010991354
998562,0.01631362
998563,0.016101792
998564,0.016264074
998565,0.013554113
998566,0.010262695
998567,0.013264734
998568,0.012862956
998569,0.013867187
998570,0.011058134
998571,0.013327206
998572,0.019149734
998573,0.016348805
998574,0.019004911
998575,0.011209645
998576,0.023782169
998577,0.011527746
998578,0.012228573
998579,0.012955968
998580,0.010045536
998581,0.010913086
998582,0.011463839
998583,0.015788333
998584,0.012373622
998585,0.01361443
998586,0.023839613
998587,0.027881356
998588,0.021891516
998589,0.010771628
998590,0.015827494
998591,0.013652488
998592,0.010838408
998593,0.010876465
998594,0.015844727
998595,0.015157698
998596,0.013625919
998597,0.0025047448
998598,0.016986804
998599,0.013032083
998600,0.011137838
998601,0.011679256
998602,0.013697725
998603,0.01598762
998604,0.012607934
998605,0.026826061
998606,0.011602424
998607,0.014681469
998608,0.013297766
998609,0.015350701
998610,0.019990809
998611,0.014960469
998612,0.0092291208
998613,0.011073931
998614,0.018541763
998615,0.0029801847
998616,0.018405331
998617,0.010954733
998618,0.013763787
998619,0.024376005
998620,0.012400464
998621,0.01844346
998622,0.023089776
998623,0.012447582
998624,0.030257206
998625,0.016202321
998626,0.010931037
998627,0.016234633
998628,0.012442555
998629,0.012580423
998630,0.012343836
998631,0.01812385
998632,0.01372932
998633,0.0111005
998634,0.010903751
998635,0.011430807
998636,0.011010742
998637,0.018319437
998638,0.010276237
998639,0.013496668
998640,0.018658089
998641,0.011653719
998642,0.01608384
998643,0.011254882
998644,0.02060752
998645,0.01330351
998646,0.013138517
998647,0.0149475
998648,0.010808967
998649,0.016485956
998650,0.011014332
998651,0.011040901
998652,0.014886149
998653,0.012232524
998654,0.019206686
998655,0.018764729
998656,0.008679091
998657,0.025167439
998658,0.02403708
998659,0.016452206
998660,0.011125632
998661,0.013880112
998662,0.019915283
998663,0.017196834
998664,0.010634982
998665,0.016468003
998666,0.016521139
998667,0.021897977
998668,0.013560575
998669,0.013494514
998670,0.020106504
998671,0.011323817
998672,0.018995577
998673,0.012819559
998674,0.021659581
998675,0.012316895
998676,0.011101936
998677,0.019036505
998678,0.013686236
998679,0.01284567
998680,0.02120864
998681,0.011231187
998682,0.01353329
998683,0.011906164
998684,0.012362851
998685,0.010984174
998686,0.01141501
998687,0.029504394
998688,0.011109835
998689,0.011668486
998690,0.021832079
998691,0.013995002
998692,0.013544778
998693,0.015882785
998694,0.013535444
998695,0.013786765
998696,0.011086857
998697,0.014009364
998698,0.01138557
998699,0.011537081
998700,0.011063878
998701,0.013396139
998702,0.011198874
998703,0.010852051
998704,0.016406249
998705,0.010422964
998706,0.019623162
998707,0.023079619
998708,0.02437098
998709,0.016251868
998710,0.013707778
998711,0.011799172
998712,0.013131893
998713,0.010769473
998714,0.010732135
998715,0.014501235
998716,0.011155791
998717,0.016455796
998718,0.014190314
998719,0.011029412
998720,0.021872127
998721,0.02388557
998722,0.010945398
998723,0.013602223
998724,0.011305147
998725,0.01074865
998726,0.012729069
998727,0.015332749
998728,0.012757784
998729,0.013488051
998730,0.009904786
998731,0.01127068
998732,0.010928883
998733,0.020946547
998734,0.011224724
998735,0.013554113
998736,0.0149292
998737,0.011135684
998738,0.013656078
998739,0.012659194
998740,0.015659466
998741,0.011009306
998742,0.011010024
998743,0.014312385
998744,0.01368839
998745,0.011188821
998746,0.011040901
998747,0.015418199
998748,0.011145738
998749,0.012660845
998750,0.017985266
998751,0.018788056
998752,0.011056698
998753,0.013378188
998754,0.010809685
998755,0.01513241
998756,0.012339154
998757,0.012611831
998758,0.017044907
998759,0.013674029
998760,0.015970387
998761,0.012253705
998762,0.013350184
998763,0.011695772
998764,0.024682617
998765,0.011561494
998766,0.015159838
998767,0.011144302
998768,0.013795381
998769,0.01070772
998770,0.011184513
998771,0.010740751
998772,0.013857135
998773,0.01113353
998774,0.013859289
998775,0.018972598
998776,0.011077521
998777,0.024235265
998778,0.020001052
998779,0.0092781857
998780,0.016516831
998781,0.013295611
998782,0.011392033
998783,0.013625919
998784,0.011707979
998785,0.015949564
998786,0.013639562
998787,0.024213005
998788,0.010816148
998789,0.01759501
998790,0.013517492
998791,0.013320025
998792,0.016782513
998793,0.016493136
998794,0.012706135
998795,0.012723316
998796,0.019327741
998797,0.013717831
998798,0.012650792
998799,0.016511086
998800,0.01113353
998801,0.013748674
998802,0.0025585124
998803,0.014921549
998804,0.013591453
998805,0.011731675
998806,0.011315918
998807,0.011570112
998808,0.010776655
998809,0.01594869
998810,0.02151238
998811,0.013637408
998812,0.016877297
998813,0.016625976
998814,0.026282456
998815,0.018879969
998816,0.010811121
998817,0.010868566
998818,0.016147748
998819,0.018941723
998820,0.02479922
998821,0.016594382
998822,0.016353114
998823,0.011033002
998824,0.011186667
998825,0.013269761
998826,0.0043669385
998827,0.022261938
998828,0.011615349
998829,0.010980584
998830,0.010845589
998831,0.013809742
998832,0.013465074
998833,0.011539235
998834,0.012152104
998835,0.0126034
998836,0.020281624
998837,0.010884363
998838,0.016709272
998839,0.013375316
998840,0.011560776
998841,0.013779584
998842,0.010868566
998843,0.010900161
998844,0.011420037
998845,0.011640482
998846,0.014084041
998847,0.013832721
998848,0.034359921
998849,0.011515539
998850,0.011063878
998851,0.010684025
998852,0.012091423
998853,0.013809742
998854,0.010980584
998855,0.01609892
998856,0.014179544
998857,0.011984782
998858,0.013180004
998859,0.010681571
998860,0.013786765
998861,0.026871266
998862,0.016238224
998863,0.013556207
998864,0.018011115
998865,0.012705917
998866,0.017046042
998867,0.011154355
998868,0.010903033
998869,0.01661736
998870,0.012212776
998871,0.011157227
998872,0.010836254
998873,0.01237793
998874,0.016177908
998875,0.010765165
998876,0.029307647
998877,0.013628791
998878,0.015005314
998879,0.013776712
998880,0.011471019
998881,0.013903091
998882,0.013786765
998883,0.011669204
998884,0.01112994
998885,0.0097091999
998886,0.024113195
998887,0.014659926
998888,0.013732192
998889,0.015189536
998890,0.013568474
998891,0.012068414
998892,0.021924546
998893,0.014326747
998894,0.019006347
998895,0.019358758
998896,0.020302447
998897,0.010294118
998898,0.010179732
998899,0.011650534
998900,0.010898007
998901,0.011868824
998902,0.013740809
998903,0.014073989
998904,0.013006658
998905,0.010808249
998906,0.011040183
998907,0.010943244
998908,0.013661104
998909,0.011211799
998910,0.01335521
998911,0.010926729
998912,0.013407629
998913,0.010983456
998914,0.011121323
998915,0.011474609
998916,0.021564798
998917,0.01650965
998918,0.011276425
998919,0.012204929
998920,0.012787225
998921,0.015915096
998922,0.010833381
998923,0.0095951948
998924,0.014391372
998925,0.011423627
998926,0.012536667
998927,0.010790298
998928,0.0031940162
998929,0.01361443
998930,0.016340906
998931,0.011127786
998932,0.0127664
998933,0.039119944
998934,0.010960478
998935,0.013193646
998936,0.010373629
998937,0.016674805
998938,0.016262637
998939,0.011315463
998940,0.015999828
998941,0.015981158
998942,0.02849911
998943,0.010886517
998944,0.012056239
998945,0.011041619
998946,0.011240521
998947,0.011173742
998948,0.01625474
998949,0.016897604
998950,0.034733314
998951,0.01649888
998952,0.010765883
998953,0.013592889
998954,0.012594764
998955,0.013364545
998956,0.010882927
998957,0.018345013
998958,0.019577205
998959,0.013821949
998960,0.01335521
998961,0.010858513
998962,0.011139276
998963,0.01517693
998964,0.010982738
998965,0.015498621
998966,0.010999253
998967,0.021245979
998968,0.016349522
998969,0.010915958
998970,0.011328843
998971,0.012811638
998972,0.011402085
998973,0.011194565
998974,0.012350643
998975,0.014338235
998976,0.010926011
998977,0.011054544
998978,0.010868566
998979,0.016289206
998980,0.013195801
998981,0.011470301
998982,0.0093460595
998983,0.016524011
998984,0.011089729
998985,0.0108341
998986,0.012212776
998987,0.013270479
998988,0.017454797
998989,0.010324317
998990,0.017021628
998991,0.020266544
998992,0.016429229
998993,0.013143382
998994,0.010880055
998995,0.013522519
998996,0.013671875
998997,0.010198353
998998,0.010891544
998999,0.010976275
999000,0.013660386
999001,0.015357316
999002,0.012702493
999003,0.016006291
999004,0.013855699
999005,0.019598749
999006,0.02269659
999007,0.011047363
999008,0.015977567
999009,0.013200827
999010,0.016006291
999011,0.010755112
999012,0.013404039
999013,0.012336206
999014,0.011160817
999015,0.019140625
999016,0.01110409
999017,0.021457806
999018,0.010524615
999019,0.02115263
999020,0.010976275
999021,0.013558421
999022,0.011146456
999023,0.013719267
999024,0.010945398
999025,0.016321519
999026,0.020622702
999027,0.018739948
999028,0.017676421
999029,0.013757324
999030,0.012580423
999031,0.013932531
999032,0.011147174
999033,0.010892262
999034,0.010905188
999035,0.010696231
999036,0.013306382
999037,0.011501422
999038,0.025456602
999039,0.011003561
999040,0.013968434
999041,0.019669117
999042,0.011918371
999043,0.020443682
999044,0.013845646
999045,0.011035874
999046,0.019002758
999047,0.013397576
999048,0.015174922
999049,0.012608089
999050,0.0097924899
999051,0.011910598
999052,0.011083267
999053,0.021407543
999054,0.014085478
999055,0.011623966
999056,0.023759192
999057,0.019830385
999058,0.010914522
999059,0.010868566
999060,0.019071691
999061,0.013430607
999062,0.016144875
999063,0.013571346
999064,0.015981158
999065,0.01114143
999066,0.013717831
999067,0.013219497
999068,0.014888847
999069,0.023125423
999070,0.031843118
999071,0.010880055
999072,0.013972742
999073,0.011099064
999074,0.023592601
999075,0.011213236
999076,0.016832059
999077,0.015694652
999078,0.010875747
999079,0.010717056
999080,0.026095042
999081,0.010994945
999082,0.016660443
999083,0.01349236
999084,0.020221183
999085,0.010879337
999086,0.01365536
999087,0.011502613
999088,0.013565602
999089,0.016475184
999090,0.011024386
999091,0.011480354
999092,0.010686179
999093,0.016446462
999094,0.011999512
999095,0.03270461
999096,0.013373162
999097,0.010695513
999098,0.013994284
999099,0.016449334
999100,0.016367475
999101,0.016480928
999102,0.01281092
999103,0.013279384
999104,0.013695571
999105,0.014877075
999106,0.01060432
999107,0.011316636
999108,0.024210133
999109,0.016022805
999110,0.013522519
999111,0.011761116
999112,0.010860668
999113,0.010936782
999114,0.0030705046
999115,0.030063763
999116,0.013577809
999117,0.022809196
999118,0.010898007
999119,0.010995663
999120,0.021768114
999121,0.011336024
999122,0.013570628
999123,0.017349781
999124,0.021348661
999125,0.010765165
999126,0.010964787
999127,0.013832721
999128,0.016199449
999129,0.013913861
999130,0.012768073
999131,0.025784122
999132,0.013766659
999133,0.02304095
999134,0.01428079
999135,0.0109892
999136,0.03559427
999137,0.013269761
999138,0.027944593
999139,0.012281868
999140,0.031752642
999141,0.013456456
999142,0.011003561
999143,0.01410702
999144,0.017244944
999145,0.013235294
999146,0.014418658
999147,0.012191234
999148,0.020370595
999149,0.010880773
999150,0.011317354
999151,0.013694853
999152,0.011415728
999153,0.013528981
999154,0.016332289
999155,0.01384421
999156,0.010994945
999157,0.0108341
999158,0.010974839
999159,0.011295812
999160,0.034283087
999161,0.015218742
999162,0.010776655
999163,0.01870548
999164,0.013904789
999165,0.010850615
999166,0.011581601
999167,0.012954825
999168,0.010803941
999169,0.012023926
999170,0.022857307
999171,0.014089786
999172,0.010961196
999173,0.013375316
999174,0.014888791
999175,0.011278579
999176,0.010881491
999177,0.02232307
999178,0.018689021
999179,0.0125
999180,0.010067236
999181,0.013603659
999182,0.018154791
999183,0.013681928
999184,0.01884263
999185,0.014602481
999186,0.011520565
999187,0.020384992
999188,0.011562212
999189,0.011432244
999190,0.018762207
999191,0.016442154
999192,0.011048799
999193,0.010046805
999194,0.019117648
999195,0.013595761
999196,0.016506061
999197,0.021231618
999198,0.013074448
999199,0.010660351
999200,0.018745692
999201,0.016485237
999202,0.011394187
999203,0.016422048
999204,0.013648897
999205,0.018795956
999206,0.013297047
999207,0.01160745
999208,0.01882037
999209,0.014007209
999210,0.010965505
999211,0.010433431
999212,0.01912052
999213,0.013930377
999214,0.011004279
999215,0.011083267
999216,0.010742188
999217,0.010975557
999218,0.016142003
999219,0.010973403
999220,0.03897059
999221,0.012237119
999222,0.011328125
999223,0.02681095
999224,0.014047421
999225,0.03215763
999226,0.01903866
999227,0.013871496
999228,0.010197892
999229,0.023361953
999230,0.016674086
999231,0.014376293
999232,0.011149328
999233,0.012352898
999234,0.013677619
999235,0.013702752
999236,0.01358499
999237,0.011112707
999238,0.011227597
999239,0.013781738
999240,0.016256893
999241,0.013346594
999242,0.03177993
999243,0.018752873
999244,0.013608686
999245,0.010790298
999246,0.013638126
999247,0.011274271
999248,0.022757478
999249,0.013728602
999250,0.01361443
999251,0.013535444
999252,0.010880055
999253,0.011035874
999254,0.021284036
999255,0.013457892
999256,0.015607767
999257,0.012518669
999258,0.018689683
999259,0.001934147
999260,0.016177908
999261,0.021462834
999262,0.012289373
999263,0.016058709
999264,0.018848374
999265,0.011386288
999266,0.01144086
999267,0.014056037
999268,0.020618558
999269,0.011158663
999270,0.016238943
999271,0.010069109
999272,0.018485753
999273,0.010920267
999274,0.018886432
999275,0.014102711
999276,0.018628648
999277,0.011157945
999278,0.011213236
999279,0.023084067
999280,0.013488051
999281,0.011064596
999282,0.011351103
999283,0.013557703
999284,0.01160386
999285,0.012580924
999286,0.011193129
999287,0.013924632
999288,0.011359002
999289,0.012764246
999290,0.013913143
999291,0.01110409
999292,0.010774501
999293,0.011201747
999294,0.027345905
999295,0.013686954
999296,0.02665513
999297,0.011282169
999298,0.013392549
999299,0.021369485
999300,0.013490206
999301,0.012054084
999302,0.011017923
999303,0.012479218
999304,0.012181181
999305,0.011091883
999306,0.011169434
999307,0.014930434
999308,0.013778866
999309,0.011557907
999310,0.011307301
999311,0.013691262
999312,0.011362592
999313,0.014154412
999314,0.010974839
999315,0.013696289
999316,0.009382844
999317,0.013227396
999318,0.011115579
999319,0.015981158
999320,0.021646656
999321,0.022535617
999322,0.010954015
999323,0.011058134
999324,0.013275506
999325,0.010840562
999326,0.023846822
999327,0.011114861
999328,0.01158073
999329,0.011329561
999330,0.026718318
999331,0.020138919
999332,0.015984748
999333,0.013646743
999334,0.016432818
999335,0.010931037
999336,0.013592889
999337,0.0099115018
999338,0.011883186
999339,0.024218749
999340,0.013632381
999341,0.022605985
999342,0.010948989
999343,0.011229033
999344,0.012898639
999345,0.01382554
999346,0.013830567
999347,0.01105239
999348,0.013353056
999349,0.010224174
999350,0.011037311
999351,0.014397116
999352,0.024050724
999353,0.0057212277
999354,0.013766659
999355,0.010780245
999356,0.011150764
999357,0.030329673
999358,0.016176471
999359,0.013795381
999360,0.011050954
999361,0.014214729
999362,0.013968434
999363,0.01803194
999364,0.018715532
999365,0.013149844
999366,0.0099127702
999367,0.010684025
999368,0.016085995
999369,0.013234576
999370,0.016086712
999371,0.016615923
999372,0.013694853
999373,0.019106159
999374,0.011420037
999375,0.013982077
999376,0.013173541
999377,0.011376235
999378,0.015938792
999379,0.011074649
999380,0.012362133
999381,0.011142148
999382,0.010150013
999383,0.012795841
999384,0.010794606
999385,0.012324793
999386,0.013913143
999387,0.011310173
999388,0.013704188
999389,0.012665743
999390,0.010699104
999391,0.01125201
999392,0.01127068
999393,0.015142636
999394,0.026528032
999395,0.013475845
999396,0.013683364
999397,0.015406709
999398,0.035753366
999399,0.011477393
999400,0.013486615
999401,0.01110409
999402,0.022245519
999403,0.014113482
999404,0.014793485
999405,0.013706342
999406,0.018979779
999407,0.013475845
999408,0.015774356
999409,0.013662174
999410,0.0140625
999411,0.016143439
999412,0.017756784
999413,0.012500618
999414,0.013666131
999415,0.019902539
999416,0.016401941
999417,0.013033321
999418,0.019112621
999419,0.013545496
999420,0.018020451
999421,0.010966223
999422,0.015421071
999423,0.011514821
999424,0.011155791
999425,0.010949707
999426,0.01626192
999427,0.019676045
999428,0.011034438
999429,0.013429889
999430,0.01101146
999431,0.019358916
999432,0.015820313
999433,0.020379974
999434,0.01070772
999435,0.01101505
999436,0.015293256
999437,0.013146769
999438,0.015926288
999439,0.013453584
999440,0.013545496
999441,0.01118164
999442,0.020170912
999443,0.011893239
999444,0.024998564
999445,0.021151194
999446,0.019406307
999447,0.011868106
999448,0.017210478
999449,0.018887868
999450,0.011273553
999451,0.016340906
999452,0.0023441401
999453,0.012534467
999454,0.013370289
999455,0.026640769
999456,0.021439856
999457,0.013070858
999458,0.013430607
999459,0.0021309212
999460,0.024697697
999461,0.013785329
999462,0.013449276
999463,0.013308536
999464,0.013121122
999465,0.010816866
999466,0.01303711
999467,0.013832721
999468,0.014711627
999469,0.010918112
999470,0.01333295
999471,0.022081785
999472,0.016222427
999473,0.012654009
999474,0.021668917
999475,0.02164522
999476,0.0038705429
999477,0.010706284
999478,0.011379107
999479,0.010038874
999480,0.023939425
999481,0.016301414
999482,0.02155331
999483,0.011188103
999484,0.020107852
999485,0.020259496
999486,0.026803769
999487,0.0109375
999488,0.016471008
999489,0.011091165
999490,0.013970588
999491,0.016320083
999492,0.016831107
999493,0.010917394
999494,0.01495864
999495,0.01356991
999496,0.018772978
999497,0.014607515
999498,0.003788739
999499,0.0019390266
999500,0.016233915
999501,0.012419577
999502,0.01330351
999503,0.014127125
999504,0.010864976
999505,0.018729176
999506,0.019032197
999507,0.010952579
999508,0.018608542
999509,0.010753676
999510,0.010936064
999511,0.010976993
999512,0.01175968
999513,0.015831802
999514,0.025482608
999515,0.010265592
999516,0.011575856
999517,0.0098941186
999518,0.028902659
999519,0.010888672
999520,0.013832003
999521,0.011786966
999522,0.016473029
999523,0.011640482
999524,0.015463896
999525,0.013570628
999526,0.015107128
999527,0.011213236
999528,0.015721938
999529,0.013005929
999530,0.016015625
999531,0.024116067
999532,0.011027258
999533,0.022931442
999534,0.011776195
999535,0.013585708
999536,0.023058003
999537,0.011506204
999538,0.010037928
999539,0.011157945
999540,0.013401885
999541,0.013628791
999542,0.0024636118
999543,0.020180529
999544,0.014511568
999545,0.015561188
999546,0.013419836
999547,0.010854205
999548,0.01349954
999549,0.011053108
999550,0.013684082
999551,0.017560238
999552,0.013522687
999553,0.023265166
999554,0.014089068
999555,0.010913804
999556,0.012483485
999557,0.013589446
999558,0.009570349
999559,0.010949707
999560,0.016245404
999561,0.013959818
999562,0.010709156
999563,0.021257032
999564,0.01647662
999565,0.010596422
999566,0.016712861
999567,0.016134106
999568,0.014006491
999569,0.011029412
999570,0.01090447
999571,0.020036725
999572,0.013327924
999573,0.014177389
999574,0.010467963
999575,0.016659006
999576,0.013584272
999577,0.021794578
999578,0.012252987
999579,0.010966223
999580,0.011286478
999581,0.012255142
999582,0.016638245
999583,0.034503534
999584,0.011425063
999585,0.01314056
999586,0.018840475
999587,0.011362592
999588,0.013652488
999589,0.0099705886
999590,0.011954992
999591,0.018993422
999592,0.014677966
999593,0.013759478
999594,0.010996381
999595,0.011038747
999596,0.014341108
999597,0.034461886
999598,0.017791152
999599,0.010946834
999600,0.011006434
999601,0.0139591
999602,0.02232307
999603,0.010964069
999604,0.020716768
999605,0.011033002
999606,0.010975557
999607,0.013844928
999608,0.01084487
999609,0.016293515
999610,0.021587776
999611,0.010893698
999612,0.0086671989
999613,0.0135735
999614,0.013633099
999615,0.011201029
999616,0.011310173
999617,0.01384421
999618,0.021559771
999619,0.013651052
999620,0.01908318
999621,0.013653206
999622,0.013591453
999623,0.010857077
999624,0.011043055
999625,0.010838408
999626,0.013601505
999627,0.016587202
999628,0.022554286
999629,0.026690315
999630,0.021139706
999631,0.021473603
999632,0.020993106
999633,0.01103013
999634,0.011595962
999635,0.016396197
999636,0.01114502
999637,0.010657457
999638,0.012741269
999639,0.015992647
999640,0.012037569
999641,0.02365938
999642,0.012440128
999643,0.012986127
999644,0.021778779
999645,0.016385427
999646,0.011259191
999647,0.013694853
999648,0.021117445
999649,0.013760196
999650,0.012876828
999651,0.012012437
999652,0.016029986
999653,0.016037166
999654,0.011208209
999655,0.013373164
999656,0.011043773
999657,0.024454992
999658,0.018441234
999659,0.020693073
999660,0.016316492
999661,0.013599351
999662,0.011752499
999663,0.013780302
999664,0.013629509
999665,0.015361617
999666,0.015912224
999667,0.015267268
999668,0.011082549
999669,0.011536363
999670,0.010186954
999671,0.016809801
999672,0.00191377
999673,0.01072639
999674,0.01174819
999675,0.015337998
999676,0.024345128
999677,0.026750632
999678,0.012764964
999679,0.011389879
999680,0.011432962
999681,0.011143584
999682,0.016130514
999683,0.011454504
999684,0.011848001
999685,0.010914522
999686,0.011397059
999687,0.014231244
999688,0.016383272
999689,0.019277057
999690,0.010895135
999691,0.010964787
999692,0.014005568
999693,0.013725012
999694,0.011086857
999695,0.010485467
999696,0.013530417
999697,0.012617044
999698,0.01896829
999699,0.013919606
999700,0.010557227
999701,0.014956745
999702,0.012148048
999703,0.010885081
999704,0.011543543
999705,0.012264476
999706,0.011293658
999707,0.011049517
999708,0.010699104
999709,0.010357691
999710,0.01361802
999711,0.012235753
999712,0.013314281
999713,0.022494854
999714,0.01082261
999715,0.010973403
999716,0.018994858
999717,0.016310031
999718,0.013143382
999719,0.013603659
999720,0.011364746
999721,0.019011375
999722,0.01337388
999723,0.011118451
999724,0.021564798
999725,0.0025115502
999726,0.013256836
999727,0.017176012
999728,0.016210219
999729,0.013241757
999730,0.011389879
999731,0.01048067
999732,0.01133107
999733,0.013486615
999734,0.013649615
999735,0.011202465
999736,0.011109835
999737,0.01238511
999738,0.010673254
999739,0.013686236
999740,0.021507353
999741,0.024149816
999742,0.011351103
999743,0.01114861
999744,0.013678337
999745,0.013591453
999746,0.017290924
999747,0.011065315
999748,0.013756606
999749,0.018324908
999750,0.016805492
999751,0.01384421
999752,0.011345359
999753,0.012519687
999754,0.011511949
999755,0.013821231
999756,0.013042854
999757,0.013913143
999758,0.011043055
999759,0.013855699
999760,0.010870002
999761,0.010605038
999762,0.011329561
999763,0.010794606
999764,0.011157227
999765,0.015131573
999766,0.020071164
999767,0.01354047
999768,0.010919549
999769,0.011086139
999770,0.013798254
999771,0.016308594
999772,0.013938275
999773,0.013660386
999774,0.013294893
999775,0.023867618
999776,0.011173742
999777,0.01339973
999778,0.016274126
999779,0.010849179
999780,0.022939883
999781,0.016414149
999782,0.013585708
999783,0.013534008
999784,0.0111522
999785,0.025636699
999786,0.013637408
999787,0.010983456
999788,0.012516875
999789,0.011157945
999790,0.019091079
999791,0.010971967
999792,0.017675404
999793,0.015993504
999794,0.013568474
999795,0.0097316485
999796,0.011221852
999797,0.0111522
999798,0.010576315
999799,0.039226219
999800,0.01396269
999801,0.010864258
999802,0.010755112
999803,0.0116929
999804,0.016269101
999805,0.011205337
999806,0.026621381
999807,0.011149328
999808,0.016269818
999809,0.013333668
999810,0.021787396
999811,0.010981302
999812,0.010835536
999813,0.011178768
999814,0.015955308
999815,0.038748708
999816,0.01187457
999817,0.011776195
999818,0.017359834
999819,0.01363669
999820,0.021304861
999821,0.010957606
999822,0.010658175
999823,0.027151309
999824,0.011506204
999825,0.014626178
999826,0.016631003
999827,0.013457892
999828,0.011316636
999829,0.014769072
999830,0.012209981
999831,0.013867187
999832,0.0038858645
999833,0.018831141
999834,0.016269101
999835,0.012379366
999836,0.016278435
999837,0.018843347
999838,0.016327981
999839,0.012267348
999840,0.01971299
999841,0.01607307
999842,0.01125201
999843,0.013187902
999844,0.013432043
999845,0.010874311
999846,0.011481072
999847,0.010872874
999848,0.018974993
999849,0.013661751
999850,0.020514276
999851,0.017630428
999852,0.010960478
999853,0.011155791
999854,0.010955451
999855,0.013575654
999856,0.010964069
999857,0.015130974
999858,0.020751234
999859,0.014172363
999860,0.012616326
999861,0.014005055
999862,0.014410041
999863,0.01088939
999864,0.011209645
999865,0.012290464
999866,0.01059714
999867,0.01484016
999868,0.015935449
999869,0.011282887
999870,0.013500976
999871,0.018510168
999872,0.018092256
999873,0.01376235
999874,0.010927447
999875,0.010948271
999876,0.014631331
999877,0.011087575
999878,0.010679716
999879,0.010964069
999880,0.011056698
999881,0.010710387
999882,0.011723776
999883,0.013648897
999884,0.013656078
999885,0.014779842
999886,0.0062254849
999887,0.014647107
999888,0.01615062
999889,0.0112635
999890,0.0092317015
999891,0.011511949
999892,0.011213236
999893,0.010053076
999894,0.011219698
999895,0.013476563
999896,0.012547672
999897,0.014430147
999898,0.016755227
999899,0.013453584
999900,0.016778205
999901,0.010962632
999902,0.02031846
999903,0.010997817
999904,0.011257755
999905,0.012532405
999906,0.011162253
999907,0.013633817
999908,0.028778704
999909,0.018014707
999910,0.028435202
999911,0.01372932
999912,0.010945398
999913,0.011103372
999914,0.01334444
999915,0.013665413
999916,0.018485753
999917,0.013601505
999918,0.012683824
999919,0.013964844
999920,0.013405475
999921,0.010996381
999922,0.016790412
999923,0.011211081
999924,0.012235753
999925,0.013694853
999926,0.014246323
999927,0.01144876
999928,0.011046645
999929,0.013522519
999930,0.012926327
999931,0.019198069
999932,0.010813993
999933,0.011150764
999934,0.012200569
999935,0.011927705
999936,0.013660386
999937,0.011320226
999938,0.012995462
999939,0.015850471
999940,0.01361443
999941,0.016406249
999942,0.017217292
999943,0.011346795
999944,0.023506435
999945,0.013432043
999946,0.010918112
999947,0.013526109
999948,0.015258071
999949,0.018891457
999950,0.013648179
999951,0.018616442
999952,0.011422909
999953,0.01105957
999954,0.013637408
999955,0.029724121
999956,0.016360294
999957,0.02147145
999958,0.01938333
999959,0.020039678
999960,0.011500459
999961,0.020340301
999962,0.013632381
999963,0.012514958
999964,0.0032613541
999965,0.015209596
999966,0.013733628
999967,0.013592171
999968,0.013913143
999969,0.0032433954
999970,0.011066751
999971,0.011053826
999972,0.018947467
999973,0.012696749
999974,0.013437069
999975,0.016437126
999976,0.013488051
999977,0.011027258
999978,0.013709933
999979,0.011432962
999980,0.010238443
999981,0.015960334
999982,0.010621114
999983,0.013534008
999984,0.019266205
999985,0.01776653
999986,0.016393324
999987,0.017013012
999988,0.016282026
999989,0.021319222
999990,0.013672593
999991,0.014361213
999992,0.018036975
999993,0.014361213
999994,0.011042337
999995,0.011111271
999996,0.011042337
999997,0.010960478
999998,0.012056957
999999,0.018275362
