LECROYHDO6104B,11090,Waveform
Segments,1,SegmentSize,5002
Segment,TrigTime,TimeSinceSegment1
#1,04-May-2026 18:49:36,0                 
Time,Ampl
-3.708455e-08,-0.005852585
-3.698455e-08,-0.0058568934
-3.688455e-08,-0.0058561753
-3.678455e-08,-0.005851867
-3.668455e-08,-0.0058468405
-3.658455e-08,-0.0058454044
-3.648455e-08,-0.0058489947
-3.638455e-08,-0.0058576114
-3.628455e-08,-0.0058691004
-3.618455e-08,-0.0058798713
-3.608455e-08,-0.00588777
-3.598455e-08,-0.0058913603
-3.588455e-08,-0.0058920784
-3.578455e-08,-0.0058913603
-3.568455e-08,-0.0058920784
-3.558455e-08,-0.0058942325
-3.548455e-08,-0.0058985409
-3.538455e-08,-0.0059028493
-3.528455e-08,-0.0059071576
-3.518455e-08,-0.0059121841
-3.508455e-08,-0.0059179285
-3.498455e-08,-0.0059258272
-3.488455e-08,-0.0059344439
-3.478455e-08,-0.0059430607
-3.468455e-08,-0.0059488051
-3.458455e-08,-0.0059488051
-3.448455e-08,-0.0059423426
-3.438455e-08,-0.0059308536
-3.428455e-08,-0.0059164924
-3.418455e-08,-0.0059028493
-3.408455e-08,-0.0058920784
-3.398455e-08,-0.0058856158
-3.388455e-08,-0.0058820255
-3.378455e-08,-0.0058798713
-3.368455e-08,-0.0058777171
-3.358455e-08,-0.0058748449
-3.348455e-08,-0.0058712546
-3.338455e-08,-0.0058683824
-3.328455e-08,-0.0058662282
-3.318455e-08,-0.0058662282
-3.308455e-08,-0.0058669462
-3.298455e-08,-0.0058683824
-3.288455e-08,-0.0058683824
-3.278455e-08,-0.0058676643
-3.268455e-08,-0.0058633559
-3.258455e-08,-0.0058568934
-3.248455e-08,-0.0058475586
-3.238455e-08,-0.0058353516
-3.228455e-08,-0.0058224265
-3.218455e-08,-0.0058109375
-3.208455e-08,-0.0058037569
-3.198455e-08,-0.0058037569
-3.188455e-08,-0.0058102194
-3.178455e-08,-0.0058224265
-3.168455e-08,-0.0058353516
-3.158455e-08,-0.0058432502
-3.148455e-08,-0.0058432502
-3.138455e-08,-0.0058339154
-3.128455e-08,-0.0058188362
-3.118455e-08,-0.0058030388
-3.108455e-08,-0.0057915499
-3.098455e-08,-0.0057879596
-3.088455e-08,-0.0057915499
-3.078455e-08,-0.0057972943
-3.068455e-08,-0.0058016027
-3.058455e-08,-0.0057994485
-3.048455e-08,-0.0057915499
-3.038455e-08,-0.0057822151
-3.028455e-08,-0.0057757525
-3.018455e-08,-0.0057764706
-3.008455e-08,-0.0057850873
-2.998455e-08,-0.0057972943
-2.988455e-08,-0.0058080653
-2.978455e-08,-0.0058109375
-2.968455e-08,-0.005804475
-2.958455e-08,-0.0057908318
-2.948455e-08,-0.0057757525
-2.938455e-08,-0.0057649816
-2.928455e-08,-0.0057628274
-2.918455e-08,-0.00576929
-2.908455e-08,-0.0057800609
-2.898455e-08,-0.0057879596
-2.888455e-08,-0.0057893957
-2.878455e-08,-0.0057822151
-2.868455e-08,-0.0057685719
-2.858455e-08,-0.0057534926
-2.848455e-08,-0.0057420037
-2.838455e-08,-0.0057369773
-2.828455e-08,-0.0057376953
-2.818455e-08,-0.0057420037
-2.808455e-08,-0.0057470301
-2.798455e-08,-0.0057491843
-2.788455e-08,-0.0057470301
-2.778455e-08,-0.0057420037
-2.768455e-08,-0.005734105
-2.758455e-08,-0.0057254883
-2.748455e-08,-0.0057161535
-2.738455e-08,-0.0057075368
-2.728455e-08,-0.0057003562
-2.718455e-08,-0.0056960478
-2.708455e-08,-0.0056953297
-2.698455e-08,-0.0056960478
-2.688455e-08,-0.0056974839
-2.678455e-08,-0.0056974839
-2.668455e-08,-0.0056931756
-2.658455e-08,-0.0056845588
-2.648455e-08,-0.0056723518
-2.638455e-08,-0.0056587086
-2.628455e-08,-0.0056472197
-2.618455e-08,-0.0056386029
-2.608455e-08,-0.0056328585
-2.598455e-08,-0.005627114
-2.588455e-08,-0.0056220875
-2.578455e-08,-0.005615625
-2.568455e-08,-0.0056105986
-2.558455e-08,-0.0056105986
-2.548455e-08,-0.0056163431
-2.538455e-08,-0.005627114
-2.528455e-08,-0.005639321
-2.518455e-08,-0.0056472197
-2.508455e-08,-0.0056472197
-2.498455e-08,-0.0056386029
-2.488455e-08,-0.0056256778
-2.478455e-08,-0.005615625
-2.468455e-08,-0.0056149069
-2.458455e-08,-0.005627114
-2.448455e-08,-0.0056479377
-2.438455e-08,-0.0056701976
-2.428455e-08,-0.0056838408
-2.418455e-08,-0.0056845588
-2.408455e-08,-0.0056723518
-2.398455e-08,-0.0056544003
-2.388455e-08,-0.0056400391
-2.378455e-08,-0.0056386029
-2.368455e-08,-0.00565081
-2.358455e-08,-0.0056723518
-2.348455e-08,-0.0056946117
-2.338455e-08,-0.0057075368
-2.328455e-08,-0.0057082548
-2.318455e-08,-0.0056974839
-2.308455e-08,-0.0056831227
-2.298455e-08,-0.0056730699
-2.288455e-08,-0.0056716337
-2.278455e-08,-0.0056780963
-2.268455e-08,-0.0056881491
-2.258455e-08,-0.0056960478
-2.248455e-08,-0.00569892
-2.238455e-08,-0.0056967659
-2.228455e-08,-0.0056946117
-2.218455e-08,-0.0056960478
-2.208455e-08,-0.0057032284
-2.198455e-08,-0.0057147174
-2.188455e-08,-0.0057254883
-2.178455e-08,-0.0057305147
-2.168455e-08,-0.0057276425
-2.158455e-08,-0.0057175896
-2.148455e-08,-0.0057053826
-2.138455e-08,-0.0056960478
-2.128455e-08,-0.0056910214
-2.118455e-08,-0.0056895852
-2.108455e-08,-0.0056888672
-2.098455e-08,-0.0056845588
-2.088455e-08,-0.0056773782
-2.078455e-08,-0.0056701976
-2.068455e-08,-0.0056680434
-2.058455e-08,-0.0056730699
-2.048455e-08,-0.0056852769
-2.038455e-08,-0.0056996381
-2.028455e-08,-0.0057089729
-2.018455e-08,-0.0057075368
-2.008455e-08,-0.0056946117
-1.998455e-08,-0.005675224
-1.988455e-08,-0.0056579906
-1.978455e-08,-0.0056500919
-1.968455e-08,-0.0056544003
-1.958455e-08,-0.0056687615
-1.948455e-08,-0.0056852769
-1.938455e-08,-0.0056960478
-1.928455e-08,-0.0056974839
-1.918455e-08,-0.0056903033
-1.908455e-08,-0.0056802505
-1.898455e-08,-0.0056730699
-1.888455e-08,-0.0056730699
-1.878455e-08,-0.0056795324
-1.868455e-08,-0.0056888672
-1.858455e-08,-0.0056960478
-1.848455e-08,-0.00569892
-1.838455e-08,-0.00569892
-1.828455e-08,-0.0057003562
-1.818455e-08,-0.0057075368
-1.808455e-08,-0.0057204619
-1.798455e-08,-0.0057369773
-1.788455e-08,-0.0057499023
-1.778455e-08,-0.0057534926
-1.768455e-08,-0.0057470301
-1.758455e-08,-0.0057348231
-1.748455e-08,-0.0057233341
-1.738455e-08,-0.0057190257
-1.728455e-08,-0.0057247702
-1.718455e-08,-0.0057362592
-1.708455e-08,-0.0057448759
-1.698455e-08,-0.0057420037
-1.688455e-08,-0.0057240522
-1.678455e-08,-0.0056946117
-1.668455e-08,-0.0056622989
-1.658455e-08,-0.0056386029
-1.648455e-08,-0.0056314223
-1.638455e-08,-0.0056421932
-1.628455e-08,-0.0056637351
-1.618455e-08,-0.0056845588
-1.608455e-08,-0.0056946117
-1.598455e-08,-0.0056881491
-1.588455e-08,-0.0056666073
-1.578455e-08,-0.0056386029
-1.568455e-08,-0.0056134708
-1.558455e-08,-0.0055983915
-1.548455e-08,-0.0055962374
-1.538455e-08,-0.005604136
-1.528455e-08,-0.0056170611
-1.518455e-08,-0.0056292682
-1.508455e-08,-0.0056364488
-1.498455e-08,-0.0056386029
-1.488455e-08,-0.0056357307
-1.478455e-08,-0.0056307043
-1.468455e-08,-0.0056235237
-1.458455e-08,-0.005615625
-1.448455e-08,-0.0056077263
-1.438455e-08,-0.0056019818
-1.428455e-08,-0.0056005457
-1.418455e-08,-0.005604136
-1.408455e-08,-0.0056141889
-1.398455e-08,-0.0056299862
-1.388455e-08,-0.0056465016
-1.378455e-08,-0.0056615809
-1.368455e-08,-0.0056716337
-1.358455e-08,-0.005675224
-1.348455e-08,-0.005675224
-1.338455e-08,-0.0056730699
-1.328455e-08,-0.0056723518
-1.318455e-08,-0.005674506
-1.308455e-08,-0.0056788143
-1.298455e-08,-0.0056845588
-1.288455e-08,-0.0056903033
-1.278455e-08,-0.0056946117
-1.268455e-08,-0.0057003562
-1.258455e-08,-0.0057075368
-1.248455e-08,-0.0057175896
-1.238455e-08,-0.0057319508
-1.228455e-08,-0.0057477482
-1.218455e-08,-0.0057649816
-1.208455e-08,-0.005781497
-1.198455e-08,-0.0057965763
-1.188455e-08,-0.0058095014
-1.178455e-08,-0.0058224265
-1.168455e-08,-0.0058346335
-1.158455e-08,-0.0058461225
-1.148455e-08,-0.0058576114
-1.138455e-08,-0.0058683824
-1.128455e-08,-0.0058791533
-1.118455e-08,-0.0058899242
-1.108455e-08,-0.0059014131
-1.098455e-08,-0.0059143382
-1.088455e-08,-0.0059265453
-1.078455e-08,-0.0059373162
-1.068455e-08,-0.0059444968
-1.058455e-08,-0.0059488051
-1.048455e-08,-0.0059516774
-1.038455e-08,-0.0059545496
-1.028455e-08,-0.0059617302
-1.018455e-08,-0.0059717831
-1.008455e-08,-0.0059839901
-9.98455e-09,-0.005994043
-9.88455e-09,-0.0059983513
-9.78455e-09,-0.005994761
-9.68455e-09,-0.0059847082
-9.58455e-09,-0.0059725011
-9.48455e-09,-0.0059624483
-9.38455e-09,-0.0059602941
-9.28455e-09,-0.0059660386
-9.18455e-09,-0.0059768095
-9.08455e-09,-0.0059882985
-8.98455e-09,-0.005994761
-8.88455e-09,-0.0059933249
-8.78455e-09,-0.0059847082
-8.68455e-09,-0.0059717831
-8.58455e-09,-0.0059602941
-8.48455e-09,-0.0059531135
-8.38455e-09,-0.0059502413
-8.28455e-09,-0.0059502413
-8.18455e-09,-0.0059488051
-8.08455e-09,-0.0059423426
-7.98455e-09,-0.0059286994
-7.88455e-09,-0.0059107479
-7.78455e-09,-0.0058913603
-7.68455e-09,-0.0058741268
-7.58455e-09,-0.0058626379
-7.48455e-09,-0.0058568934
-7.38455e-09,-0.0058568934
-7.28455e-09,-0.0058590476
-7.18455e-09,-0.0058619198
-7.08455e-09,-0.0058612017
-6.98455e-09,-0.0058568934
-6.88455e-09,-0.0058482767
-6.78455e-09,-0.0058360696
-6.68455e-09,-0.0058231445
-6.58455e-09,-0.0058109375
-6.48455e-09,-0.0058030388
-6.38455e-09,-0.0058008847
-6.28455e-09,-0.0058037569
-6.18455e-09,-0.0058109375
-6.08455e-09,-0.0058181181
-5.98455e-09,-0.0058209903
-5.88455e-09,-0.0058181181
-5.78455e-09,-0.0058109375
-5.68455e-09,-0.0058016027
-5.58455e-09,-0.0057951402
-5.48455e-09,-0.0057944221
-5.38455e-09,-0.0057994485
-5.28455e-09,-0.0058066291
-5.18455e-09,-0.0058102194
-5.08455e-09,-0.005804475
-4.98455e-09,-0.0057879596
-4.88455e-09,-0.0057613913
-4.78455e-09,-0.0057297966
-4.68455e-09,-0.0056996381
-4.58455e-09,-0.0056730699
-4.48455e-09,-0.0056493739
-4.38455e-09,-0.0056242417
-4.28455e-09,-0.0055912109
-4.18455e-09,-0.0055466912
-4.08455e-09,-0.0054899644
-3.98455e-09,-0.0054253389
-3.88455e-09,-0.0053585593
-3.78455e-09,-0.0052939338
-3.68455e-09,-0.0052321806
-3.58455e-09,-0.0051689913
-3.48455e-09,-0.0050957491
-3.38455e-09,-0.0050067096
-3.28455e-09,-0.0048997185
-3.18455e-09,-0.0047776482
-3.08455e-09,-0.0046498334
-2.98455e-09,-0.0045241728
-2.88455e-09,-0.0044056928
-2.78455e-09,-0.0042951114
-2.68455e-09,-0.004183812
-2.58455e-09,-0.004064614
-2.48455e-09,-0.0039289005
-2.38455e-09,-0.0037737994
-2.28455e-09,-0.0036021829
-2.18455e-09,-0.0034212316
-2.08455e-09,-0.0032395623
-1.98455e-09,-0.0030636374
-1.88455e-09,-0.0028948932
-1.78455e-09,-0.0027318934
-1.68455e-09,-0.0025703297
-1.58455e-09,-0.00240733
-1.48455e-09,-0.002242176
-1.38455e-09,-0.0020770221
-1.28455e-09,-0.0019140223
-1.18455e-09,-0.0017546128
-1.08455e-09,-0.0015987937
-9.845496e-10,-0.0014451287
-8.845496e-10,-0.0012914637
-7.845496e-10,-0.0011370807
-6.845496e-10,-0.00098413373
-5.845496e-10,-0.00083621324
-4.845496e-10,-0.00069762753
-3.845496e-10,-0.00057053079
-2.845496e-10,-0.0004534869
-1.845496e-10,-0.0003421875
-8.454957e-11,-0.00023304228
1.545043e-11,-0.00012246094
1.154504e-10,-1.1879596e-05
2.154504e-10,9.4393382e-05
3.154504e-10,0.00019061351
4.154504e-10,0.00027247243
5.154504e-10,0.00033925207
6.154504e-10,0.00039310662
7.154504e-10,0.00044193474
8.154504e-10,0.00049291705
9.154504e-10,0.00054964384
1.01545e-09,0.00061139706
1.11545e-09,0.00067315028
1.21545e-09,0.00072844095
1.31545e-09,0.0007693704
1.41545e-09,0.00079522059
1.51545e-09,0.00080814568
1.61545e-09,0.00081604435
1.71545e-09,0.00082537914
1.81545e-09,0.00084117647
1.91545e-09,0.00086415441
2.01545e-09,0.00089072266
2.11545e-09,0.00091585478
2.21545e-09,0.00093308824
2.31545e-09,0.00094170496
2.41545e-09,0.00094170496
2.51545e-09,0.00093811466
2.61545e-09,0.00093308824
2.71545e-09,0.00092949793
2.81545e-09,0.00092734375
2.91545e-09,0.00092518957
3.01545e-09,0.00092159926
3.11545e-09,0.00091657284
3.21545e-09,0.00091226448
3.31545e-09,0.00090939223
3.41545e-09,0.00091011029
3.51545e-09,0.00091226448
3.61545e-09,0.00091226448
3.71545e-09,0.00090867417
3.81545e-09,0.00089862132
3.91545e-09,0.00088497817
4.01545e-09,0.00087133502
4.11545e-09,0.00086343635
4.21545e-09,0.00086415441
4.31545e-09,0.0008734892
4.41545e-09,0.00088641429
4.51545e-09,0.00089646714
4.61545e-09,0.00089862132
4.71545e-09,0.00089215878
4.81545e-09,0.00088138787
4.91545e-09,0.0008734892
5.01545e-09,0.00087564338
5.11545e-09,0.00089215878
5.21545e-09,0.00092016314
5.31545e-09,0.00095175781
5.41545e-09,0.00097904412
5.51545e-09,0.00099412339
5.61545e-09,0.00099555951
5.71545e-09,0.00098766085
5.81545e-09,0.00097904412
5.91545e-09,0.00097688994
6.01545e-09,0.00098622472
6.11545e-09,0.0010041762
6.21545e-09,0.001025
6.31545e-09,0.0010422335
6.41545e-09,0.0010501321
6.51545e-09,0.0010508502
6.61545e-09,0.0010479779
6.71545e-09,0.0010494141
6.81545e-09,0.0010616211
6.91545e-09,0.0010853171
7.01545e-09,0.0011169118
7.11545e-09,0.0011492245
7.21545e-09,0.0011757927
7.31545e-09,0.001190872
7.41545e-09,0.0011973346
7.51545e-09,0.0011994887
7.61545e-09,0.0012045152
7.71545e-09,0.0012188764
7.81545e-09,0.0012432904
7.91545e-09,0.0012748851
8.01545e-09,0.0013064798
8.11545e-09,0.0013316119
8.21545e-09,0.0013466912
8.31545e-09,0.0013517176
8.41545e-09,0.0013509995
8.51545e-09,0.0013517176
8.61545e-09,0.0013581801
8.71545e-09,0.0013739775
8.81545e-09,0.0013976735
8.91545e-09,0.0014242417
9.01545e-09,0.0014500919
9.11545e-09,0.0014694795
9.21545e-09,0.0014809685
9.31545e-09,0.0014852769
9.41545e-09,0.0014845588
9.51545e-09,0.0014816866
9.61545e-09,0.0014780963
9.71545e-09,0.001475224
9.81545e-09,0.0014730699
9.91545e-09,0.0014709157
1.001545e-08,0.0014701976
1.011545e-08,0.0014701976
1.021545e-08,0.0014730699
1.031545e-08,0.0014773782
1.041545e-08,0.0014831227
1.051545e-08,0.0014859949
1.061545e-08,0.0014845588
1.071545e-08,0.0014773782
1.081545e-08,0.0014651712
1.091545e-08,0.00145081
1.101545e-08,0.0014386029
1.111545e-08,0.0014314223
1.121545e-08,0.0014292682
1.131545e-08,0.0014299862
1.141545e-08,0.001427114
1.151545e-08,0.0014170611
1.161545e-08,0.0013962374
1.171545e-08,0.0013667969
1.181545e-08,0.0013352022
1.191545e-08,0.0013079159
1.201545e-08,0.0012906824
1.211545e-08,0.001285656
1.221545e-08,0.0012892463
1.231545e-08,0.0012935547
1.241545e-08,0.0012914005
1.251545e-08,0.0012777574
1.261545e-08,0.0012547794
1.271545e-08,0.0012274931
1.281545e-08,0.001203079
1.291545e-08,0.0011894359
1.301545e-08,0.0011858456
1.311545e-08,0.0011894359
1.321545e-08,0.0011923081
1.331545e-08,0.0011879998
1.341545e-08,0.0011743566
1.351545e-08,0.001154969
1.361545e-08,0.0011384536
1.371545e-08,0.001131991
1.381545e-08,0.0011398897
1.391545e-08,0.0011599954
1.401545e-08,0.0011851275
1.411545e-08,0.0012037971
1.421545e-08,0.0012088235
1.431545e-08,0.0011987707
1.441545e-08,0.0011772289
1.451545e-08,0.001154969
1.461545e-08,0.0011398897
1.471545e-08,0.0011362994
1.481545e-08,0.00114348
1.491545e-08,0.001154969
1.501545e-08,0.0011628676
1.511545e-08,0.0011635857
1.521545e-08,0.0011585593
1.531545e-08,0.0011520967
1.541545e-08,0.0011513787
1.551545e-08,0.0011614315
1.561545e-08,0.0011815372
1.571545e-08,0.0012073874
1.581545e-08,0.0012318015
1.591545e-08,0.0012468807
1.601545e-08,0.0012490349
1.611545e-08,0.0012389821
1.621545e-08,0.0012203125
1.631545e-08,0.0011980526
1.641545e-08,0.0011757927
1.651545e-08,0.001155687
1.661545e-08,0.0011398897
1.671545e-08,0.0011276827
1.681545e-08,0.001119784
1.691545e-08,0.0011161937
1.701545e-08,0.0011169118
1.711545e-08,0.0011205021
1.721545e-08,0.0011233743
1.731545e-08,0.0011226563
1.741545e-08,0.0011169118
1.751545e-08,0.0011054228
1.761545e-08,0.0010917796
1.771545e-08,0.0010795726
1.781545e-08,0.0010709559
1.791545e-08,0.0010673656
1.801545e-08,0.0010659295
1.811545e-08,0.0010644933
1.821545e-08,0.0010594669
1.831545e-08,0.0010508502
1.841545e-08,0.0010400793
1.851545e-08,0.0010307445
1.861545e-08,0.001025
1.871545e-08,0.0010214097
1.881545e-08,0.0010171013
1.891545e-08,0.0010077665
1.901545e-08,0.00099053309
1.911545e-08,0.00096611903
1.921545e-08,0.00093955078
1.931545e-08,0.00091513672
1.941545e-08,0.00089862132
1.951545e-08,0.0008900046
1.961545e-08,0.00088713235
1.971545e-08,0.00088354205
1.981545e-08,0.00087564338
1.991545e-08,0.00086271829
2.001545e-08,0.00084692096
2.011545e-08,0.00083399586
2.021545e-08,0.0008296875
2.031545e-08,0.00083471392
2.041545e-08,0.0008462029
2.051545e-08,0.00085769187
2.061545e-08,0.00086415441
2.071545e-08,0.00086200023
2.081545e-08,0.00085266544
2.091545e-08,0.00084045841
2.101545e-08,0.0008296875
2.111545e-08,0.00082466108
2.121545e-08,0.00082394301
2.131545e-08,0.00082681526
2.141545e-08,0.0008296875
2.151545e-08,0.00083184168
2.161545e-08,0.00083471392
2.171545e-08,0.00084117647
2.181545e-08,0.00085266544
2.191545e-08,0.00086702665
2.201545e-08,0.00087923369
2.211545e-08,0.00088354205
2.221545e-08,0.00087564338
2.231545e-08,0.00085625574
2.241545e-08,0.00083112362
2.251545e-08,0.00080814568
2.261545e-08,0.00079522059
2.271545e-08,0.00079450253
2.281545e-08,0.00080311926
2.291545e-08,0.0008131721
2.301545e-08,0.00081819853
2.311545e-08,0.00081245404
2.321545e-08,0.00079737477
2.331545e-08,0.00077798713
2.341545e-08,0.00076075368
2.351545e-08,0.00075141889
2.361545e-08,0.00075141889
2.371545e-08,0.00075644531
2.381545e-08,0.00076075368
2.391545e-08,0.00076003562
2.401545e-08,0.00075141889
2.411545e-08,0.00073490349
2.421545e-08,0.00071479779
2.431545e-08,0.00069253791
2.441545e-08,0.00066884191
2.451545e-08,0.00064586397
2.461545e-08,0.00062288603
2.471545e-08,0.00060278033
2.481545e-08,0.00058841912
2.491545e-08,0.00058339269
2.501545e-08,0.00058841912
2.511545e-08,0.00059990809
2.521545e-08,0.00061283318
2.531545e-08,0.0006178596
2.541545e-08,0.00061139706
2.551545e-08,0.00059200942
2.561545e-08,0.00056544118
2.571545e-08,0.00053815487
2.581545e-08,0.00051948529
2.591545e-08,0.00051158663
2.601545e-08,0.00051302275
2.611545e-08,0.00051804917
2.621545e-08,0.00051948529
2.631545e-08,0.00051445887
2.641545e-08,0.0005029699
2.651545e-08,0.00049148093
2.661545e-08,0.00048501838
2.671545e-08,0.0004864545
2.681545e-08,0.00049435317
2.691545e-08,0.00050368796
2.701545e-08,0.00050799632
2.711545e-08,0.0005029699
2.721545e-08,0.00049004481
2.731545e-08,0.00047352941
2.741545e-08,0.00046204044
2.751545e-08,0.00045988626
2.761545e-08,0.00046993911
2.771545e-08,0.00048789063
2.781545e-08,0.00050799632
2.791545e-08,0.00052522978
2.801545e-08,0.00053743681
2.811545e-08,0.00054605354
2.821545e-08,0.00055395221
2.831545e-08,0.00056544118
2.841545e-08,0.00058052045
2.851545e-08,0.00059703585
2.861545e-08,0.00061139706
2.871545e-08,0.00061857767
2.881545e-08,0.0006178596
2.891545e-08,0.00060996094
2.901545e-08,0.00059990809
2.911545e-08,0.00059200942
2.921545e-08,0.00058985524
2.931545e-08,0.00059272748
2.941545e-08,0.00059990809
2.951545e-08,0.00060708869
2.961545e-08,0.00061283318
2.971545e-08,0.00061355124
2.981545e-08,0.00061139706
2.991545e-08,0.00060565257
3.001545e-08,0.00059775391
3.011545e-08,0.00058841912
3.021545e-08,0.00057693015
3.031545e-08,0.00056400506
3.041545e-08,0.00055107996
3.051545e-08,0.00054030905
3.061545e-08,0.00053097426
3.071545e-08,0.00052451172
3.081545e-08,0.00052020335
3.091545e-08,0.00051517693
3.101545e-08,0.00050799632
3.111545e-08,0.0004993796
3.121545e-08,0.00049076287
3.131545e-08,0.00048501838
3.141545e-08,0.00048501838
3.151545e-08,0.00049219899
3.161545e-08,0.00050440602
3.171545e-08,0.00051948529
3.181545e-08,0.00053097426
3.191545e-08,0.00053600069
3.201545e-08,0.00053312845
3.211545e-08,0.0005230756
3.221545e-08,0.00050799632
3.231545e-08,0.00049291705
3.241545e-08,0.00047999196
3.251545e-08,0.00047352941
3.261545e-08,0.00047352941
3.271545e-08,0.00048142808
3.281545e-08,0.00049578929
3.291545e-08,0.00051661305
3.301545e-08,0.00054246324
3.311545e-08,0.0005704676
3.321545e-08,0.00059847197
3.331545e-08,0.00062432215
3.341545e-08,0.00064586397
3.351545e-08,0.00066381549
3.361545e-08,0.00067961282
3.371545e-08,0.00069612822
3.381545e-08,0.00071479779
3.391545e-08,0.00073633961
3.401545e-08,0.00076003562
3.411545e-08,0.00078373162
3.421545e-08,0.00080670956
3.431545e-08,0.00082825138
3.441545e-08,0.00084907514
3.451545e-08,0.00087205308
3.461545e-08,0.00089862132
3.471545e-08,0.00092806181
3.481545e-08,0.00095965648
3.491545e-08,0.00098909697
3.501545e-08,0.001013511
3.511545e-08,0.0010314625
3.521545e-08,0.0010429515
3.531545e-08,0.0010508502
3.541545e-08,0.0010594669
3.551545e-08,0.0010716739
3.561545e-08,0.0010889074
3.571545e-08,0.0011126034
3.581545e-08,0.0011398897
3.591545e-08,0.0011678941
3.601545e-08,0.0011944623
3.611545e-08,0.0012160041
3.621545e-08,0.0012318015
3.631545e-08,0.0012404182
3.641545e-08,0.0012425724
3.651545e-08,0.0012389821
3.661545e-08,0.0012318015
3.671545e-08,0.0012246209
3.681545e-08,0.0012188764
3.691545e-08,0.0012174403
3.701545e-08,0.0012203125
3.711545e-08,0.0012246209
3.721545e-08,0.0012282112
3.731545e-08,0.0012274931
3.741545e-08,0.0012203125
3.751545e-08,0.0012081055
3.761545e-08,0.0011944623
3.771545e-08,0.0011822553
3.781545e-08,0.0011743566
3.791545e-08,0.0011722024
3.801545e-08,0.0011722024
3.811545e-08,0.0011707663
3.821545e-08,0.0011628676
3.831545e-08,0.0011463523
3.841545e-08,0.0011205021
3.851545e-08,0.0010903435
3.861545e-08,0.0010594669
3.871545e-08,0.0010336167
3.881545e-08,0.0010171013
3.891545e-08,0.0010106388
3.901545e-08,0.001013511
3.911545e-08,0.0010235639
3.921545e-08,0.001036489
3.931545e-08,0.0010501321
3.941545e-08,0.0010594669
3.951545e-08,0.0010630572
3.961545e-08,0.0010580308
3.971545e-08,0.0010443876
3.981545e-08,0.001025
3.991545e-08,0.0010027401
4.001545e-08,0.00098335248
4.011545e-08,0.00097114545
4.021545e-08,0.00096755515
4.031545e-08,0.00097329963
4.041545e-08,0.00098407054
4.051545e-08,0.00099555951
4.061545e-08,0.0010020221
4.071545e-08,0.0010020221
4.081545e-08,0.00099412339
4.091545e-08,0.00098191636
4.101545e-08,0.00096755515
4.111545e-08,0.00095463006
4.121545e-08,0.00094457721
4.131545e-08,0.00093811466
4.141545e-08,0.00093308824
4.151545e-08,0.00092949793
4.161545e-08,0.00092662569
4.171545e-08,0.00092447151
4.181545e-08,0.00092159926
4.191545e-08,0.00091800896
4.201545e-08,0.00091154642
4.211545e-08,0.00090149357
4.221545e-08,0.00088713235
4.231545e-08,0.00087061696
4.241545e-08,0.00085410156
4.251545e-08,0.00083974035
4.261545e-08,0.0008296875
4.271545e-08,0.00082322495
4.281545e-08,0.00081891659
4.291545e-08,0.00081389017
4.301545e-08,0.00080670956
4.311545e-08,0.00079665671
4.321545e-08,0.00078373162
4.331545e-08,0.00077152459
4.341545e-08,0.00076075368
4.351545e-08,0.00075141889
4.361545e-08,0.00074280216
4.371545e-08,0.00073418543
4.381545e-08,0.00072628676
4.391545e-08,0.00072054228
4.401545e-08,0.00071982422
4.411545e-08,0.0007255687
4.421545e-08,0.00073777574
4.431545e-08,0.00075285501
4.441545e-08,0.00076649816
4.451545e-08,0.00077367877
4.461545e-08,0.00077224265
4.471545e-08,0.00076434398
4.481545e-08,0.00075429113
4.491545e-08,0.00074854665
4.501545e-08,0.00074926471
4.511545e-08,0.00075788143
4.521545e-08,0.0007693704
4.531545e-08,0.00077942325
4.541545e-08,0.00078373162
4.551545e-08,0.00078157744
4.561545e-08,0.00077511489
4.571545e-08,0.00077080653
4.581545e-08,0.00077224265
4.591545e-08,0.00078014131
4.601545e-08,0.00079234835
4.611545e-08,0.00080240119
4.621545e-08,0.00080670956
4.631545e-08,0.00080240119
4.641545e-08,0.00079234835
4.651545e-08,0.00078014131
4.661545e-08,0.00077224265
4.671545e-08,0.00077008847
4.681545e-08,0.00077224265
4.691545e-08,0.00077439683
4.701545e-08,0.00077224265
4.711545e-08,0.00076290786
4.721545e-08,0.00074854665
4.731545e-08,0.00073490349
4.741545e-08,0.00072628676
4.751545e-08,0.00072700483
4.761545e-08,0.00073490349
4.771545e-08,0.00074423828
4.781545e-08,0.00074926471
4.791545e-08,0.00074352022
4.801545e-08,0.00072700483
4.811545e-08,0.00070330882
4.821545e-08,0.00068033088
4.831545e-08,0.00066525161
4.841545e-08,0.00066166131
4.851545e-08,0.00066812385
4.861545e-08,0.00068033088
4.871545e-08,0.00069110179
4.881545e-08,0.00069684628
4.891545e-08,0.00069612822
4.901545e-08,0.00069181985
4.911545e-08,0.00068751149
4.921545e-08,0.00068679343
4.931545e-08,0.00068894761
4.941545e-08,0.00069181985
4.951545e-08,0.00069038373
4.961545e-08,0.00068033088
4.971545e-08,0.00066094324
4.981545e-08,0.000634375
4.991545e-08,0.00060637063
5.001545e-08,0.00058339269
5.011545e-08,0.00056903148
5.021545e-08,0.00056544118
5.031545e-08,0.0005704676
5.041545e-08,0.00057908433
5.051545e-08,0.00058626494
5.061545e-08,0.00058841912
5.071545e-08,0.00058267463
5.081545e-08,0.00056974954
5.091545e-08,0.00055179802
5.101545e-08,0.00053097426
5.111545e-08,0.00051015051
5.121545e-08,0.00049148093
5.131545e-08,0.00047568359
5.141545e-08,0.00046204044
5.151545e-08,0.00045126953
5.161545e-08,0.00044193474
5.171545e-08,0.00043403608
5.181545e-08,0.00042757353
5.191545e-08,0.0004225471
5.201545e-08,0.0004189568
5.211545e-08,0.00041680262
5.221545e-08,0.00041608456
5.231545e-08,0.00041608456
5.241545e-08,0.00041680262
5.251545e-08,0.00041752068
5.261545e-08,0.00041608456
5.271545e-08,0.00041249426
5.281545e-08,0.00040531365
5.291545e-08,0.00039454274
5.301545e-08,0.00038161765
5.311545e-08,0.00036797449
5.321545e-08,0.00035576746
5.331545e-08,0.0003478688
5.341545e-08,0.00034715074
5.351545e-08,0.00035361328
5.361545e-08,0.00036582031
5.371545e-08,0.00038018153
5.381545e-08,0.00039310662
5.391545e-08,0.00040028722
5.401545e-08,0.00039956916
5.411545e-08,0.00039238856
5.421545e-08,0.00038161765
5.431545e-08,0.0003715648
5.441545e-08,0.00036653837
5.451545e-08,0.00036653837
5.461545e-08,0.00037012868
5.471545e-08,0.00037300092
5.481545e-08,0.00037084674
5.491545e-08,0.00036151195
5.501545e-08,0.00034715074
5.511545e-08,0.00033207146
5.521545e-08,0.00032345473
5.531545e-08,0.00032417279
5.541545e-08,0.00033566176
5.551545e-08,0.00035433134
5.561545e-08,0.00037443704
5.571545e-08,0.00038808019
5.581545e-08,0.00039310662
5.591545e-08,0.00038879825
5.601545e-08,0.00037802734
5.611545e-08,0.00036725643
5.621545e-08,0.00035863971
5.631545e-08,0.00035433134
5.641545e-08,0.00035217716
5.651545e-08,0.00035002298
5.661545e-08,0.00034715074
5.671545e-08,0.00034356043
5.681545e-08,0.00034284237
5.691545e-08,0.0003478688
5.701545e-08,0.00035863971
5.711545e-08,0.00037300092
5.721545e-08,0.00038520795
5.731545e-08,0.00038879825
5.741545e-08,0.00038161765
5.751545e-08,0.00036366613
5.761545e-08,0.00033925207
5.771545e-08,0.00031699219
5.781545e-08,0.00030119485
5.791545e-08,0.00029401425
5.801545e-08,0.00029401425
5.811545e-08,0.00029401425
5.821545e-08,0.00028970588
5.831545e-08,0.00027893497
5.841545e-08,0.00026457376
5.851545e-08,0.00025093061
5.861545e-08,0.00024375
5.871545e-08,0.00024446806
5.881545e-08,0.00025093061
5.891545e-08,0.00025667509
5.901545e-08,0.00025523897
5.911545e-08,0.00024231388
5.921545e-08,0.00021789982
5.931545e-08,0.00018917739
5.941545e-08,0.00016332721
5.951545e-08,0.00014752987
5.961545e-08,0.00014393957
5.971545e-08,0.00015112017
5.981545e-08,0.00016332721
5.991545e-08,0.00017409812
6.001545e-08,0.00017912454
6.011545e-08,0.00017840648
6.021545e-08,0.00017481618
6.031545e-08,0.00017122587
6.041545e-08,0.00017050781
6.051545e-08,0.00017194393
6.061545e-08,0.00017481618
6.071545e-08,0.00017553424
6.081545e-08,0.00017338006
6.091545e-08,0.00016835363
6.101545e-08,0.00016332721
6.111545e-08,0.00016045496
6.121545e-08,0.00016045496
6.131545e-08,0.00016260915
6.141545e-08,0.00016332721
6.151545e-08,0.0001597369
6.161545e-08,0.00014968405
6.171545e-08,0.00013460478
6.181545e-08,0.00011737132
6.191545e-08,0.00010085593
6.201545e-08,8.7930836e-05
6.211545e-08,7.9314108e-05
6.221545e-08,7.1415441e-05
6.231545e-08,6.1362592e-05
6.241545e-08,4.6283318e-05
6.251545e-08,2.6177619e-05
6.261545e-08,2.4816176e-06
6.271545e-08,-2.0496324e-05
6.281545e-08,-3.844784e-05
6.291545e-08,-4.9936811e-05
6.301545e-08,-5.4963235e-05
6.311545e-08,-5.6399357e-05
6.321545e-08,-5.9271599e-05
6.331545e-08,-6.5734145e-05
6.341545e-08,-7.7941176e-05
6.351545e-08,-9.3738511e-05
6.361545e-08,-0.00011025391
6.371545e-08,-0.00012461512
6.381545e-08,-0.00013538603
6.391545e-08,-0.00014472082
6.401545e-08,-0.00015549173
6.411545e-08,-0.000170571
6.421545e-08,-0.00019283088
6.431545e-08,-0.00022083525
6.441545e-08,-0.00025171186
6.451545e-08,-0.0002782801
6.461545e-08,-0.00029623162
6.471545e-08,-0.00030269416
6.481545e-08,-0.00029910386
6.491545e-08,-0.00029120519
6.501545e-08,-0.00028474265
6.511545e-08,-0.00028689683
6.521545e-08,-0.00030125804
6.531545e-08,-0.00032495404
6.541545e-08,-0.00035367647
6.551545e-08,-0.00037952665
6.561545e-08,-0.00039676011
6.571545e-08,-0.0004025046
6.581545e-08,-0.00039963235
6.591545e-08,-0.00039316981
6.601545e-08,-0.00039029756
6.611545e-08,-0.00039604205
6.621545e-08,-0.00041112132
6.631545e-08,-0.00043266314
6.641545e-08,-0.00045420496
6.651545e-08,-0.00047143842
6.661545e-08,-0.00048005515
6.671545e-08,-0.00048077321
6.681545e-08,-0.00047790097
6.691545e-08,-0.00047574678
6.701545e-08,-0.00048005515
6.711545e-08,-0.00049154412
6.721545e-08,-0.00050949563
6.731545e-08,-0.00052960133
6.741545e-08,-0.00054898897
6.751545e-08,-0.00056406824
6.761545e-08,-0.00057412109
6.771545e-08,-0.00057986558
6.781545e-08,-0.00058345588
6.791545e-08,-0.00058632812
6.801545e-08,-0.00058991843
6.811545e-08,-0.00059279067
6.821545e-08,-0.00059494485
6.831545e-08,-0.00059709903
6.841545e-08,-0.00059925322
6.851545e-08,-0.00060212546
6.861545e-08,-0.00060643382
6.871545e-08,-0.00061217831
6.881545e-08,-0.00061792279
6.891545e-08,-0.00062366728
6.901545e-08,-0.00062941176
6.911545e-08,-0.00063659237
6.921545e-08,-0.00064592716
6.931545e-08,-0.00065957031
6.941545e-08,-0.00067536765
6.951545e-08,-0.00069116498
6.961545e-08,-0.00070193589
6.971545e-08,-0.00070480813
6.981545e-08,-0.00069834559
6.991545e-08,-0.00068470244
7.001545e-08,-0.0006689051
7.011545e-08,-0.00065669807
7.021545e-08,-0.00065238971
7.031545e-08,-0.00065741613
7.041545e-08,-0.00067034122
7.051545e-08,-0.0006854205
7.061545e-08,-0.00069834559
7.071545e-08,-0.00070624426
7.081545e-08,-0.00070983456
7.091545e-08,-0.00070983456
7.101545e-08,-0.00070983456
7.111545e-08,-0.00071055262
7.121545e-08,-0.00071198874
7.131545e-08,-0.0007127068
7.141545e-08,-0.00070983456
7.151545e-08,-0.00070409007
7.161545e-08,-0.00069762753
7.171545e-08,-0.00069403722
7.181545e-08,-0.00069834559
7.191545e-08,-0.00071198874
7.201545e-08,-0.0007328125
7.211545e-08,-0.00075722656
7.221545e-08,-0.00077876838
7.231545e-08,-0.0007931296
7.241545e-08,-0.00079815602
7.251545e-08,-0.00079600184
7.261545e-08,-0.00079025735
7.271545e-08,-0.00078523093
7.281545e-08,-0.00078379481
7.291545e-08,-0.00078594899
7.301545e-08,-0.00079025735
7.311545e-08,-0.00079384766
7.321545e-08,-0.00079528378
7.331545e-08,-0.00079384766
7.341545e-08,-0.00079025735
7.351545e-08,-0.00078738511
7.361545e-08,-0.00078666705
7.371545e-08,-0.00078738511
7.381545e-08,-0.00079025735
7.391545e-08,-0.00079241153
7.401545e-08,-0.00079384766
7.411545e-08,-0.00079241153
7.421545e-08,-0.00079025735
7.431545e-08,-0.00078738511
7.441545e-08,-0.00078451287
7.451545e-08,-0.00078164062
7.461545e-08,-0.00077876838
7.471545e-08,-0.00077517808
7.481545e-08,-0.00077158778
7.491545e-08,-0.00076871553
7.501545e-08,-0.00076727941
7.511545e-08,-0.00076943359
7.521545e-08,-0.00077446002
7.531545e-08,-0.00078164062
7.541545e-08,-0.00079025735
7.551545e-08,-0.00079743796
7.561545e-08,-0.00080102826
7.571545e-08,-0.00080246438
7.581545e-08,-0.00080174632
7.591545e-08,-0.00080102826
7.601545e-08,-0.00080246438
7.611545e-08,-0.00080677275
7.621545e-08,-0.00081323529
7.631545e-08,-0.00082185202
7.641545e-08,-0.00083046875
7.651545e-08,-0.00083908548
7.661545e-08,-0.00084770221
7.671545e-08,-0.00085560087
7.681545e-08,-0.00086493566
7.691545e-08,-0.00087355239
7.701545e-08,-0.00088216912
7.711545e-08,-0.00088934972
7.721545e-08,-0.00089365809
7.731545e-08,-0.00089437615
7.741545e-08,-0.00089365809
7.751545e-08,-0.00089222197
7.761545e-08,-0.00089365809
7.771545e-08,-0.00089724839
7.781545e-08,-0.00090514706
7.791545e-08,-0.00091519991
7.801545e-08,-0.00092525276
7.811545e-08,-0.00093386949
7.821545e-08,-0.00093961397
7.831545e-08,-0.00094248621
7.841545e-08,-0.00094248621
7.851545e-08,-0.00094105009
7.861545e-08,-0.00093961397
7.871545e-08,-0.00093745979
7.881545e-08,-0.00093530561
7.891545e-08,-0.0009317153
7.901545e-08,-0.000928125
7.911545e-08,-0.0009245347
7.921545e-08,-0.00092166245
7.931545e-08,-0.00091950827
7.941545e-08,-0.00091663603
7.951545e-08,-0.00091232767
7.961545e-08,-0.000904429
7.971545e-08,-0.00089365809
7.981545e-08,-0.00088216912
7.991545e-08,-0.00087283433
8.001545e-08,-0.00087068015
8.011545e-08,-0.00087786075
8.021545e-08,-0.00089365809
8.031545e-08,-0.00091448185
8.041545e-08,-0.00093386949
8.051545e-08,-0.00094679458
8.061545e-08,-0.00095110294
8.071545e-08,-0.00094751264
8.081545e-08,-0.00094033203
8.091545e-08,-0.00093602367
8.101545e-08,-0.00093961397
8.111545e-08,-0.000951821
8.121545e-08,-0.00096905446
8.131545e-08,-0.00098628791
8.141545e-08,-0.00099705882
8.151545e-08,-0.00099921301
8.161545e-08,-0.00099490464
8.171545e-08,-0.00098772403
8.181545e-08,-0.00098556985
8.191545e-08,-0.0009920324
8.201545e-08,-0.0010085478
8.211545e-08,-0.0010315257
8.221545e-08,-0.0010545037
8.231545e-08,-0.0010724552
8.241545e-08,-0.00108179
8.251545e-08,-0.001082508
8.261545e-08,-0.0010774816
8.271545e-08,-0.0010724552
8.281545e-08,-0.0010710191
8.291545e-08,-0.0010767636
8.301545e-08,-0.0010889706
8.311545e-08,-0.001106204
8.321545e-08,-0.0011248736
8.331545e-08,-0.0011428251
8.341545e-08,-0.0011579044
8.351545e-08,-0.0011679573
8.361545e-08,-0.0011722656
8.371545e-08,-0.0011722656
8.381545e-08,-0.0011693934
8.391545e-08,-0.0011658031
8.401545e-08,-0.001165085
8.411545e-08,-0.0011693934
8.421545e-08,-0.0011808824
8.431545e-08,-0.0011981158
8.441545e-08,-0.0012182215
8.451545e-08,-0.0012368911
8.461545e-08,-0.0012498162
8.471545e-08,-0.0012548426
8.481545e-08,-0.0012526884
8.491545e-08,-0.0012455078
8.501545e-08,-0.0012383272
8.511545e-08,-0.0012347369
8.521545e-08,-0.0012383272
8.531545e-08,-0.001247662
8.541545e-08,-0.0012613051
8.551545e-08,-0.0012763844
8.561545e-08,-0.0012900276
8.571545e-08,-0.0013007985
8.581545e-08,-0.001307261
8.591545e-08,-0.0013115694
8.601545e-08,-0.0013151597
8.611545e-08,-0.0013209042
8.621545e-08,-0.001330239
8.631545e-08,-0.0013446002
8.641545e-08,-0.0013625517
8.651545e-08,-0.0013826574
8.661545e-08,-0.0013991728
8.671545e-08,-0.0014099437
8.681545e-08,-0.0014128159
8.691545e-08,-0.0014077895
8.701545e-08,-0.0013991728
8.711545e-08,-0.0013919922
8.721545e-08,-0.001389838
8.731545e-08,-0.0013970186
8.741545e-08,-0.0014106618
8.751545e-08,-0.0014271772
8.761545e-08,-0.0014401023
8.771545e-08,-0.0014465648
8.781545e-08,-0.0014451287
8.791545e-08,-0.0014401023
8.801545e-08,-0.0014379481
8.811545e-08,-0.0014429745
8.821545e-08,-0.0014566176
8.831545e-08,-0.0014760053
8.841545e-08,-0.0014939568
8.851545e-08,-0.0015040097
8.861545e-08,-0.0015025735
8.871545e-08,-0.0014903665
8.881545e-08,-0.0014738511
8.891545e-08,-0.001460926
8.901545e-08,-0.0014566176
8.911545e-08,-0.0014630802
8.921545e-08,-0.0014752872
8.931545e-08,-0.0014867762
8.941545e-08,-0.0014910846
8.951545e-08,-0.001484622
8.961545e-08,-0.0014709789
8.971545e-08,-0.0014558996
8.981545e-08,-0.0014451287
8.991545e-08,-0.0014429745
9.001545e-08,-0.0014465648
9.011545e-08,-0.001449437
9.021545e-08,-0.0014451287
9.031545e-08,-0.0014271772
9.041545e-08,-0.0013948644
9.051545e-08,-0.0013524989
9.061545e-08,-0.001307261
9.071545e-08,-0.0012656135
9.081545e-08,-0.0012311466
9.091545e-08,-0.0012038603
9.101545e-08,-0.0011808824
9.111545e-08,-0.0011571864
9.121545e-08,-0.0011299
9.131545e-08,-0.0010954331
9.141545e-08,-0.0010545037
9.151545e-08,-0.0010078297
9.161545e-08,-0.00095469324
9.171545e-08,-0.00089796645
9.181545e-08,-0.00083621324
9.191545e-08,-0.00077230584
9.201545e-08,-0.0007091165
9.211545e-08,-0.00064951746
9.221545e-08,-0.00059494485
9.231545e-08,-0.00054611673
9.241545e-08,-0.00049944278
9.251545e-08,-0.00045205078
9.261545e-08,-0.00039963235
9.271545e-08,-0.00034146944
9.281545e-08,-0.00027899816
9.291545e-08,-0.00021652688
9.301545e-08,-0.00015836397
9.311545e-08,-0.00010594554
9.321545e-08,-5.9271599e-05
9.331545e-08,-1.2597656e-05
9.341545e-08,3.6948529e-05
9.351545e-08,9.3675322e-05
9.361545e-08,0.00015542854
9.371545e-08,0.00021933594
9.381545e-08,0.00027821691
9.391545e-08,0.00032704504
9.401545e-08,0.00036223001
9.411545e-08,0.00038664407
9.421545e-08,0.00040459559
9.431545e-08,0.00042111098
9.441545e-08,0.00044049862
9.451545e-08,0.0004627585
9.461545e-08,0.00048501838
9.471545e-08,0.00050512408
9.481545e-08,0.00052020335
9.491545e-08,0.00053169233
9.501545e-08,0.00054246324
9.511545e-08,0.00055682445
9.521545e-08,0.00057836627
9.531545e-08,0.00060565257
9.541545e-08,0.000634375
9.551545e-08,0.00065878906
9.561545e-08,0.00067386834
9.571545e-08,0.00067602252
9.581545e-08,0.00066884191
9.591545e-08,0.00065735294
9.601545e-08,0.00064873621
9.611545e-08,0.00064873621
9.621545e-08,0.00065735294
9.631545e-08,0.00067315028
9.641545e-08,0.00069110179
9.651545e-08,0.00070546301
9.661545e-08,0.00071479779
9.671545e-08,0.0007183881
9.681545e-08,0.00071982422
9.691545e-08,0.0007219784
9.701545e-08,0.00072628676
9.711545e-08,0.00073203125
9.721545e-08,0.00073777574
9.731545e-08,0.00073992992
9.741545e-08,0.00073777574
9.751545e-08,0.00073346737
9.761545e-08,0.00073059513
9.771545e-08,0.00073203125
9.781545e-08,0.00073777574
9.791545e-08,0.00074639246
9.801545e-08,0.00075357307
9.811545e-08,0.00075500919
9.821545e-08,0.00074926471
9.831545e-08,0.0007384938
9.841545e-08,0.00072844095
9.851545e-08,0.00072341452
9.861545e-08,0.00072628676
9.871545e-08,0.00073633961
9.881545e-08,0.00074926471
9.891545e-08,0.00075931756
9.901545e-08,0.00076075368
9.911545e-08,0.00075429113
9.921545e-08,0.00074280216
9.931545e-08,0.00073203125
9.941545e-08,0.00072628676
9.951545e-08,0.00072700483
9.961545e-08,0.00072987707
9.971545e-08,0.00073131319
9.981545e-08,0.00072628676
9.991545e-08,0.00071407973
1.000155e-07,0.0006982824
1.001155e-07,0.00068463925
1.002155e-07,0.00068033088
1.003155e-07,0.00068679343
1.004155e-07,0.00070115464
1.005155e-07,0.00071695198
1.006155e-07,0.00072628676
1.007155e-07,0.00072485064
1.008155e-07,0.00071120749
1.009155e-07,0.00069110179
1.010155e-07,0.00066884191
1.011155e-07,0.0006508904
1.012155e-07,0.00064083755
1.013155e-07,0.00063581112
1.014155e-07,0.000634375
1.015155e-07,0.00063293888
1.016155e-07,0.0006307847
1.017155e-07,0.00062719439
1.018155e-07,0.00062288603
1.019155e-07,0.00061857767
1.020155e-07,0.00061283318
1.021155e-07,0.00060349839
1.022155e-07,0.00058841912
1.023155e-07,0.00056831342
1.024155e-07,0.00054748966
1.025155e-07,0.00052953814
1.026155e-07,0.00051948529
1.027155e-07,0.00051876723
1.028155e-07,0.00052594784
1.029155e-07,0.00053528263
1.030155e-07,0.00054246324
1.031155e-07,0.0005431813
1.032155e-07,0.00053743681
1.033155e-07,0.00052810202
1.034155e-07,0.00051948529
1.035155e-07,0.00051445887
1.036155e-07,0.00051374081
1.037155e-07,0.00051661305
1.038155e-07,0.00051948529
1.039155e-07,0.00052020335
1.040155e-07,0.00051876723
1.041155e-07,0.00051374081
1.042155e-07,0.00050799632
1.043155e-07,0.00050153378
1.044155e-07,0.00049363511
1.045155e-07,0.00048430032
1.046155e-07,0.00047352941
1.047155e-07,0.00046204044
1.048155e-07,0.00045342371
1.049155e-07,0.00044911535
1.050155e-07,0.00045055147
1.051155e-07,0.00045701402
1.052155e-07,0.00046491268
1.053155e-07,0.00047137523
1.054155e-07,0.00047352941
1.055155e-07,0.00047209329
1.056155e-07,0.00047065717
1.057155e-07,0.00047065717
1.058155e-07,0.00047352941
1.059155e-07,0.00047783778
1.060155e-07,0.00047999196
1.061155e-07,0.00047496553
1.062155e-07,0.00046204044
1.063155e-07,0.00044337086
1.064155e-07,0.00042613741
1.065155e-07,0.0004153665
1.066155e-07,0.00041608456
1.067155e-07,0.00042757353
1.068155e-07,0.00044337086
1.069155e-07,0.00045701402
1.070155e-07,0.00046204044
1.071155e-07,0.00045701402
1.072155e-07,0.00044624311
1.073155e-07,0.00043475414
1.074155e-07,0.00042757353
1.075155e-07,0.00042613741
1.076155e-07,0.00042757353
1.077155e-07,0.00042541935
1.078155e-07,0.00041608456
1.079155e-07,0.0003988511
1.080155e-07,0.0003787454
1.081155e-07,0.00036294807
1.082155e-07,0.00035863971
1.083155e-07,0.00036725643
1.084155e-07,0.00038520795
1.085155e-07,0.00040387753
1.086155e-07,0.00041608456
1.087155e-07,0.00041752068
1.088155e-07,0.00041034007
1.089155e-07,0.00040028722
1.090155e-07,0.00039310662
1.091155e-07,0.00039310662
1.092155e-07,0.0003988511
1.093155e-07,0.00040459559
1.094155e-07,0.00040459559
1.095155e-07,0.0003952608
1.096155e-07,0.00037802734
1.097155e-07,0.00036007583
1.098155e-07,0.00034715074
1.099155e-07,0.00034499655
1.100155e-07,0.0003514591
1.101155e-07,0.00036223001
1.102155e-07,0.00037012868
1.103155e-07,0.00036941062
1.104155e-07,0.00035863971
1.105155e-07,0.00034140625
1.106155e-07,0.00032417279
1.107155e-07,0.0003112477
1.108155e-07,0.00030334903
1.109155e-07,0.00029760455
1.110155e-07,0.00028970588
1.111155e-07,0.00027534467
1.112155e-07,0.00025523897
1.113155e-07,0.00023082491
1.114155e-07,0.00020928309
1.115155e-07,0.00019492188
1.116155e-07,0.00018989545
1.117155e-07,0.00019204963
1.118155e-07,0.00019779412
1.119155e-07,0.00020210248
1.120155e-07,0.00020138442
1.121155e-07,0.00019563994
1.122155e-07,0.00018630515
1.123155e-07,0.00017553424
1.124155e-07,0.00016619945
1.125155e-07,0.00015830078
1.126155e-07,0.00015183824
1.127155e-07,0.00014752987
1.128155e-07,0.00014681181
1.129155e-07,0.00014824793
1.130155e-07,0.00015183824
1.131155e-07,0.0001561466
1.132155e-07,0.00015901884
1.133155e-07,0.00015758272
1.134155e-07,0.00015183824
1.135155e-07,0.00014465763
1.136155e-07,0.0001396312
1.137155e-07,0.00014106733
1.138155e-07,0.00015183824
1.139155e-07,0.00016907169
1.140155e-07,0.00018630515
1.141155e-07,0.00019779412
1.142155e-07,0.00019779412
1.143155e-07,0.00018558709
1.144155e-07,0.00016548139
1.145155e-07,0.00014393957
1.146155e-07,0.00012886029
1.147155e-07,0.00012383387
1.148155e-07,0.00012670611
1.149155e-07,0.00013460478
1.150155e-07,0.00014034926
1.151155e-07,0.00014034926
1.152155e-07,0.00013460478
1.153155e-07,0.00012526999
1.154155e-07,0.00011737132
1.155155e-07,0.00011378102
1.156155e-07,0.00011521714
1.157155e-07,0.00012096163
1.158155e-07,0.00012886029
1.159155e-07,0.00013747702
1.160155e-07,0.00014681181
1.161155e-07,0.00015542854
1.162155e-07,0.00016332721
1.163155e-07,0.00016763557
1.164155e-07,0.00016476333
1.165155e-07,0.00015183824
1.166155e-07,0.00012886029
1.167155e-07,9.9419807e-05
1.168155e-07,6.9261259e-05
1.169155e-07,4.7001379e-05
1.170155e-07,3.6948529e-05
1.171155e-07,3.8384651e-05
1.172155e-07,4.5565257e-05
1.173155e-07,5.1309743e-05
1.174155e-07,4.84375e-05
1.175155e-07,3.4794347e-05
1.176155e-07,1.4688649e-05
1.177155e-07,-6.1351103e-06
1.178155e-07,-2.0496324e-05
1.179155e-07,-2.4804687e-05
1.180155e-07,-2.1932445e-05
1.181155e-07,-1.7624081e-05
1.182155e-07,-2.0496324e-05
1.183155e-07,-3.5575597e-05
1.184155e-07,-6.3579963e-05
1.185155e-07,-9.8764936e-05
1.186155e-07,-0.00013538603
1.187155e-07,-0.00016626264
1.188155e-07,-0.00018924058
1.189155e-07,-0.00020503791
1.190155e-07,-0.00021580882
1.191155e-07,-0.00022586167
1.192155e-07,-0.00023519646
1.193155e-07,-0.00024381319
1.194155e-07,-0.00025027574
1.195155e-07,-0.00025314798
1.196155e-07,-0.0002545841
1.197155e-07,-0.00025602022
1.198155e-07,-0.00026176471
1.199155e-07,-0.00027253562
1.200155e-07,-0.00028617877
1.201155e-07,-0.00029910386
1.202155e-07,-0.00030772059
1.203155e-07,-0.00030843865
1.204155e-07,-0.00030269416
1.205155e-07,-0.00029407744
1.206155e-07,-0.00028474265
1.207155e-07,-0.0002782801
1.208155e-07,-0.0002746898
1.209155e-07,-0.00026966337
1.210155e-07,-0.00026176471
1.211155e-07,-0.00024883961
1.212155e-07,-0.00023160616
1.213155e-07,-0.00021509076
1.214155e-07,-0.00020431985
1.215155e-07,-0.00020216567
1.216155e-07,-0.00020791016
1.217155e-07,-0.00021796301
1.218155e-07,-0.00022729779
1.219155e-07,-0.00023160616
1.220155e-07,-0.00022945198
1.221155e-07,-0.00022227137
1.222155e-07,-0.00021580882
1.223155e-07,-0.00021365464
1.224155e-07,-0.00021724494
1.225155e-07,-0.00022657973
1.226155e-07,-0.00023878676
1.227155e-07,-0.00024955767
1.228155e-07,-0.00025673828
1.229155e-07,-0.00026032858
1.230155e-07,-0.00026176471
1.231155e-07,-0.00026463695
1.232155e-07,-0.00027109949
1.233155e-07,-0.0002818704
1.234155e-07,-0.00029623162
1.235155e-07,-0.00031131089
1.236155e-07,-0.00032495404
1.237155e-07,-0.00033572495
1.238155e-07,-0.0003421875
1.239155e-07,-0.00034362362
1.240155e-07,-0.00034003332
1.241155e-07,-0.00033141659
1.242155e-07,-0.00031920956
1.243155e-07,-0.00030556641
1.244155e-07,-0.00029335937
1.245155e-07,-0.00028546071
1.246155e-07,-0.00028474265
1.247155e-07,-0.00029048713
1.248155e-07,-0.00030053998
1.249155e-07,-0.00031202895
1.250155e-07,-0.00031920956
1.251155e-07,-0.00031992762
1.252155e-07,-0.00031346507
1.253155e-07,-0.00030053998
1.254155e-07,-0.00028474265
1.255155e-07,-0.00026894531
1.256155e-07,-0.00025530216
1.257155e-07,-0.00024596737
1.258155e-07,-0.00023878676
1.259155e-07,-0.00023376034
1.260155e-07,-0.00022873392
1.261155e-07,-0.00022298943
1.262155e-07,-0.00021580882
1.263155e-07,-0.00020791016
1.264155e-07,-0.00020072955
1.265155e-07,-0.00019498506
1.266155e-07,-0.00019283088
1.267155e-07,-0.00019570312
1.268155e-07,-0.00020360179
1.269155e-07,-0.00021509076
1.270155e-07,-0.00022729779
1.271155e-07,-0.00023663258
1.272155e-07,-0.00024022289
1.273155e-07,-0.00023591452
1.274155e-07,-0.00022729779
1.275155e-07,-0.00021796301
1.276155e-07,-0.0002143727
1.277155e-07,-0.00022083525
1.278155e-07,-0.00023878676
1.279155e-07,-0.00026607307
1.280155e-07,-0.00029623162
1.281155e-07,-0.00032351792
1.282155e-07,-0.0003421875
1.283155e-07,-0.00035008617
1.284155e-07,-0.00035008617
1.285155e-07,-0.0003457778
1.286155e-07,-0.0003421875
1.287155e-07,-0.0003421875
1.288155e-07,-0.00034721392
1.289155e-07,-0.00035511259
1.290155e-07,-0.00036516544
1.291155e-07,-0.00037665441
1.292155e-07,-0.00038886144
1.293155e-07,-0.00040465878
1.294155e-07,-0.00042261029
1.295155e-07,-0.00044271599
1.296155e-07,-0.00046210363
1.297155e-07,-0.00047861903
1.298155e-07,-0.00049154412
1.299155e-07,-0.00050159697
1.300155e-07,-0.00051236788
1.301155e-07,-0.00052744715
1.302155e-07,-0.00054898897
1.303155e-07,-0.00057627528
1.304155e-07,-0.00060356158
1.305155e-07,-0.00062725758
1.306155e-07,-0.00064090074
1.307155e-07,-0.00064449104
1.308155e-07,-0.0006416188
1.309155e-07,-0.00063802849
1.310155e-07,-0.00064090074
1.311155e-07,-0.00065454389
1.312155e-07,-0.00067752183
1.313155e-07,-0.00070624426
1.314155e-07,-0.0007328125
1.315155e-07,-0.00075148208
1.316155e-07,-0.00076009881
1.317155e-07,-0.00076009881
1.318155e-07,-0.00075579044
1.319155e-07,-0.00075148208
1.320155e-07,-0.00075076402
1.321155e-07,-0.0007529182
1.322155e-07,-0.00075579044
1.323155e-07,-0.0007565085
1.324155e-07,-0.00075363626
1.325155e-07,-0.00074860983
1.326155e-07,-0.00074430147
1.327155e-07,-0.00074430147
1.328155e-07,-0.0007493279
1.329155e-07,-0.00075866268
1.330155e-07,-0.00076727941
1.331155e-07,-0.00077086972
1.332155e-07,-0.00076727941
1.333155e-07,-0.00075722656
1.334155e-07,-0.00074430147
1.335155e-07,-0.00073496668
1.336155e-07,-0.0007328125
1.337155e-07,-0.00074071117
1.338155e-07,-0.00075579044
1.339155e-07,-0.0007730239
1.340155e-07,-0.00078594899
1.341155e-07,-0.00079169347
1.342155e-07,-0.00079025735
1.343155e-07,-0.00078594899
1.344155e-07,-0.00078307675
1.345155e-07,-0.00078810317
1.346155e-07,-0.00080174632
1.347155e-07,-0.00082257008
1.348155e-07,-0.00084554802
1.349155e-07,-0.00086637178
1.350155e-07,-0.00088216912
1.351155e-07,-0.00089222197
1.352155e-07,-0.00089940257
1.353155e-07,-0.00090658318
1.354155e-07,-0.00091663603
1.355155e-07,-0.00092884306
1.356155e-07,-0.00094033203
1.357155e-07,-0.00094894876
1.358155e-07,-0.00095110294
1.359155e-07,-0.00094751264
1.360155e-07,-0.00094033203
1.361155e-07,-0.00093243336
1.362155e-07,-0.000928125
1.363155e-07,-0.000928125
1.364155e-07,-0.00093243336
1.365155e-07,-0.00093674173
1.366155e-07,-0.00093961397
1.367155e-07,-0.00093889591
1.368155e-07,-0.00093530561
1.369155e-07,-0.00093027918
1.370155e-07,-0.000928125
1.371155e-07,-0.00093027918
1.372155e-07,-0.00093745979
1.373155e-07,-0.0009482307
1.374155e-07,-0.00096259191
1.375155e-07,-0.00097767119
1.376155e-07,-0.00099275046
1.377155e-07,-0.0010071117
1.378155e-07,-0.0010200368
1.379155e-07,-0.0010300896
1.380155e-07,-0.0010372702
1.381155e-07,-0.0010408605
1.382155e-07,-0.0010430147
1.383155e-07,-0.0010451689
1.384155e-07,-0.0010509134
1.385155e-07,-0.0010616843
1.386155e-07,-0.0010774816
1.387155e-07,-0.0010954331
1.388155e-07,-0.0011126666
1.389155e-07,-0.0011255917
1.390155e-07,-0.0011349265
1.391155e-07,-0.0011428251
1.392155e-07,-0.0011543141
1.393155e-07,-0.0011744198
1.394155e-07,-0.0012038603
1.395155e-07,-0.0012390453
1.396155e-07,-0.0012727941
1.397155e-07,-0.0012972082
1.398155e-07,-0.001307261
1.399155e-07,-0.0013029527
1.400155e-07,-0.0012900276
1.401155e-07,-0.0012771025
1.402155e-07,-0.0012727941
1.403155e-07,-0.0012814108
1.404155e-07,-0.0013000804
1.405155e-07,-0.0013230584
1.406155e-07,-0.0013417279
1.407155e-07,-0.0013510627
1.408155e-07,-0.0013496266
1.409155e-07,-0.0013402918
1.410155e-07,-0.001330239
1.411155e-07,-0.0013230584
1.412155e-07,-0.0013201861
1.413155e-07,-0.0013201861
1.414155e-07,-0.00131875
1.415155e-07,-0.0013115694
1.416155e-07,-0.0012972082
1.417155e-07,-0.0012792567
1.418155e-07,-0.0012613051
1.419155e-07,-0.001247662
1.420155e-07,-0.0012404814
1.421155e-07,-0.0012383272
1.422155e-07,-0.0012383272
1.423155e-07,-0.0012368911
1.424155e-07,-0.0012311466
1.425155e-07,-0.0012232479
1.426155e-07,-0.0012153493
1.427155e-07,-0.0012110409
1.428155e-07,-0.0012139131
1.429155e-07,-0.0012232479
1.430155e-07,-0.0012383272
1.431155e-07,-0.0012555607
1.432155e-07,-0.0012706399
1.433155e-07,-0.0012806928
1.434155e-07,-0.0012842831
1.435155e-07,-0.0012814108
1.436155e-07,-0.0012727941
1.437155e-07,-0.0012613051
1.438155e-07,-0.0012498162
1.439155e-07,-0.0012411994
1.440155e-07,-0.0012383272
1.441155e-07,-0.0012411994
1.442155e-07,-0.0012498162
1.443155e-07,-0.0012605871
1.444155e-07,-0.0012692038
1.445155e-07,-0.0012735122
1.446155e-07,-0.0012727941
1.447155e-07,-0.0012692038
1.448155e-07,-0.0012670496
1.449155e-07,-0.001271358
1.450155e-07,-0.0012842831
1.451155e-07,-0.0013051068
1.452155e-07,-0.0013288028
1.453155e-07,-0.0013503447
1.454155e-07,-0.0013647059
1.455155e-07,-0.0013711684
1.456155e-07,-0.0013711684
1.457155e-07,-0.0013711684
1.458155e-07,-0.0013761949
1.459155e-07,-0.0013884019
1.460155e-07,-0.0014070715
1.461155e-07,-0.0014278952
1.462155e-07,-0.0014451287
1.463155e-07,-0.0014551815
1.464155e-07,-0.0014566176
1.465155e-07,-0.0014523093
1.466155e-07,-0.0014451287
1.467155e-07,-0.0014408203
1.468155e-07,-0.0014408203
1.469155e-07,-0.0014465648
1.470155e-07,-0.0014566176
1.471155e-07,-0.0014695427
1.472155e-07,-0.001483904
1.473155e-07,-0.0014989832
1.474155e-07,-0.0015140625
1.475155e-07,-0.0015291418
1.476155e-07,-0.0015427849
1.477155e-07,-0.0015535558
1.478155e-07,-0.0015600184
1.479155e-07,-0.0015628906
1.480155e-07,-0.0015643267
1.481155e-07,-0.0015664809
1.482155e-07,-0.0015715074
1.483155e-07,-0.0015815602
1.484155e-07,-0.0015952034
1.485155e-07,-0.0016117187
1.486155e-07,-0.0016289522
1.487155e-07,-0.0016461857
1.488155e-07,-0.0016641372
1.489155e-07,-0.0016813706
1.490155e-07,-0.001697886
1.491155e-07,-0.0017129653
1.492155e-07,-0.0017244543
1.493155e-07,-0.0017309168
1.494155e-07,-0.0017323529
1.495155e-07,-0.0017309168
1.496155e-07,-0.0017309168
1.497155e-07,-0.0017345071
1.498155e-07,-0.0017438419
1.499155e-07,-0.0017574851
1.500155e-07,-0.0017718463
1.501155e-07,-0.0017833352
1.502155e-07,-0.0017897978
1.503155e-07,-0.0017912339
1.504155e-07,-0.0017912339
1.505155e-07,-0.0017933881
1.506155e-07,-0.0018012868
1.507155e-07,-0.0018134938
1.508155e-07,-0.0018264189
1.509155e-07,-0.0018350356
1.510155e-07,-0.0018357537
1.511155e-07,-0.001827855
1.512155e-07,-0.0018142119
1.513155e-07,-0.0017998506
1.514155e-07,-0.0017897978
1.515155e-07,-0.0017862075
1.516155e-07,-0.0017869256
1.517155e-07,-0.0017890797
1.518155e-07,-0.0017897978
1.519155e-07,-0.0017869256
1.520155e-07,-0.0017818991
1.521155e-07,-0.0017783088
1.522155e-07,-0.0017783088
1.523155e-07,-0.0017826172
1.524155e-07,-0.0017890797
1.525155e-07,-0.00179267
1.526155e-07,-0.0017897978
1.527155e-07,-0.001780463
1.528155e-07,-0.001768256
1.529155e-07,-0.0017582031
1.530155e-07,-0.0017553309
1.531155e-07,-0.0017617934
1.532155e-07,-0.0017768727
1.533155e-07,-0.0017955423
1.534155e-07,-0.0018127757
1.535155e-07,-0.0018249828
1.536155e-07,-0.0018307273
1.537155e-07,-0.0018335995
1.538155e-07,-0.0018357537
1.539155e-07,-0.001839344
1.540155e-07,-0.0018436523
1.541155e-07,-0.0018472426
1.542155e-07,-0.0018472426
1.543155e-07,-0.0018436523
1.544155e-07,-0.0018386259
1.545155e-07,-0.0018350356
1.546155e-07,-0.0018357537
1.547155e-07,-0.0018407801
1.548155e-07,-0.0018486788
1.549155e-07,-0.0018558594
1.550155e-07,-0.0018587316
1.551155e-07,-0.0018580136
1.552155e-07,-0.0018551413
1.553155e-07,-0.0018544233
1.554155e-07,-0.0018587316
1.555155e-07,-0.0018687845
1.556155e-07,-0.0018809915
1.557155e-07,-0.0018903263
1.558155e-07,-0.0018931985
1.559155e-07,-0.0018881721
1.560155e-07,-0.0018795554
1.561155e-07,-0.0018716567
1.562155e-07,-0.0018702206
1.563155e-07,-0.0018788373
1.564155e-07,-0.0018960708
1.565155e-07,-0.0019183307
1.566155e-07,-0.0019391544
1.567155e-07,-0.0019563879
1.568155e-07,-0.0019685949
1.569155e-07,-0.0019772116
1.570155e-07,-0.0019851103
1.571155e-07,-0.0019922909
1.572155e-07,-0.0019965993
1.573155e-07,-0.0019944451
1.574155e-07,-0.0019851103
1.575155e-07,-0.0019685949
1.576155e-07,-0.0019492073
1.577155e-07,-0.0019334099
1.578155e-07,-0.0019276654
1.579155e-07,-0.0019334099
1.580155e-07,-0.0019492073
1.581155e-07,-0.0019685949
1.582155e-07,-0.0019851103
1.583155e-07,-0.0019951631
1.584155e-07,-0.0019987534
1.585155e-07,-0.0019973173
1.586155e-07,-0.0019965993
1.587155e-07,-0.0019980354
1.588155e-07,-0.0020023437
1.589155e-07,-0.0020066521
1.590155e-07,-0.0020080882
1.591155e-07,-0.002005216
1.592155e-07,-0.0019994715
1.593155e-07,-0.0019951631
1.594155e-07,-0.0019965993
1.595155e-07,-0.002005216
1.596155e-07,-0.0020210133
1.597155e-07,-0.0020389648
1.598155e-07,-0.0020540441
1.599155e-07,-0.0020626608
1.600155e-07,-0.002064097
1.601155e-07,-0.0020605067
1.602155e-07,-0.0020540441
1.603155e-07,-0.0020490177
1.604155e-07,-0.0020475816
1.605155e-07,-0.0020490177
1.606155e-07,-0.0020540441
1.607155e-07,-0.0020626608
1.608155e-07,-0.0020755859
1.609155e-07,-0.0020921013
1.610155e-07,-0.002111489
1.611155e-07,-0.0021301585
1.612155e-07,-0.0021445198
1.613155e-07,-0.0021495462
1.614155e-07,-0.0021459559
1.615155e-07,-0.002135903
1.616155e-07,-0.0021244141
1.617155e-07,-0.0021193876
1.618155e-07,-0.0021229779
1.619155e-07,-0.002135185
1.620155e-07,-0.0021509823
1.621155e-07,-0.0021639074
1.622155e-07,-0.0021689338
1.623155e-07,-0.0021653435
1.624155e-07,-0.0021581629
1.625155e-07,-0.0021538545
1.626155e-07,-0.0021574449
1.627155e-07,-0.002171088
1.628155e-07,-0.0021911937
1.629155e-07,-0.0022112994
1.630155e-07,-0.0022263787
1.631155e-07,-0.0022335593
1.632155e-07,-0.0022349954
1.633155e-07,-0.0022349954
1.634155e-07,-0.0022378676
1.635155e-07,-0.0022450483
1.636155e-07,-0.0022529469
1.637155e-07,-0.0022558192
1.638155e-07,-0.0022493566
1.639155e-07,-0.0022328412
1.640155e-07,-0.0022098633
1.641155e-07,-0.0021904756
1.642155e-07,-0.0021804228
1.643155e-07,-0.0021847312
1.644155e-07,-0.0022005285
1.645155e-07,-0.0022213523
1.646155e-07,-0.0022378676
1.647155e-07,-0.0022443302
1.648155e-07,-0.0022407399
1.649155e-07,-0.0022321232
1.650155e-07,-0.0022263787
1.651155e-07,-0.0022292509
1.652155e-07,-0.0022428941
1.653155e-07,-0.0022637178
1.654155e-07,-0.0022838235
1.655155e-07,-0.0022974667
1.656155e-07,-0.0023003389
1.657155e-07,-0.0022938764
1.658155e-07,-0.0022838235
1.659155e-07,-0.0022752068
1.660155e-07,-0.0022716165
1.661155e-07,-0.0022752068
1.662155e-07,-0.0022838235
1.663155e-07,-0.0022945944
1.664155e-07,-0.0023046473
1.665155e-07,-0.002312546
1.666155e-07,-0.0023182904
1.667155e-07,-0.0023218807
1.668155e-07,-0.0023225988
1.669155e-07,-0.0023218807
1.670155e-07,-0.0023182904
1.671155e-07,-0.0023147001
1.672155e-07,-0.002313264
1.673155e-07,-0.0023175724
1.674155e-07,-0.0023297794
1.675155e-07,-0.0023498851
1.676155e-07,-0.0023757353
1.677155e-07,-0.0024008674
1.678155e-07,-0.0024216912
1.679155e-07,-0.0024338982
1.680155e-07,-0.0024382066
1.681155e-07,-0.0024367705
1.682155e-07,-0.0024331801
1.683155e-07,-0.002431026
1.684155e-07,-0.002431026
1.685155e-07,-0.0024324621
1.686155e-07,-0.0024331801
1.687155e-07,-0.002431744
1.688155e-07,-0.0024288718
1.689155e-07,-0.0024245634
1.690155e-07,-0.0024216912
1.691155e-07,-0.0024209731
1.692155e-07,-0.0024216912
1.693155e-07,-0.0024224092
1.694155e-07,-0.0024216912
1.695155e-07,-0.0024181009
1.696155e-07,-0.0024137925
1.697155e-07,-0.0024102022
1.698155e-07,-0.0024102022
1.699155e-07,-0.0024137925
1.700155e-07,-0.002419537
1.701155e-07,-0.0024231273
1.702155e-07,-0.0024216912
1.703155e-07,-0.0024130744
1.704155e-07,-0.0023979952
1.705155e-07,-0.0023800437
1.706155e-07,-0.0023642463
1.707155e-07,-0.0023541935
1.708155e-07,-0.0023520393
1.709155e-07,-0.0023563477
1.710155e-07,-0.0023642463
1.711155e-07,-0.0023728631
1.712155e-07,-0.0023793256
1.713155e-07,-0.002384352
1.714155e-07,-0.0023872243
1.715155e-07,-0.0023893784
1.716155e-07,-0.0023908146
1.717155e-07,-0.0023908146
1.718155e-07,-0.0023872243
1.719155e-07,-0.0023800437
1.720155e-07,-0.0023707089
1.721155e-07,-0.002360656
1.722155e-07,-0.0023527574
1.723155e-07,-0.0023506032
1.724155e-07,-0.0023541935
1.725155e-07,-0.0023635283
1.726155e-07,-0.0023757353
1.727155e-07,-0.0023879423
1.728155e-07,-0.0023987132
1.729155e-07,-0.0024058938
1.730155e-07,-0.0024102022
1.731155e-07,-0.0024123564
1.732155e-07,-0.0024123564
1.733155e-07,-0.0024116383
1.734155e-07,-0.0024102022
1.735155e-07,-0.00240733
1.736155e-07,-0.0024044577
1.737155e-07,-0.0024008674
1.738155e-07,-0.0023987132
1.739155e-07,-0.0023979952
1.740155e-07,-0.0024001494
1.741155e-07,-0.0024044577
1.742155e-07,-0.0024102022
1.743155e-07,-0.0024173828
1.744155e-07,-0.0024259995
1.745155e-07,-0.0024346163
1.746155e-07,-0.0024446691
1.747155e-07,-0.0024540039
1.748155e-07,-0.0024619026
1.749155e-07,-0.0024662109
1.750155e-07,-0.0024676471
1.751155e-07,-0.0024662109
1.752155e-07,-0.0024640568
1.753155e-07,-0.0024633387
1.754155e-07,-0.0024676471
1.755155e-07,-0.0024769818
1.756155e-07,-0.0024899069
1.757155e-07,-0.0025035501
1.758155e-07,-0.0025136029
1.759155e-07,-0.0025171932
1.760155e-07,-0.0025136029
1.761155e-07,-0.0025035501
1.762155e-07,-0.002490625
1.763155e-07,-0.002479136
1.764155e-07,-0.0024733915
1.765155e-07,-0.0024733915
1.766155e-07,-0.002479136
1.767155e-07,-0.0024870347
1.768155e-07,-0.0024927792
1.769155e-07,-0.0024942153
1.770155e-07,-0.002490625
1.771155e-07,-0.0024827263
1.772155e-07,-0.0024741096
1.773155e-07,-0.0024683651
1.774155e-07,-0.0024676471
1.775155e-07,-0.0024726735
1.776155e-07,-0.0024820083
1.777155e-07,-0.0024934972
1.778155e-07,-0.002502114
1.779155e-07,-0.0025071404
1.780155e-07,-0.0025071404
1.781155e-07,-0.0025042682
1.782155e-07,-0.002502114
1.783155e-07,-0.002502832
1.784155e-07,-0.0025078585
1.785155e-07,-0.0025164752
1.786155e-07,-0.0025250919
1.787155e-07,-0.0025308364
1.788155e-07,-0.0025315545
1.789155e-07,-0.0025286822
1.790155e-07,-0.0025250919
1.791155e-07,-0.002526528
1.792155e-07,-0.0025365809
1.793155e-07,-0.0025559685
1.794155e-07,-0.0025825368
1.795155e-07,-0.0026098231
1.796155e-07,-0.0026299288
1.797155e-07,-0.0026399816
1.798155e-07,-0.0026399816
1.799155e-07,-0.0026342371
1.800155e-07,-0.0026306468
1.801155e-07,-0.0026356733
1.802155e-07,-0.0026514706
1.803155e-07,-0.0026766027
1.804155e-07,-0.002703889
1.805155e-07,-0.002727585
1.806155e-07,-0.0027433824
1.807155e-07,-0.002751281
1.808155e-07,-0.0027555894
1.809155e-07,-0.00276277
1.810155e-07,-0.0027778493
1.811155e-07,-0.0028008272
1.812155e-07,-0.0028273955
1.813155e-07,-0.0028525276
1.814155e-07,-0.002869761
1.815155e-07,-0.0028769416
1.816155e-07,-0.0028762236
1.817155e-07,-0.0028726333
1.818155e-07,-0.002869761
1.819155e-07,-0.0028711972
1.820155e-07,-0.0028776597
1.821155e-07,-0.0028848403
1.822155e-07,-0.002892739
1.823155e-07,-0.0028992015
1.824155e-07,-0.0029063821
1.825155e-07,-0.0029157169
1.826155e-07,-0.0029272059
1.827155e-07,-0.0029394129
1.828155e-07,-0.0029487477
1.829155e-07,-0.0029487477
1.830155e-07,-0.0029386949
1.831155e-07,-0.0029193072
1.832155e-07,-0.0028970473
1.833155e-07,-0.0028783778
1.834155e-07,-0.002869761
1.835155e-07,-0.0028711972
1.836155e-07,-0.0028805319
1.837155e-07,-0.0028891487
1.838155e-07,-0.002892739
1.839155e-07,-0.0028877125
1.840155e-07,-0.0028769416
1.841155e-07,-0.0028654527
1.842155e-07,-0.0028582721
1.843155e-07,-0.002857554
1.844155e-07,-0.0028625804
1.845155e-07,-0.0028676068
1.846155e-07,-0.002869761
1.847155e-07,-0.0028668888
1.848155e-07,-0.0028611443
1.849155e-07,-0.0028568359
1.850155e-07,-0.0028582721
1.851155e-07,-0.0028668888
1.852155e-07,-0.0028805319
1.853155e-07,-0.0028941751
1.854155e-07,-0.0029042279
1.855155e-07,-0.0029085363
1.856155e-07,-0.0029092544
1.857155e-07,-0.0029106905
1.858155e-07,-0.0029157169
1.859155e-07,-0.0029250517
1.860155e-07,-0.0029351045
1.861155e-07,-0.002940849
1.862155e-07,-0.0029386949
1.863155e-07,-0.0029279239
1.864155e-07,-0.0029142808
1.865155e-07,-0.0029042279
1.866155e-07,-0.0029042279
1.867155e-07,-0.002917153
1.868155e-07,-0.0029394129
1.869155e-07,-0.002964545
1.870155e-07,-0.0029846507
1.871155e-07,-0.0029961397
1.872155e-07,-0.0029990119
1.873155e-07,-0.0029975758
1.874155e-07,-0.0029961397
1.875155e-07,-0.0029968578
1.876155e-07,-0.00299973
1.877155e-07,-0.0030004481
1.878155e-07,-0.0029961397
1.879155e-07,-0.002987523
1.880155e-07,-0.0029767521
1.881155e-07,-0.0029710076
1.882155e-07,-0.0029731618
1.883155e-07,-0.0029853688
1.884155e-07,-0.0030026023
1.885155e-07,-0.0030198357
1.886155e-07,-0.0030306066
1.887155e-07,-0.0030327608
1.888155e-07,-0.0030298886
1.889155e-07,-0.0030277344
1.890155e-07,-0.0030306066
1.891155e-07,-0.0030406595
1.892155e-07,-0.0030543026
1.893155e-07,-0.0030643555
1.894155e-07,-0.0030650735
1.895155e-07,-0.0030543026
1.896155e-07,-0.003035633
1.897155e-07,-0.0030176815
1.898155e-07,-0.0030076287
1.899155e-07,-0.003011219
1.900155e-07,-0.0030262983
1.901155e-07,-0.003047122
1.902155e-07,-0.0030650735
1.903155e-07,-0.0030744083
1.904155e-07,-0.0030736903
1.905155e-07,-0.0030650735
1.906155e-07,-0.0030535846
1.907155e-07,-0.0030420956
1.908155e-07,-0.0030320427
1.909155e-07,-0.0030212718
1.910155e-07,-0.0030076287
1.911155e-07,-0.0029903952
1.912155e-07,-0.0029724437
1.913155e-07,-0.0029580825
1.914155e-07,-0.0029501838
1.915155e-07,-0.0029501838
1.916155e-07,-0.0029559283
1.917155e-07,-0.0029609547
1.918155e-07,-0.0029616728
1.919155e-07,-0.0029566464
1.920155e-07,-0.0029480296
1.921155e-07,-0.002940849
1.922155e-07,-0.0029386949
1.923155e-07,-0.0029415671
1.924155e-07,-0.0029458755
1.925155e-07,-0.0029465935
1.926155e-07,-0.0029386949
1.927155e-07,-0.0029214614
1.928155e-07,-0.0028999196
1.929155e-07,-0.0028805319
1.930155e-07,-0.002869761
1.931155e-07,-0.002869761
1.932155e-07,-0.0028783778
1.933155e-07,-0.0028884306
1.934155e-07,-0.002892739
1.935155e-07,-0.0028891487
1.936155e-07,-0.0028783778
1.937155e-07,-0.0028661707
1.938155e-07,-0.0028582721
1.939155e-07,-0.0028568359
1.940155e-07,-0.0028611443
1.941155e-07,-0.0028668888
1.942155e-07,-0.002869761
1.943155e-07,-0.002869043
1.944155e-07,-0.0028668888
1.945155e-07,-0.002869761
1.946155e-07,-0.00288125
1.947155e-07,-0.0029027918
1.948155e-07,-0.0029293601
1.949155e-07,-0.0029552102
1.950155e-07,-0.0029731618
1.951155e-07,-0.0029810604
1.952155e-07,-0.0029817785
1.953155e-07,-0.0029810604
1.954155e-07,-0.0029846507
1.955155e-07,-0.0029954216
1.956155e-07,-0.0030105009
1.957155e-07,-0.0030241441
1.958155e-07,-0.0030306066
1.959155e-07,-0.0030277344
1.960155e-07,-0.0030191176
1.961155e-07,-0.0030097829
1.962155e-07,-0.0030076287
1.963155e-07,-0.0030148093
1.964155e-07,-0.0030284524
1.965155e-07,-0.0030435317
1.966155e-07,-0.0030535846
1.967155e-07,-0.0030557387
1.968155e-07,-0.0030528665
1.969155e-07,-0.0030499943
1.970155e-07,-0.0030535846
1.971155e-07,-0.0030657916
1.972155e-07,-0.0030844612
1.973155e-07,-0.0031024127
1.974155e-07,-0.0031110294
1.975155e-07,-0.0031074391
1.976155e-07,-0.003093796
1.977155e-07,-0.0030765625
1.978155e-07,-0.0030650735
1.979155e-07,-0.0030643555
1.980155e-07,-0.0030758444
1.981155e-07,-0.003093796
1.982155e-07,-0.0031110294
1.983155e-07,-0.0031210823
1.984155e-07,-0.0031225184
1.985155e-07,-0.003117492
1.986155e-07,-0.0031110294
1.987155e-07,-0.0031074391
1.988155e-07,-0.0031081572
1.989155e-07,-0.0031110294
1.990155e-07,-0.0031110294
1.991155e-07,-0.003106003
1.992155e-07,-0.0030973863
1.993155e-07,-0.0030894876
1.994155e-07,-0.0030880515
1.995155e-07,-0.0030973863
1.996155e-07,-0.003117492
1.997155e-07,-0.0031433421
1.998155e-07,-0.0031684743
1.999155e-07,-0.0031849897
2.000155e-07,-0.003189298
2.001155e-07,-0.0031821174
2.002155e-07,-0.0031684743
2.003155e-07,-0.0031541131
2.004155e-07,-0.0031433421
2.005155e-07,-0.0031368796
2.006155e-07,-0.0031340074
2.007155e-07,-0.0031325712
2.008155e-07,-0.0031318532
2.009155e-07,-0.0031311351
2.010155e-07,-0.0031340074
2.011155e-07,-0.003141906
2.012155e-07,-0.0031548311
2.013155e-07,-0.0031727826
2.014155e-07,-0.0031914522
2.015155e-07,-0.0032079676
2.016155e-07,-0.0032194566
2.017155e-07,-0.0032252011
2.018155e-07,-0.0032259191
2.019155e-07,-0.0032237649
2.020155e-07,-0.0032194566
2.021155e-07,-0.0032165843
2.022155e-07,-0.0032144301
2.023155e-07,-0.0032151482
2.024155e-07,-0.0032187385
2.025155e-07,-0.0032259191
2.026155e-07,-0.0032374081
2.027155e-07,-0.0032510512
2.028155e-07,-0.0032646944
2.029155e-07,-0.0032761834
2.030155e-07,-0.003283364
2.031155e-07,-0.0032855182
2.032155e-07,-0.0032848001
2.033155e-07,-0.0032826459
2.034155e-07,-0.003283364
2.035155e-07,-0.0032876723
2.036155e-07,-0.0032962891
2.037155e-07,-0.0033063419
2.038155e-07,-0.0033178309
2.039155e-07,-0.0033278837
2.040155e-07,-0.0033350643
2.041155e-07,-0.0033393727
2.042155e-07,-0.0033408088
2.043155e-07,-0.0033386546
2.044155e-07,-0.0033336282
2.045155e-07,-0.0033257295
2.046155e-07,-0.0033178309
2.047155e-07,-0.0033120864
2.048155e-07,-0.0033120864
2.049155e-07,-0.0033178309
2.050155e-07,-0.0033293199
2.051155e-07,-0.0033422449
2.052155e-07,-0.0033515797
2.053155e-07,-0.00335517
2.054155e-07,-0.0033522978
2.055155e-07,-0.0033465533
2.056155e-07,-0.0033436811
2.057155e-07,-0.0033487075
2.058155e-07,-0.0033637868
2.059155e-07,-0.0033867647
2.060155e-07,-0.0034118968
2.061155e-07,-0.0034327206
2.062155e-07,-0.0034442096
2.063155e-07,-0.0034463637
2.064155e-07,-0.0034434915
2.065155e-07,-0.0034406193
2.066155e-07,-0.0034442096
2.067155e-07,-0.0034542624
2.068155e-07,-0.0034686236
2.069155e-07,-0.0034822668
2.070155e-07,-0.0034901654
2.071155e-07,-0.0034916016
2.072155e-07,-0.0034894474
2.073155e-07,-0.0034880113
2.074155e-07,-0.0034901654
2.075155e-07,-0.003497346
2.076155e-07,-0.0035066808
2.077155e-07,-0.0035131434
2.078155e-07,-0.0035131434
2.079155e-07,-0.0035066808
2.080155e-07,-0.003497346
2.081155e-07,-0.0034901654
2.082155e-07,-0.0034901654
2.083155e-07,-0.0034995002
2.084155e-07,-0.0035152976
2.085155e-07,-0.0035332491
2.086155e-07,-0.0035476103
2.087155e-07,-0.003556227
2.088155e-07,-0.0035612534
2.089155e-07,-0.0035648437
2.090155e-07,-0.0035705882
2.091155e-07,-0.003579923
2.092155e-07,-0.0035906939
2.093155e-07,-0.0035993107
2.094155e-07,-0.0036050551
2.095155e-07,-0.0036079274
2.096155e-07,-0.0036122358
2.097155e-07,-0.0036215705
2.098155e-07,-0.0036395221
2.099155e-07,-0.0036632181
2.100155e-07,-0.0036869141
2.101155e-07,-0.0037041475
2.102155e-07,-0.0037084559
2.103155e-07,-0.0037012753
2.104155e-07,-0.0036876321
2.105155e-07,-0.0036761432
2.106155e-07,-0.003673989
2.107155e-07,-0.0036826057
2.108155e-07,-0.003698403
2.109155e-07,-0.0037134823
2.110155e-07,-0.0037199449
2.111155e-07,-0.0037149184
2.112155e-07,-0.0037005572
2.113155e-07,-0.0036847599
2.114155e-07,-0.003673989
2.115155e-07,-0.0036732709
2.116155e-07,-0.0036818876
2.117155e-07,-0.0036955308
2.118155e-07,-0.0037084559
2.119155e-07,-0.0037177907
2.120155e-07,-0.0037249713
2.121155e-07,-0.0037321519
2.122155e-07,-0.0037429228
2.123155e-07,-0.003757284
2.124155e-07,-0.0037730813
2.125155e-07,-0.0037852884
2.126155e-07,-0.0037888787
2.127155e-07,-0.0037845703
2.128155e-07,-0.0037759536
2.129155e-07,-0.0037680549
2.130155e-07,-0.0037659007
2.131155e-07,-0.003769491
2.132155e-07,-0.0037752355
2.133155e-07,-0.0037788258
2.134155e-07,-0.0037773897
2.135155e-07,-0.0037716452
2.136155e-07,-0.0037666188
2.137155e-07,-0.0037680549
2.138155e-07,-0.0037773897
2.139155e-07,-0.003792469
2.140155e-07,-0.0038061121
2.141155e-07,-0.0038097024
2.142155e-07,-0.0038003676
2.143155e-07,-0.00378098
2.144155e-07,-0.0037601562
2.145155e-07,-0.0037493853
2.146155e-07,-0.0037544118
2.147155e-07,-0.0037730813
2.148155e-07,-0.0037967773
2.149155e-07,-0.0038118566
2.150155e-07,-0.0038118566
2.151155e-07,-0.0037953412
2.152155e-07,-0.0037723633
2.153155e-07,-0.0037551298
2.154155e-07,-0.0037544118
2.155155e-07,-0.0037716452
2.156155e-07,-0.0037996496
2.157155e-07,-0.0038240636
2.158155e-07,-0.0038348346
2.159155e-07,-0.0038262178
2.160155e-07,-0.003804676
2.161155e-07,-0.0037802619
2.162155e-07,-0.0037659007
2.163155e-07,-0.0037651827
2.164155e-07,-0.0037759536
2.165155e-07,-0.0037867245
2.166155e-07,-0.0037888787
2.167155e-07,-0.0037781078
2.168155e-07,-0.0037587201
2.169155e-07,-0.0037400506
2.170155e-07,-0.0037314338
2.171155e-07,-0.0037364602
2.172155e-07,-0.0037501034
2.173155e-07,-0.0037637466
2.174155e-07,-0.0037659007
2.175155e-07,-0.0037544118
2.176155e-07,-0.0037321519
2.177155e-07,-0.0037106101
2.178155e-07,-0.0036969669
2.179155e-07,-0.0036962489
2.180155e-07,-0.0037034295
2.181155e-07,-0.0037106101
2.182155e-07,-0.0037084559
2.183155e-07,-0.0036955308
2.184155e-07,-0.0036768612
2.185155e-07,-0.0036625
2.186155e-07,-0.0036625
2.187155e-07,-0.0036782973
2.188155e-07,-0.0037048656
2.189155e-07,-0.0037299977
2.190155e-07,-0.0037429228
2.191155e-07,-0.0037400506
2.192155e-07,-0.0037271255
2.193155e-07,-0.0037127642
2.194155e-07,-0.0037084559
2.195155e-07,-0.0037170726
2.196155e-07,-0.003733588
2.197155e-07,-0.0037493853
2.198155e-07,-0.0037544118
2.199155e-07,-0.0037479492
2.200155e-07,-0.0037364602
2.201155e-07,-0.0037314338
2.202155e-07,-0.0037429228
2.203155e-07,-0.0037730813
2.204155e-07,-0.0038140108
2.205155e-07,-0.0038506319
2.206155e-07,-0.0038693015
2.207155e-07,-0.0038649931
2.208155e-07,-0.0038441693
2.209155e-07,-0.0038211914
2.210155e-07,-0.0038118566
2.211155e-07,-0.0038233456
2.212155e-07,-0.0038535041
2.213155e-07,-0.0038886891
2.214155e-07,-0.0039152574
2.215155e-07,-0.0039238741
2.216155e-07,-0.0039152574
2.217155e-07,-0.0039008961
2.218155e-07,-0.0038922794
2.219155e-07,-0.00389946
2.220155e-07,-0.0039217199
2.221155e-07,-0.0039504423
2.222155e-07,-0.0039727022
2.223155e-07,-0.0039798828
2.224155e-07,-0.003970548
2.225155e-07,-0.0039533146
2.226155e-07,-0.0039382353
2.227155e-07,-0.003934645
2.228155e-07,-0.0039432617
2.229155e-07,-0.0039590591
2.230155e-07,-0.0039727022
2.231155e-07,-0.0039777286
2.232155e-07,-0.0039734203
2.233155e-07,-0.0039655216
2.234155e-07,-0.0039612132
2.235155e-07,-0.0039655216
2.236155e-07,-0.0039777286
2.237155e-07,-0.0039906537
2.238155e-07,-0.0039956801
2.239155e-07,-0.0039870634
2.240155e-07,-0.0039655216
2.241155e-07,-0.0039382353
2.242155e-07,-0.0039152574
2.243155e-07,-0.0039044864
2.244155e-07,-0.0039066406
2.245155e-07,-0.0039166935
2.246155e-07,-0.0039267463
2.247155e-07,-0.0039296186
2.248155e-07,-0.0039238741
2.249155e-07,-0.0039131032
2.250155e-07,-0.0039037684
2.251155e-07,-0.0039008961
2.252155e-07,-0.0039059226
2.253155e-07,-0.0039166935
2.254155e-07,-0.0039267463
2.255155e-07,-0.0039324908
2.256155e-07,-0.0039324908
2.257155e-07,-0.0039296186
2.258155e-07,-0.0039267463
2.259155e-07,-0.0039267463
2.260155e-07,-0.0039289005
2.261155e-07,-0.0039296186
2.262155e-07,-0.0039267463
2.263155e-07,-0.0039195657
2.264155e-07,-0.0039095129
2.265155e-07,-0.0039030503
2.266155e-07,-0.0039037684
2.267155e-07,-0.0039123851
2.268155e-07,-0.0039260283
2.269155e-07,-0.0039403895
2.270155e-07,-0.0039497243
2.271155e-07,-0.0039533146
2.272155e-07,-0.0039533146
2.273155e-07,-0.0039547507
2.274155e-07,-0.0039612132
2.275155e-07,-0.0039727022
2.276155e-07,-0.0039870634
2.277155e-07,-0.0039992705
2.278155e-07,-0.0040071691
2.279155e-07,-0.0040114775
2.280155e-07,-0.004017222
2.281155e-07,-0.0040308651
2.282155e-07,-0.004053125
2.283155e-07,-0.0040818474
2.284155e-07,-0.0041084157
2.285155e-07,-0.0041234949
2.286155e-07,-0.0041220588
2.287155e-07,-0.0041055434
2.288155e-07,-0.0040825655
2.289155e-07,-0.0040660501
2.290155e-07,-0.004064614
2.291155e-07,-0.0040796932
2.292155e-07,-0.0041055434
2.293155e-07,-0.0041306756
2.294155e-07,-0.0041450368
2.295155e-07,-0.0041457548
2.296155e-07,-0.00413642
2.297155e-07,-0.0041256491
2.298155e-07,-0.0041220588
2.299155e-07,-0.0041285214
2.300155e-07,-0.0041414465
2.301155e-07,-0.0041529354
2.302155e-07,-0.0041565257
2.303155e-07,-0.0041486271
2.304155e-07,-0.0041342659
2.305155e-07,-0.0041191866
2.306155e-07,-0.0041105699
2.307155e-07,-0.0041091337
2.308155e-07,-0.0041105699
2.309155e-07,-0.0041084157
2.310155e-07,-0.0040990809
2.311155e-07,-0.0040832835
2.312155e-07,-0.0040696404
2.313155e-07,-0.004065332
2.314155e-07,-0.0040761029
2.315155e-07,-0.0040983628
2.316155e-07,-0.0041213408
2.317155e-07,-0.0041321117
2.318155e-07,-0.0041220588
2.319155e-07,-0.0040919003
2.320155e-07,-0.004053125
2.321155e-07,-0.0040208123
2.322155e-07,-0.0040071691
2.323155e-07,-0.0040150678
2.324155e-07,-0.0040366096
2.325155e-07,-0.0040574334
2.326155e-07,-0.004064614
2.327155e-07,-0.0040545611
2.328155e-07,-0.0040330193
2.329155e-07,-0.0040136317
2.330155e-07,-0.0040071691
2.331155e-07,-0.00401794
2.332155e-07,-0.0040401999
2.333155e-07,-0.0040595875
2.334155e-07,-0.004064614
2.335155e-07,-0.0040509708
2.336155e-07,-0.0040236845
2.337155e-07,-0.0039971163
2.338155e-07,-0.0039841912
2.339155e-07,-0.0039913718
2.340155e-07,-0.0040136317
2.341155e-07,-0.0040387638
2.342155e-07,-0.004053125
2.343155e-07,-0.0040502528
2.344155e-07,-0.0040337374
2.345155e-07,-0.0040150678
2.346155e-07,-0.0040071691
2.347155e-07,-0.0040165039
2.348155e-07,-0.0040401999
2.349155e-07,-0.0040682043
2.350155e-07,-0.0040875919
2.351155e-07,-0.0040911822
2.352155e-07,-0.0040804113
2.353155e-07,-0.0040638959
2.354155e-07,-0.004053125
2.355155e-07,-0.0040545611
2.356155e-07,-0.0040660501
2.357155e-07,-0.0040804113
2.358155e-07,-0.0040875919
2.359155e-07,-0.0040840016
2.360155e-07,-0.0040732307
2.361155e-07,-0.0040631778
2.362155e-07,-0.004064614
2.363155e-07,-0.0040811294
2.364155e-07,-0.0041084157
2.365155e-07,-0.0041371381
2.366155e-07,-0.0041565257
2.367155e-07,-0.0041608341
2.368155e-07,-0.0041522174
2.369155e-07,-0.0041400103
2.370155e-07,-0.0041335478
2.371155e-07,-0.0041378562
2.372155e-07,-0.0041507812
2.373155e-07,-0.0041629883
2.374155e-07,-0.0041680147
2.375155e-07,-0.0041622702
2.376155e-07,-0.0041500632
2.377155e-07,-0.0041421645
2.378155e-07,-0.0041450368
2.379155e-07,-0.0041622702
2.380155e-07,-0.0041866843
2.381155e-07,-0.0042082261
2.382155e-07,-0.0042139706
2.383155e-07,-0.0042010455
2.384155e-07,-0.0041737592
2.385155e-07,-0.0041436006
2.386155e-07,-0.0041220588
2.387155e-07,-0.0041155963
2.388155e-07,-0.0041220588
2.389155e-07,-0.0041306756
2.390155e-07,-0.0041335478
2.391155e-07,-0.004124213
2.392155e-07,-0.0041062615
2.393155e-07,-0.0040875919
2.394155e-07,-0.0040761029
2.395155e-07,-0.0040753849
2.396155e-07,-0.0040811294
2.397155e-07,-0.0040840016
2.398155e-07,-0.0040761029
2.399155e-07,-0.0040552792
2.400155e-07,-0.0040272748
2.401155e-07,-0.0040042969
2.402155e-07,-0.0039956801
2.403155e-07,-0.0040042969
2.404155e-07,-0.0040229665
2.405155e-07,-0.0040394818
2.406155e-07,-0.004041636
2.407155e-07,-0.0040236845
2.408155e-07,-0.0039920898
2.409155e-07,-0.003958341
2.410155e-07,-0.0039382353
2.411155e-07,-0.0039382353
2.412155e-07,-0.0039554687
2.413155e-07,-0.0039791648
2.414155e-07,-0.0039956801
2.415155e-07,-0.0039963982
2.416155e-07,-0.0039813189
2.417155e-07,-0.003958341
2.418155e-07,-0.0039382353
2.419155e-07,-0.0039296186
2.420155e-07,-0.0039324908
2.421155e-07,-0.0039418256
2.422155e-07,-0.0039497243
2.423155e-07,-0.0039518784
2.424155e-07,-0.0039497243
2.425155e-07,-0.0039504423
2.426155e-07,-0.0039612132
2.427155e-07,-0.0039849092
2.428155e-07,-0.004017222
2.429155e-07,-0.0040473805
2.430155e-07,-0.004064614
2.431155e-07,-0.004064614
2.432155e-07,-0.0040495347
2.433155e-07,-0.0040308651
2.434155e-07,-0.0040186581
2.435155e-07,-0.0040215303
2.436155e-07,-0.0040394818
2.437155e-07,-0.004064614
2.438155e-07,-0.0040875919
2.439155e-07,-0.004100517
2.440155e-07,-0.0041026712
2.441155e-07,-0.0040997989
2.442155e-07,-0.0040990809
2.443155e-07,-0.0041062615
2.444155e-07,-0.0041213408
2.445155e-07,-0.0041400103
2.446155e-07,-0.0041565257
2.447155e-07,-0.0041665786
2.448155e-07,-0.0041723231
2.449155e-07,-0.0041787856
2.450155e-07,-0.0041909926
2.451155e-07,-0.0042110983
2.452155e-07,-0.0042340763
2.453155e-07,-0.0042527459
2.454155e-07,-0.0042599265
2.455155e-07,-0.0042527459
2.456155e-07,-0.0042355124
2.457155e-07,-0.004218997
2.458155e-07,-0.0042139706
2.459155e-07,-0.0042268957
2.460155e-07,-0.0042563362
2.461155e-07,-0.0042936753
2.462155e-07,-0.0043288603
2.463155e-07,-0.0043532744
2.464155e-07,-0.0043633272
2.465155e-07,-0.0043647633
2.466155e-07,-0.0043633272
2.467155e-07,-0.0043654814
2.468155e-07,-0.0043740981
2.469155e-07,-0.0043863051
2.470155e-07,-0.0043977941
2.471155e-07,-0.0044056928
2.472155e-07,-0.0044107192
2.473155e-07,-0.0044143095
2.474155e-07,-0.0044207721
2.475155e-07,-0.004431543
2.476155e-07,-0.0044451861
2.477155e-07,-0.0044581112
2.478155e-07,-0.0044667279
2.479155e-07,-0.0044703182
2.480155e-07,-0.0044703182
2.481155e-07,-0.0044724724
2.482155e-07,-0.0044782169
2.483155e-07,-0.0044875517
2.484155e-07,-0.0044961684
2.485155e-07,-0.0044983226
2.486155e-07,-0.0044897059
2.487155e-07,-0.0044724724
2.488155e-07,-0.0044516487
2.489155e-07,-0.0044365694
2.490155e-07,-0.004432261
2.491155e-07,-0.0044394416
2.492155e-07,-0.0044509306
2.493155e-07,-0.0044588293
2.494155e-07,-0.004455239
2.495155e-07,-0.0044387236
2.496155e-07,-0.0044157456
2.497155e-07,-0.0043949219
2.498155e-07,-0.0043863051
2.499155e-07,-0.0043920496
2.500155e-07,-0.0044071289
2.501155e-07,-0.004420054
2.502155e-07,-0.0044207721
2.503155e-07,-0.0044042567
2.504155e-07,-0.0043740981
2.505155e-07,-0.0043410673
2.506155e-07,-0.0043173713
2.507155e-07,-0.0043123449
2.508155e-07,-0.0043259881
2.509155e-07,-0.0043504021
2.510155e-07,-0.0043748162
2.511155e-07,-0.0043884593
2.512155e-07,-0.0043863051
2.513155e-07,-0.0043712259
2.514155e-07,-0.0043518382
2.515155e-07,-0.0043353228
2.516155e-07,-0.0043281422
2.517155e-07,-0.0043302964
2.518155e-07,-0.0043403493
2.519155e-07,-0.0043539924
2.520155e-07,-0.0043676356
2.521155e-07,-0.0043827148
2.522155e-07,-0.0043977941
2.523155e-07,-0.0044143095
2.524155e-07,-0.0044301068
2.525155e-07,-0.0044444681
2.526155e-07,-0.004455239
2.527155e-07,-0.0044631376
2.528155e-07,-0.0044703182
2.529155e-07,-0.004478935
2.530155e-07,-0.0044897059
2.531155e-07,-0.0045011949
2.532155e-07,-0.0045098116
2.533155e-07,-0.0045105296
2.534155e-07,-0.0045011949
2.535155e-07,-0.0044853975
2.536155e-07,-0.0044703182
2.537155e-07,-0.0044624196
2.538155e-07,-0.0044667279
2.539155e-07,-0.0044825253
2.540155e-07,-0.004503349
2.541155e-07,-0.0045191464
2.542155e-07,-0.0045241728
2.543155e-07,-0.0045162741
2.544155e-07,-0.0045004768
2.545155e-07,-0.0044853975
2.546155e-07,-0.0044782169
2.547155e-07,-0.0044810892
2.548155e-07,-0.0044904239
2.549155e-07,-0.0044997587
2.550155e-07,-0.0045011949
2.551155e-07,-0.0044932962
2.552155e-07,-0.0044803711
2.553155e-07,-0.0044696002
2.554155e-07,-0.0044667279
2.555155e-07,-0.0044746266
2.556155e-07,-0.0044882698
2.557155e-07,-0.0045004768
2.558155e-07,-0.0045011949
2.559155e-07,-0.0044889878
2.560155e-07,-0.0044667279
2.561155e-07,-0.0044451861
2.562155e-07,-0.004432261
2.563155e-07,-0.0044344152
2.564155e-07,-0.0044502125
2.565155e-07,-0.0044717544
2.566155e-07,-0.0044897059
2.567155e-07,-0.0044976045
2.568155e-07,-0.0044947323
2.569155e-07,-0.0044861156
2.570155e-07,-0.0044782169
2.571155e-07,-0.0044767808
2.572155e-07,-0.0044825253
2.573155e-07,-0.0044925781
2.574155e-07,-0.0045011949
2.575155e-07,-0.0045040671
2.576155e-07,-0.0045004768
2.577155e-07,-0.0044947323
2.578155e-07,-0.0044897059
2.579155e-07,-0.0044889878
2.580155e-07,-0.004491142
2.581155e-07,-0.0044925781
2.582155e-07,-0.0044897059
2.583155e-07,-0.0044818072
2.584155e-07,-0.0044710363
2.585155e-07,-0.0044645738
2.586155e-07,-0.0044667279
2.587155e-07,-0.0044803711
2.588155e-07,-0.004503349
2.589155e-07,-0.0045277631
2.590155e-07,-0.0045471507
2.591155e-07,-0.0045557675
2.592155e-07,-0.0045543313
2.593155e-07,-0.0045457146
2.594155e-07,-0.0045356618
2.595155e-07,-0.0045284812
2.596155e-07,-0.0045234547
2.597155e-07,-0.0045191464
2.598155e-07,-0.0045126838
2.599155e-07,-0.004502631
2.600155e-07,-0.0044918601
2.601155e-07,-0.0044861156
2.602155e-07,-0.0044897059
2.603155e-07,-0.0045047852
2.604155e-07,-0.0045284812
2.605155e-07,-0.0045528952
2.606155e-07,-0.0045701287
2.607155e-07,-0.004573719
2.608155e-07,-0.0045643842
2.609155e-07,-0.0045449966
2.610155e-07,-0.0045241728
2.611155e-07,-0.0045076574
2.612155e-07,-0.0044990407
2.613155e-07,-0.0044976045
2.614155e-07,-0.0045011949
2.615155e-07,-0.0045069393
2.616155e-07,-0.0045119658
2.617155e-07,-0.0045177102
2.618155e-07,-0.0045241728
2.619155e-07,-0.0045306353
2.620155e-07,-0.0045363798
2.621155e-07,-0.0045392521
2.622155e-07,-0.0045356618
2.623155e-07,-0.004527045
2.624155e-07,-0.0045141199
2.625155e-07,-0.0045011949
2.626155e-07,-0.0044897059
2.627155e-07,-0.0044810892
2.628155e-07,-0.0044739085
2.629155e-07,-0.0044660099
2.630155e-07,-0.004455239
2.631155e-07,-0.0044430319
2.632155e-07,-0.004432261
2.633155e-07,-0.0044243624
2.634155e-07,-0.0044207721
2.635155e-07,-0.0044186179
2.636155e-07,-0.0044143095
2.637155e-07,-0.0044035386
2.638155e-07,-0.0043863051
2.639155e-07,-0.0043661994
2.640155e-07,-0.0043504021
2.641155e-07,-0.0043446576
2.642155e-07,-0.0043518382
2.643155e-07,-0.0043676356
2.644155e-07,-0.0043827148
2.645155e-07,-0.0043870232
2.646155e-07,-0.0043748162
2.647155e-07,-0.0043482479
2.648155e-07,-0.0043166533
2.649155e-07,-0.0042915211
2.650155e-07,-0.0042829044
2.651155e-07,-0.0042929573
2.652155e-07,-0.0043152171
2.653155e-07,-0.0043381951
2.654155e-07,-0.0043518382
2.655155e-07,-0.0043504021
2.656155e-07,-0.004337477
2.657155e-07,-0.0043231158
2.658155e-07,-0.0043173713
2.659155e-07,-0.0043267061
2.660155e-07,-0.004348966
2.661155e-07,-0.0043762523
2.662155e-07,-0.0043977941
2.663155e-07,-0.0044056928
2.664155e-07,-0.0043992302
2.665155e-07,-0.0043855871
2.666155e-07,-0.0043748162
2.667155e-07,-0.0043748162
2.668155e-07,-0.0043898955
2.669155e-07,-0.0044150276
2.670155e-07,-0.00444375
2.671155e-07,-0.0044681641
2.672155e-07,-0.0044846795
2.673155e-07,-0.0044940142
2.674155e-07,-0.0045011949
2.675155e-07,-0.0045119658
2.676155e-07,-0.0045277631
2.677155e-07,-0.0045485869
2.678155e-07,-0.0045701287
2.679155e-07,-0.0045873621
2.680155e-07,-0.004598133
2.681155e-07,-0.0046031595
2.682155e-07,-0.0046045956
2.683155e-07,-0.0046053136
2.684155e-07,-0.0046081859
2.685155e-07,-0.0046117762
2.686155e-07,-0.0046160846
2.687155e-07,-0.0046196749
2.688155e-07,-0.004621829
2.689155e-07,-0.0046247013
2.690155e-07,-0.0046275735
2.691155e-07,-0.0046311638
2.692155e-07,-0.004633318
2.693155e-07,-0.0046326
2.694155e-07,-0.0046275735
2.695155e-07,-0.0046196749
2.696155e-07,-0.0046124943
2.697155e-07,-0.0046103401
2.698155e-07,-0.0046160846
2.699155e-07,-0.0046297277
2.700155e-07,-0.0046483973
2.701155e-07,-0.0046641946
2.702155e-07,-0.0046735294
2.703155e-07,-0.0046735294
2.704155e-07,-0.0046656307
2.705155e-07,-0.004656296
2.706155e-07,-0.0046505515
2.707155e-07,-0.0046527057
2.708155e-07,-0.0046613224
2.709155e-07,-0.0046742475
2.710155e-07,-0.0046850184
2.711155e-07,-0.0046900448
2.712155e-07,-0.0046886087
2.713155e-07,-0.0046821461
2.714155e-07,-0.0046735294
2.715155e-07,-0.0046656307
2.716155e-07,-0.0046598863
2.717155e-07,-0.0046548598
2.718155e-07,-0.0046505515
2.719155e-07,-0.0046462431
2.720155e-07,-0.004644807
2.721155e-07,-0.0046498334
2.722155e-07,-0.0046620404
2.723155e-07,-0.0046814281
2.724155e-07,-0.004703688
2.725155e-07,-0.0047223575
2.726155e-07,-0.0047309743
2.727155e-07,-0.004727384
2.728155e-07,-0.0047137408
2.729155e-07,-0.0046972254
2.730155e-07,-0.0046850184
2.731155e-07,-0.0046828642
2.732155e-07,-0.004692917
2.733155e-07,-0.0047108686
2.734155e-07,-0.0047309743
2.735155e-07,-0.0047467716
2.736155e-07,-0.0047546703
2.737155e-07,-0.0047553883
2.738155e-07,-0.0047539522
2.739155e-07,-0.0047546703
2.740155e-07,-0.0047604148
2.741155e-07,-0.0047726218
2.742155e-07,-0.0047884191
2.743155e-07,-0.0048034984
2.744155e-07,-0.0048149874
2.745155e-07,-0.0048214499
2.746155e-07,-0.004822886
2.747155e-07,-0.004822886
2.748155e-07,-0.0048236041
2.749155e-07,-0.0048271944
2.750155e-07,-0.004834375
2.751155e-07,-0.0048437098
2.752155e-07,-0.0048530446
2.753155e-07,-0.0048623794
2.754155e-07,-0.0048688419
2.755155e-07,-0.0048724322
2.756155e-07,-0.0048717142
2.757155e-07,-0.0048666877
2.758155e-07,-0.0048573529
2.759155e-07,-0.0048451459
2.760155e-07,-0.0048322208
2.761155e-07,-0.0048200138
2.762155e-07,-0.0048113971
2.763155e-07,-0.0048063706
2.764155e-07,-0.0048063706
2.765155e-07,-0.0048085248
2.766155e-07,-0.0048113971
2.767155e-07,-0.0048135512
2.768155e-07,-0.0048135512
2.769155e-07,-0.0048092429
2.770155e-07,-0.0047999081
2.771155e-07,-0.0047848288
2.772155e-07,-0.0047647231
2.773155e-07,-0.0047417452
2.774155e-07,-0.0047194853
2.775155e-07,-0.0047022518
2.776155e-07,-0.0046943532
2.777155e-07,-0.0046965074
2.778155e-07,-0.0047079963
2.779155e-07,-0.0047237937
2.780155e-07,-0.004739591
2.781155e-07,-0.0047503619
2.782155e-07,-0.0047539522
2.783155e-07,-0.0047525161
2.784155e-07,-0.0047482077
2.785155e-07,-0.0047446174
2.786155e-07,-0.0047424632
2.787155e-07,-0.004739591
2.788155e-07,-0.0047338465
2.789155e-07,-0.0047223575
2.790155e-07,-0.0047079963
2.791155e-07,-0.0046936351
2.792155e-07,-0.0046850184
2.793155e-07,-0.0046857364
2.794155e-07,-0.0046965074
2.795155e-07,-0.0047115866
2.796155e-07,-0.0047245117
2.797155e-07,-0.004727384
2.798155e-07,-0.0047194853
2.799155e-07,-0.004703688
2.800155e-07,-0.0046871726
2.801155e-07,-0.004679992
2.802155e-07,-0.0046850184
2.803155e-07,-0.0047015338
2.804155e-07,-0.0047216395
2.805155e-07,-0.0047374368
2.806155e-07,-0.0047424632
2.807155e-07,-0.0047367187
2.808155e-07,-0.0047259478
2.809155e-07,-0.0047180492
2.810155e-07,-0.0047194853
2.811155e-07,-0.0047309743
2.812155e-07,-0.0047474897
2.813155e-07,-0.0047611328
2.814155e-07,-0.0047654412
2.815155e-07,-0.0047596967
2.816155e-07,-0.0047474897
2.817155e-07,-0.0047360007
2.818155e-07,-0.0047309743
2.819155e-07,-0.0047331284
2.820155e-07,-0.0047388729
2.821155e-07,-0.004739591
2.822155e-07,-0.0047309743
2.823155e-07,-0.0047130227
2.824155e-07,-0.0046914809
2.825155e-07,-0.0046756836
2.826155e-07,-0.0046735294
2.827155e-07,-0.0046864545
2.828155e-07,-0.0047101505
2.829155e-07,-0.0047352826
2.830155e-07,-0.0047539522
2.831155e-07,-0.004763287
2.832155e-07,-0.0047668773
2.833155e-07,-0.0047726218
2.834155e-07,-0.0047884191
2.835155e-07,-0.0048149874
2.836155e-07,-0.0048480182
2.837155e-07,-0.0048767406
2.838155e-07,-0.0048918199
2.839155e-07,-0.0048896657
2.840155e-07,-0.0048724322
2.841155e-07,-0.0048508904
2.842155e-07,-0.004834375
2.843155e-07,-0.0048300666
2.844155e-07,-0.0048379653
2.845155e-07,-0.0048530446
2.846155e-07,-0.0048688419
2.847155e-07,-0.0048803309
2.848155e-07,-0.0048875115
2.849155e-07,-0.004893974
2.850155e-07,-0.0049033088
2.851155e-07,-0.0049147978
2.852155e-07,-0.0049248506
2.853155e-07,-0.0049262868
2.854155e-07,-0.0049147978
2.855155e-07,-0.0048903837
2.856155e-07,-0.0048609432
2.857155e-07,-0.0048350931
2.858155e-07,-0.004822886
2.859155e-07,-0.0048264763
2.860155e-07,-0.0048422737
2.861155e-07,-0.0048595071
2.862155e-07,-0.0048688419
2.863155e-07,-0.0048645335
2.864155e-07,-0.0048487362
2.865155e-07,-0.0048279125
2.866155e-07,-0.0048113971
2.867155e-07,-0.0048042165
2.868155e-07,-0.0048070887
2.869155e-07,-0.0048149874
2.870155e-07,-0.004822886
2.871155e-07,-0.0048271944
2.872155e-07,-0.0048286305
2.873155e-07,-0.0048300666
2.874155e-07,-0.004834375
2.875155e-07,-0.0048415556
2.876155e-07,-0.004846582
2.877155e-07,-0.0048451459
2.878155e-07,-0.004834375
2.879155e-07,-0.0048178596
2.880155e-07,-0.0048027803
2.881155e-07,-0.00479919
2.882155e-07,-0.0048113971
2.883155e-07,-0.0048365292
2.884155e-07,-0.0048645335
2.885155e-07,-0.0048824851
2.886155e-07,-0.0048803309
2.887155e-07,-0.004858071
2.888155e-07,-0.0048243222
2.889155e-07,-0.0047934455
2.890155e-07,-0.0047769301
2.891155e-07,-0.0047798024
2.892155e-07,-0.0047963178
2.893155e-07,-0.0048142693
2.894155e-07,-0.004822886
2.895155e-07,-0.0048157054
2.896155e-07,-0.0047970358
2.897155e-07,-0.0047769301
2.898155e-07,-0.0047654412
2.899155e-07,-0.0047683134
2.900155e-07,-0.0047819566
2.901155e-07,-0.0047963178
2.902155e-07,-0.0047999081
2.903155e-07,-0.0047884191
2.904155e-07,-0.0047640051
2.905155e-07,-0.0047374368
2.906155e-07,-0.0047194853
2.907155e-07,-0.0047166131
2.908155e-07,-0.0047266659
2.909155e-07,-0.0047424632
2.910155e-07,-0.0047539522
2.911155e-07,-0.0047546703
2.912155e-07,-0.0047446174
2.913155e-07,-0.0047302562
2.914155e-07,-0.0047194853
2.915155e-07,-0.0047173311
2.916155e-07,-0.0047223575
2.917155e-07,-0.0047288201
2.918155e-07,-0.0047309743
2.919155e-07,-0.0047245117
2.920155e-07,-0.0047130227
2.921155e-07,-0.0047015338
2.922155e-07,-0.0046965074
2.923155e-07,-0.0047008157
2.924155e-07,-0.0047101505
2.925155e-07,-0.0047187672
2.926155e-07,-0.0047194853
2.927155e-07,-0.0047123047
2.928155e-07,-0.0047008157
2.929155e-07,-0.0046936351
2.930155e-07,-0.0046965074
2.931155e-07,-0.0047108686
2.932155e-07,-0.0047288201
2.933155e-07,-0.0047424632
2.934155e-07,-0.0047424632
2.935155e-07,-0.004728102
2.936155e-07,-0.0047065602
2.937155e-07,-0.0046886087
2.938155e-07,-0.0046850184
2.939155e-07,-0.0046993796
2.940155e-07,-0.0047252298
2.941155e-07,-0.00475108
2.942155e-07,-0.0047654412
2.943155e-07,-0.004763287
2.944155e-07,-0.0047474897
2.945155e-07,-0.0047288201
2.946155e-07,-0.0047194853
2.947155e-07,-0.0047245117
2.948155e-07,-0.0047424632
2.949155e-07,-0.004763287
2.950155e-07,-0.0047769301
2.951155e-07,-0.004775494
2.952155e-07,-0.0047604148
2.953155e-07,-0.0047388729
2.954155e-07,-0.0047194853
2.955155e-07,-0.0047087144
2.956155e-07,-0.0047072783
2.957155e-07,-0.0047087144
2.958155e-07,-0.0047079963
2.959155e-07,-0.0047015338
2.960155e-07,-0.0046907629
2.961155e-07,-0.0046835823
2.962155e-07,-0.0046850184
2.963155e-07,-0.0046972254
2.964155e-07,-0.0047144589
2.965155e-07,-0.0047288201
2.966155e-07,-0.0047309743
2.967155e-07,-0.0047180492
2.968155e-07,-0.0046936351
2.969155e-07,-0.0046677849
2.970155e-07,-0.0046505515
2.971155e-07,-0.0046469612
2.972155e-07,-0.0046555779
2.973155e-07,-0.0046677849
2.974155e-07,-0.0046735294
2.975155e-07,-0.004668503
2.976155e-07,-0.0046548598
2.977155e-07,-0.0046383444
2.978155e-07,-0.0046275735
2.979155e-07,-0.0046275735
2.980155e-07,-0.0046361903
2.981155e-07,-0.0046462431
2.982155e-07,-0.0046505515
2.983155e-07,-0.0046462431
2.984155e-07,-0.0046354722
2.985155e-07,-0.0046268555
2.986155e-07,-0.0046275735
2.987155e-07,-0.0046419347
2.988155e-07,-0.0046663488
2.989155e-07,-0.004692199
2.990155e-07,-0.0047079963
2.991155e-07,-0.0047087144
2.992155e-07,-0.0046957893
2.993155e-07,-0.0046771197
2.994155e-07,-0.0046620404
2.995155e-07,-0.0046577321
2.996155e-07,-0.0046641946
2.997155e-07,-0.0046764017
2.998155e-07,-0.0046850184
2.999155e-07,-0.0046857364
3.000155e-07,-0.0046778378
3.001155e-07,-0.0046677849
3.002155e-07,-0.0046620404
3.003155e-07,-0.0046663488
3.004155e-07,-0.004679992
3.005155e-07,-0.0046972254
3.006155e-07,-0.0047079963
3.007155e-07,-0.0047072783
3.008155e-07,-0.004692917
3.009155e-07,-0.0046713752
3.010155e-07,-0.0046505515
3.011155e-07,-0.0046383444
3.012155e-07,-0.0046376264
3.013155e-07,-0.0046469612
3.014155e-07,-0.0046620404
3.015155e-07,-0.0046764017
3.016155e-07,-0.0046871726
3.017155e-07,-0.004692917
3.018155e-07,-0.0046965074
3.019155e-07,-0.0046986615
3.020155e-07,-0.0047008157
3.021155e-07,-0.0047000977
3.022155e-07,-0.0046965074
3.023155e-07,-0.0046893267
3.024155e-07,-0.00468071
3.025155e-07,-0.0046749655
3.026155e-07,-0.0046735294
3.027155e-07,-0.0046778378
3.028155e-07,-0.0046857364
3.029155e-07,-0.004692917
3.030155e-07,-0.0046965074
3.031155e-07,-0.0046957893
3.032155e-07,-0.004692199
3.033155e-07,-0.004692199
3.034155e-07,-0.0046965074
3.035155e-07,-0.0047065602
3.036155e-07,-0.0047187672
3.037155e-07,-0.004728102
3.038155e-07,-0.0047309743
3.039155e-07,-0.004727384
3.040155e-07,-0.0047216395
3.041155e-07,-0.0047180492
3.042155e-07,-0.0047194853
3.043155e-07,-0.0047259478
3.044155e-07,-0.0047316923
3.045155e-07,-0.0047309743
3.046155e-07,-0.0047194853
3.047155e-07,-0.0046986615
3.048155e-07,-0.0046742475
3.049155e-07,-0.004656296
3.050155e-07,-0.0046505515
3.051155e-07,-0.0046591682
3.052155e-07,-0.0046756836
3.053155e-07,-0.0046914809
3.054155e-07,-0.0046965074
3.055155e-07,-0.0046878906
3.056155e-07,-0.0046677849
3.057155e-07,-0.0046440889
3.058155e-07,-0.0046275735
3.059155e-07,-0.0046225471
3.060155e-07,-0.0046290097
3.061155e-07,-0.0046404986
3.062155e-07,-0.0046505515
3.063155e-07,-0.0046534237
3.064155e-07,-0.0046491153
3.065155e-07,-0.0046419347
3.066155e-07,-0.0046390625
3.067155e-07,-0.0046433709
3.068155e-07,-0.0046548598
3.069155e-07,-0.0046670669
3.070155e-07,-0.0046735294
3.071155e-07,-0.0046706572
3.072155e-07,-0.0046577321
3.073155e-07,-0.0046412167
3.074155e-07,-0.0046275735
3.075155e-07,-0.0046225471
3.076155e-07,-0.0046275735
3.077155e-07,-0.0046390625
3.078155e-07,-0.0046505515
3.079155e-07,-0.0046577321
3.080155e-07,-0.0046577321
3.081155e-07,-0.0046541418
3.082155e-07,-0.0046505515
3.083155e-07,-0.0046527057
3.084155e-07,-0.0046620404
3.085155e-07,-0.0046778378
3.086155e-07,-0.0046965074
3.087155e-07,-0.0047144589
3.088155e-07,-0.0047295381
3.089155e-07,-0.0047417452
3.090155e-07,-0.0047539522
3.091155e-07,-0.0047661592
3.092155e-07,-0.0047790843
3.093155e-07,-0.0047912914
3.094155e-07,-0.0047999081
3.095155e-07,-0.0048049345
3.096155e-07,-0.0048063706
3.097155e-07,-0.0048078068
3.098155e-07,-0.0048113971
3.099155e-07,-0.0048178596
3.100155e-07,-0.0048250402
3.101155e-07,-0.0048315028
3.102155e-07,-0.004834375
3.103155e-07,-0.0048329389
3.104155e-07,-0.0048279125
3.105155e-07,-0.0048236041
3.106155e-07,-0.004822886
3.107155e-07,-0.0048264763
3.108155e-07,-0.0048336569
3.109155e-07,-0.0048408375
3.110155e-07,-0.004845864
3.111155e-07,-0.0048494543
3.112155e-07,-0.0048537626
3.113155e-07,-0.0048630974
3.114155e-07,-0.0048803309
3.115155e-07,-0.004905463
3.116155e-07,-0.0049334674
3.117155e-07,-0.0049578814
3.118155e-07,-0.0049722426
3.119155e-07,-0.0049729607
3.120155e-07,-0.0049607537
3.121155e-07,-0.0049428022
3.122155e-07,-0.0049262868
3.123155e-07,-0.004916952
3.124155e-07,-0.00491767
3.125155e-07,-0.0049262868
3.126155e-07,-0.0049377757
3.127155e-07,-0.0049485466
3.128155e-07,-0.0049550092
3.129155e-07,-0.0049578814
3.130155e-07,-0.0049607537
3.131155e-07,-0.004965062
3.132155e-07,-0.0049736788
3.133155e-07,-0.0049844497
3.134155e-07,-0.0049952206
3.135155e-07,-0.0050031193
3.136155e-07,-0.0050059915
3.137155e-07,-0.0050031193
3.138155e-07,-0.0049952206
3.139155e-07,-0.0049844497
3.140155e-07,-0.0049722426
3.141155e-07,-0.0049600356
3.142155e-07,-0.0049492647
3.143155e-07,-0.004941366
3.144155e-07,-0.0049377757
3.145155e-07,-0.004940648
3.146155e-07,-0.0049492647
3.147155e-07,-0.0049629079
3.148155e-07,-0.0049794233
3.149155e-07,-0.0049945025
3.150155e-07,-0.0050067096
3.151155e-07,-0.0050153263
3.152155e-07,-0.0050203527
3.153155e-07,-0.0050253791
3.154155e-07,-0.0050296875
3.155155e-07,-0.0050339959
3.156155e-07,-0.0050368681
3.157155e-07,-0.005035432
3.158155e-07,-0.0050296875
3.159155e-07,-0.0050203527
3.160155e-07,-0.0050095818
3.161155e-07,-0.005000247
3.162155e-07,-0.0049952206
3.163155e-07,-0.0049930664
3.164155e-07,-0.0049901942
3.165155e-07,-0.0049844497
3.166155e-07,-0.0049722426
3.167155e-07,-0.0049550092
3.168155e-07,-0.0049363396
3.169155e-07,-0.0049212603
3.170155e-07,-0.0049147978
3.171155e-07,-0.004916952
3.172155e-07,-0.0049255687
3.173155e-07,-0.0049341854
3.174155e-07,-0.0049377757
3.175155e-07,-0.0049327493
3.176155e-07,-0.0049191062
3.177155e-07,-0.0048997185
3.178155e-07,-0.0048803309
3.179155e-07,-0.0048630974
3.180155e-07,-0.0048487362
3.181155e-07,-0.0048358111
3.182155e-07,-0.004822886
3.183155e-07,-0.0048085248
3.184155e-07,-0.0047955997
3.185155e-07,-0.0047877011
3.186155e-07,-0.0047884191
3.187155e-07,-0.004798472
3.188155e-07,-0.0048157054
3.189155e-07,-0.004834375
3.190155e-07,-0.004845864
3.191155e-07,-0.004845864
3.192155e-07,-0.0048336569
3.193155e-07,-0.0048121151
3.194155e-07,-0.0047884191
3.195155e-07,-0.0047697495
3.196155e-07,-0.0047618509
3.197155e-07,-0.0047654412
3.198155e-07,-0.0047769301
3.199155e-07,-0.0047920094
3.200155e-07,-0.0048049345
3.201155e-07,-0.0048113971
3.202155e-07,-0.0048113971
3.203155e-07,-0.0048063706
3.204155e-07,-0.0048006261
3.205155e-07,-0.0047977539
3.206155e-07,-0.0047999081
3.207155e-07,-0.0048085248
3.208155e-07,-0.0048214499
3.209155e-07,-0.0048350931
3.210155e-07,-0.004845864
3.211155e-07,-0.0048494543
3.212155e-07,-0.0048437098
3.213155e-07,-0.0048300666
3.214155e-07,-0.0048113971
3.215155e-07,-0.0047941636
3.216155e-07,-0.0047833927
3.217155e-07,-0.0047812385
3.218155e-07,-0.0047884191
3.219155e-07,-0.0048006261
3.220155e-07,-0.0048121151
3.221155e-07,-0.0048200138
3.222155e-07,-0.004822886
3.223155e-07,-0.004822886
3.224155e-07,-0.0048250402
3.225155e-07,-0.0048322208
3.226155e-07,-0.004845864
3.227155e-07,-0.0048616613
3.228155e-07,-0.0048738683
3.229155e-07,-0.0048767406
3.230155e-07,-0.0048688419
3.231155e-07,-0.0048530446
3.232155e-07,-0.0048372472
3.233155e-07,-0.0048293486
3.234155e-07,-0.004834375
3.235155e-07,-0.0048523265
3.236155e-07,-0.0048774586
3.237155e-07,-0.0049004366
3.238155e-07,-0.0049147978
3.239155e-07,-0.00491767
3.240155e-07,-0.0049119256
3.241155e-07,-0.0049047449
3.242155e-07,-0.0049033088
3.243155e-07,-0.0049112075
3.244155e-07,-0.0049277229
3.245155e-07,-0.0049463925
3.246155e-07,-0.0049607537
3.247155e-07,-0.0049664982
3.248155e-07,-0.0049636259
3.249155e-07,-0.0049557273
3.250155e-07,-0.0049492647
3.251155e-07,-0.0049478286
3.252155e-07,-0.004952855
3.253155e-07,-0.0049614717
3.254155e-07,-0.0049722426
3.255155e-07,-0.0049815774
3.256155e-07,-0.0049894761
3.257155e-07,-0.0049973748
3.258155e-07,-0.0050067096
3.259155e-07,-0.0050181985
3.260155e-07,-0.0050304056
3.261155e-07,-0.0050390223
3.262155e-07,-0.0050411765
3.263155e-07,-0.0050375862
3.264155e-07,-0.0050311236
3.265155e-07,-0.0050268153
3.266155e-07,-0.0050296875
3.267155e-07,-0.0050418945
3.268155e-07,-0.0050605641
3.269155e-07,-0.0050813879
3.270155e-07,-0.0050986213
3.271155e-07,-0.0051086742
3.272155e-07,-0.0051122645
3.273155e-07,-0.0051108284
3.274155e-07,-0.0051101103
3.275155e-07,-0.0051115464
3.276155e-07,-0.0051158548
3.277155e-07,-0.0051208812
3.278155e-07,-0.0051215993
3.279155e-07,-0.0051172909
3.280155e-07,-0.0051086742
3.281155e-07,-0.0050971852
3.282155e-07,-0.0050871324
3.283155e-07,-0.0050792337
3.284155e-07,-0.0050742073
3.285155e-07,-0.0050698989
3.286155e-07,-0.0050641544
3.287155e-07,-0.0050569738
3.288155e-07,-0.0050512293
3.289155e-07,-0.0050490751
3.290155e-07,-0.0050526654
3.291155e-07,-0.0050620002
3.292155e-07,-0.0050734892
3.293155e-07,-0.005083542
3.294155e-07,-0.0050871324
3.295155e-07,-0.005083542
3.296155e-07,-0.0050763614
3.297155e-07,-0.0050677447
3.298155e-07,-0.0050641544
3.299155e-07,-0.0050655905
3.300155e-07,-0.005070617
3.301155e-07,-0.0050756434
3.302155e-07,-0.0050756434
3.303155e-07,-0.0050698989
3.304155e-07,-0.005059846
3.305155e-07,-0.0050490751
3.306155e-07,-0.0050411765
3.307155e-07,-0.0050375862
3.308155e-07,-0.0050368681
3.309155e-07,-0.005035432
3.310155e-07,-0.0050296875
3.311155e-07,-0.0050196347
3.312155e-07,-0.0050059915
3.313155e-07,-0.0049930664
3.314155e-07,-0.0049837316
3.315155e-07,-0.0049787052
3.316155e-07,-0.0049772691
3.317155e-07,-0.004975833
3.318155e-07,-0.0049722426
3.319155e-07,-0.0049664982
3.320155e-07,-0.0049593176
3.321155e-07,-0.0049535731
3.322155e-07,-0.0049492647
3.323155e-07,-0.0049449563
3.324155e-07,-0.0049377757
3.325155e-07,-0.0049234145
3.326155e-07,-0.0049033088
3.327155e-07,-0.0048810489
3.328155e-07,-0.0048638155
3.329155e-07,-0.0048587891
3.330155e-07,-0.0048688419
3.331155e-07,-0.0048896657
3.332155e-07,-0.0049126436
3.333155e-07,-0.0049270048
3.334155e-07,-0.0049262868
3.335155e-07,-0.0049104894
3.336155e-07,-0.0048867934
3.337155e-07,-0.0048659697
3.338155e-07,-0.0048573529
3.339155e-07,-0.0048638155
3.340155e-07,-0.0048796128
3.341155e-07,-0.0048961282
3.342155e-07,-0.0049033088
3.343155e-07,-0.0048975643
3.344155e-07,-0.004881767
3.345155e-07,-0.0048652516
3.346155e-07,-0.0048573529
3.347155e-07,-0.0048623794
3.348155e-07,-0.0048788948
3.349155e-07,-0.0048990005
3.350155e-07,-0.0049147978
3.351155e-07,-0.0049198242
3.352155e-07,-0.0049155159
3.353155e-07,-0.0049068991
3.354155e-07,-0.0049033088
3.355155e-07,-0.0049097714
3.356155e-07,-0.0049248506
3.357155e-07,-0.0049449563
3.358155e-07,-0.0049607537
3.359155e-07,-0.0049664982
3.360155e-07,-0.0049614717
3.361155e-07,-0.0049499828
3.362155e-07,-0.0049377757
3.363155e-07,-0.0049313132
3.364155e-07,-0.0049334674
3.365155e-07,-0.004940648
3.366155e-07,-0.0049492647
3.367155e-07,-0.0049557273
3.368155e-07,-0.0049578814
3.369155e-07,-0.0049585995
3.370155e-07,-0.0049607537
3.371155e-07,-0.0049664982
3.372155e-07,-0.004976551
3.373155e-07,-0.0049873219
3.374155e-07,-0.0049952206
3.375155e-07,-0.0049988109
3.376155e-07,-0.0049973748
3.377155e-07,-0.0049952206
3.378155e-07,-0.0049952206
3.379155e-07,-0.004999529
3.380155e-07,-0.0050081457
3.381155e-07,-0.0050189166
3.382155e-07,-0.0050296875
3.383155e-07,-0.0050404584
3.384155e-07,-0.0050505113
3.385155e-07,-0.0050627183
3.386155e-07,-0.0050756434
3.387155e-07,-0.0050878504
3.388155e-07,-0.0050964671
3.389155e-07,-0.0050964671
3.390155e-07,-0.0050871324
3.391155e-07,-0.0050720531
3.392155e-07,-0.0050576919
3.393155e-07,-0.0050497932
3.394155e-07,-0.0050526654
3.395155e-07,-0.0050641544
3.396155e-07,-0.0050785156
3.397155e-07,-0.0050878504
3.398155e-07,-0.0050871324
3.399155e-07,-0.0050756434
3.400155e-07,-0.005059128
3.401155e-07,-0.0050462029
3.402155e-07,-0.0050411765
3.403155e-07,-0.0050462029
3.404155e-07,-0.0050562557
3.405155e-07,-0.0050641544
3.406155e-07,-0.0050641544
3.407155e-07,-0.0050555377
3.408155e-07,-0.0050440487
3.409155e-07,-0.0050368681
3.410155e-07,-0.0050411765
3.411155e-07,-0.0050576919
3.412155e-07,-0.0050821059
3.413155e-07,-0.0051058019
3.414155e-07,-0.0051215993
3.415155e-07,-0.0051273437
3.416155e-07,-0.0051280618
3.417155e-07,-0.0051309341
3.418155e-07,-0.0051445772
3.419155e-07,-0.0051697093
3.420155e-07,-0.0051998679
3.421155e-07,-0.0052257181
3.422155e-07,-0.005236489
3.423155e-07,-0.0052271542
3.424155e-07,-0.005201304
3.425155e-07,-0.0051697093
3.426155e-07,-0.0051445772
3.427155e-07,-0.0051345244
3.428155e-07,-0.0051409869
3.429155e-07,-0.0051582204
3.430155e-07,-0.0051790441
3.431155e-07,-0.0051948415
3.432155e-07,-0.0052034582
3.433155e-07,-0.0052077665
3.434155e-07,-0.005213511
3.435155e-07,-0.0052242819
3.436155e-07,-0.0052400793
3.437155e-07,-0.0052580308
3.438155e-07,-0.0052709559
3.439155e-07,-0.0052759823
3.440155e-07,-0.005272392
3.441155e-07,-0.0052644933
3.442155e-07,-0.0052594669
3.443155e-07,-0.005260903
3.444155e-07,-0.0052695198
3.445155e-07,-0.0052824449
3.446155e-07,-0.0052939338
3.447155e-07,-0.0053011144
3.448155e-07,-0.0053025506
3.449155e-07,-0.0053025506
3.450155e-07,-0.0053054228
3.451155e-07,-0.0053133215
3.452155e-07,-0.0053248104
3.453155e-07,-0.0053355813
3.454155e-07,-0.0053398897
3.455155e-07,-0.0053348633
3.456155e-07,-0.0053212201
3.457155e-07,-0.0053054228
3.458155e-07,-0.0052939338
3.459155e-07,-0.0052939338
3.460155e-07,-0.0053061409
3.461155e-07,-0.0053276827
3.462155e-07,-0.0053513787
3.463155e-07,-0.0053693302
3.464155e-07,-0.0053772289
3.465155e-07,-0.0053736386
3.466155e-07,-0.0053628676
3.467155e-07,-0.0053492245
3.468155e-07,-0.0053377355
3.469155e-07,-0.0053305549
3.470155e-07,-0.0053284007
3.471155e-07,-0.0053298369
3.472155e-07,-0.0053327091
3.473155e-07,-0.0053362994
3.474155e-07,-0.0053398897
3.475155e-07,-0.0053427619
3.476155e-07,-0.00534348
3.477155e-07,-0.0053427619
3.478155e-07,-0.0053398897
3.479155e-07,-0.0053370175
3.480155e-07,-0.0053348633
3.481155e-07,-0.0053362994
3.482155e-07,-0.0053398897
3.483155e-07,-0.0053449161
3.484155e-07,-0.0053485064
3.485155e-07,-0.0053470703
3.486155e-07,-0.0053398897
3.487155e-07,-0.0053298369
3.488155e-07,-0.005319784
3.489155e-07,-0.0053147576
3.490155e-07,-0.0053169118
3.491155e-07,-0.0053255285
3.492155e-07,-0.0053370175
3.493155e-07,-0.0053463523
3.494155e-07,-0.0053513787
3.495155e-07,-0.0053520967
3.496155e-07,-0.0053513787
3.497155e-07,-0.0053542509
3.498155e-07,-0.0053628676
3.499155e-07,-0.0053765108
3.500155e-07,-0.005390872
3.501155e-07,-0.0053987707
3.502155e-07,-0.0053973346
3.503155e-07,-0.0053851275
3.504155e-07,-0.005367176
3.505155e-07,-0.0053499426
3.506155e-07,-0.0053398897
3.507155e-07,-0.0053391716
3.508155e-07,-0.0053456342
3.509155e-07,-0.005354969
3.510155e-07,-0.0053628676
3.511155e-07,-0.005367176
3.512155e-07,-0.0053700483
3.513155e-07,-0.0053750747
3.514155e-07,-0.0053858456
3.515155e-07,-0.005402361
3.516155e-07,-0.0054210306
3.517155e-07,-0.0054368279
3.518155e-07,-0.0054432904
3.519155e-07,-0.0054397001
3.520155e-07,-0.0054282112
3.521155e-07,-0.0054160041
3.522155e-07,-0.0054088235
3.523155e-07,-0.0054102597
3.524155e-07,-0.0054210306
3.525155e-07,-0.005437546
3.526155e-07,-0.0054547794
3.527155e-07,-0.0054705767
3.528155e-07,-0.0054835018
3.529155e-07,-0.005497145
3.530155e-07,-0.0055122243
3.531155e-07,-0.0055287397
3.532155e-07,-0.005544537
3.533155e-07,-0.0055553079
3.534155e-07,-0.0055581801
3.535155e-07,-0.0055538718
3.536155e-07,-0.0055466912
3.537155e-07,-0.0055431009
3.538155e-07,-0.0055466912
3.539155e-07,-0.0055596163
3.540155e-07,-0.005579722
3.541155e-07,-0.0055998277
3.542155e-07,-0.005615625
3.543155e-07,-0.0056235237
3.544155e-07,-0.0056256778
3.545155e-07,-0.0056256778
3.546155e-07,-0.005627114
3.547155e-07,-0.0056321404
3.548155e-07,-0.0056400391
3.549155e-07,-0.0056465016
3.550155e-07,-0.0056500919
3.551155e-07,-0.00565081
3.552155e-07,-0.00565081
3.553155e-07,-0.0056536822
3.554155e-07,-0.0056615809
3.555155e-07,-0.0056723518
3.556155e-07,-0.0056816866
3.557155e-07,-0.0056824046
3.558155e-07,-0.0056730699
3.559155e-07,-0.0056544003
3.560155e-07,-0.0056314223
3.561155e-07,-0.0056134708
3.562155e-07,-0.005604136
3.563155e-07,-0.0056048541
3.564155e-07,-0.0056113166
3.565155e-07,-0.0056163431
3.566155e-07,-0.005615625
3.567155e-07,-0.0056084444
3.568155e-07,-0.0055983915
3.569155e-07,-0.005591929
3.570155e-07,-0.0055926471
3.571155e-07,-0.0055991096
3.572155e-07,-0.0056048541
3.573155e-07,-0.005604136
3.574155e-07,-0.0055926471
3.575155e-07,-0.0055732594
3.576155e-07,-0.0055538718
3.577155e-07,-0.0055431009
3.578155e-07,-0.0055466912
3.579155e-07,-0.0055624885
3.580155e-07,-0.00558044
3.581155e-07,-0.0055897748
3.582155e-07,-0.0055811581
3.583155e-07,-0.0055553079
3.584155e-07,-0.005520841
3.585155e-07,-0.0054914005
3.586155e-07,-0.0054777574
3.587155e-07,-0.0054842199
3.588155e-07,-0.0055043256
3.589155e-07,-0.0055251494
3.590155e-07,-0.0055352022
3.591155e-07,-0.0055287397
3.592155e-07,-0.0055079159
3.593155e-07,-0.0054835018
3.594155e-07,-0.0054662684
3.595155e-07,-0.0054605239
3.596155e-07,-0.0054648323
3.597155e-07,-0.0054698587
3.598155e-07,-0.0054662684
3.599155e-07,-0.005449753
3.600155e-07,-0.0054224667
3.601155e-07,-0.0053937443
3.602155e-07,-0.0053743566
3.603155e-07,-0.0053700483
3.604155e-07,-0.005379383
3.605155e-07,-0.0053951804
3.606155e-07,-0.0054088235
3.607155e-07,-0.005414568
3.608155e-07,-0.0054124138
3.609155e-07,-0.0054088235
3.610155e-07,-0.0054088235
3.611155e-07,-0.0054167222
3.612155e-07,-0.0054289292
3.613155e-07,-0.0054404182
3.614155e-07,-0.0054432904
3.615155e-07,-0.0054361098
3.616155e-07,-0.0054224667
3.617155e-07,-0.0054109777
3.618155e-07,-0.0054088235
3.619155e-07,-0.0054195944
3.620155e-07,-0.0054404182
3.621155e-07,-0.0054626781
3.622155e-07,-0.0054777574
3.623155e-07,-0.0054827838
3.624155e-07,-0.0054813477
3.625155e-07,-0.0054813477
3.626155e-07,-0.0054892463
3.627155e-07,-0.005509352
3.628155e-07,-0.0055373564
3.629155e-07,-0.0055639246
3.630155e-07,-0.0055811581
3.631155e-07,-0.0055840303
3.632155e-07,-0.0055754136
3.633155e-07,-0.0055639246
3.634155e-07,-0.0055581801
3.635155e-07,-0.0055639246
3.636155e-07,-0.0055782858
3.637155e-07,-0.0055940832
3.638155e-07,-0.005604136
3.639155e-07,-0.005603418
3.640155e-07,-0.0055948012
3.641155e-07,-0.0055847484
3.642155e-07,-0.0055811581
3.643155e-07,-0.0055883387
3.644155e-07,-0.005603418
3.645155e-07,-0.0056192153
3.646155e-07,-0.005627114
3.647155e-07,-0.0056228056
3.648155e-07,-0.0056084444
3.649155e-07,-0.0055912109
3.650155e-07,-0.0055811581
3.651155e-07,-0.0055825942
3.652155e-07,-0.0055948012
3.653155e-07,-0.0056120347
3.654155e-07,-0.005627114
3.655155e-07,-0.0056342946
3.656155e-07,-0.0056335765
3.657155e-07,-0.0056292682
3.658155e-07,-0.005627114
3.659155e-07,-0.0056299862
3.660155e-07,-0.0056357307
3.661155e-07,-0.0056400391
3.662155e-07,-0.0056386029
3.663155e-07,-0.0056292682
3.664155e-07,-0.0056163431
3.665155e-07,-0.0056062902
3.666155e-07,-0.005604136
3.667155e-07,-0.0056127528
3.668155e-07,-0.005627832
3.669155e-07,-0.0056429113
3.670155e-07,-0.0056500919
3.671155e-07,-0.0056479377
3.672155e-07,-0.005639321
3.673155e-07,-0.0056299862
3.674155e-07,-0.005627114
3.675155e-07,-0.0056314223
3.676155e-07,-0.005639321
3.677155e-07,-0.0056443474
3.678155e-07,-0.0056386029
3.679155e-07,-0.0056220875
3.680155e-07,-0.0055991096
3.681155e-07,-0.0055790039
3.682155e-07,-0.0055696691
3.683155e-07,-0.0055739775
3.684155e-07,-0.0055890568
3.685155e-07,-0.0056055722
3.686155e-07,-0.005615625
3.687155e-07,-0.0056149069
3.688155e-07,-0.0056048541
3.689155e-07,-0.005591929
3.690155e-07,-0.0055811581
3.691155e-07,-0.0055754136
3.692155e-07,-0.0055725414
3.693155e-07,-0.0055646427
3.694155e-07,-0.0055466912
3.695155e-07,-0.0055179687
3.696155e-07,-0.0054835018
3.697155e-07,-0.0054519072
3.698155e-07,-0.0054318015
3.699155e-07,-0.0054253389
3.700155e-07,-0.0054282112
3.701155e-07,-0.0054332376
3.702155e-07,-0.0054318015
3.703155e-07,-0.0054210306
3.704155e-07,-0.0054045152
3.705155e-07,-0.005390872
3.706155e-07,-0.0053858456
3.707155e-07,-0.0053930262
3.708155e-07,-0.0054073874
3.709155e-07,-0.0054188764
3.710155e-07,-0.0054203125
3.711155e-07,-0.0054066693
3.712155e-07,-0.0053822553
3.713155e-07,-0.0053564051
3.714155e-07,-0.0053398897
3.715155e-07,-0.0053384536
3.716155e-07,-0.0053506606
3.717155e-07,-0.0053693302
3.718155e-07,-0.0053858456
3.719155e-07,-0.0053937443
3.720155e-07,-0.0053923081
3.721155e-07,-0.0053879998
3.722155e-07,-0.0053858456
3.723155e-07,-0.005390154
3.724155e-07,-0.0053994887
3.725155e-07,-0.0054081055
3.726155e-07,-0.0054088235
3.727155e-07,-0.0053987707
3.728155e-07,-0.0053815372
3.729155e-07,-0.0053628676
3.730155e-07,-0.0053513787
3.731155e-07,-0.0053513787
3.732155e-07,-0.0053614315
3.733155e-07,-0.0053757927
3.734155e-07,-0.0053858456
3.735155e-07,-0.0053879998
3.736155e-07,-0.0053829733
3.737155e-07,-0.0053765108
3.738155e-07,-0.0053743566
3.739155e-07,-0.0053801011
3.740155e-07,-0.0053915901
3.741155e-07,-0.0054037971
3.742155e-07,-0.0054088235
3.743155e-07,-0.0054037971
3.744155e-07,-0.0053887178
3.745155e-07,-0.0053693302
3.746155e-07,-0.0053513787
3.747155e-07,-0.0053384536
3.748155e-07,-0.0053305549
3.749155e-07,-0.0053248104
3.750155e-07,-0.0053169118
3.751155e-07,-0.0053068589
3.752155e-07,-0.0052989602
3.753155e-07,-0.0052968061
3.754155e-07,-0.0053054228
3.755155e-07,-0.0053240924
3.756155e-07,-0.0053456342
3.757155e-07,-0.0053614315
3.758155e-07,-0.0053628676
3.759155e-07,-0.0053463523
3.760155e-07,-0.0053147576
3.761155e-07,-0.0052788545
3.762155e-07,-0.0052479779
3.763155e-07,-0.0052285903
3.764155e-07,-0.0052221278
3.765155e-07,-0.0052235639
3.766155e-07,-0.005225
3.767155e-07,-0.0052221278
3.768155e-07,-0.0052149472
3.769155e-07,-0.0052070485
3.770155e-07,-0.0052020221
3.771155e-07,-0.0052034582
3.772155e-07,-0.0052084846
3.773155e-07,-0.005213511
3.774155e-07,-0.005213511
3.775155e-07,-0.0052056124
3.776155e-07,-0.0051934053
3.777155e-07,-0.0051826344
3.778155e-07,-0.0051790441
3.779155e-07,-0.0051855067
3.780155e-07,-0.0051998679
3.781155e-07,-0.0052156652
3.782155e-07,-0.005225
3.783155e-07,-0.0052242819
3.784155e-07,-0.0052142291
3.785155e-07,-0.0052005859
3.786155e-07,-0.0051905331
3.787155e-07,-0.005189097
3.788155e-07,-0.0051955595
3.789155e-07,-0.0052056124
3.790155e-07,-0.005213511
3.791155e-07,-0.0052142291
3.792155e-07,-0.0052084846
3.793155e-07,-0.0051984318
3.794155e-07,-0.0051905331
3.795155e-07,-0.0051883789
3.796155e-07,-0.0051912511
3.797155e-07,-0.0051977137
3.798155e-07,-0.0052020221
3.799155e-07,-0.005201304
3.800155e-07,-0.0051948415
3.801155e-07,-0.0051862247
3.802155e-07,-0.0051790441
3.803155e-07,-0.0051761719
3.804155e-07,-0.0051768899
3.805155e-07,-0.0051790441
3.806155e-07,-0.0051790441
3.807155e-07,-0.0051747358
3.808155e-07,-0.0051675551
3.809155e-07,-0.0051603745
3.810155e-07,-0.0051560662
3.811155e-07,-0.0051567842
3.812155e-07,-0.0051610926
3.813155e-07,-0.005165401
3.814155e-07,-0.0051675551
3.815155e-07,-0.005166119
3.816155e-07,-0.0051625287
3.817155e-07,-0.0051618107
3.818155e-07,-0.0051675551
3.819155e-07,-0.0051797622
3.820155e-07,-0.0051955595
3.821155e-07,-0.0052084846
3.822155e-07,-0.005213511
3.823155e-07,-0.0052084846
3.824155e-07,-0.0051948415
3.825155e-07,-0.0051790441
3.826155e-07,-0.0051675551
3.827155e-07,-0.005165401
3.828155e-07,-0.0051711455
3.829155e-07,-0.0051819164
3.830155e-07,-0.0051905331
3.831155e-07,-0.0051934053
3.832155e-07,-0.005189097
3.833155e-07,-0.0051826344
3.834155e-07,-0.0051790441
3.835155e-07,-0.0051833525
3.836155e-07,-0.0051969956
3.837155e-07,-0.0052163833
3.838155e-07,-0.005236489
3.839155e-07,-0.0052508502
3.840155e-07,-0.0052565947
3.841155e-07,-0.0052544405
3.842155e-07,-0.0052479779
3.843155e-07,-0.0052422335
3.844155e-07,-0.0052407973
3.845155e-07,-0.0052429515
3.846155e-07,-0.0052479779
3.847155e-07,-0.0052530044
3.848155e-07,-0.0052558766
3.849155e-07,-0.0052573127
3.850155e-07,-0.0052594669
3.851155e-07,-0.0052637753
3.852155e-07,-0.0052716739
3.853155e-07,-0.0052824449
3.854155e-07,-0.0052939338
3.855155e-07,-0.0053032686
3.856155e-07,-0.005308295
3.857155e-07,-0.005308295
3.858155e-07,-0.0053054228
3.859155e-07,-0.0053003964
3.860155e-07,-0.0052968061
3.861155e-07,-0.0052939338
3.862155e-07,-0.0052939338
3.863155e-07,-0.0052953699
3.864155e-07,-0.0052982422
3.865155e-07,-0.0053018325
3.866155e-07,-0.0053054228
3.867155e-07,-0.0053090131
3.868155e-07,-0.0053126034
3.869155e-07,-0.0053147576
3.870155e-07,-0.0053169118
3.871155e-07,-0.0053183479
3.872155e-07,-0.0053205021
3.873155e-07,-0.0053233743
3.874155e-07,-0.0053284007
3.875155e-07,-0.0053348633
3.876155e-07,-0.00534348
3.877155e-07,-0.0053528148
3.878155e-07,-0.0053628676
3.879155e-07,-0.0053743566
3.880155e-07,-0.0053858456
3.881155e-07,-0.0053980526
3.882155e-07,-0.0054088235
3.883155e-07,-0.0054160041
3.884155e-07,-0.0054174403
3.885155e-07,-0.005414568
3.886155e-07,-0.0054088235
3.887155e-07,-0.0054045152
3.888155e-07,-0.0054059513
3.889155e-07,-0.0054152861
3.890155e-07,-0.0054318015
3.891155e-07,-0.0054519072
3.892155e-07,-0.0054691406
3.893155e-07,-0.0054784754
3.894155e-07,-0.0054777574
3.895155e-07,-0.0054698587
3.896155e-07,-0.0054590878
3.897155e-07,-0.0054533433
3.898155e-07,-0.0054547794
3.899155e-07,-0.0054641142
3.900155e-07,-0.0054763212
3.901155e-07,-0.0054863741
3.902155e-07,-0.0054892463
3.903155e-07,-0.0054835018
3.904155e-07,-0.0054720129
3.905155e-07,-0.0054605239
3.906155e-07,-0.0054547794
3.907155e-07,-0.0054576517
3.908155e-07,-0.0054677045
3.909155e-07,-0.0054799115
3.910155e-07,-0.0054892463
3.911155e-07,-0.0054921186
3.912155e-07,-0.0054878102
3.913155e-07,-0.0054777574
3.914155e-07,-0.0054662684
3.915155e-07,-0.0054547794
3.916155e-07,-0.0054447266
3.917155e-07,-0.0054339557
3.918155e-07,-0.0054203125
3.919155e-07,-0.0054037971
3.920155e-07,-0.0053865636
3.921155e-07,-0.0053714844
3.922155e-07,-0.0053628676
3.923155e-07,-0.0053614315
3.924155e-07,-0.005367176
3.925155e-07,-0.0053765108
3.926155e-07,-0.0053858456
3.927155e-07,-0.0053923081
3.928155e-07,-0.0053951804
3.929155e-07,-0.0053966165
3.930155e-07,-0.0053973346
3.931155e-07,-0.0053980526
3.932155e-07,-0.0053966165
3.933155e-07,-0.005390154
3.934155e-07,-0.0053743566
3.935155e-07,-0.0053506606
3.936155e-07,-0.0053219382
3.937155e-07,-0.0052968061
3.938155e-07,-0.0052824449
3.939155e-07,-0.0052831629
3.940155e-07,-0.0052996783
3.941155e-07,-0.0053248104
3.942155e-07,-0.0053513787
3.943155e-07,-0.0053700483
3.944155e-07,-0.0053765108
3.945155e-07,-0.0053722024
3.946155e-07,-0.0053628676
3.947155e-07,-0.0053564051
3.948155e-07,-0.0053578412
3.949155e-07,-0.0053693302
3.950155e-07,-0.0053858456
3.951155e-07,-0.0054009249
3.952155e-07,-0.0054066693
3.953155e-07,-0.0054009249
3.954155e-07,-0.0053858456
3.955155e-07,-0.005367176
3.956155e-07,-0.0053535329
3.957155e-07,-0.0053513787
3.958155e-07,-0.0053628676
3.959155e-07,-0.0053851275
3.960155e-07,-0.0054116958
3.961155e-07,-0.0054332376
3.962155e-07,-0.0054432904
3.963155e-07,-0.0054397001
3.964155e-07,-0.0054253389
3.965155e-07,-0.0054045152
3.966155e-07,-0.0053858456
3.967155e-07,-0.0053736386
3.968155e-07,-0.0053707663
3.969155e-07,-0.0053757927
3.970155e-07,-0.0053858456
3.971155e-07,-0.0053966165
3.972155e-07,-0.0054059513
3.973155e-07,-0.00541385
3.974155e-07,-0.0054203125
3.975155e-07,-0.0054282112
3.976155e-07,-0.0054368279
3.977155e-07,-0.0054468807
3.978155e-07,-0.0054547794
3.979155e-07,-0.0054569336
3.980155e-07,-0.0054519072
3.981155e-07,-0.0054389821
3.982155e-07,-0.0054203125
3.983155e-07,-0.0054009249
3.984155e-07,-0.0053851275
3.985155e-07,-0.0053757927
3.986155e-07,-0.0053743566
3.987155e-07,-0.005378665
3.988155e-07,-0.0053851275
3.989155e-07,-0.0053923081
3.990155e-07,-0.0053973346
3.991155e-07,-0.0054016429
3.992155e-07,-0.0054066693
3.993155e-07,-0.0054131319
3.994155e-07,-0.0054203125
3.995155e-07,-0.005426775
3.996155e-07,-0.0054282112
3.997155e-07,-0.0054224667
3.998155e-07,-0.0054088235
3.999155e-07,-0.005390154
4.000155e-07,-0.0053707663
4.001155e-07,-0.0053564051
4.002155e-07,-0.0053513787
4.003155e-07,-0.0053571232
4.004155e-07,-0.0053714844
4.005155e-07,-0.005390154
4.006155e-07,-0.0054088235
4.007155e-07,-0.0054239028
4.008155e-07,-0.0054339557
4.009155e-07,-0.0054404182
4.010155e-07,-0.0054432904
4.011155e-07,-0.0054440085
4.012155e-07,-0.0054432904
4.013155e-07,-0.0054389821
4.014155e-07,-0.0054318015
4.015155e-07,-0.0054217486
4.016155e-07,-0.0054102597
4.017155e-07,-0.0054016429
4.018155e-07,-0.0053973346
4.019155e-07,-0.0053994887
4.020155e-07,-0.0054073874
4.021155e-07,-0.0054188764
4.022155e-07,-0.0054318015
4.023155e-07,-0.0054432904
4.024155e-07,-0.0054533433
4.025155e-07,-0.0054605239
4.026155e-07,-0.0054662684
4.027155e-07,-0.0054705767
4.028155e-07,-0.005474167
4.029155e-07,-0.0054763212
4.030155e-07,-0.0054777574
4.031155e-07,-0.0054784754
4.032155e-07,-0.0054806296
4.033155e-07,-0.0054842199
4.034155e-07,-0.0054892463
4.035155e-07,-0.0054949908
4.036155e-07,-0.0055000172
4.037155e-07,-0.0055021714
4.038155e-07,-0.0055007353
4.039155e-07,-0.0054978631
4.040155e-07,-0.0054949908
4.041155e-07,-0.0054957089
4.042155e-07,-0.0055007353
4.043155e-07,-0.005509352
4.044155e-07,-0.0055194049
4.045155e-07,-0.0055287397
4.046155e-07,-0.0055352022
4.047155e-07,-0.0055395106
4.048155e-07,-0.0055438189
4.049155e-07,-0.0055495634
4.050155e-07,-0.0055581801
4.051155e-07,-0.005568233
4.052155e-07,-0.0055768497
4.053155e-07,-0.0055818761
4.054155e-07,-0.0055811581
4.055155e-07,-0.0055768497
4.056155e-07,-0.0055732594
4.057155e-07,-0.0055739775
4.058155e-07,-0.0055811581
4.059155e-07,-0.0055933651
4.060155e-07,-0.0056070083
4.061155e-07,-0.005615625
4.062155e-07,-0.005615625
4.063155e-07,-0.0056077263
4.064155e-07,-0.0055955193
4.065155e-07,-0.0055854665
4.066155e-07,-0.0055811581
4.067155e-07,-0.0055847484
4.068155e-07,-0.0055933651
4.069155e-07,-0.0056019818
4.070155e-07,-0.005604136
4.071155e-07,-0.0055983915
4.072155e-07,-0.0055854665
4.073155e-07,-0.0055703872
4.074155e-07,-0.0055581801
4.075155e-07,-0.0055517176
4.076155e-07,-0.0055495634
4.077155e-07,-0.0055495634
4.078155e-07,-0.0055466912
4.079155e-07,-0.0055395106
4.080155e-07,-0.0055287397
4.081155e-07,-0.0055186868
4.082155e-07,-0.0055122243
4.083155e-07,-0.0055129423
4.084155e-07,-0.0055186868
4.085155e-07,-0.0055280216
4.086155e-07,-0.0055352022
4.087155e-07,-0.0055380744
4.088155e-07,-0.0055352022
4.089155e-07,-0.0055294577
4.090155e-07,-0.0055237132
4.091155e-07,-0.0055186868
4.092155e-07,-0.0055150965
4.093155e-07,-0.005509352
4.094155e-07,-0.0055007353
4.095155e-07,-0.0054878102
4.096155e-07,-0.0054720129
4.097155e-07,-0.0054562155
4.098155e-07,-0.0054432904
4.099155e-07,-0.0054353918
4.100155e-07,-0.0054303653
4.101155e-07,-0.005426057
4.102155e-07,-0.0054203125
4.103155e-07,-0.0054124138
4.104155e-07,-0.0054037971
4.105155e-07,-0.0053980526
4.106155e-07,-0.0053973346
4.107155e-07,-0.005402361
4.108155e-07,-0.0054088235
4.109155e-07,-0.0054131319
4.110155e-07,-0.0054088235
4.111155e-07,-0.0053951804
4.112155e-07,-0.0053757927
4.113155e-07,-0.005354969
4.114155e-07,-0.0053398897
4.115155e-07,-0.0053348633
4.116155e-07,-0.0053406078
4.117155e-07,-0.0053513787
4.118155e-07,-0.0053628676
4.119155e-07,-0.0053693302
4.120155e-07,-0.0053693302
4.121155e-07,-0.0053657399
4.122155e-07,-0.0053628676
4.123155e-07,-0.0053657399
4.124155e-07,-0.0053757927
4.125155e-07,-0.0053915901
4.126155e-07,-0.0054088235
4.127155e-07,-0.0054224667
4.128155e-07,-0.0054282112
4.129155e-07,-0.005426775
4.130155e-07,-0.0054203125
4.131155e-07,-0.005414568
4.132155e-07,-0.005414568
4.133155e-07,-0.0054239028
4.134155e-07,-0.0054432904
4.135155e-07,-0.0054705767
4.136155e-07,-0.0055007353
4.137155e-07,-0.0055280216
4.138155e-07,-0.0055466912
4.139155e-07,-0.0055531537
4.140155e-07,-0.0055474092
4.141155e-07,-0.0055316119
4.142155e-07,-0.0055122243
4.143155e-07,-0.0054957089
4.144155e-07,-0.0054892463
4.145155e-07,-0.0054949908
4.146155e-07,-0.0055122243
4.147155e-07,-0.0055344841
4.148155e-07,-0.0055553079
4.149155e-07,-0.0055675149
4.150155e-07,-0.0055696691
4.151155e-07,-0.0055639246
4.152155e-07,-0.0055545898
4.153155e-07,-0.0055481273
4.154155e-07,-0.0055466912
4.155155e-07,-0.0055481273
4.156155e-07,-0.0055466912
4.157155e-07,-0.0055359203
4.158155e-07,-0.0055122243
4.159155e-07,-0.0054770393
4.160155e-07,-0.005438264
4.161155e-07,-0.0054052332
4.162155e-07,-0.0053858456
4.163155e-07,-0.0053844095
4.164155e-07,-0.0053987707
4.165155e-07,-0.0054210306
4.166155e-07,-0.0054432904
4.167155e-07,-0.0054590878
4.168155e-07,-0.0054662684
4.169155e-07,-0.0054677045
4.170155e-07,-0.0054662684
4.171155e-07,-0.0054655503
4.172155e-07,-0.0054648323
4.173155e-07,-0.00546196
4.174155e-07,-0.0054547794
4.175155e-07,-0.0054411363
4.176155e-07,-0.0054239028
4.177155e-07,-0.0054073874
4.178155e-07,-0.0053973346
4.179155e-07,-0.0053966165
4.180155e-07,-0.0054066693
4.181155e-07,-0.0054231847
4.182155e-07,-0.0054432904
4.183155e-07,-0.00546196
4.184155e-07,-0.0054777574
4.185155e-07,-0.0054899644
4.186155e-07,-0.0055007353
4.187155e-07,-0.0055107881
4.188155e-07,-0.005520841
4.189155e-07,-0.0055294577
4.190155e-07,-0.0055352022
4.191155e-07,-0.0055387925
4.192155e-07,-0.0055423828
4.193155e-07,-0.0055481273
4.194155e-07,-0.0055581801
4.195155e-07,-0.0055725414
4.196155e-07,-0.0055883387
4.197155e-07,-0.005603418
4.198155e-07,-0.005615625
4.199155e-07,-0.0056235237
4.200155e-07,-0.0056285501
4.201155e-07,-0.0056328585
4.202155e-07,-0.0056386029
4.203155e-07,-0.0056457835
4.204155e-07,-0.005651528
4.205155e-07,-0.0056536822
4.206155e-07,-0.0056500919
4.207155e-07,-0.0056421932
4.208155e-07,-0.0056335765
4.209155e-07,-0.005627832
4.210155e-07,-0.005627114
4.211155e-07,-0.0056314223
4.212155e-07,-0.0056364488
4.213155e-07,-0.0056400391
4.214155e-07,-0.0056386029
4.215155e-07,-0.0056335765
4.216155e-07,-0.0056292682
4.217155e-07,-0.0056299862
4.218155e-07,-0.0056386029
4.219155e-07,-0.0056536822
4.220155e-07,-0.0056694795
4.221155e-07,-0.0056809685
4.222155e-07,-0.0056845588
4.223155e-07,-0.0056795324
4.224155e-07,-0.0056723518
4.225155e-07,-0.0056680434
4.226155e-07,-0.0056730699
4.227155e-07,-0.0056874311
4.228155e-07,-0.0057082548
4.229155e-07,-0.0057283605
4.230155e-07,-0.0057420037
4.231155e-07,-0.0057484662
4.232155e-07,-0.0057491843
4.233155e-07,-0.0057499023
4.234155e-07,-0.0057534926
4.235155e-07,-0.0057606733
4.236155e-07,-0.0057685719
4.237155e-07,-0.0057707261
4.238155e-07,-0.0057649816
4.239155e-07,-0.0057520565
4.240155e-07,-0.0057369773
4.241155e-07,-0.0057283605
4.242155e-07,-0.0057305147
4.243155e-07,-0.0057434398
4.244155e-07,-0.0057613913
4.245155e-07,-0.0057743164
4.246155e-07,-0.0057764706
4.247155e-07,-0.0057649816
4.248155e-07,-0.0057441579
4.249155e-07,-0.005722616
4.250155e-07,-0.0057075368
4.251155e-07,-0.0057032284
4.252155e-07,-0.0057061006
4.253155e-07,-0.0057096909
4.254155e-07,-0.0057075368
4.255155e-07,-0.0056960478
4.256155e-07,-0.0056780963
4.257155e-07,-0.0056608628
4.258155e-07,-0.0056500919
4.259155e-07,-0.00565081
4.260155e-07,-0.0056601448
4.261155e-07,-0.0056737879
4.262155e-07,-0.0056845588
4.263155e-07,-0.0056895852
4.264155e-07,-0.0056881491
4.265155e-07,-0.0056859949
4.266155e-07,-0.0056845588
4.267155e-07,-0.005686713
4.268155e-07,-0.0056888672
4.269155e-07,-0.0056888672
4.270155e-07,-0.0056845588
4.271155e-07,-0.0056773782
4.272155e-07,-0.0056730699
4.273155e-07,-0.0056780963
4.274155e-07,-0.0056960478
4.275155e-07,-0.0057240522
4.276155e-07,-0.0057542107
4.277155e-07,-0.0057735983
4.278155e-07,-0.0057764706
4.279155e-07,-0.0057621094
4.280155e-07,-0.0057391314
4.281155e-07,-0.0057211799
4.282155e-07,-0.0057190257
4.283155e-07,-0.0057369773
4.284155e-07,-0.005770008
4.285155e-07,-0.0058030388
4.286155e-07,-0.0058224265
4.287155e-07,-0.0058202723
4.288155e-07,-0.0057980124
4.289155e-07,-0.0057671358
4.290155e-07,-0.0057420037
4.291155e-07,-0.0057348231
4.292155e-07,-0.0057491843
4.293155e-07,-0.0057786248
4.294155e-07,-0.0058109375
4.295155e-07,-0.0058346335
4.296155e-07,-0.0058432502
4.297155e-07,-0.0058367877
4.298155e-07,-0.0058224265
4.299155e-07,-0.0058080653
4.300155e-07,-0.0058001666
4.301155e-07,-0.0057980124
4.302155e-07,-0.0057994485
4.303155e-07,-0.0057987305
4.304155e-07,-0.005793704
4.305155e-07,-0.0057850873
4.306155e-07,-0.0057764706
4.307155e-07,-0.0057707261
4.308155e-07,-0.005770008
4.309155e-07,-0.0057728803
4.310155e-07,-0.0057764706
4.311155e-07,-0.0057771886
4.312155e-07,-0.0057735983
4.313155e-07,-0.0057685719
4.314155e-07,-0.0057649816
4.315155e-07,-0.0057664177
4.316155e-07,-0.0057728803
4.317155e-07,-0.005781497
4.318155e-07,-0.0057879596
4.319155e-07,-0.0057879596
4.320155e-07,-0.005780779
4.321155e-07,-0.0057678539
4.322155e-07,-0.0057534926
4.323155e-07,-0.0057427217
4.324155e-07,-0.0057376953
4.325155e-07,-0.0057384134
4.326155e-07,-0.0057420037
4.327155e-07,-0.0057441579
4.328155e-07,-0.0057434398
4.329155e-07,-0.0057376953
4.330155e-07,-0.0057305147
4.331155e-07,-0.0057233341
4.332155e-07,-0.0057190257
4.333155e-07,-0.0057183077
4.334155e-07,-0.0057190257
4.335155e-07,-0.0057197438
4.336155e-07,-0.0057190257
4.337155e-07,-0.0057147174
4.338155e-07,-0.0057075368
4.339155e-07,-0.005698202
4.340155e-07,-0.0056881491
4.341155e-07,-0.0056795324
4.342155e-07,-0.0056730699
4.343155e-07,-0.0056701976
4.344155e-07,-0.0056716337
4.345155e-07,-0.0056773782
4.346155e-07,-0.0056845588
4.347155e-07,-0.0056910214
4.348155e-07,-0.0056946117
4.349155e-07,-0.0056917394
4.350155e-07,-0.0056845588
4.351155e-07,-0.005674506
4.352155e-07,-0.0056651712
4.353155e-07,-0.0056601448
4.354155e-07,-0.0056615809
4.355155e-07,-0.0056673254
4.356155e-07,-0.0056730699
4.357155e-07,-0.0056759421
4.358155e-07,-0.0056730699
4.359155e-07,-0.0056644531
4.360155e-07,-0.0056529642
4.361155e-07,-0.0056429113
4.362155e-07,-0.0056386029
4.363155e-07,-0.0056400391
4.364155e-07,-0.0056450655
4.365155e-07,-0.0056500919
4.366155e-07,-0.0056500919
4.367155e-07,-0.0056436294
4.368155e-07,-0.0056314223
4.369155e-07,-0.0056170611
4.370155e-07,-0.005604136
4.371155e-07,-0.0055962374
4.372155e-07,-0.0055933651
4.373155e-07,-0.0055969554
4.374155e-07,-0.005604136
4.375155e-07,-0.0056141889
4.376155e-07,-0.0056263959
4.377155e-07,-0.0056386029
4.378155e-07,-0.0056500919
4.379155e-07,-0.0056572725
4.380155e-07,-0.0056579906
4.381155e-07,-0.00565081
4.382155e-07,-0.0056386029
4.383155e-07,-0.0056249598
4.384155e-07,-0.0056163431
4.385155e-07,-0.0056163431
4.386155e-07,-0.005627114
4.387155e-07,-0.0056443474
4.388155e-07,-0.0056615809
4.389155e-07,-0.0056723518
4.390155e-07,-0.0056730699
4.391155e-07,-0.0056651712
4.392155e-07,-0.0056536822
4.393155e-07,-0.0056472197
4.394155e-07,-0.0056500919
4.395155e-07,-0.0056622989
4.396155e-07,-0.0056780963
4.397155e-07,-0.0056917394
4.398155e-07,-0.0056960478
4.399155e-07,-0.0056903033
4.400155e-07,-0.0056780963
4.401155e-07,-0.0056666073
4.402155e-07,-0.0056615809
4.403155e-07,-0.0056658892
4.404155e-07,-0.0056773782
4.405155e-07,-0.0056888672
4.406155e-07,-0.0056960478
4.407155e-07,-0.0056953297
4.408155e-07,-0.0056881491
4.409155e-07,-0.0056788143
4.410155e-07,-0.0056730699
4.411155e-07,-0.0056716337
4.412155e-07,-0.0056730699
4.413155e-07,-0.0056709157
4.414155e-07,-0.0056615809
4.415155e-07,-0.0056421932
4.416155e-07,-0.0056170611
4.417155e-07,-0.0055904929
4.418155e-07,-0.0055696691
4.419155e-07,-0.0055581801
4.420155e-07,-0.0055553079
4.421155e-07,-0.005556744
4.422155e-07,-0.0055581801
4.423155e-07,-0.0055574621
4.424155e-07,-0.0055545898
4.425155e-07,-0.0055538718
4.426155e-07,-0.0055581801
4.427155e-07,-0.0055675149
4.428155e-07,-0.0055782858
4.429155e-07,-0.0055840303
4.430155e-07,-0.0055811581
4.431155e-07,-0.0055667969
4.432155e-07,-0.005544537
4.433155e-07,-0.0055201229
4.434155e-07,-0.0055007353
4.435155e-07,-0.0054906824
4.436155e-07,-0.0054899644
4.437155e-07,-0.0054949908
4.438155e-07,-0.0055007353
4.439155e-07,-0.0055043256
4.440155e-07,-0.0055064798
4.441155e-07,-0.005508634
4.442155e-07,-0.0055122243
4.443155e-07,-0.0055179687
4.444155e-07,-0.0055222771
4.445155e-07,-0.0055215591
4.446155e-07,-0.0055122243
4.447155e-07,-0.0054949908
4.448155e-07,-0.005474167
4.449155e-07,-0.0054547794
4.450155e-07,-0.0054432904
4.451155e-07,-0.0054397001
4.452155e-07,-0.0054418543
4.453155e-07,-0.0054447266
4.454155e-07,-0.0054432904
4.455155e-07,-0.005437546
4.456155e-07,-0.0054296473
4.457155e-07,-0.005426775
4.458155e-07,-0.0054318015
4.459155e-07,-0.0054447266
4.460155e-07,-0.0054598058
4.461155e-07,-0.0054691406
4.462155e-07,-0.0054662684
4.463155e-07,-0.0054490349
4.464155e-07,-0.0054224667
4.465155e-07,-0.0053944623
4.466155e-07,-0.0053743566
4.467155e-07,-0.005367176
4.468155e-07,-0.0053729205
4.469155e-07,-0.0053851275
4.470155e-07,-0.0053973346
4.471155e-07,-0.0054045152
4.472155e-07,-0.0054073874
4.473155e-07,-0.0054073874
4.474155e-07,-0.0054088235
4.475155e-07,-0.00541385
4.476155e-07,-0.0054195944
4.477155e-07,-0.0054231847
4.478155e-07,-0.0054203125
4.479155e-07,-0.0054102597
4.480155e-07,-0.0053973346
4.481155e-07,-0.0053872817
4.482155e-07,-0.0053858456
4.483155e-07,-0.0053944623
4.484155e-07,-0.0054095416
4.485155e-07,-0.0054239028
4.486155e-07,-0.0054318015
4.487155e-07,-0.0054303653
4.488155e-07,-0.0054210306
4.489155e-07,-0.0054116958
4.490155e-07,-0.0054088235
4.491155e-07,-0.005414568
4.492155e-07,-0.005426775
4.493155e-07,-0.0054389821
4.494155e-07,-0.0054432904
4.495155e-07,-0.0054361098
4.496155e-07,-0.0054195944
4.497155e-07,-0.0054002068
4.498155e-07,-0.0053858456
4.499155e-07,-0.0053829733
4.500155e-07,-0.005390872
4.501155e-07,-0.0054059513
4.502155e-07,-0.0054203125
4.503155e-07,-0.0054282112
4.504155e-07,-0.0054289292
4.505155e-07,-0.0054246209
4.506155e-07,-0.0054203125
4.507155e-07,-0.0054210306
4.508155e-07,-0.0054274931
4.509155e-07,-0.0054361098
4.510155e-07,-0.0054432904
4.511155e-07,-0.0054440085
4.512155e-07,-0.0054361098
4.513155e-07,-0.0054231847
4.514155e-07,-0.0054088235
4.515155e-07,-0.0053973346
4.516155e-07,-0.005390154
4.517155e-07,-0.0053872817
4.518155e-07,-0.0053858456
4.519155e-07,-0.0053836914
4.520155e-07,-0.0053808192
4.521155e-07,-0.0053765108
4.522155e-07,-0.0053743566
4.523155e-07,-0.0053743566
4.524155e-07,-0.0053750747
4.525155e-07,-0.0053757927
4.526155e-07,-0.0053743566
4.527155e-07,-0.0053693302
4.528155e-07,-0.0053628676
4.529155e-07,-0.005355687
4.530155e-07,-0.0053513787
4.531155e-07,-0.0053499426
4.532155e-07,-0.0053506606
4.533155e-07,-0.0053513787
4.534155e-07,-0.0053513787
4.535155e-07,-0.0053520967
4.536155e-07,-0.0053564051
4.537155e-07,-0.005367176
4.538155e-07,-0.0053858456
4.539155e-07,-0.0054095416
4.540155e-07,-0.0054332376
4.541155e-07,-0.005449753
4.542155e-07,-0.0054547794
4.543155e-07,-0.0054483169
4.544155e-07,-0.0054361098
4.545155e-07,-0.0054239028
4.546155e-07,-0.0054203125
4.547155e-07,-0.0054274931
4.548155e-07,-0.0054432904
4.549155e-07,-0.00546196
4.550155e-07,-0.0054777574
4.551155e-07,-0.005485656
4.552155e-07,-0.005485656
4.553155e-07,-0.0054813477
4.554155e-07,-0.0054777574
4.555155e-07,-0.0054770393
4.556155e-07,-0.0054784754
4.557155e-07,-0.0054799115
4.558155e-07,-0.0054777574
4.559155e-07,-0.0054691406
4.560155e-07,-0.0054569336
4.561155e-07,-0.0054425724
4.562155e-07,-0.0054318015
4.563155e-07,-0.005426057
4.564155e-07,-0.0054246209
4.565155e-07,-0.0054239028
4.566155e-07,-0.0054203125
4.567155e-07,-0.0054124138
4.568155e-07,-0.0054016429
4.569155e-07,-0.0053915901
4.570155e-07,-0.0053858456
4.571155e-07,-0.0053858456
4.572155e-07,-0.0053887178
4.573155e-07,-0.005390154
4.574155e-07,-0.0053858456
4.575155e-07,-0.0053729205
4.576155e-07,-0.0053535329
4.577155e-07,-0.0053327091
4.578155e-07,-0.0053169118
4.579155e-07,-0.0053111673
4.580155e-07,-0.0053161937
4.581155e-07,-0.0053276827
4.582155e-07,-0.0053398897
4.583155e-07,-0.0053470703
4.584155e-07,-0.0053470703
4.585155e-07,-0.0053391716
4.586155e-07,-0.0053284007
4.587155e-07,-0.0053176298
4.588155e-07,-0.0053104492
4.589155e-07,-0.0053068589
4.590155e-07,-0.0053054228
4.591155e-07,-0.0053047047
4.592155e-07,-0.0053025506
4.593155e-07,-0.0052989602
4.594155e-07,-0.0052939338
4.595155e-07,-0.0052889074
4.596155e-07,-0.005284599
4.597155e-07,-0.0052824449
4.598155e-07,-0.0052824449
4.599155e-07,-0.0052860352
4.600155e-07,-0.0052939338
4.601155e-07,-0.0053054228
4.602155e-07,-0.0053169118
4.603155e-07,-0.0053255285
4.604155e-07,-0.0053276827
4.605155e-07,-0.0053205021
4.606155e-07,-0.0053054228
4.607155e-07,-0.0052874713
4.608155e-07,-0.0052745462
4.609155e-07,-0.0052716739
4.610155e-07,-0.0052824449
4.611155e-07,-0.0053039867
4.612155e-07,-0.0053298369
4.613155e-07,-0.0053513787
4.614155e-07,-0.0053628676
4.615155e-07,-0.0053628676
4.616155e-07,-0.0053564051
4.617155e-07,-0.0053506606
4.618155e-07,-0.0053513787
4.619155e-07,-0.0053614315
4.620155e-07,-0.0053772289
4.621155e-07,-0.0053923081
4.622155e-07,-0.0053973346
4.623155e-07,-0.0053894359
4.624155e-07,-0.0053686121
4.625155e-07,-0.0053420439
4.626155e-07,-0.0053169118
4.627155e-07,-0.0053003964
4.628155e-07,-0.0052953699
4.629155e-07,-0.0052989602
4.630155e-07,-0.0053054228
