LECROYHDO6104B,11090,Waveform
Segments,1,SegmentSize,9918
Segment,TrigTime,TimeSinceSegment1
#1,04-May-2026 18:45:31,0                 
Time,Ampl
990082,0.030272719
990083,0.0071490118
990084,0.021110984
990085,0.039267149
990086,0.0094460882
990087,0.010425523
990088,0.0061626802
990089,0.0074190027
990090,0.015207807
990091,0.0070958757
990092,0.0096567292
990093,0.0073048309
990094,0.020425236
990095,0.0077134077
990096,0.011580883
990097,0.007033404
990098,0.0075970818
990099,0.0073249368
990100,0.016869534
990101,0.027171416
990102,0.0072703641
990103,0.0072840075
990104,0.012857358
990105,0.025857229
990106,0.0074333642
990107,0.0074886545
990108,0.024521053
990109,0.013730038
990110,0.0072337431
990111,0.0077155619
990112,0.017547349
990113,0.017291619
990114,0.013832721
990115,0.018152574
990116,0.017226275
990117,0.0073953066
990118,0.013845646
990119,0.010327866
990120,0.0072380514
990121,0.019755285
990122,0.010601448
990123,0.020381434
990124,0.0071841967
990125,0.010581342
990126,0.020409439
990127,0.010260369
990128,0.0071949679
990129,0.01391458
990130,0.0023248421
990131,0.0068215765
990132,0.0043017659
990133,0.010665355
990134,0.010615809
990135,0.006960162
990136,0.017304543
990137,0.011243394
990138,0.0098632816
990139,0.0061566504
990140,0.020226333
990141,0.0095430259
990142,0.0070973118
990143,0.017217658
990144,0.0068502985
990145,0.0075159408
990146,0.0069637522
990147,0.010493021
990148,0.0071712718
990149,0.013267743
990150,0.03136402
990151,0.010743624
990152,0.0071942499
990153,0.0075310203
990154,0.011086857
990155,0.016626695
990156,0.018032657
990157,0.0097677791
990158,0.0070427391
990159,0.0073795095
990160,0.0068474263
990161,0.014142923
990162,0.013147563
990163,0.0071066464
990164,0.010640941
990165,0.010735007
990166,0.0064285179
990167,0.022894606
990168,0.0097519821
990169,0.010281192
990170,0.010249598
990171,0.0072567211
990172,0.014309512
990173,0.0068517351
990174,0.0070815142
990175,0.0062749675
990176,0.0074462891
990177,0.039453126
990178,0.0098704621
990179,0.016295319
990180,0.007349351
990181,0.014028033
990182,0.017589614
990183,0.030358266
990184,0.009429751
990185,0.01892449
990186,0.0063878666
990187,0.0027698637
990188,0.013579963
990189,0.0071131089
990190,0.0070448932
990191,0.016309587
990192,0.0158515
990193,0.01079711
990194,0.010447782
990195,0.039430149
990196,0.019419834
990197,0.016704964
990198,0.013397057
990199,0.01428079
990200,0.014435174
990201,0.024360927
990202,0.0078512756
990203,0.01567311
990204,0.011517959
990205,0.0076746321
990206,0.0073874081
990207,0.033559281
990208,0.014164465
990209,0.01043773
990210,0.0075834384
990211,0.020909926
990212,0.016964901
990213,0.0097766789
990214,0.013752297
990215,0.019456957
990216,0.00736443
990217,0.013924632
990218,0.0030316128
990219,0.014423684
990220,0.0095257927
990221,0.01051887
990222,0.037415989
990223,0.027529728
990224,0.0054974724
990225,0.005682359
990226,0.0092754178
990227,0.0040893122
990228,0.0063967453
990229,0.011229751
990230,0.013453584
990231,0.010007611
990232,0.0056870403
990233,0.010641659
990234,0.024152689
990235,0.016842831
990236,0.0046515907
990237,0.012985023
990238,0.0065142633
990239,0.010386029
990240,0.010387465
990241,0.013876522
990242,0.011261346
990243,0.0022684061
990244,0.010512408
990245,0.007349351
990246,0.010471479
990247,0.0065006032
990248,0.031907745
990249,0.013565602
990250,0.013791791
990251,0.0071131089
990252,0.017137911
990253,0.015758201
990254,0.0017778302
990255,0.010684743
990256,0.015555487
990257,0.0097720874
990258,0.0095085595
990259,0.010516716
990260,0.0072954963
990261,0.0073227827
990262,0.006512092
990263,0.010719928
990264,0.021026971
990265,0.014771944
990266,0.019120026
990267,0.0073206285
990268,0.010294118
990269,0.016534379
990270,0.024724266
990271,0.014756147
990272,0.039838005
990273,0.0070513557
990274,0.015350125
990275,0.01476899
990276,0.0075475355
990277,0.010638786
990278,0.0069443649
990279,0.010577751
990280,0.0059555951
990281,0.0097738728
990282,0.014422966
990283,0.0097103342
990284,0.0073191924
990285,0.03756319
990286,0.015556066
990287,0.025039399
990288,0.013809742
990289,0.007599236
990290,0.0095840981
990291,0.014057473
990292,0.012962045
990293,0.01404383
990294,0.010598576
990295,0.010284064
990296,0.0066453936
990297,0.036848001
990298,0.010664637
990299,0.010880055
990300,0.019827945
990301,0.016381113
990302,0.0096781496
990303,0.023394417
990304,0.032596387
990305,0.0065442547
990306,0.0072782626
990307,0.006471158
990308,0.010764447
990309,0.015864832
990310,0.0073299631
990311,0.024594296
990312,0.0068933824
990313,0.0072825714
990314,0.0095684528
990315,0.009379915
990316,0.011339614
990317,0.013894474
990318,0.0091672614
990319,0.030399816
990320,0.00731273
990321,0.030376839
990322,0.013363341
990323,0.01024529
990324,0.0071691177
990325,0.0076573989
990326,0.0062399469
990327,0.0070858225
990328,0.0071971221
990329,0.0072157914
990330,0.0089448821
990331,0.017618336
990332,0.025087066
990333,0.010862104
990334,0.017658548
990335,0.023055406
990336,0.0095595969
990337,0.010581342
990338,0.0039848848
990339,0.010880773
990340,0.039717373
990341,0.007372329
990342,0.027470129
990343,0.014032342
990344,0.035016853
990345,0.0024641037
990346,0.01385139
990347,0.0076573989
990348,0.014073989
990349,0.0072315889
990350,0.013269761
990351,0.012895965
990352,0.0072373333
990353,0.0070599723
990354,0.038595043
990355,0.013018062
990356,0.0064218142
990357,0.039464615
990358,0.014326747
990359,0.0077715707
990360,0.011167279
990361,0.012594545
990362,0.0072631836
990363,0.0083869481
990364,0.0108262
990365,0.039649874
990366,0.010554774
990367,0.019616824
990368,0.010509536
990369,0.020816579
990370,0.027144128
990371,0.010727108
990372,0.039705884
990373,0.0081234202
990374,0.0075252759
990375,0.0070937211
990376,0.0068962546
990377,0.0073845359
990378,0.0068854839
990379,0.0080896718
990380,0.014524213
990381,0.016256893
990382,0.0070348405
990383,0.0065945177
990384,0.0075712316
990385,0.019175109
990386,0.010670382
990387,0.007526712
990388,0.0022635919
990389,0.026875574
990390,0.027094582
990391,0.0066148294
990392,0.0085994946
990393,0.012895441
990394,0.010582778
990395,0.0072617475
990396,0.020180248
990397,0.014200368
990398,0.0075906194
990399,0.017056813
990400,0.019325001
990401,0.014096967
990402,0.020484835
990403,0.03968434
990404,0.023946606
990405,0.013471536
990406,0.007658117
990407,0.01372932
990408,0.017031681
990409,0.020797908
990410,0.0075618969
990411,0.013997156
990412,0.010659611
990413,0.01183005
990414,0.011700081
990415,0.019338809
990416,0.014039522
990417,0.013833439
990418,0.014707319
990419,0.031671502
990420,0.010572007
990421,0.0071942499
990422,0.0070132986
990423,0.010910932
990424,0.0071482938
990425,0.016908893
990426,0.031159524
990427,0.012411678
990428,0.0074721393
990429,0.007732077
990430,0.03049819
990431,0.0090917852
990432,0.011810662
990433,0.0070054
990434,0.0078239888
990435,0.019267004
990436,0.014188878
990437,0.029872041
990438,0.0069738054
990439,0.031344067
990440,0.020705279
990441,0.02001664
990442,0.0072272806
990443,0.010443474
990444,0.0072538489
990445,0.0080437157
990446,0.0029280651
990447,0.010584932
990448,0.010697667
990449,0.0068215765
990450,0.0071461396
990451,0.031060431
990452,0.0065536802
990453,0.0074017695
990454,0.010666791
990455,0.007137523
990456,0.0069365553
990457,0.010491584
990458,0.0070312498
990459,0.023049029
990460,0.0063000992
990461,0.019915413
990462,0.0074721393
990463,0.030706428
990464,0.010523897
990465,0.01759105
990466,0.033499684
990467,0.010594985
990468,0.0093764365
990469,0.0064934227
990470,0.010678998
990471,0.014338235
990472,0.007210765
990473,0.010592831
990474,0.0063741053
990475,0.011265654
990476,0.0067188265
990477,0.014248477
990478,0.0072064567
990479,0.013943302
990480,0.011921961
990481,0.02030101
990482,0.0080013499
990483,0.010661765
990484,0.0071253157
990485,0.022625187
990486,0.010394646
990487,0.0072897519
990488,0.007350069
990489,0.0018454376
990490,0.013754452
990491,0.010569853
990492,0.0084673716
990493,0.011702497
990494,0.010850033
990495,0.018360093
990496,0.020886948
990497,0.0068021887
990498,0.0075985179
990499,0.017873965
990500,0.01449549
990501,0.010154167
990502,0.010294118
990503,0.0073263729
990504,0.010827636
990505,0.0071655274
990506,0.013755888
990507,0.0073895622
990508,0.010496611
990509,0.0096351197
990510,0.030985754
990511,0.010206514
990512,0.015454101
990513,0.016900275
990514,0.014158002
990515,0.039609663
990516,0.0078728171
990517,0.0070872586
990518,0.016501753
990519,0.0072445138
990520,0.0062495377
990521,0.014023007
990522,0.011194565
990523,0.0073026768
990524,0.012160357
990525,0.007254567
990526,0.0098762065
990527,0.0073263729
990528,0.0072969324
990529,0.017273668
990530,0.0097405184
990531,0.014338235
990532,0.014145795
990533,0.013732192
990534,0.0069594439
990535,0.013633817
990536,0.01070772
990537,0.02240108
990538,0.013821231
990539,0.0068546073
990540,0.0059945942
990541,0.016361153
990542,0.030457979
990543,0.013055061
990544,0.02511489
990545,0.0070578181
990546,0.0063311406
990547,0.0071231616
990548,0.0074304915
990549,0.0071490118
990550,0.0076624253
990551,0.0075123506
990552,0.0069924747
990553,0.0075697955
990554,0.017293774
990555,0.0075008618
990556,0.0071411133
990557,0.0071806065
990558,0.0073069851
990559,0.01309856
990560,0.033458754
990561,0.0074218749
990562,0.010357307
990563,0.0072954963
990564,0.015940947
990565,0.0065039485
990566,0.0076351389
990567,0.0076631433
990568,0.023359232
990569,0.013972024
990570,0.010546875
990571,0.0077083814
990572,0.015344956
990573,0.013769049
990574,0.013798972
990575,0.011273553
990576,0.00828283
990577,0.010420497
990578,0.017145135
990579,0.010476505
990580,0.0067059686
990581,0.019064091
990582,0.015347573
990583,0.013699161
990584,0.0072351792
990585,0.01060432
990586,0.0009307884
990587,0.006049661
990588,0.0072265626
990589,0.013064449
990590,0.0068538892
990591,0.0073881261
990592,0.0065350723
990593,0.010342227
990594,0.0073041129
990595,0.0093455594
990596,0.014131434
990597,0.013775276
990598,0.031680837
990599,0.010543285
990600,0.02364861
990601,0.011468299
990602,0.01188534
990603,0.0069996552
990604,0.019210266
990605,0.010414752
990606,0.0067361272
990607,0.0073335534
990608,0.0075022979
990609,0.0069307215
990610,0.0071999943
990611,0.009592968
990612,0.014445227
990613,0.010976993
990614,0.023909984
990615,0.0068617878
990616,0.0073482925
990617,0.007100902
990618,0.020020967
990619,0.0073177563
990620,0.0070161708
990621,0.022325359
990622,0.0085047102
990623,0.0026926422
990624,0.0070728976
990625,0.0090805953
990626,0.017210478
990627,0.010560518
990628,0.0072122011
990629,0.026173202
990630,0.0069113337
990631,0.007328527
990632,0.026922248
990633,0.033153459
990634,0.03095416
990635,0.013264016
990636,0.017178884
990637,0.011041619
990638,0.01013758
990639,0.03708123
990640,0.0069536995
990641,0.010171995
990642,0.038706344
990643,0.0069536995
990644,0.010381003
990645,0.014103429
990646,0.017440258
990647,0.0077593634
990648,0.007247386
990649,0.0096047791
990650,0.0080386894
990651,0.013669003
990652,0.010607192
990653,0.0076408833
990654,0.010462143
990655,0.0075224033
990656,0.0077895219
990657,0.031225212
990658,0.026711857
990659,0.035032026
990660,0.03360524
990661,0.0076021082
990662,0.01789978
990663,0.0078455312
990664,0.0072495406
990665,0.0065649967
990666,0.0061494717
990667,0.027148437
990668,0.01058206
990669,0.020094281
990670,0.010785989
990671,0.0070499196
990672,0.005727252
990673,0.0093824659
990674,0.010112623
990675,0.039809283
990676,0.020912798
990677,0.012737824
990678,0.0079288259
990679,0.0071044923
990680,0.0096385162
990681,0.0071619372
990682,0.01647936
990683,0.0066009667
990684,0.033829495
990685,0.039866727
990686,0.028837316
990687,0.017332548
990688,0.0075669233
990689,0.0094054379
990690,0.020226499
990691,0.014039522
990692,0.0072954963
990693,0.0071231616
990694,0.010105268
990695,0.0065336027
990696,0.014124253
990697,0.0105081
990698,0.020303166
990699,0.007621496
990700,0.0079245176
990701,0.0074204388
990702,0.0062794406
990703,0.03043141
990704,0.0073622759
990705,0.0072251265
990706,0.007173426
990707,0.0078534298
990708,0.016900275
990709,0.0073673022
990710,0.0087072039
990711,0.0139591
990712,0.0072265626
990713,0.022983685
990714,0.007291188
990715,0.0067237047
990716,0.0071253157
990717,0.036967918
990718,0.013311407
990719,0.0070807962
990720,0.0084667262
990721,0.011468147
990722,0.0075166589
990723,0.007218664
990724,0.010562672
990725,0.010420497
990726,0.010126092
990727,0.019731987
990728,0.013686236
990729,0.02294491
990730,0.013277394
990731,0.013759478
990732,0.010002874
990733,0.01391817
990734,0.0073357075
990735,0.017061122
990736,0.0065005478
990737,0.016957721
990738,0.022598805
990739,0.014058909
990740,0.0074563418
990741,0.0072739543
990742,0.0073270909
990743,0.0072825714
990744,0.010539695
990745,0.0069206688
990746,0.0137365
990747,0.0061480352
990748,0.015197754
990749,0.012339154
990750,0.01008947
990751,0.026989028
990752,0.026165688
990753,0.0091215242
990754,0.0082842661
990755,0.012943761
990756,0.0070477654
990757,0.013006951
990758,0.010591395
990759,0.019164171
990760,0.0064065559
990761,0.013770968
990762,0.0072581572
990763,0.017178884
990764,0.012757066
990765,0.019302411
990766,0.0075022979
990767,0.0070298137
990768,0.0082849842
990769,0.032279547
990770,0.0078505576
990771,0.0070010913
990772,0.01727654
990773,0.010930319
990774,0.019842889
990775,0.018651959
990776,0.01044491
990777,0.010600012
990778,0.010576315
990779,0.029305981
990780,0.0089269299
990781,0.010806813
990782,0.023324545
990783,0.010492302
990784,0.0089678597
990785,0.016855039
990786,0.0069163605
990787,0.0060195024
990788,0.010504509
990789,0.0071231616
990790,0.017239919
990791,0.018352194
990792,0.01389591
990793,0.0071559041
990794,0.020362046
990795,0.0099516027
990796,0.020132266
990797,0.0072150733
990798,0.0071612191
990799,0.010646685
990800,0.0021128382
990801,0.013214482
990802,0.0073802276
990803,0.010661765
990804,0.013159832
990805,0.0073795095
990806,0.0084228516
990807,0.0084795784
990808,0.017025217
990809,0.039447382
990810,0.0072215362
990811,0.0068021887
990812,0.030274874
990813,0.020563103
990814,0.0072954963
990815,0.033957805
990816,0.010622271
990817,0.0080781821
990818,0.013786765
990819,0.017463954
990820,0.0070578181
990821,0.013667567
990822,0.0075597428
990823,0.013125794
990824,0.010279756
990825,0.01741728
990826,0.01008229
990827,0.017496984
990828,0.0072043026
990829,0.017440258
990830,0.0080889538
990831,0.0063167796
990832,0.010302017
990833,0.025783405
990834,0.033680636
990835,0.0076150335
990836,0.009679094
990837,0.010397518
990838,0.013926786
990839,0.024154512
990840,0.019503616
990841,0.0084415209
990842,0.020569567
990843,0.0091911769
990844,0.012654488
990845,0.0061208834
990846,0.01051528
990847,0.015386604
990848,0.0082993452
990849,0.0071102367
990850,0.0075733857
990851,0.010435576
990852,0.0086971503
990853,0.02330035
990854,0.007481474
990855,0.0072631836
990856,0.0080810543
990857,0.024616556
990858,0.0171875
990859,0.0065372242
990860,0.011224724
990861,0.020378562
990862,0.0066564223
990863,0.0012734844
990864,0.039533548
990865,0.0068660961
990866,0.010856359
990867,0.010216567
990868,0.0073874081
990869,0.01764706
990870,0.01084128
990871,0.0055750231
990872,0.014047421
990873,0.0073249368
990874,0.011539953
990875,0.010378849
990876,0.0052173394
990877,0.0065435614
990878,0.0056913486
990879,0.01060432
990880,0.0077191521
990881,0.0072244084
990882,0.010213695
990883,0.014135025
990884,0.014006491
990885,0.017280849
990886,0.016130514
990887,0.0071712718
990888,0.010960478
990889,0.0062866211
990890,0.028644219
990891,0.0074441349
990892,0.0072301528
990893,0.010869147
990894,0.011067469
990895,0.0095660044
990896,0.0096533233
990897,0.010595703
990898,0.0074412627
990899,0.010887953
990900,0.019354163
990901,0.021798886
990902,0.0067160213
990903,0.0071949679
990904,0.019910386
990905,0.017865349
990906,0.0071691177
990907,0.02063491
990908,0.027377499
990909,0.010716338
990910,0.0064165397
990911,0.0071820426
990912,0.037461225
990913,0.01060791
990914,0.039200369
990915,0.0072114831
990916,0.0074556237
990917,0.023794375
990918,0.00736443
990919,0.010852051
990920,0.0074419808
990921,0.0061927768
990922,0.010673254
990923,0.024510534
990924,0.03555312
990925,0.039413631
990926,0.0076652975
990927,0.0070829503
990928,0.010601448
990929,0.013920324
990930,0.010026281
990931,0.018027632
990932,0.010279856
990933,0.039590992
990934,0.013953355
990935,0.013803998
990936,0.033919748
990937,0.010368078
990938,0.0070496858
990939,0.030170921
990940,0.0066775167
990941,0.0091841351
990942,0.037344899
990943,0.013885139
990944,0.030307904
990945,0.0072394875
990946,0.0076688877
990947,0.013908835
990948,0.030388327
990949,0.010627298
990950,0.028670482
990951,0.035174541
990952,0.014120663
990953,0.013902373
990954,0.010605756
990955,0.013784611
990956,0.0070872586
990957,0.010922421
990958,0.018462775
990959,0.016277226
990960,0.017297363
990961,0.024655331
990962,0.010661047
990963,0.010213695
990964,0.0083036534
990965,0.0068510165
990966,0.017439539
990967,0.01044491
990968,0.007255285
990969,0.022589471
990970,0.039671414
990971,0.023655791
990972,0.013855699
990973,0.0074247471
990974,0.0075051701
990975,0.039224781
990976,0.0068969727
990977,0.0075417911
990978,0.0068761487
990979,0.0073084212
990980,0.010498047
990981,0.010391774
990982,0.0061264937
990983,0.0026001313
990984,0.0076401653
990985,0.0094633214
990986,0.011355411
990987,0.027409812
990988,0.013646025
990989,0.0075949277
990990,0.0099530388
990991,0.027471565
990992,0.017744714
990993,0.0069572898
990994,0.014295151
990995,0.010073673
990996,0.0072768265
990997,0.02386331
990998,0.017141543
990999,0.0071526021
991000,0.0069673425
991001,0.017428769
991002,0.0073988969
991003,0.017288029
991004,0.0098972647
991005,0.020388614
991006,0.0059569525
991007,0.030820599
991008,0.0053362828
991009,0.010516716
991010,0.014034496
991011,0.01148897
991012,0.0059448243
991013,0.022178022
991014,0.0069400561
991015,0.013572064
991016,0.020261003
991017,0.010622271
991018,0.0072150733
991019,0.013997156
991020,0.0074570598
991021,0.0073816637
991022,0.019278493
991023,0.01041188
991024,0.0071461396
991025,0.010857077
991026,0.016096704
991027,0.012520165
991028,0.010577751
991029,0.016217524
991030,0.0077959844
991031,0.0088127581
991032,0.0073191924
991033,0.0052238903
991034,0.0072782626
991035,0.014298995
991036,0.0072940602
991037,0.013815487
991038,0.028467515
991039,0.006769876
991040,0.010299144
991041,0.0075367647
991042,0.00951574
991043,0.0068546073
991044,0.013832721
991045,0.017695168
991046,0.014372702
991047,0.014096967
991048,0.0071109547
991049,0.016506726
991050,0.0067325369
991051,0.011125632
991052,0.0071942499
991053,0.0073335534
991054,0.009662224
991055,0.010784553
991056,0.0065436866
991057,0.0074111042
991058,0.014028033
991059,0.0063303299
991060,0.014298742
991061,0.020158118
991062,0.011302275
991063,0.017652804
991064,0.0095631322
991065,0.020496324
991066,0.0087560313
991067,0.0094906073
991068,0.0082261031
991069,0.01029699
991070,0.010535386
991071,0.0093203988
991072,0.0094748102
991073,0.017693015
991074,0.0072524128
991075,0.0069544176
991076,0.010329302
991077,0.009895972
991078,0.011149328
991079,0.014015826
991080,0.033340693
991081,0.039660644
991082,0.0074477252
991083,0.013693416
991084,0.012660429
991085,0.034108598
991086,0.0071942499
991087,0.0074836281
991088,0.010770191
991089,0.0075396369
991090,0.0070276596
991091,0.017388556
991092,0.027809054
991093,0.00696088
991094,0.013875804
991095,0.0092098461
991096,0.0082950369
991097,0.023948042
991098,0.022921214
991099,0.014538259
991100,0.0072954963
991101,0.010555492
991102,0.015536679
991103,0.014191751
991104,0.0080114026
991105,0.010028435
991106,0.010714902
991107,0.0076760687
991108,0.0069953469
991109,0.026063448
991110,0.021254595
991111,0.028598033
991112,0.0071565011
991113,0.010581342
991114,0.0072157914
991115,0.015120204
991116,0.012507899
991117,0.010612937
991118,0.010569853
991119,0.024540441
991120,0.032446288
991121,0.0070980298
991122,0.017012293
991123,0.0070664352
991124,0.017363425
991125,0.011917653
991126,0.035087317
991127,0.039745376
991128,0.010351563
991129,0.0078986669
991130,0.017254997
991131,0.020744773
991132,0.019728351
991133,0.014032342
991134,0.0078699449
991135,0.010536104
991136,0.010256778
991137,0.019577706
991138,0.0071231616
991139,0.010405417
991140,0.007115263
991141,0.017430922
991142,0.010445628
991143,0.0074283374
991144,0.017578125
991145,0.0077292048
991146,0.01388873
991147,0.011563648
991148,0.014023725
991149,0.0071310606
991150,0.025937399
991151,0.0088357367
991152,0.011019359
991153,0.010747932
991154,0.039549343
991155,0.013427016
991156,0.010534668
991157,0.0076056984
991158,0.007467831
991159,0.010712029
991160,0.0079252357
991161,0.0084975297
991162,0.011242676
991163,0.039039522
991164,0.017136518
991165,0.02712187
991166,0.011033002
991167,0.017604694
991168,0.030387608
991169,0.014051011
991170,0.015102969
991171,0.017543659
991172,0.0073816637
991173,0.032116704
991174,0.007797421
991175,0.01037454
991176,0.014293715
991177,0.010340791
991178,0.016062446
991179,0.010615091
991180,0.010642377
991181,0.013134669
991182,0.0062813065
991183,0.010894416
991184,0.0072488226
991185,0.0069213868
991186,0.015567555
991187,0.022909008
991188,0.0057459213
991189,0.012909897
991190,0.0071942499
991191,0.0067820828
991192,0.0063726394
991193,0.012528004
991194,0.020243566
991195,0.011079676
991196,0.00665471
991197,0.0076703238
991198,0.026927993
991199,0.0088120401
991200,0.007210765
991201,0.0093021896
991202,0.0084824506
991203,0.007233025
991204,0.0070147347
991205,0.010468607
991206,0.032842178
991207,0.0074462891
991208,0.010797478
991209,0.025991913
991210,0.020759853
991211,0.0081887636
991212,0.022727555
991213,0.0071281884
991214,0.0071533201
991215,0.0073730471
991216,0.010721364
991217,0.0070542279
991218,0.0072768265
991219,0.013738655
991220,0.0078584561
991221,0.011064596
991222,0.0065372242
991223,0.011061724
991224,0.020738309
991225,0.0056410846
991226,0.023191204
991227,0.0092500579
991228,0.0068941005
991229,0.014200368
991230,0.017591769
991231,0.020351993
991232,0.026505055
991233,0.017660702
991234,0.014182416
991235,0.015722964
991236,0.0071992762
991237,0.010443474
991238,0.031867061
991239,0.0071310606
991240,0.010588522
991241,0.013604377
991242,0.020524206
991243,0.033524815
991244,0.010383157
991245,0.010532514
991246,0.013735064
991247,0.0076997643
991248,0.013834875
991249,0.027107509
991250,0.0072423597
991251,0.013637408
991252,0.019704379
991253,0.0073184744
991254,0.0077715707
991255,0.0067318189
991256,0.036929142
991257,0.017061122
991258,0.011356847
991259,0.013844928
991260,0.0069766776
991261,0.0028994814
991262,0.011606014
991263,0.0063174977
991264,0.020975454
991265,0.012183336
991266,0.011313763
991267,0.0061939913
991268,0.0065870667
991269,0.0072495406
991270,0.017584588
991271,0.0063950485
991272,0.017722456
991273,0.0085449219
991274,0.0073773554
991275,0.0070736157
991276,0.035773065
991277,0.0097659286
991278,0.017081944
991279,0.013589298
991280,0.0071999943
991281,0.016067326
991282,0.0071583469
991283,0.01741728
991284,0.0070606903
991285,0.033050898
991286,0.0075202491
991287,0.013798254
991288,0.012092141
991289,0.0079216454
991290,0.0071971221
991291,0.010714902
991292,0.017063275
991293,0.010755112
991294,0.0076193418
991295,0.0071210074
991296,0.014028751
991297,0.0070657171
991298,0.010543285
991299,0.039544318
991300,0.0063452609
991301,0.013258272
991302,0.010260369
991303,0.010826918
991304,0.01546559
991305,0.0024384505
991306,0.036611643
991307,0.007371611
991308,0.010428395
991309,0.016962746
991310,0.0073385797
991311,0.0070104264
991312,0.039912682
991313,0.0073184744
991314,0.0077105355
991315,0.01159668
991316,0.020743337
991317,0.0060597141
991318,0.0071827606
991319,0.039418656
991320,0.0072768265
991321,0.010638786
991322,0.013836311
991323,0.010689051
991324,0.0070657171
991325,0.0017765656
991326,0.0065873242
991327,0.0086224722
991328,0.00736443
991329,0.022753179
991330,0.010515998
991331,0.012938848
991332,0.012097886
991333,0.010237391
991334,0.0070132986
991335,0.0073105758
991336,0.014316694
991337,0.0083129881
991338,0.0062633641
991339,0.0099932505
991340,0.0053487951
991341,0.0071533201
991342,0.0071131089
991343,0.010492302
991344,0.0062392289
991345,0.0096694045
991346,0.02432215
991347,0.007313448
991348,0.0069551356
991349,0.029569738
991350,0.023259038
991351,0.010602166
991352,0.030478084
991353,0.0076344209
991354,0.018566895
991355,0.0069867303
991356,0.0097979745
991357,0.010615091
991358,0.010636632
991359,0.010413316
991360,0.011037311
991361,0.0074922452
991362,0.0072674919
991363,0.0081341909
991364,0.013970588
991365,0.0070542279
991366,0.0073213466
991367,0.0062348195
991368,0.0012186451
991369,0.007313448
991370,0.036718749
991371,0.017309571
991372,0.013821949
991373,0.013631663
991374,0.0075310203
991375,0.01750919
991376,0.01152272
991377,0.0087560313
991378,0.010557646
991379,0.0077794692
991380,0.010638786
991381,0.0071605011
991382,0.025517004
991383,0.011350385
991384,0.01403306
991385,0.0072739543
991386,0.013600653
991387,0.010752958
991388,0.014157284
991389,0.039528523
991390,0.0097864
991391,0.0089642694
991392,0.023614861
991393,0.01051169
991394,0.022684477
991395,0.010247444
991396,0.016934743
991397,0.010581342
991398,0.013347757
991399,0.0070089903
991400,0.0069422103
991401,0.016610678
991402,0.021804631
991403,0.010409008
991404,0.010588522
991405,0.0072043026
991406,0.0071382411
991407,0.010565544
991408,0.0064245849
991409,0.010948989
991410,0.013430607
991411,0.019577924
991412,0.0030032888
991413,0.02060475
991414,0.014720243
991415,0.0086253444
991416,0.027481617
991417,0.026910041
991418,0.013261144
991419,0.0065835821
991420,0.025161564
991421,0.0071238796
991422,0.0073184744
991423,0.0094834268
991424,0.0072423597
991425,0.0076209488
991426,0.01269307
991427,0.0075008618
991428,0.0072488226
991429,0.0073349895
991430,0.019417796
991431,0.017344037
991432,0.027619485
991433,0.024025591
991434,0.007136805
991435,0.010305607
991436,0.023770681
991437,0.0072122011
991438,0.0072667738
991439,0.010443474
991440,0.0088809747
991441,0.0071705538
991442,0.01389591
991443,0.0064162216
991444,0.0057940315
991445,0.021914493
991446,0.0073299631
991447,0.011155791
991448,0.023854693
991449,0.0073220646
991450,0.020438878
991451,0.0061860927
991452,0.0070312498
991453,0.0075288662
991454,0.016291359
991455,0.0073299631
991456,0.01576574
991457,0.013862879
991458,0.032705508
991459,0.0075346106
991460,0.0068014706
991461,0.007372329
991462,0.0073658661
991463,0.01718032
991464,0.0099573471
991465,0.0072265626
991466,0.0019282878
991467,0.010403981
991468,0.0072531309
991469,0.0069874483
991470,0.0074297735
991471,0.010685461
991472,0.006615493
991473,0.020944394
991474,0.022850845
991475,0.014079734
991476,0.019519379
991477,0.0075066062
991478,0.0075482535
991479,0.0078247068
991480,0.023619886
991481,0.015683163
991482,0.016926127
991483,0.027441407
991484,0.0062556188
991485,0.0067012203
991486,0.014855239
991487,0.0070176069
991488,0.0062521682
991489,0.0069221049
991490,0.020672249
991491,0.017872529
991492,0.010664637
991493,0.006685379
991494,0.034039665
991495,0.010969095
991496,0.010855641
991497,0.0018109392
991498,0.0061379825
991499,0.039389934
991500,0.033755314
991501,0.010409008
991502,0.0085521024
991503,0.0083180144
991504,0.013706342
991505,0.02194537
991506,0.0078189624
991507,0.017148007
991508,0.0096848942
991509,0.011091165
991510,0.020709587
991511,0.020358456
991512,0.0078189624
991513,0.013809742
991514,0.011001407
991515,0.0072495406
991516,0.0076408833
991517,0.027326517
991518,0.017368451
991519,0.0087459786
991520,0.013951201
991521,0.035656855
991522,0.013383411
991523,0.020518061
991524,0.013856417
991525,0.008165068
991526,0.011015768
991527,0.014174517
991528,0.010790298
991529,0.007541073
991530,0.010643813
991531,0.01312831
991532,0.0067792106
991533,0.0072725182
991534,0.0070362766
991535,0.023085263
991536,0.019450827
991537,0.010526769
991538,0.012811844
991539,0.0071461396
991540,0.0072043026
991541,0.030032169
991542,0.0072516948
991543,0.0086138556
991544,0.0073515051
991545,0.0071999943
991546,0.0097907567
991547,0.0072962143
991548,0.014073989
991549,0.039559398
991550,0.0030621458
991551,0.0079029752
991552,0.0072409236
991553,0.017205451
991554,0.033367135
991555,0.017280849
991556,0.0070362766
991557,0.0071310606
991558,0.024949018
991559,0.014119945
991560,0.0064335479
991561,0.023967428
991562,0.007100902
991563,0.032225754
991564,0.010664637
991565,0.010373104
991566,0.010474351
991567,0.016993023
991568,0.0063555548
991569,0.012889054
991570,0.0080149928
991571,0.0074240291
991572,0.013809742
991573,0.010477941
991574,0.010493021
991575,0.0072610294
991576,0.0069529815
991577,0.010688333
991578,0.02018684
991579,0.028367704
991580,0.01437342
991581,0.0088802557
991582,0.031018067
991583,0.027370319
991584,0.0084277466
991585,0.033819221
991586,0.013816205
991587,0.013813333
991588,0.013438972
991589,0.0074103861
991590,0.010594267
991591,0.010780963
991592,0.011753217
991593,0.0072308709
991594,0.0063469382
991595,0.013972024
991596,0.0066427793
991597,0.012752757
991598,0.013819795
991599,0.0094508007
991600,0.0094547691
991601,0.01060073
991602,0.0074699852
991603,0.017225558
991604,0.010447064
991605,0.01750919
991606,0.0072904699
991607,0.0039821872
991608,0.0071849148
991609,0.0068739946
991610,0.0072143553
991611,0.0073077031
991612,0.0070807962
991613,0.010546875
991614,0.019449916
991615,0.0074175666
991616,0.038702033
991617,0.010517434
991618,0.0084537286
991619,0.033995863
991620,0.0075604608
991621,0.017489804
991622,0.014277918
991623,0.0071037742
991624,0.033218075
991625,0.0070348405
991626,0.012704358
991627,0.010370232
991628,0.007019761
991629,0.0067002242
991630,0.014288689
991631,0.0075066062
991632,0.0099379597
991633,0.007255285
991634,0.0061557954
991635,0.016928999
991636,0.019528488
991637,0.01634006
991638,0.026650822
991639,0.0090202782
991640,0.0080702836
991641,0.0073069851
991642,0.0074699852
991643,0.033136584
991644,0.014214011
991645,0.016137883
991646,0.010413616
991647,0.0064254124
991648,0.02054587
991649,0.0090303309
991650,0.0093081547
991651,0.01391458
991652,0.01496223
991653,0.010482968
991654,0.010827636
991655,0.017496265
991656,0.010528924
991657,0.0083079617
991658,0.0069170785
991659,0.006519991
991660,0.0059794565
991661,0.0071633733
991662,0.017026654
991663,0.0075367647
991664,0.017370606
991665,0.027016314
991666,0.0075022979
991667,0.0025286046
991668,0.010303453
991669,0.0067196116
991670,0.011923636
991671,0.0105081
991672,0.017880429
991673,0.007827579
991674,0.015992647
991675,0.0088500977
991676,0.0073242188
991677,0.016880887
991678,0.014179544
991679,0.018039837
991680,0.019432157
991681,0.010855641
991682,0.024368107
991683,0.013660386
991684,0.039911967
991685,0.0188017
991686,0.017334703
991687,0.008165068
991688,0.010404699
991689,0.0070915669
991690,0.017130774
991691,0.03883272
991692,0.0069213868
991693,0.010368796
991694,0.011086857
991695,0.013383601
991696,0.0096866386
991697,0.026153388
991698,0.019980038
991699,0.0065644686
991700,0.014063936
991701,0.0072832895
991702,0.010365206
991703,0.010431267
991704,0.010510254
991705,0.013903809
991706,0.0073945886
991707,0.018536067
991708,0.015027573
991709,0.0059685204
991710,0.010298426
991711,0.0071238796
991712,0.0068273209
991713,0.014292279
991714,0.0068380916
991715,0.0072789812
991716,0.032988425
991717,0.011320226
991718,0.0076495004
991719,0.0072617475
991720,0.010365206
991721,0.010798914
991722,0.010612219
991723,0.0078598922
991724,0.00646111
991725,0.0070427391
991726,0.017542223
991727,0.016982134
991728,0.0072875977
991729,0.0074836281
991730,0.0074333642
991731,0.025483189
991732,0.023489606
991733,0.039892577
991734,0.010456399
991735,0.0076430375
991736,0.010648839
991737,0.011226879
991738,0.0023493674
991739,0.01761331
991740,0.015683517
991741,0.007004682
991742,0.011776195
991743,0.0063890116
991744,0.0069996552
991745,0.030910358
991746,0.010244572
991747,0.014252787
991748,0.027033547
991749,0.0072380514
991750,0.009541912
991751,0.0074060778
991752,0.0094773313
991753,0.0075087603
991754,0.0071806065
991755,0.010496611
991756,0.0071849148
991757,0.0088948859
991758,0.0072035845
991759,0.009237132
991760,0.038694851
991761,0.014282227
991762,0.025772681
991763,0.010624425
991764,0.013567756
991765,0.013821949
991766,0.020560231
991767,0.0020125264
991768,0.0073543773
991769,0.014343262
991770,0.012418859
991771,0.010066492
991772,0.010234519
991773,0.013230247
991774,0.010307761
991775,0.024009794
991776,0.039234836
991777,0.0060187844
991778,0.01934447
991779,0.010577751
991780,0.0072976504
991781,0.0076889936
991782,0.010712029
991783,0.017377067
991784,0.0065730773
991785,0.014377729
991786,0.0068969727
991787,0.0070958757
991788,0.01997504
991789,0.007077924
991790,0.0022333779
991791,0.0065946691
991792,0.007196404
991793,0.010653866
991794,0.0082713338
991795,0.013848518
991796,0.012185361
991797,0.025420066
991798,0.0069522634
991799,0.0070477654
991800,0.010772346
991801,0.020312499
991802,0.0071748621
991803,0.0070312498
991804,0.011260627
991805,0.0069702147
991806,0.010550465
991807,0.0061121322
991808,0.0063943304
991809,0.0076286765
991810,0.012970019
991811,0.0073306812
991812,0.0070657171
991813,0.038775276
991814,0.013556985
991815,0.01041547
991816,0.01090447
991817,0.0074405447
991818,0.0084163891
991819,0.028435396
991820,0.0083984379
991821,0.029740173
991822,0.0047455365
991823,0.009155361
991824,0.007033404
991825,0.016716791
991826,0.02594425
991827,0.016255239
991828,0.0061853747
991829,0.0072035845
991830,0.01070772
991831,0.010593549
991832,0.0072954963
991833,0.0070463293
991834,0.0068158316
991835,0.010468607
991836,0.0079618562
991837,0.0077514648
991838,0.0072979331
991839,0.032722007
991840,0.01051528
991841,0.015112305
991842,0.03171315
991843,0.0080997245
991844,0.025733432
991845,0.010365924
991846,0.0077812318
991847,0.0075726677
991848,0.0065146969
991849,0.0070039639
991850,0.0072165094
991851,0.01741728
991852,0.0072560031
991853,0.011068905
991854,0.0066183652
991855,0.017611874
991856,0.0075726677
991857,0.0056956573
991858,0.016908174
991859,0.006314165
991860,0.0070793601
991861,0.0070535098
991862,0.010792452
991863,0.0063648899
991864,0.013723576
991865,0.0073213466
991866,0.0072351792
991867,0.0072236904
991868,0.010284783
991869,0.0068660961
991870,0.017270794
991871,0.01058565
991872,0.034249339
991873,0.0072538489
991874,0.013019547
991875,0.0077397125
991876,0.0072617475
991877,0.0070772059
991878,0.0073170383
991879,0.030399816
991880,0.03676255
991881,0.0070118625
991882,0.0096388916
991883,0.013595043
991884,0.010663201
991885,0.010502355
991886,0.019406479
991887,0.0075008618
991888,0.012244064
991889,0.0060116039
991890,0.006365608
991891,0.0073098578
991892,0.010414752
991893,0.03072438
991894,0.027550552
991895,0.0073759193
991896,0.01372932
991897,0.010294118
991898,0.0070010913
991899,0.0071648094
991900,0.0091646081
991901,0.0065770503
991902,0.0073464788
991903,0.039430149
991904,0.0071691177
991905,0.008707922
991906,0.0066323359
991907,0.0073752012
991908,0.017104205
991909,0.020885512
991910,0.0072380514
991911,0.017425178
991912,0.0072035845
991913,0.0096054971
991914,0.0063937865
991915,0.00743121
991916,0.029388787
991917,0.0056970934
991918,0.025945758
991919,0.010409726
991920,0.0069939108
991921,0.0077134077
991922,0.0075870291
991923,0.0067217657
991924,0.0073098578
991925,0.010766601
991926,0.013228453
991927,0.0071702679
991928,0.017596794
991929,0.0095236385
991930,0.011661305
991931,0.0099264709
991932,0.017308135
991933,0.022856412
991934,0.0073443246
991935,0.011453786
991936,0.016988598
991937,0.0070125805
991938,0.0096416809
991939,0.0072660558
991940,0.007004682
991941,0.0072078928
991942,0.0071942499
991943,0.0065329159
991944,0.0072653377
991945,0.016914638
991946,0.0075080423
991947,0.0096825678
991948,0.0080372533
991949,0.013036522
991950,0.013430607
991951,0.022944024
991952,0.012487949
991953,0.0088964868
991954,0.008987247
991955,0.010146197
991956,0.0362477
991957,0.0069493088
991958,0.0055980007
991959,0.0024176021
991960,0.0086626839
991961,0.014073989
991962,0.0074154125
991963,0.0077823414
991964,0.0076796589
991965,0.010430549
991966,0.017822266
991967,0.010882927
991968,0.0067003835
991969,0.029244713
991970,0.017456774
991971,0.017383531
991972,0.0072445138
991973,0.036940631
991974,0.036502238
991975,0.039617561
991976,0.011741728
991977,0.029291103
991978,0.011105526
991979,0.023517923
991980,0.0072373333
991981,0.0370785
991982,0.014177389
991983,0.010735007
991984,0.0067454618
991985,0.0072631836
991986,0.0071705538
991987,0.0070980298
991988,0.0394402
991989,0.0010956752
991990,0.0073802276
991991,0.007004682
991992,0.019668832
991993,0.0079618562
991994,0.027726477
991995,0.034133732
991996,0.0071454216
991997,0.0070226332
991998,0.013747271
991999,0.0064258175
992000,0.019226404
992001,0.019569496
992002,0.010664637
992003,0.0070879767
992004,0.010577751
992005,0.010640941
992006,0.01020795
992007,0.0062435376
992008,0.0071698357
992009,0.0071849148
992010,0.010661765
992011,0.0094496841
992012,0.032119807
992013,0.014038804
992014,0.0059570312
992015,0.0072150733
992016,0.0070183249
992017,0.006473456
992018,0.027607996
992019,0.008223231
992020,0.022978514
992021,0.020675121
992022,0.0065606665
992023,0.014045984
992024,0.0066636028
992025,0.0075482535
992026,0.013838465
992027,0.013791791
992028,0.030175781
992029,0.0071899416
992030,0.01128935
992031,0.0066168848
992032,0.0021916521
992033,0.0019888156
992034,0.022576544
992035,0.011169434
992036,0.011371926
992037,0.015997546
992038,0.0021394603
992039,0.0087251551
992040,0.0081891883
992041,0.0071159811
992042,0.023634249
992043,0.006982422
992044,0.010434858
992045,0.0070958757
992046,0.010203642
992047,0.0075834384
992048,0.014407169
992049,0.030647548
992050,0.020691637
992051,0.014269302
992052,0.0074132583
992053,0.009296013
992054,0.039265711
992055,0.0083187325
992056,0.010823328
992057,0.037316177
992058,0.011233341
992059,0.0075173769
992060,0.0085937502
992061,0.022789761
992062,0.0088127581
992063,0.007151884
992064,0.010332175
992065,0.013801126
992066,0.010362334
992067,0.0041137999
992068,0.0061759716
992069,0.011478918
992070,0.0072732363
992071,0.008048024
992072,0.0072509767
992073,0.0074800379
992074,0.010581342
992075,0.0072136372
992076,0.0071633733
992077,0.0063177366
992078,0.0075482535
992079,0.007233025
992080,0.010541849
992081,0.015579856
992082,0.017348345
992083,0.012050813
992084,0.023219511
992085,0.010616527
992086,0.0070477654
992087,0.0072423597
992088,0.0072150733
992089,0.007078642
992090,0.013699161
992091,0.0063212207
992092,0.0074348003
992093,0.0082756495
992094,0.010597858
992095,0.014533548
992096,0.036646225
992097,0.039270736
992098,0.010306325
992099,0.0070527918
992100,0.0079503674
992101,0.015148904
992102,0.020762006
992103,0.0071669635
992104,0.007313448
992105,0.0096995635
992106,0.0086231902
992107,0.010788144
992108,0.0176169
992109,0.013564884
992110,0.0071755801
992111,0.00936478
992112,0.007291906
992113,0.0084537286
992114,0.016075224
992115,0.0140625
992116,0.010609346
992117,0.0072229723
992118,0.0072157914
992119,0.010386747
992120,0.0070147347
992121,0.0073299631
992122,0.0073005226
992123,0.014484719
992124,0.010413316
992125,0.024479406
992126,0.0077385399
992127,0.010453527
992128,0.007254567
992129,0.011040901
992130,0.020969525
992131,0.016627485
992132,0.0073823817
992133,0.007291906
992134,0.0074987076
992135,0.023827011
992136,0.0073436066
992137,0.013993566
992138,0.0065515894
992139,0.017352654
992140,0.010754394
992141,0.028970251
992142,0.0071762982
992143,0.010067929
992144,0.016009558
992145,0.014199994
992146,0.01047866
992147,0.025298713
992148,0.0082059968
992149,0.010653866
992150,0.0073988969
992151,0.038790356
992152,0.0081621958
992153,0.0074369544
992154,0.0084458292
992155,0.0071310606
992156,0.0073321173
992157,0.013947611
992158,0.0073342714
992159,0.0074757296
992160,0.013901655
992161,0.012550265
992162,0.026653621
992163,0.013648179
992164,0.0064114607
992165,0.0072208182
992166,0.0073364256
992167,0.014397116
992168,0.032718759
992169,0.01060432
992170,0.0064194622
992171,0.015100202
992172,0.0096880747
992173,0.0075137867
992174,0.0056877583
992175,0.013643871
992176,0.0072287167
992177,0.02053079
992178,0.0071267523
992179,0.017711684
992180,0.0071619372
992181,0.01051528
992182,0.010793888
992183,0.0070879767
992184,0.015365062
992185,0.01204127
992186,0.0081478339
992187,0.010018382
992188,0.0081456797
992189,0.0070578181
992190,0.012832568
992191,0.034363512
992192,0.0085219443
992193,0.010746496
992194,0.010230929
992195,0.028252814
992196,0.0176687
992197,0.019614054
992198,0.0074886545
992199,0.016565777
992200,0.039627615
992201,0.020622702
992202,0.019037813
992203,0.0062306123
992204,0.0021069546
992205,0.007041303
992206,0.013704906
992207,0.0061401366
992208,0.0073895622
992209,0.0058708638
992210,0.01952653
992211,0.014214011
992212,0.036995921
992213,0.010661765
992214,0.018037684
992215,0.0079719098
992216,0.016074559
992217,0.010846307
992218,0.010542567
992219,0.0072423597
992220,0.021065746
992221,0.0026932654
992222,0.017826574
992223,0.014170209
992224,0.0069422103
992225,0.010493739
992226,0.010801069
992227,0.0055725924
992228,0.039717373
992229,0.039280791
992230,0.0014612217
992231,0.017629825
992232,0.030914666
992233,0.034779269
992234,0.026348518
992235,0.024925321
992236,0.0070815142
992237,0.017586024
992238,0.039938536
992239,0.010593549
992240,0.019905211
992241,0.0070836684
992242,0.0081571694
992243,0.026824592
992244,0.0076925838
992245,0.011845847
992246,0.0071770162
992247,0.007210047
992248,0.010386029
992249,0.039768353
992250,0.017209759
992251,0.0065785316
992252,0.013651052
992253,0.0061882148
992254,0.035627786
992255,0.0075252759
992256,0.010638786
992257,0.0059204102
992258,0.0071935318
992259,0.0087696752
992260,0.011960018
992261,0.0062176874
992262,0.014352596
992263,0.0070542279
992264,0.01071921
992265,0.0070298137
992266,0.030384736
992267,0.012041017
992268,0.007115263
992269,0.0080006318
992270,0.0068359375
992271,0.010799632
992272,0.0070743337
992273,0.0067512062
992274,0.012672335
992275,0.010617963
992276,0.011091165
992277,0.0072193821
992278,0.036084123
992279,0.018066376
992280,0.017359834
992281,0.01079317
992282,0.010243854
992283,0.016904583
992284,0.017784208
992285,0.019424651
992286,0.010257496
992287,0.0072509767
992288,0.019853646
992289,0.01027473
992290,0.0074283374
992291,0.010075827
992292,0.010975097
992293,0.020714615
992294,0.0072761085
992295,0.010559082
992296,0.018969726
992297,0.0072495406
992298,0.010454963
992299,0.0070743337
992300,0.021569824
992301,0.013263835
992302,0.0070211971
992303,0.0078196805
992304,0.0079367245
992305,0.0073838178
992306,0.008767521
992307,0.0079403147
992308,0.01913129
992309,0.0095911361
992310,0.0070592542
992311,0.020154526
992312,0.013490924
992313,0.009911906
992314,0.020814659
992315,0.0096688522
992316,0.0070240693
992317,0.0071023381
992318,0.0068991268
992319,0.0070549459
992320,0.026027691
992321,0.019786419
992322,0.011193847
992323,0.010842716
992324,0.0072847256
992325,0.0070441752
992326,0.0066511529
992327,0.010923139
992328,0.010025447
992329,0.013885858
992330,0.0079898611
992331,0.0080982884
992332,0.039728861
992333,0.0075087603
992334,0.0065917969
992335,0.010896571
992336,0.012507442
992337,0.020273007
992338,0.015846515
992339,0.030723661
992340,0.029738231
992341,0.017247079
992342,0.0061710132
992343,0.010673254
992344,0.019069657
992345,0.010039206
992346,0.0081916358
992347,0.017319623
992348,0.0075137867
992349,0.024373852
992350,0.0086684283
992351,0.010575597
992352,0.010753676
992353,0.0079474952
992354,0.010774501
992355,0.0094733741
992356,0.0076502184
992357,0.0073098578
992358,0.010951143
992359,0.014226936
992360,0.0071626552
992361,0.026359288
992362,0.0072380514
992363,0.0073019587
992364,0.010141263
992365,0.0073120119
992366,0.0074355183
992367,0.013821231
992368,0.017130055
992369,0.0071245977
992370,0.007100184
992371,0.017378503
992372,0.0087316176
992373,0.014876063
992374,0.014453843
992375,0.023701029
992376,0.029808367
992377,0.017367734
992378,0.023018153
992379,0.017491957
992380,0.006652114
992381,0.0069529815
992382,0.017743278
992383,0.010650275
992384,0.013926068
992385,0.0028027459
992386,0.026017614
992387,0.007151884
992388,0.016717888
992389,0.014333209
992390,0.0071813245
992391,0.0057967422
992392,0.0071475757
992393,0.014005055
992394,0.010454963
992395,0.023792939
992396,0.013284709
992397,0.014160874
992398,0.010317096
992399,0.0072265626
992400,0.030412024
992401,0.0077679805
992402,0.010272576
992403,0.020305319
992404,0.010849179
992405,0.039550781
992406,0.01187842
992407,0.0072229723
992408,0.017198989
992409,0.013184478
992410,0.017418716
992411,0.019060202
992412,0.011094111
992413,0.012133789
992414,0.0074628047
992415,0.0073012407
992416,0.031021273
992417,0.014402143
992418,0.014246323
992419,0.010562672
992420,0.0072581572
992421,0.0068818936
992422,0.0072114831
992423,0.0077213063
992424,0.020691637
992425,0.014221909
992426,0.039294433
992427,0.010919549
992428,0.00736443
992429,0.007100184
992430,0.016547194
992431,0.017164523
992432,0.0071870694
992433,0.0069558537
992434,0.0092141544
992435,0.010331457
992436,0.0073615578
992437,0.020400103
992438,0.030310767
992439,0.0077579273
992440,0.0069809859
992441,0.010887235
992442,0.0061013615
992443,0.028034722
992444,0.0092723174
992445,0.016520089
992446,0.0072308709
992447,0.010397518
992448,0.012446864
992449,0.013419836
992450,0.006887638
992451,0.039621871
992452,0.022966452
992453,0.01074865
992454,0.01071921
992455,0.019186581
992456,0.019008115
992457,0.010785271
992458,0.033707205
992459,0.0079058483
992460,0.020858226
992461,0.0072086109
992462,0.014522777
992463,0.0060317097
992464,0.02315243
992465,0.010271139
992466,0.010582778
992467,0.01947083
992468,0.016800465
992469,0.0160027
992470,0.026872702
992471,0.010237803
992472,0.0052820542
992473,0.017348345
992474,0.020535098
992475,0.011997358
992476,0.010757985
992477,0.011344641
992478,0.027000517
992479,0.010737161
992480,0.0070772059
992481,0.010525333
992482,0.01384421
992483,0.0076789409
992484,0.016130311
992485,0.010689769
992486,0.022897169
992487,0.020936495
992488,0.009809427
992489,0.017670037
992490,0.020456113
992491,0.0069149244
992492,0.0071748621
992493,0.021885052
992494,0.027287023
992495,0.013717831
992496,0.010621553
992497,0.014023007
992498,0.0070800781
992499,0.0074046417
992500,0.0076013901
992501,0.0080595128
992502,0.0078922044
992503,0.0067612594
992504,0.013926786
992505,0.012796593
992506,0.006147366
992507,0.024161305
992508,0.012516649
992509,0.012606991
992510,0.019683477
992511,0.0069048712
992512,0.0070657171
992513,0.007217946
992514,0.011045209
992515,0.0095895464
992516,0.0069996552
992517,0.014832261
992518,0.010358025
992519,0.010692641
992520,0.011242676
992521,0.013661104
992522,0.010581342
992523,0.014125689
992524,0.012922963
992525,0.013798254
992526,0.0072969324
992527,0.006602278
992528,0.0070204791
992529,0.0072861616
992530,0.014163028
992531,0.014123535
992532,0.012442555
992533,0.017153751
992534,0.012172564
992535,0.0071231616
992536,0.013427734
992537,0.0068847658
992538,0.010531796
992539,0.0072603114
992540,0.014154412
992541,0.0073357075
992542,0.011295094
992543,0.0074491613
992544,0.011470301
992545,0.021124627
992546,0.010801787
992547,0.0070384308
992548,0.028961327
992549,0.017439539
992550,0.0099104857
992551,0.013797536
992552,0.0072157914
992553,0.004939321
992554,0.011259191
992555,0.0093800267
992556,0.0071238796
992557,0.017085535
992558,0.032485746
992559,0.0021573079
992560,0.010253906
992561,0.0074786018
992562,0.0074527515
992563,0.0075640511
992564,0.0073091397
992565,0.01323092
992566,0.0065755895
992567,0.039119944
992568,0.0073005226
992569,0.012301055
992570,0.010576315
992571,0.0071238796
992572,0.009557277
992573,0.0088206576
992574,0.017099179
992575,0.027135512
992576,0.0069508273
992577,0.0095648644
992578,0.018410357
992579,0.017816521
992580,0.010271139
992581,0.011191693
992582,0.0068739946
992583,0.014154412
992584,0.01247997
992585,0.0070269415
992586,0.0019011195
992587,0.0070362766
992588,0.016046595
992589,0.016814826
992590,0.0071159811
992591,0.020198328
992592,0.0044746879
992593,0.0072150733
992594,0.0020531171
992595,0.0068933824
992596,0.010520306
992597,0.0092385681
992598,0.011702235
992599,0.018508732
992600,0.007541073
992601,0.020837696
992602,0.0068337834
992603,0.0072129192
992604,0.010645967
992605,0.0078031654
992606,0.014889706
992607,0.010349409
992608,0.039048858
992609,0.0071016201
992610,0.016796876
992611,0.0071231616
992612,0.010345099
992613,0.0101821
992614,0.0065602022
992615,0.0073529412
992616,0.0072933421
992617,0.029058265
992618,0.0099530388
992619,0.017464671
992620,0.032218665
992621,0.0064947475
992622,0.0067626955
992623,0.037180465
992624,0.0073306812
992625,0.0075942096
992626,0.0071116728
992627,0.0071576289
992628,0.03938419
992629,0.010399672
992630,0.0069852942
992631,0.0062614656
992632,0.017092716
992633,0.010396082
992634,0.010612937
992635,0.01014337
992636,0.013737218
992637,0.014582376
992638,0.008341711
992639,0.017334703
992640,0.010666073
992641,0.0075647691
992642,0.021647498
992643,0.0075224033
992644,0.010638786
992645,0.0062475614
992646,0.0072244084
992647,0.0068452721
992648,0.013840619
992649,0.015148654
992650,0.010732135
992651,0.0069558537
992652,0.0095961904
992653,0.0072265626
992654,0.01017851
992655,0.0071389591
992656,0.0276956
992657,0.021691177
992658,0.010756548
992659,0.015719784
992660,0.013697725
992661,0.0068474263
992662,0.010868566
992663,0.020824477
992664,0.017225558
992665,0.01342199
992666,0.01081543
992667,0.0071978401
992668,0.020405848
992669,0.0096155535
992670,0.012936733
992671,0.03669421
992672,0.0081475005
992673,0.011902574
992674,0.011086857
992675,0.010631606
992676,0.0068258848
992677,0.005837115
992678,0.010397518
992679,0.016562069
992680,0.0079963235
992681,0.005646111
992682,0.011201747
992683,0.016247977
992684,0.017535759
992685,0.010523897
992686,0.01169649
992687,0.016007008
992688,0.016938332
992689,0.01083769
992690,0.0072610294
992691,0.005991498
992692,0.0071949679
992693,0.0068840478
992694,0.010770191
992695,0.0073608398
992696,0.010697667
992697,0.007033404
992698,0.020763442
992699,0.0071820426
992700,0.016983571
992701,0.031690888
992702,0.017252844
992703,0.019863354
992704,0.010477223
992705,0.007732077
992706,0.013984231
992707,0.013557703
992708,0.013592889
992709,0.013949765
992710,0.037179746
992711,0.0069989371
992712,0.0071949679
992713,0.010960478
992714,0.013986385
992715,0.0072746724
992716,0.011655561
992717,0.0065529761
992718,0.0061919042
992719,0.0071116728
992720,0.011797018
992721,0.021635167
992722,0.006208993
992723,0.011702235
992724,0.013898064
992725,0.039799232
992726,0.007372329
992727,0.013875086
992728,0.017796416
992729,0.007151166
992730,0.0024774582
992731,0.008165068
992732,0.022484718
992733,0.0070154527
992734,0.0073909983
992735,0.0069077434
992736,0.0073342714
992737,0.0059010223
992738,0.01709128
992739,0.0066585764
992740,0.014053165
992741,0.034154557
992742,0.0090260226
992743,0.0071683996
992744,0.01013399
992745,0.0025556432
992746,0.0070384308
992747,0.0071289064
992748,0.0069450829
992749,0.0073802276
992750,0.014682905
992751,0.0071238796
992752,0.013521801
992753,0.0068826117
992754,0.0092012295
992755,0.010609346
992756,0.010477941
992757,0.0073184744
992758,0.007210047
992759,0.010757985
992760,0.03800695
992761,0.0072840075
992762,0.026135972
992763,0.0071231616
992764,0.011376235
992765,0.01327617
992766,0.006322972
992767,0.007092285
992768,0.006189683
992769,0.010461425
992770,0.039568014
992771,0.02086756
992772,0.0070772059
992773,0.0094094668
992774,0.0073206285
992775,0.0083065256
992776,0.0071770162
992777,0.010847025
992778,0.007400333
992779,0.017555147
992780,0.010548311
992781,0.026327934
992782,0.013961254
992783,0.02433005
992784,0.032528322
992785,0.0076753506
992786,0.01148179
992787,0.0093182735
992788,0.010495893
992789,0.0062514362
992790,0.0076868394
992791,0.0067095589
992792,0.024442067
992793,0.0070994659
992794,0.019714104
992795,0.014397116
992796,0.017428769
992797,0.039631203
992798,0.013580682
992799,0.010492302
992800,0.0069285673
992801,0.010271139
992802,0.0061920858
992803,0.023713235
992804,0.03968434
992805,0.018390235
992806,0.0073112939
992807,0.0071382411
992808,0.0070075542
992809,0.024119603
992810,0.0063447841
992811,0.0066325292
992812,0.0069623161
992813,0.020704562
992814,0.0067734662
992815,0.0071138269
992816,0.039493337
992817,0.0073091397
992818,0.017796416
992819,0.012673771
992820,0.0071396772
992821,0.018108772
992822,0.014365521
992823,0.006828757
992824,0.010477941
992825,0.026264437
992826,0.0073694563
992827,0.023795094
992828,0.01053395
992829,0.0096399644
992830,0.010780963
992831,0.0071920957
992832,0.0055721509
992833,0.017150879
992834,0.010836254
992835,0.0073414524
992836,0.020484835
992837,0.0070851045
992838,0.01074506
992839,0.021855943
992840,0.023086201
992841,0.0069687786
992842,0.0010451025
992843,0.0161657
992844,0.0072380514
992845,0.0067741843
992846,0.010350127
992847,0.010655303
992848,0.0072409236
992849,0.017323932
992850,0.010900879
992851,0.010574879
992852,0.013984949
992853,0.025751092
992854,0.0024217512
992855,0.0071166991
992856,0.011454504
992857,0.017371323
992858,0.017018037
992859,0.010373104
992860,0.014101993
992861,0.010910214
992862,0.0069867303
992863,0.007077924
992864,0.0071920957
992865,0.010538259
992866,0.039579503
992867,0.0065982593
992868,0.030550608
992869,0.0074843462
992870,0.03990335
992871,0.013706342
992872,0.016758099
992873,0.014063936
992874,0.011098346
992875,0.0071468577
992876,0.037805893
992877,0.017318904
992878,0.0068718405
992879,0.023995433
992880,0.0071605011
992881,0.0073184744
992882,0.0094669117
992883,0.014104865
992884,0.0080099665
992885,0.020773495
992886,0.0065447935
992887,0.033464499
992888,0.013511029
992889,0.017428769
992890,0.008180147
992891,0.0077263326
992892,0.014068244
992893,0.010653866
992894,0.0074742935
992895,0.032474294
992896,0.029423254
992897,0.010596422
992898,0.021599265
992899,0.018359374
992900,0.010422651
992901,0.0066901711
992902,0.0067985984
992903,0.015800925
992904,0.01428079
992905,0.0073766373
992906,0.029051216
992907,0.0068596336
992908,0.0072028665
992909,0.02770637
992910,0.010499483
992911,0.0054271026
992912,0.010573443
992913,0.0062966738
992914,0.0073306812
992915,0.0073515051
992916,0.013427016
992917,0.011702235
992918,0.014592429
992919,0.0072043026
992920,0.007100184
992921,0.0074635227
992922,0.011103372
992923,0.01361443
992924,0.0070247874
992925,0.01238511
992926,0.0064235255
992927,0.010722082
992928,0.025178658
992929,0.0073098578
992930,0.039914839
992931,0.0072861616
992932,0.016882325
992933,0.0080681294
992934,0.0071648094
992935,0.033194508
992936,0.013839183
992937,0.033690687
992938,0.0075482535
992939,0.0063189338
992940,0.011117733
992941,0.0070427391
992942,0.011094037
992943,0.007444853
992944,0.02089772
992945,0.020694509
992946,0.014020135
992947,0.0079977596
992948,0.0075934916
992949,0.010410444
992950,0.0089096967
992951,0.011579601
992952,0.010312069
992953,0.0073069851
992954,0.014211857
992955,0.013846364
992956,0.0020959862
992957,0.0069206688
992958,0.0078828698
992959,0.0071849148
992960,0.0070585362
992961,0.0065831803
992962,0.011311609
992963,0.0078527117
992964,0.0073270909
992965,0.014023007
992966,0.0070168888
992967,0.006289863
992968,0.028030934
992969,0.0076789409
992970,0.013922478
992971,0.011657445
992972,0.0074060778
992973,0.0036310693
992974,0.0071691177
992975,0.024063649
992976,0.010477941
992977,0.016948385
992978,0.0073579676
992979,0.010392492
992980,0.0069422103
992981,0.007100184
992982,0.0072825714
992983,0.036328126
992984,0.019300666
992985,0.010617245
992986,0.010798196
992987,0.0059512868
992988,0.014235552
992989,0.03371295
992990,0.0069443649
992991,0.0072437958
992992,0.0072904699
992993,0.0069508273
992994,0.010687615
992995,0.033052597
992996,0.00736443
992997,0.017575253
992998,0.010689051
992999,0.036086898
993000,0.0071920957
993001,0.01384421
993002,0.0067856731
993003,0.0070377127
993004,0.0070527918
993005,0.01361443
993006,0.039924175
993007,0.020968089
993008,0.021511095
993009,0.0076064165
993010,0.0072610294
993011,0.017048197
993012,0.037396599
993013,0.0092780618
993014,0.0072265626
993015,0.013068629
993016,0.016431972
993017,0.014056037
993018,0.0070994659
993019,0.013772404
993020,0.013556985
993021,0.010472915
993022,0.0076121609
993023,0.008326631
993024,0.027214499
993025,0.020772059
993026,0.03929228
993027,0.0073816637
993028,0.010807531
993029,0.018821085
993030,0.027564194
993031,0.0070434571
993032,0.0068933824
993033,0.0096644275
993034,0.0078370664
993035,0.0068610697
993036,0.017444566
993037,0.013993566
993038,0.0074477252
993039,0.0073471968
993040,0.0073809456
993041,0.01083769
993042,0.010342945
993043,0.0081341909
993044,0.018175552
993045,0.036266711
993046,0.039590992
993047,0.039789896
993048,0.0064690085
993049,0.0069048712
993050,0.0071583469
993051,0.0084996838
993052,0.0062097884
993053,0.013977051
993054,0.010503791
993055,0.0071353689
993056,0.0073141661
993057,0.0071533201
993058,0.010631606
993059,0.010538977
993060,0.010594267
993061,0.020461857
993062,0.0076243682
993063,0.0174101
993064,0.0076293945
993065,0.007291188
993066,0.0065946691
993067,0.038706344
993068,0.031954419
993069,0.0068531712
993070,0.0073414524
993071,0.014234834
993072,0.021778546
993073,0.013738655
993074,0.0069393381
993075,0.0070233513
993076,0.033994429
993077,0.039374139
993078,0.0073148841
993079,0.0060008331
993080,0.0069745234
993081,0.011923397
993082,0.0066903667
993083,0.0077076633
993084,0.028265741
993085,0.0066822725
993086,0.024093807
993087,0.017247817
993088,0.0072811353
993089,0.039886117
993090,0.017682243
993091,0.02576636
993092,0.0070872586
993093,0.0071116728
993094,0.020500632
993095,0.0096966913
993096,0.01415872
993097,0.0079273898
993098,0.013765223
993099,0.010639505
993100,0.0074118222
993101,0.010850615
993102,0.0081183938
993103,0.0073988969
993104,0.010710592
993105,0.017267922
993106,0.017233456
993107,0.010716338
993108,0.015664494
993109,0.017233456
993110,0.0072883158
993111,0.0071310606
993112,0.0055228462
993113,0.0070168888
993114,0.0069838581
993115,0.0095940083
993116,0.0077026365
993117,0.014182416
993118,0.017543659
993119,0.0074707032
993120,0.0072366153
993121,0.030618824
993122,0.0094619999
993123,0.012841769
993124,0.014981617
993125,0.016121954
993126,0.0078469673
993127,0.0059729018
993128,0.013915298
993129,0.019102164
993130,0.009815379
993131,0.010619399
993132,0.0073213466
993133,0.020724667
993134,0.010750086
993135,0.016283147
993136,0.0073364256
993137,0.026497157
993138,0.0081492709
993139,0.007291188
993140,0.024023438
993141,0.010551183
993142,0.030677706
993143,0.0070628445
993144,0.0068754307
993145,0.0065869419
993146,0.015689626
993147,0.010485122
993148,0.010654585
993149,0.009707462
993150,0.016493136
993151,0.0099063646
993152,0.0073816637
993153,0.014146513
993154,0.016487153
993155,0.027688419
993156,0.015489287
993157,0.007210047
993158,0.0074254652
993159,0.010479378
993160,0.010399672
993161,0.010573443
993162,0.027299948
993163,0.0066291243
993164,0.0041209273
993165,0.0061665121
993166,0.017210478
993167,0.017178165
993168,0.020018095
993169,0.0068969727
993170,0.0072258445
993171,0.0064212279
993172,0.012505027
993173,0.0062794406
993174,0.0074958354
993175,0.0069960649
993176,0.0064185048
993177,0.0067950082
993178,0.010495175
993179,0.011447046
993180,0.024824275
993181,0.0073874081
993182,0.017833754
993183,0.030819163
993184,0.020648552
993185,0.012761374
993186,0.0096284756
993187,0.0074139764
993188,0.0031845339
993189,0.039372701
993190,0.0074462891
993191,0.0069206688
993192,0.0068933824
993193,0.017454095
993194,0.0066054398
993195,0.009632417
993196,0.013524693
993197,0.0072516948
993198,0.016088149
993199,0.02690286
993200,0.020695226
993201,0.013997156
993202,0.018590871
993203,0.0072725182
993204,0.0018719144
993205,0.039533548
993206,0.0087036137
993207,0.007422593
993208,0.0073184744
993209,0.013913143
993210,0.0069048712
993211,0.013582118
993212,0.0086634019
993213,0.0072057387
993214,0.0070750518
993215,0.013100947
993216,0.010286219
993217,0.017786363
993218,0.007115263
993219,0.022030992
993220,0.033046223
993221,0.040579043
993222,0.0073385797
993223,0.010255342
993224,0.007210765
993225,0.017049633
993226,0.0094145201
993227,0.025367647
993228,0.013986385
993229,0.0096870651
993230,0.0079403147
993231,0.010817584
993232,0.0066242609
993233,0.0070843864
993234,0.012151022
993235,0.02354449
993236,0.037189797
993237,0.0087732654
993238,0.0090346392
993239,0.0073120119
993240,0.0072883158
993241,0.0076983282
993242,0.007159783
993243,0.016978545
993244,0.0071030562
993245,0.0069565717
993246,0.007467831
993247,0.020115752
993248,0.018434772
993249,0.013476563
993250,0.0072560031
993251,0.010890108
993252,0.025271446
993253,0.012650792
993254,0.013683364
993255,0.01738712
993256,0.0097561646
993257,0.010725672
993258,0.007115263
993259,0.0072201001
993260,0.0035958835
993261,0.0067691579
993262,0.014015826
993263,0.0072732363
993264,0.021725643
993265,0.013335687
993266,0.014041676
993267,0.013645307
993268,0.010294836
993269,0.0096414005
993270,0.0068711224
993271,0.013903091
993272,0.013987822
993273,0.010581342
993274,0.037660845
993275,0.0075389189
993276,0.0071770162
993277,0.026115675
993278,0.0077335131
993279,0.01361802
993280,0.0081717791
993281,0.0072165094
993282,0.017084099
993283,0.036696024
993284,0.0072933421
993285,0.010402544
993286,0.014045266
993287,0.010948271
993288,0.0071317786
993289,0.011661305
993290,0.0078871781
993291,0.010662483
993292,0.007444853
993293,0.01350644
993294,0.015778881
993295,0.010595703
993296,0.015571145
993297,0.0073565315
993298,0.0072825714
993299,0.0071698357
993300,0.0072143553
993301,0.0072452319
993302,0.0069070254
993303,0.0081988163
993304,0.020880487
993305,0.0081571694
993306,0.0066755353
993307,0.0074247471
993308,0.010830509
993309,0.017183192
993310,0.029146001
993311,0.007371611
993312,0.0066786376
993313,0.0073845359
993314,0.018281825
993315,0.0072861616
993316,0.014096967
993317,0.0071827606
993318,0.032373048
993319,0.017865349
993320,0.010309197
993321,0.0073005226
993322,0.010470043
993323,0.010743624
993324,0.0080587948
993325,0.010471479
993326,0.017235611
993327,0.0066241096
993328,0.0065156827
993329,0.013074448
993330,0.020751234
993331,0.0077342312
993332,0.018110208
993333,0.021276137
993334,0.010213695
993335,0.020309681
993336,0.036712289
993337,0.0071806065
993338,0.010312069
993339,0.0072495406
993340,0.0073220646
993341,0.013811897
993342,0.0086713005
993343,0.01071131
993344,0.02642037
993345,0.0080537684
993346,0.0069278493
993347,0.0076071345
993348,0.014123535
993349,0.0099028619
993350,0.010181382
993351,0.0074750115
993352,0.0092856502
993353,0.017935719
993354,0.0073421705
993355,0.010523897
993356,0.010373104
993357,0.039161593
993358,0.0060482249
993359,0.0064824629
993360,0.0073759193
993361,0.0074699852
993362,0.014005055
993363,0.010500919
993364,0.0074728574
993365,0.010466452
993366,0.010916676
993367,0.014188878
993368,0.013196288
993369,0.0072495406
993370,0.014387784
993371,0.023323329
993372,0.010398954
993373,0.0070362766
993374,0.013333637
993375,0.031543259
993376,0.0073364256
993377,0.017348345
993378,0.011137838
993379,0.010516716
993380,0.0072983685
993381,0.027283434
993382,0.010745778
993383,0.011540671
993384,0.015656594
993385,0.0073773554
993386,0.0072682099
993387,0.010258933
993388,0.0078290151
993389,0.010546875
993390,0.0077686985
993391,0.0071030562
993392,0.0095329732
993393,0.016762407
993394,0.014042394
993395,0.0027526831
993396,0.0062291762
993397,0.017497702
993398,0.011093319
993399,0.020379998
993400,0.0066758026
993401,0.015923712
993402,0.023348719
993403,0.013970588
993404,0.026089694
993405,0.010994945
993406,0.011512667
993407,0.013798972
993408,0.010477941
993409,0.02378935
993410,0.0072064567
993411,0.027778896
993412,0.023759192
993413,0.0069551356
993414,0.0068145334
993415,0.015019675
993416,0.021041332
993417,0.0071928138
993418,0.011560776
993419,0.011684283
993420,0.017372759
993421,0.0098704621
993422,0.007092285
993423,0.0064962949
993424,0.01071921
993425,0.026925121
993426,0.030259794
993427,0.022612453
993428,0.006585849
993429,0.0019426341
993430,0.0068628723
993431,0.007042021
993432,0.024098834
993433,0.035878159
993434,0.007658117
993435,0.010164867
993436,0.0073184744
993437,0.017283002
993438,0.018201131
993439,0.010320686
993440,0.0071461396
993441,0.0077270507
993442,0.0062354803
993443,0.0064466535
993444,0.0062440643
993445,0.038833439
993446,0.0064919866
993447,0.010983456
993448,0.0072308709
993449,0.020553768
993450,0.0075784121
993451,0.010622271
993452,0.010747932
993453,0.0080832085
993454,0.017173139
993455,0.017451027
993456,0.014097685
993457,0.023346307
993458,0.0074269013
993459,0.025080394
993460,0.039005056
993461,0.027397605
993462,0.010472915
993463,0.0021852124
993464,0.017486213
993465,0.0057528163
993466,0.0072610294
993467,0.013924632
993468,0.01658969
993469,0.013936121
993470,0.0079855528
993471,0.039438765
993472,0.010443474
993473,0.0072251265
993474,0.01048943
993475,0.010699822
993476,0.0069206688
993477,0.010304889
993478,0.012101476
993479,0.019856172
993480,0.011054544
993481,0.015417794
993482,0.0070621264
993483,0.013824822
993484,0.0080221733
993485,0.021141142
993486,0.026803769
993487,0.0072021484
993488,0.0071346508
993489,0.008032945
993490,0.0073680202
993491,0.011753935
993492,0.003637892
993493,0.016925408
993494,0.0070721796
993495,0.0069321576
993496,0.014320284
993497,0.03741483
993498,0.013664695
993499,0.0072725182
993500,0.0070542279
993501,0.011547133
993502,0.0076868394
993503,0.0070664352
993504,0.0068614483
993505,0.013947611
993506,0.017079791
993507,0.011216826
993508,0.0094893035
993509,0.0064852512
993510,0.0071037742
993511,0.010525333
993512,0.01048225
993513,0.012168974
993514,0.0092764711
993515,0.0078376317
993516,0.0061279298
993517,0.019688351
993518,0.010433421
993519,0.01044491
993520,0.0068919463
993521,0.025511976
993522,0.013108244
993523,0.0076387292
993524,0.017258588
993525,0.017321777
993526,0.010541849
993527,0.0139591
993528,0.010548311
993529,0.013933249
993530,0.014512061
993531,0.017483341
993532,0.021989677
993533,0.010584932
993534,0.010910214
993535,0.0065476727
993536,0.020614803
993537,0.0076631433
993538,0.0087617766
993539,0.0076286765
993540,0.0072538489
993541,0.0069429288
993542,0.0072035845
993543,0.037201144
993544,0.022968786
993545,0.010358025
993546,0.0070685893
993547,0.0072416416
993548,0.01399572
993549,0.010793888
993550,0.0061962963
993551,0.03062026
993552,0.011284323
993553,0.027686264
993554,0.0069694966
993555,0.0068969727
993556,0.0071999943
993557,0.0073414524
993558,0.017051786
993559,0.0071712718
993560,0.020676557
993561,0.01059714
993562,0.032020628
993563,0.024482938
993564,0.0071841967
993565,0.006828757
993566,0.01415513
993567,0.0072035845
993568,0.019679463
993569,0.010794606
993570,0.0076322667
993571,0.012546674
993572,0.01392176
993573,0.007092285
993574,0.010880055
993575,0.0061559342
993576,0.010654585
993577,0.0072315889
993578,0.0060891546
993579,0.0076559628
993580,0.010370232
993581,0.011144302
993582,0.0059082033
993583,0.0072402055
993584,0.0077636717
993585,0.0080494601
993586,0.029003188
993587,0.0064223344
993588,0.0074175666
993589,0.039471075
993590,0.012050494
993591,0.020451086
993592,0.0068818936
993593,0.0072962143
993594,0.012371467
993595,0.019096496
993596,0.007100184
993597,0.0071181352
993598,0.0072229723
993599,0.030813418
993600,0.0073249368
993601,0.02046473
993602,0.010460707
993603,0.011816201
993604,0.017027372
993605,0.010220157
993606,0.0070219152
993607,0.016199449
993608,0.039590992
993609,0.0095790504
993610,0.017462518
993611,0.0063597844
993612,0.01082261
993613,0.014046703
993614,0.010368078
993615,0.0074218749
993616,0.0073033948
993617,0.01811308
993618,0.018306239
993619,0.01396269
993620,0.016327981
993621,0.010808967
993622,0.0068151136
993623,0.0071920957
993624,0.029582608
993625,0.016646082
993626,0.022174647
993627,0.0093678189
993628,0.010914522
993629,0.0071920957
993630,0.017928539
993631,0.035110522
993632,0.010517434
993633,0.02077565
993634,0.0072344611
993635,0.017474724
993636,0.013663976
993637,0.0074362364
993638,0.012641458
993639,0.039657053
993640,0.014305204
993641,0.0069163605
993642,0.0070664352
993643,0.010765165
993644,0.010329302
993645,0.0024333922
993646,0.01071921
993647,0.013845646
993648,0.0094597312
993649,0.0079273898
993650,0.023897059
993651,0.023790067
993652,0.013854262
993653,0.014263557
993654,0.0074290554
993655,0.039636947
993656,0.017204734
993657,0.013678337
993658,0.013331134
993659,0.039705884
993660,0.013888088
993661,0.010868566
993662,0.0066166651
993663,0.010673254
993664,0.0069055893
993665,0.0072150733
993666,0.0082691861
993667,0.010426241
993668,0.01353688
993669,0.01539689
993670,0.0070233513
993671,0.010758703
993672,0.014026597
993673,0.0079963235
993674,0.014096967
993675,0.0095044831
993676,0.01372932
993677,0.010605756
993678,0.0029225582
993679,0.0071798884
993680,0.016166417
993681,0.023130888
993682,0.011316636
993683,0.0066801184
993684,0.010632324
993685,0.01288776
993686,0.0082411822
993687,0.0073802276
993688,0.027297076
993689,0.010410444
993690,0.0021332896
993691,0.0074190027
993692,0.0062184674
993693,0.018681066
993694,0.0074750115
993695,0.0078311693
993696,0.016808365
993697,0.006996783
993698,0.010890826
993699,0.030816291
993700,0.0072567211
993701,0.010586368
993702,0.0063799955
993703,0.0076495004
993704,0.021047793
993705,0.0073077031
993706,0.026091453
993707,0.010618681
993708,0.010928883
993709,0.0070542279
993710,0.022891775
993711,0.0061251111
993712,0.0073335534
993713,0.010895853
993714,0.0092146341
993715,0.010888672
993716,0.013565459
993717,0.023924345
993718,0.0072631836
993719,0.0068143955
993720,0.013534008
993721,0.0071949679
993722,0.01103013
993723,0.010962632
993724,0.016622482
993725,0.0074563418
993726,0.017983111
993727,0.0064747529
993728,0.013932531
993729,0.012204159
993730,0.010891544
993731,0.0086713005
993732,0.0073486329
993733,0.0078282971
993734,0.020711023
993735,0.019351289
993736,0.017566636
993737,0.014007928
993738,0.019106897
993739,0.0081384219
993740,0.010409008
993741,0.010733571
993742,0.039471075
993743,0.028326418
993744,0.013804716
993745,0.0070527918
993746,0.0079273898
993747,0.0060215369
993748,0.0060426476
993749,0.02463307
993750,0.0072301528
993751,0.0085722078
993752,0.011664895
993753,0.0075870291
993754,0.020580336
993755,0.0072847256
993756,0.0023991552
993757,0.039257813
993758,0.0065253242
993759,0.00630537
993760,0.0064524929
993761,0.0071131089
993762,0.010519588
993763,0.0084985737
993764,0.0072617475
993765,0.0061415727
993766,0.030422794
993767,0.010622271
993768,0.007100902
993769,0.009475952
993770,0.011090447
993771,0.014487592
993772,0.0074039237
993773,0.0084329043
993774,0.0083251949
993775,0.0074405447
993776,0.010469325
993777,0.017693015
993778,0.010770191
993779,0.027829159
993780,0.0065155737
993781,0.010332175
993782,0.0072617475
993783,0.0067540784
993784,0.0064772717
993785,0.0071066464
993786,0.010691923
993787,0.031496625
993788,0.021248851
993789,0.0020705357
993790,0.0070693074
993791,0.0071576289
993792,0.027225828
993793,0.01058924
993794,0.0070434571
993795,0.011902574
993796,0.0071461396
993797,0.030030016
993798,0.028759766
993799,0.013538316
993800,0.0070772059
993801,0.018448185
993802,0.039212573
993803,0.013924632
993804,0.031586051
993805,0.010685461
993806,0.010440602
993807,0.03214255
993808,0.01071131
993809,0.0063234698
993810,0.007798139
993811,0.022776455
993812,0.011470301
993813,0.010158404
993814,0.014583094
993815,0.0072114831
993816,0.026334874
993817,0.011015768
993818,0.025022978
993819,0.010354435
993820,0.015418199
993821,0.034888197
993822,0.027253274
993823,0.0077923941
993824,0.0069888844
993825,0.0070441752
993826,0.0076861214
993827,0.0097024357
993828,0.016989315
993829,0.0072150733
993830,0.0087759681
993831,0.0083711511
993832,0.010505945
993833,0.010736443
993834,0.023661535
993835,0.020479808
993836,0.0071648094
993837,0.013597197
993838,0.007422593
993839,0.03559266
993840,0.019679965
993841,0.010354435
993842,0.033916734
993843,0.039774816
993844,0.014028033
993845,0.020329734
993846,0.018226534
993847,0.0072840075
993848,0.0073759193
993849,0.0021431986
993850,0.010664637
993851,0.013879557
993852,0.013666131
993853,0.0072387694
993854,0.010843434
993855,0.006856523
993856,0.007841222
993857,0.0072165094
993858,0.024494486
993859,0.0061428486
993860,0.011203901
993861,0.0058435774
993862,0.011103372
993863,0.0074132583
993864,0.0073098578
993865,0.010324276
993866,0.0072646197
993867,0.018440517
993868,0.010376695
993869,0.023920037
993870,0.0070125805
993871,0.016962029
993872,0.0088465074
993873,0.01157509
993874,0.023713235
993875,0.0096815079
993876,0.024399702
993877,0.020186121
993878,0.0062521542
993879,0.0073888442
993880,0.0072495406
993881,0.024943274
993882,0.0086210361
993883,0.010500919
993884,0.010536104
993885,0.0086124195
993886,0.013641717
993887,0.0072308709
993888,0.011592371
993889,0.022153607
993890,0.017395739
993891,0.039855238
993892,0.03347886
993893,0.0074261832
993894,0.007313448
993895,0.0072998046
993896,0.015871529
993897,0.017369887
993898,0.007136805
993899,0.022531578
993900,0.010653866
993901,0.013038729
993902,0.015330595
993903,0.021013327
993904,0.0097886026
993905,0.024244601
993906,0.019149959
993907,0.013286277
993908,0.007174144
993909,0.017536478
993910,0.010943962
993911,0.0070154527
993912,0.010775937
993913,0.027641745
993914,0.039303768
993915,0.0080307908
993916,0.010542567
993917,0.0072165094
993918,0.0087854723
993919,0.027600816
993920,0.010775937
993921,0.013054343
993922,0.0096949991
993923,0.0072574392
993924,0.010629452
993925,0.0074470071
993926,0.014080452
993927,0.010046119
993928,0.007137523
993929,0.0072883158
993930,0.011777032
993931,0.013907399
993932,0.0070678713
993933,0.013620174
993934,0.0080537684
993935,0.017085535
993936,0.01762215
993937,0.0072150733
993938,0.020326143
993939,0.022405647
993940,0.011595244
993941,0.016862219
993942,0.010235237
993943,0.0072847256
993944,0.0071231616
993945,0.013983513
993946,0.010750086
993947,0.010378849
993948,0.006050379
993949,0.007372329
993950,0.0073069851
993951,0.013752297
993952,0.02386331
993953,0.01568819
993954,0.0061164405
993955,0.0067648496
993956,0.0094647575
993957,0.0076401653
993958,0.0072495406
993959,0.031177476
993960,0.01372932
993961,0.0078491215
993962,0.010880055
993963,0.017374914
993964,0.007210047
993965,0.011240521
993966,0.010615809
993967,0.016891658
993968,0.014105584
993969,0.023161765
993970,0.014085478
993971,0.015214269
993972,0.025985939
993973,0.010379567
993974,0.0070377127
993975,0.0072789812
993976,0.013829849
993977,0.014198214
993978,0.0073479149
993979,0.020201918
993980,0.0063332953
993981,0.0077126897
993982,0.0063914577
993983,0.006502036
993984,0.010262619
993985,0.010721364
993986,0.0069163605
993987,0.015001997
993988,0.010661765
993989,0.0061947093
993990,0.0077837775
993991,0.010740033
993992,0.027725041
993993,0.028231379
993994,0.0066724718
993995,0.013904527
993996,0.0095975986
993997,0.020551614
993998,0.0069091795
993999,0.010420497
994000,0.0078922044
994001,0.01532126
994002,0.0072667738
994003,0.0099656247
994004,0.0095053092
994005,0.017512782
994006,0.013209766
994007,0.0066140569
994008,0.015762867
994009,0.02176011
994010,0.0070851045
994011,0.022884592
994012,0.0074261832
994013,0.0072725182
994014,0.010650994
994015,0.010662483
994016,0.0074793198
994017,0.0085467333
994018,0.0071482938
994019,0.0070111444
994020,0.0070657171
994021,0.020627011
994022,0.033827923
994023,0.0063769338
994024,0.039975874
994025,0.022912597
994026,0.010799632
994027,0.010573443
994028,0.0071691177
994029,0.010555492
994030,0.0059038945
994031,0.01048225
994032,0.014399271
994033,0.0075468174
994034,0.01047866
994035,0.0070054
994036,0.024270451
994037,0.006209827
994038,0.017405791
994039,0.0073263729
994040,0.011062485
994041,0.010635196
994042,0.013798254
994043,0.019171759
994044,0.010732853
994045,0.0088680489
994046,0.017158778
994047,0.01040039
994048,0.019642103
994049,0.006997501
994050,0.023943014
994051,0.0098819509
994052,0.007077924
994053,0.0070657171
994054,0.013913143
994055,0.0139591
994056,0.0070772059
994057,0.0069673425
994058,0.0074075139
994059,0.0073658661
994060,0.021909466
994061,0.026962157
994062,0.010477941
994063,0.013763787
994064,0.0071705538
994065,0.0075353286
994066,0.0075252759
994067,0.016970646
994068,0.014310231
994069,0.010561236
994070,0.010328584
994071,0.012548579
994072,0.017155187
994073,0.0070951572
994074,0.017589614
994075,0.007078642
994076,0.010546875
994077,0.0088809747
994078,0.010745778
994079,0.0057489914
994080,0.010625862
994081,0.01013399
994082,0.0073112939
994083,0.027527574
994084,0.010638068
994085,0.015562706
994086,0.0093527399
994087,0.007093003
994088,0.0105598
994089,0.017634852
994090,0.014287971
994091,0.0069192327
994092,0.0095918542
994093,0.016208904
994094,0.021029124
994095,0.010869284
994096,0.0071324967
994097,0.0073550954
994098,0.0071691177
994099,0.0071296245
994100,0.007159065
994101,0.010535386
994102,0.010164867
994103,0.01327241
994104,0.010594267
994105,0.011339614
994106,0.013674029
994107,0.02009421
994108,0.0068854839
994109,0.017322496
994110,0.0064384956
994111,0.007217946
994112,0.010515998
994113,0.019359633
994114,0.0074642408
994115,0.020744458
994116,0.0070958757
994117,0.0071202894
994118,0.013634535
994119,0.016916791
994120,0.01048943
994121,0.021836225
994122,0.0073313992
994123,0.0087431064
994124,0.0072538489
994125,0.0069034351
994126,0.0070886947
994127,0.014028033
994128,0.033980783
994129,0.0079388786
994130,0.0070312498
994131,0.017160214
994132,0.020477654
994133,0.02034984
994134,0.0071755801
994135,0.004175195
994136,0.022889625
994137,0.0067506703
994138,0.021487247
994139,0.0090785399
994140,0.0072933421
994141,0.0068818936
994142,0.020690918
994143,0.0062396666
994144,0.007291906
994145,0.0080501782
994146,0.007034122
994147,0.037139095
994148,0.010592113
994149,0.010701976
994150,0.0084637813
994151,0.0070010913
994152,0.020920698
994153,0.0070255054
994154,0.030853631
994155,0.0061717313
994156,0.007371611
994157,0.023825252
994158,0.014051011
994159,0.016946232
994160,0.014032342
994161,0.016039321
994162,0.013698443
994163,0.010895853
994164,0.027353803
994165,0.0076078526
994166,0.017176012
994167,0.0071497299
994168,0.0066415453
994169,0.0071238796
994170,0.023851821
994171,0.0067114364
994172,0.017295927
994173,0.010088034
994174,0.0059283087
994175,0.02109375
994176,0.013890166
994177,0.0097325938
994178,0.011440142
994179,0.016797282
994180,0.0069264132
994181,0.0098218098
994182,0.032678939
994183,0.0073450427
994184,0.0068007526
994185,0.016773896
994186,0.0077435663
994187,0.0068933824
994188,0.017389275
994189,0.016947668
994190,0.02943735
994191,0.0070743337
994192,0.010595703
994193,0.0072387694
994194,0.014446663
994195,0.010541131
994196,0.0076279584
994197,0.0094961198
994198,0.030771218
994199,0.013993566
994200,0.010948989
994201,0.010663201
994202,0.018930234
994203,0.0096596591
994204,0.015429316
994205,0.0072567211
994206,0.023816636
994207,0.010903751
994208,0.021702666
994209,0.011065315
994210,0.021302706
994211,0.0070255054
994212,0.0071102367
994213,0.010228056
994214,0.013940429
994215,0.039499801
994216,0.020668657
994217,0.010686897
994218,0.014481129
994219,0.007525994
994220,0.013686236
994221,0.03961828
994222,0.011477482
994223,0.0070003732
994224,0.023747703
994225,0.010182818
994226,0.010251034
994227,0.012623895
994228,0.014046703
994229,0.02749167
994230,0.020967372
994231,0.014399989
994232,0.014045984
994233,0.0099076442
994234,0.0072258445
994235,0.0071102367
994236,0.0070140166
994237,0.0073450427
994238,0.021645179
994239,0.024310661
994240,0.0074778837
994241,0.00743121
994242,0.0068818936
994243,0.0063390187
994244,0.018785184
994245,0.0077493107
994246,0.0071640913
994247,0.010297708
994248,0.010080135
994249,0.0066644028
994250,0.015929457
994251,0.0074139764
994252,0.021507353
994253,0.011468865
994254,0.0073701749
994255,0.018795956
994256,0.0095286649
994257,0.0078814337
994258,0.010670382
994259,0.012976849
994260,0.016558848
994261,0.0069149244
994262,0.03424862
994263,0.019773794
994264,0.030238971
994265,0.0087028956
994266,0.012542371
994267,0.011374081
994268,0.0070319679
994269,0.0070714615
994270,0.020590154
994271,0.0072725182
994272,0.010745778
994273,0.0080070943
994274,0.0063136248
994275,0.0071403952
994276,0.0066624573
994277,0.0068467082
994278,0.022475298
994279,0.017532887
994280,0.011961618
994281,0.013545496
994282,0.00823831
994283,0.02678079
994284,0.0073816637
994285,0.028182445
994286,0.0072516948
994287,0.013987103
994288,0.0065170308
994289,0.013786765
994290,0.010546875
994291,0.021442523
994292,0.0069852942
994293,0.016333224
994294,0.0070535098
994295,0.022117704
994296,0.010523897
994297,0.018030798
994298,0.010599294
994299,0.017107077
994300,0.010696949
994301,0.013923196
994302,0.0072380514
994303,0.01070772
994304,0.014303768
994305,0.010921703
994306,0.0069278493
994307,0.0072954963
994308,0.0057425383
994309,0.013371008
994310,0.014170927
994311,0.02442986
994312,0.0075030159
994313,0.034212001
994314,0.018274726
994315,0.035168391
994316,0.023624914
994317,0.027102482
994318,0.0068251668
994319,0.01570686
994320,0.017782055
994321,0.01080035
994322,0.0082340017
994323,0.012128763
994324,0.010682588
994325,0.01527674
994326,0.020763442
994327,0.0067102769
994328,0.011582319
994329,0.016783232
994330,0.013809742
994331,0.0064848056
994332,0.011165125
994333,0.03954719
994334,0.011927705
994335,0.013740809
994336,0.014925609
994337,0.0070082722
994338,0.007525994
994339,0.0072380514
994340,0.0074139764
994341,0.024471506
994342,0.0070621264
994343,0.0085169179
994344,0.021129653
994345,0.010741469
994346,0.035732854
994347,0.0071619372
994348,0.013663258
994349,0.0072725182
994350,0.020400103
994351,0.023462564
994352,0.016913202
994353,0.019406337
994354,0.032003544
994355,0.0094687305
994356,0.0070901308
994357,0.0071612191
994358,0.0073752012
994359,0.0073213466
994360,0.010705566
994361,0.027429199
994362,0.010757267
994363,0.017063275
994364,0.017451746
994365,0.021995589
994366,0.0071224435
994367,0.0070456113
994368,0.0077809053
994369,0.012724034
994370,0.010495893
994371,0.0095162466
994372,0.011639395
994373,0.0062752785
994374,0.0093434751
994375,0.010403981
994376,0.0062897746
994377,0.0071468577
994378,0.013967716
994379,0.0072387694
994380,0.0073005226
994381,0.017830882
994382,0.0069307215
994383,0.0073579676
994384,0.013977051
994385,0.007173426
994386,0.01753217
994387,0.013936121
994388,0.0074491613
994389,0.010848461
994390,0.010615091
994391,0.014123535
994392,0.028106974
994393,0.013437289
994394,0.0063684196
994395,0.0072258445
994396,0.015372243
994397,0.014023007
994398,0.0076121609
994399,0.010075827
994400,0.020061178
994401,0.0076861214
994402,0.010691923
994403,0.0070886947
994404,0.015750138
994405,0.0072897519
994406,0.0023560359
994407,0.015880629
994408,0.0066652689
994409,0.0068402458
994410,0.0015990417
994411,0.010569853
994412,0.0071870694
994413,0.0075827204
994414,0.014166619
994415,0.03072438
994416,0.013768096
994417,0.0079546757
994418,0.01043773
994419,0.0072150733
994420,0.014394962
994421,0.0080422796
994422,0.0069558537
994423,0.010669664
994424,0.0072244084
994425,0.01780216
994426,0.0097261453
994427,0.010661765
994428,0.0072366153
994429,0.010687615
994430,0.011879596
994431,0.0062083439
994432,0.013126938
994433,0.0070377127
994434,0.010734289
994435,0.0099546555
994436,0.0071992762
994437,0.0071245977
994438,0.0066786823
994439,0.01048225
994440,0.0072007123
994441,0.0075970818
994442,0.013811897
994443,0.0065139621
994444,0.010523897
994445,0.040073529
994446,0.016865809
994447,0.030353861
994448,0.01056339
994449,0.035360456
994450,0.010462143
994451,0.0065544974
994452,0.0072272806
994453,0.0064215041
994454,0.0077730068
994455,0.0072653377
994456,0.029830962
994457,0.012757118
994458,0.036568027
994459,0.016823443
994460,0.011641808
994461,0.007195686
994462,0.01736127
994463,0.0061990176
994464,0.0071863509
994465,0.0072014304
994466,0.01750919
994467,0.017688707
994468,0.01004524
994469,0.022163661
994470,0.0071576289
994471,0.011503331
994472,0.0073450427
994473,0.017566636
994474,0.010470761
994475,0.027653953
994476,0.010849897
994477,0.0033543627
994478,0.013296461
994479,0.0074843462
994480,0.023364257
994481,0.010903033
994482,0.0069565717
994483,0.0094030043
994484,0.0072761085
994485,0.010332893
994486,0.0074865003
994487,0.014028033
994488,0.0071346508
994489,0.0083194505
994490,0.010778091
994491,0.0073601217
994492,0.010878619
994493,0.010781681
994494,0.010317096
994495,0.0082059968
994496,0.011432244
994497,0.0095126843
994498,0.0074505974
994499,0.0075913374
994500,0.017239919
994501,0.022231158
994502,0.0076530906
994503,0.0072380514
994504,0.016116543
994505,0.013947611
994506,0.0077205882
994507,0.010386747
994508,0.021139706
994509,0.0054838294
994510,0.0072344611
994511,0.013075344
994512,0.013775276
994513,0.011025104
994514,0.031826656
994515,0.0070219152
994516,0.014224782
994517,0.010564826
994518,0.0071985582
994519,0.0070571001
994520,0.006571691
994521,0.011440142
994522,0.0075382008
994523,0.013898782
994524,0.0064766593
994525,0.0096307229
994526,0.0077579273
994527,0.0075137867
994528,0.028152287
994529,0.010661765
994530,0.0278586
994531,0.0089707319
994532,0.0063031367
994533,0.011880314
994534,0.016422765
994535,0.016201222
994536,0.010811121
994537,0.0072502587
994538,0.017377786
994539,0.014114918
994540,0.0070082722
994541,0.039321002
994542,0.010984892
994543,0.0067346911
994544,0.010712029
994545,0.0073945886
994546,0.020484835
994547,0.023690257
994548,0.034221336
994549,0.0059189741
994550,0.0070657171
994551,0.0073292451
994552,0.014410041
994553,0.025473921
994554,0.01101146
994555,0.027056526
994556,0.015533088
994557,0.022967344
994558,0.0070592542
994559,0.010466452
994560,0.0087026376
994561,0.010376695
994562,0.01027832
994563,0.013763787
994564,0.007349351
994565,0.01081543
994566,0.0071159811
994567,0.0071639577
994568,0.013926068
994569,0.007100184
994570,0.020785702
994571,0.0058205999
994572,0.0069508273
994573,0.011099782
994574,0.0067950399
994575,0.0063993568
994576,0.018077178
994577,0.0072258445
994578,0.033476707
994579,0.007246668
994580,0.027852187
994581,0.0078354776
994582,0.017049633
994583,0.0072402055
994584,0.010853487
994585,0.01415154
994586,0.0064836997
994587,0.022248344
994588,0.015394584
994589,0.037418708
994590,0.010765165
994591,0.013905245
994592,0.019129137
994593,0.034020998
994594,0.0071834787
994595,0.00740895
994596,0.01739502
994597,0.0072969324
994598,0.014341826
994599,0.010640223
994600,0.010363052
994601,0.013204101
994602,0.0090669524
994603,0.0027086751
994604,0.0071619372
994605,0.010185691
994606,0.0071482938
994607,0.0071439855
994608,0.028371658
994609,0.0071504479
994610,0.0070937211
994611,0.023624197
994612,0.013915298
994613,0.016348805
994614,0.013947611
994615,0.010457835
994616,0.010867848
994617,0.0086547853
994618,0.0097311577
994619,0.0073802276
994620,0.0072875977
994621,0.014039522
994622,0.011394187
994623,0.038086157
994624,0.039369829
994625,0.010623707
994626,0.010677562
994627,0.031935252
994628,0.010202206
994629,0.007371611
994630,0.030636057
994631,0.017179601
994632,0.0072603114
994633,0.010648121
994634,0.020566693
994635,0.033895336
994636,0.0073120119
994637,0.01395445
994638,0.007400333
994639,0.0071978401
994640,0.013375316
994641,0.0065367203
994642,0.0074865003
994643,0.0063921195
994644,0.010592113
994645,0.007092285
994646,0.007114545
994647,0.0072409236
994648,0.0072639016
994649,0.013798254
994650,0.0074843462
994651,0.0070621264
994652,0.0069328756
994653,0.0028388714
994654,0.013997156
994655,0.027903983
994656,0.011523438
994657,0.013859289
994658,0.010765165
994659,0.010443474
994660,0.0073515051
994661,0.015306015
994662,0.021062156
994663,0.0073033948
994664,0.0076631433
994665,0.0044088634
994666,0.0073522232
994667,0.020271571
994668,0.014316694
994669,0.0081571694
994670,0.01037454
994671,0.0073938705
994672,0.0076279584
994673,0.01070054
994674,0.018589154
994675,0.017303107
994676,0.013595043
994677,0.039200369
994678,0.019493243
994679,0.010880773
994680,0.024162022
994681,0.0071640913
994682,0.011867388
994683,0.019867452
994684,0.028717954
994685,0.027976362
994686,0.0072373333
994687,0.0070700254
994688,0.0084400848
994689,0.006494543
994690,0.010788144
994691,0.0089348285
994692,0.0065982593
994693,0.0069946288
994694,0.01041547
994695,0.014648438
994696,0.0067533604
994697,0.02057172
994698,0.014811438
994699,0.010352281
994700,0.013476563
994701,0.010449937
994702,0.030828498
994703,0.039604634
994704,0.009255372
994705,0.0085477941
994706,0.010577751
994707,0.010569853
994708,0.010307761
994709,0.013956945
994710,0.013602941
994711,0.0072215362
994712,0.010695513
994713,0.0238152
994714,0.017090563
994715,0.010558364
994716,0.0063980762
994717,0.039491899
994718,0.014270738
994719,0.010615809
994720,0.0078239888
994721,0.010828354
994722,0.010887235
994723,0.0064483322
994724,0.020438878
994725,0.013158535
994726,0.020798627
994727,0.0099106729
994728,0.0068625058
994729,0.013903809
994730,0.016799748
994731,0.0071461396
994732,0.0098503558
994733,0.0074103861
994734,0.0070240693
994735,0.014861701
994736,0.017361989
994737,0.010755112
994738,0.010403262
994739,0.010308479
994740,0.01822797
994741,0.0099013383
994742,0.0072753904
994743,0.036989991
994744,0.0073005226
994745,0.017992446
994746,0.010717056
994747,0.0079352884
994748,0.0067591048
994749,0.0076983282
994750,0.023563879
994751,0.0068251668
994752,0.010684743
994753,0.0074103861
994754,0.010261087
994755,0.0064467485
994756,0.0084422389
994757,0.016492503
994758,0.010454245
994759,0.0087201288
994760,0.037792891
994761,0.0074685491
994762,0.0098860618
994763,0.0072014304
994764,0.010477941
994765,0.028241325
994766,0.0061099781
994767,0.0070176069
994768,0.0072416416
994769,0.013161519
994770,0.017237047
994771,0.0096997572
994772,0.011368336
994773,0.0064543681
994774,0.0070901308
994775,0.0070886947
994776,0.028258558
994777,0.010161994
994778,0.039622586
994779,0.03951057
994780,0.0073902803
994781,0.017164523
994782,0.0072732363
994783,0.010251034
994784,0.023790067
994785,0.010523897
994786,0.007019043
994787,0.0071095186
994788,0.013910271
994789,0.006901281
994790,0.017845243
994791,0.010765165
994792,0.0070728976
994793,0.0073270909
994794,0.013884421
994795,0.0092299515
994796,0.0063762162
994797,0.0099135451
994798,0.017491957
994799,0.015356446
994800,0.0070355586
994801,0.0063036769
994802,0.0064417282
994803,0.010526051
994804,0.0099336514
994805,0.010940372
994806,0.020720359
994807,0.0108341
994808,0.013099581
994809,0.010900161
994810,0.010167021
994811,0.0096514532
994812,0.010762293
994813,0.007114545
994814,0.0172392
994815,0.035963215
994816,0.0074742935
994817,0.0078512756
994818,0.0084530097
994819,0.013133329
994820,0.027142692
994821,0.010324994
994822,0.011586993
994823,0.013928222
994824,0.0073586856
994825,0.0072251265
994826,0.01063017
994827,0.0063088811
994828,0.007136805
994829,0.013641717
994830,0.0072215362
994831,0.0073450427
994832,0.0072516948
994833,0.0237635
994834,0.0071576289
994835,0.0073450427
994836,0.0073407344
994837,0.0072380514
994838,0.0075597428
994839,0.010519588
994840,0.0072890338
994841,0.010322122
994842,0.0097932573
994843,0.0069292854
994844,0.0073687383
994845,0.0073687383
994846,0.010790298
994847,0.021095186
994848,0.023427447
994849,0.0088579962
994850,0.017413689
994851,0.010880055
994852,0.0077938302
994853,0.0095822746
994854,0.010391774
994855,0.0167275
994856,0.0089994539
994857,0.0071949679
994858,0.0071116728
994859,0.010719928
994860,0.0071806065
994861,0.010730699
994862,0.0072057387
994863,0.010676126
994864,0.010885081
994865,0.0072050206
994866,0.0073156022
994867,0.0063049905
994868,0.0073184744
994869,0.017074764
994870,0.010862822
994871,0.0075446633
994872,0.0085650273
994873,0.010332175
994874,0.0073701749
994875,0.0070815142
994876,0.028463837
994877,0.0070484835
994878,0.0075525618
994879,0.013717831
994880,0.014253505
994881,0.02439611
994882,0.010619399
994883,0.016185327
994884,0.0071920957
994885,0.0075597428
994886,0.017371323
994887,0.0071691177
994888,0.0074333642
994889,0.010144761
994890,0.0073414524
994891,0.011089729
994892,0.017049633
994893,0.013947611
994894,0.030549891
994895,0.0071461396
994896,0.019980038
994897,0.010999971
994898,0.014395947
994899,0.0091983574
994900,0.0063928836
994901,0.014708037
994902,0.016631586
994903,0.0098955659
994904,0.010317096
994905,0.010447782
994906,0.0074527515
994907,0.010959042
994908,0.0070168888
994909,0.015540269
994910,0.027079504
994911,0.0063884137
994912,0.017899817
994913,0.017652804
994914,0.0071870694
994915,0.007400333
994916,0.013608686
994917,0.034021713
994918,0.0086081112
994919,0.028333956
994920,0.0074692671
994921,0.0071942499
994922,0.0072430777
994923,0.012568934
994924,0.015222886
994925,0.0070542279
994926,0.007673196
994927,0.023617733
994928,0.0071461396
994929,0.033732336
994930,0.018788775
994931,0.014109174
994932,0.023644302
994933,0.0099688359
994934,0.015940947
994935,0.0092518041
994936,0.0071123908
994937,0.034063362
994938,0.010462862
994939,0.013213752
994940,0.01437342
994941,0.007078642
994942,0.007042021
994943,0.0069896025
994944,0.010523179
994945,0.010812557
994946,0.0089254938
994947,0.010698386
994948,0.023935117
994949,0.0057595647
994950,0.039433736
994951,0.0067210477
994952,0.02366728
994953,0.017428769
994954,0.0071569108
994955,0.0072294348
994956,0.010581342
994957,0.0090568988
994958,0.0064691803
994959,0.0073795095
994960,0.0065342062
994961,0.010721364
994962,0.013766659
994963,0.010381721
994964,0.0069544176
994965,0.020359734
994966,0.00736443
994967,0.014030905
994968,0.0080243275
994969,0.021128217
994970,0.014028751
994971,0.010454963
994972,0.010352281
994973,0.010466452
994974,0.018120978
994975,0.0073141661
994976,0.010124655
994977,0.026667336
994978,0.017274385
994979,0.030577177
994980,0.007055664
994981,0.019933531
994982,0.010684025
994983,0.0072409236
994984,0.007151884
994985,0.0070886947
994986,0.0211534
994987,0.0078699449
994988,0.017957261
994989,0.018060662
994990,0.013524673
994991,0.017662138
994992,0.020672966
994993,0.013738655
994994,0.0074929632
994995,0.0072990865
994996,0.0071238796
994997,0.007365148
994998,0.0068359375
994999,0.0072660558
995000,0.0063447841
995001,0.0061753215
995002,0.010646685
995003,0.0111005
995004,0.0062797717
995005,0.0070714615
995006,0.0088967718
995007,0.006072639
995008,0.017405791
995009,0.01048943
995010,0.0073529412
995011,0.0064287973
995012,0.0071899416
995013,0.013923914
995014,0.0073177563
995015,0.0071504479
995016,0.020443186
995017,0.015031852
995018,0.0079288259
995019,0.017364861
995020,0.013488051
995021,0.010587086
995022,0.011445169
995023,0.027607996
995024,0.0073874081
995025,0.0071281884
995026,0.0065767965
995027,0.0076717599
995028,0.0043962235
995029,0.0070427391
995030,0.0045385654
995031,0.0071978401
995032,0.0080099665
995033,0.010861386
995034,0.0074269013
995035,0.019567378
995036,0.0070111444
995037,0.0076293945
995038,0.037162513
995039,0.0070585362
995040,0.014135025
995041,0.01046717
995042,0.023695285
995043,0.010845589
995044,0.0070886947
995045,0.010595703
995046,0.024455709
995047,0.0099059138
995048,0.015199738
995049,0.0075870291
995050,0.023647891
995051,0.010523897
995052,0.0068589156
995053,0.014675723
995054,0.038787484
995055,0.015693935
995056,0.012864775
995057,0.022401758
995058,0.017198989
995059,0.0072739543
995060,0.013448037
995061,0.014160156
995062,0.008062385
995063,0.014074707
995064,0.013878676
995065,0.013972742
995066,0.010562672
995067,0.027823415
995068,0.007078642
995069,0.013306382
995070,0.010557646
995071,0.0064403317
995072,0.014458152
995073,0.0070068361
995074,0.01451057
995075,0.0089800665
995076,0.0070865406
995077,0.0070434571
995078,0.0065953871
995079,0.01202608
995080,0.0059756194
995081,0.017164523
995082,0.014010082
995083,0.0078553809
995084,0.025631893
995085,0.0086763268
995086,0.0063993568
995087,0.010611501
995088,0.017325368
995089,0.020990349
995090,0.0074125403
995091,0.013629509
995092,0.024301328
995093,0.024244601
995094,0.014066808
995095,0.010945398
995096,0.007247386
995097,0.013900219
995098,0.0073378617
995099,0.0061078239
995100,0.019601656
995101,0.013556985
995102,0.015773775
995103,0.010719928
995104,0.010781681
995105,0.0069917566
995106,0.0088648461
995107,0.0072818534
995108,0.020278033
995109,0.037392292
995110,0.0075439452
995111,0.027228143
995112,0.014022289
995113,0.01027473
995114,0.0083625345
995115,0.010791016
995116,0.0091818413
995117,0.017203297
995118,0.022355469
995119,0.0020251528
995120,0.016001983
995121,0.0068467082
995122,0.013972742
995123,0.0071037742
995124,0.030625287
995125,0.010602884
995126,0.013553395
995127,0.024108168
995128,0.0096241673
995129,0.024310661
995130,0.0099846385
995131,0.010854205
995132,0.024149816
995133,0.0074908086
995134,0.021289062
995135,0.0073601217
995136,0.01484734
995137,0.014624024
995138,0.031215534
995139,0.037591912
995140,0.01423627
995141,0.010803223
995142,0.010333611
995143,0.012915039
995144,0.0073888442
995145,0.024489459
995146,0.0069185146
995147,0.024011949
995148,0.007525994
995149,0.010229493
995150,0.015857652
995151,0.007929544
995152,0.0071332147
995153,0.008414235
995154,0.0072265626
995155,0.01404024
995156,0.0058191638
995157,0.0089333924
995158,0.011086857
995159,0.010693359
995160,0.0070283776
995161,0.010354435
995162,0.01048943
995163,0.0070305318
995164,0.017768411
995165,0.013790355
995166,0.0098941578
995167,0.024164177
995168,0.0073529412
995169,0.0069623161
995170,0.0066427793
995171,0.013549087
995172,0.018004656
995173,0.0071784523
995174,0.0097620348
995175,0.0077442843
995176,0.0078002932
995177,0.017712802
995178,0.0072610294
995179,0.039145079
995180,0.010997817
995181,0.016446078
995182,0.0059283087
995183,0.02754768
995184,0.010771628
995185,0.014089786
995186,0.0071605011
995187,0.017713839
995188,0.0068416819
995189,0.010384593
995190,0.0071820426
995191,0.006570973
995192,0.022470273
995193,0.0071382411
995194,0.020958755
995195,0.02671401
995196,0.027685547
995197,0.014156566
995198,0.010982738
995199,0.011386288
995200,0.0074139764
995201,0.008723001
995202,0.010692641
995203,0.010004739
995204,0.022881292
995205,0.0107228
995206,0.014015826
995207,0.0070111444
995208,0.0074046417
995209,0.0071770162
995210,0.0073759193
995211,0.024159869
995212,0.014160874
995213,0.014695112
995214,0.011214672
995215,0.0070226332
995216,0.013867187
995217,0.022520918
995218,0.010259651
995219,0.013706342
995220,0.01726505
995221,0.009529002
995222,0.0074254652
995223,0.0070642806
995224,0.013984231
995225,0.012998334
995226,0.007217946
995227,0.0071195713
995228,0.0068309112
995229,0.010692641
995230,0.0072538489
995231,0.010526769
995232,0.010184254
995233,0.020213408
995234,0.014985434
995235,0.0071303425
995236,0.019588694
995237,0.0069221049
995238,0.0072646197
995239,0.0071231616
995240,0.0074635227
995241,0.013479481
995242,0.0098317014
995243,0.012866866
995244,0.0088831289
995245,0.0080702836
995246,0.02654383
995247,0.01429946
995248,0.013165186
995249,0.017252844
995250,0.020493452
995251,0.019697839
995252,0.007100184
995253,0.013872214
995254,0.021266084
995255,0.014305204
995256,0.010998535
995257,0.0053035445
995258,0.014145795
995259,0.013111508
995260,0.015581198
995261,0.0095398529
995262,0.037016027
995263,0.020683737
995264,0.01056339
995265,0.0074060778
995266,0.01496737
995267,0.016489545
995268,0.010484404
995269,0.010450655
995270,0.010383875
995271,0.007218664
995272,0.02391501
995273,0.0083346562
995274,0.0070003732
995275,0.012797655
995276,0.036402803
995277,0.010184254
995278,0.039751839
995279,0.007327809
995280,0.0073888442
995281,0.020695945
995282,0.0063332953
995283,0.0057674632
995284,0.013568474
995285,0.011094755
995286,0.01251106
995287,0.0070886947
995288,0.011482546
995289,0.0077744429
995290,0.01141142
995291,0.020132985
995292,0.007444853
995293,0.0073687383
995294,0.006865378
995295,0.006605478
995296,0.0072157914
995297,0.032546479
995298,0.039673571
995299,0.010285501
995300,0.0070075542
995301,0.0071698357
995302,0.0074254652
995303,0.012782197
995304,0.0071849148
995305,0.010500919
995306,0.013554113
995307,0.0068467082
995308,0.03997013
995309,0.0062817265
995310,0.017942181
995311,0.027064424
995312,0.010328584
995313,0.015629308
995314,0.010421933
995315,0.012339154
995316,0.024770938
995317,0.0071806065
995318,0.011092601
995319,0.013933249
995320,0.013648897
995321,0.012835454
995322,0.0093771545
995323,0.0074139764
995324,0.010251034
995325,0.01539522
995326,0.019232538
995327,0.013832721
995328,0.016045962
995329,0.0073069851
995330,0.0031654648
995331,0.0071949679
995332,0.0066509303
995333,0.0070118625
995334,0.007100184
995335,0.0062952056
995336,0.008061667
995337,0.0083374027
995338,0.0069221049
995339,0.0092715994
995340,0.0071949679
995341,0.0094231097
995342,0.0071346508
995343,0.0072753904
995344,0.026031591
995345,0.0074333642
995346,0.03974035
995347,0.0068883561
995348,0.027447868
995349,0.014201804
995350,0.011914062
995351,0.0072150733
995352,0.017392147
995353,0.030639589
995354,0.011073931
995355,0.014292279
995356,0.0087976791
995357,0.027345186
995358,0.010572007
995359,0.0037863723
995360,0.0079237996
995361,0.0053138528
995362,0.0075432272
995363,0.010876465
995364,0.023517923
995365,0.014084042
995366,0.024532542
995367,0.00913445
995368,0.0071798884
995369,0.0061920141
995370,0.010515998
995371,0.019544102
995372,0.013938275
995373,0.017463235
995374,0.0072251265
995375,0.0062758503
995376,0.0072416416
995377,0.014051011
995378,0.015039062
995379,0.028010109
995380,0.017500574
995381,0.021322602
995382,0.0067935721
995383,0.0072811353
995384,0.0098308353
995385,0.012304688
995386,0.0072251265
995387,0.013997156
995388,0.0073852539
995389,0.0064007929
995390,0.017248536
995391,0.010941808
995392,0.0072926241
995393,0.0073105758
995394,0.010921703
995395,0.024453679
995396,0.0070018093
995397,0.024530388
995398,0.0073988969
995399,0.01027473
995400,0.00736443
995401,0.0069070254
995402,0.0071820426
995403,0.0070663565
995404,0.0074857823
995405,0.017562328
995406,0.020761289
995407,0.0072423597
995408,0.0072854436
995409,0.0209566
995410,0.0071080825
995411,0.012874857
995412,0.0070542279
995413,0.020809397
995414,0.014073989
995415,0.0067019491
995416,0.0073098578
995417,0.0073141661
995418,0.0068337834
995419,0.036946695
995420,0.01105239
995421,0.027552705
995422,0.039236989
995423,0.010424805
995424,0.0063755284
995425,0.013936121
995426,0.009222053
995427,0.014292279
995428,0.029963234
995429,0.020670813
995430,0.010574879
995431,0.010280474
995432,0.01728731
995433,0.010971967
995434,0.0065372242
995435,0.0059893439
995436,0.011051672
995437,0.010619399
995438,0.024297019
995439,0.010505945
995440,0.0074017695
995441,0.0096540358
995442,0.010556928
995443,0.031199018
995444,0.0074563418
995445,0.0055620978
995446,0.024804687
995447,0.010283346
995448,0.0071612191
995449,0.0086210323
995450,0.0085255345
995451,0.008378597
995452,0.030732997
995453,0.0069860122
995454,0.013857853
995455,0.0069163395
995456,0.007159065
995457,0.021254595
995458,0.0015892425
995459,0.0074204388
995460,0.027607279
995461,0.010546875
995462,0.031159524
995463,0.03717472
995464,0.007365148
995465,0.0069802678
995466,0.0069544176
995467,0.017249972
995468,0.0068821134
995469,0.021993387
995470,0.026141711
995471,0.0070427391
995472,0.0080494601
995473,0.010572725
995474,0.023740521
995475,0.0079765795
995476,0.033250518
995477,0.0085901599
995478,0.0064682849
995479,0.0061250576
995480,0.0061950972
995481,0.0077069453
995482,0.007467831
995483,0.017093435
995484,0.0093886433
995485,0.013950483
995486,0.017181756
995487,0.0069407742
995488,0.0060381722
995489,0.013395973
995490,0.010276166
995491,0.020463293
995492,0.014348288
995493,0.011945657
995494,0.014275764
995495,0.005869946
995496,0.017102769
995497,0.0071698357
995498,0.011249856
995499,0.007246668
995500,0.010801787
995501,0.0071116728
995502,0.0064872839
995503,0.010844152
995504,0.010235237
995505,0.0073809456
995506,0.010582778
995507,0.0080796182
995508,0.0072854436
995509,0.0072437958
995510,0.0071346508
995511,0.0072610294
995512,0.031279441
995513,0.010531078
995514,0.007481474
995515,0.013878676
995516,0.010527487
995517,0.02581186
995518,0.019754259
995519,0.018858906
995520,0.006887638
995521,0.017038861
995522,0.0068201399
995523,0.0069536995
995524,0.0072315889
995525,0.020520052
995526,0.01044491
995527,0.0059247185
995528,0.013909553
995529,0.0087732654
995530,0.0073069851
995531,0.010851333
995532,0.010828354
995533,0.0071095186
995534,0.0079783723
995535,0.01372573
995536,0.0070010913
995537,0.010730699
995538,0.0076976102
995539,0.0068840478
995540,0.016445722
995541,0.0077234604
995542,0.010742188
995543,0.019864431
995544,0.0070908489
995545,0.011176614
995546,0.00823831
995547,0.0070068361
995548,0.015336339
995549,0.0073673022
995550,0.015446112
995551,0.0085147638
995552,0.0070693074
995553,0.0071116728
995554,0.0073213466
995555,0.010931755
995556,0.0098912856
995557,0.018518066
995558,0.0069522634
995559,0.0093484316
995560,0.0073292451
995561,0.010303453
995562,0.032535583
995563,0.039602481
995564,0.0064293663
995565,0.013706342
995566,0.010749368
995567,0.0076559628
995568,0.01377025
995569,0.014099121
995570,0.0071016201
995571,0.0072229723
995572,0.010642377
995573,0.017201142
995574,0.0059254365
995575,0.010653866
995576,0.0072423597
995577,0.0073084212
995578,0.010721364
995579,0.039535701
995580,0.025796484
995581,0.039349724
995582,0.015902171
995583,0.022562984
995584,0.027298512
995585,0.0073981788
995586,0.005514706
995587,0.013997156
995588,0.008003504
995589,0.019325959
995590,0.0065639182
995591,0.036138639
995592,0.0067066867
995593,0.0099156993
995594,0.0073565315
995595,0.0062479516
995596,0.029088361
995597,0.0062008318
995598,0.0077916761
995599,0.0096613634
995600,0.026447276
995601,0.010330738
995602,0.0073184744
995603,0.010590677
995604,0.0099810436
995605,0.010351563
995606,0.0072445138
995607,0.0073436066
995608,0.0066693476
995609,0.020537971
995610,0.016276702
995611,0.017225558
995612,0.010377413
995613,0.019588694
995614,0.0071482938
995615,0.012523696
995616,0.0069637522
995617,0.0070714615
995618,0.0072840075
995619,0.0095078414
995620,0.0070369947
995621,0.0097777816
995622,0.0064003938
995623,0.0071245977
995624,0.0068596336
995625,0.0204159
995626,0.033690754
995627,0.017507754
995628,0.01171875
995629,0.0075202491
995630,0.0099678943
995631,0.012507899
995632,0.0078469673
995633,0.017573098
995634,0.017693015
995635,0.0073033948
995636,0.0073759193
995637,0.0059742648
995638,0.013152177
995639,0.0067077447
995640,0.034556668
995641,0.0073658661
995642,0.016866527
995643,0.013795381
995644,0.010755112
995645,0.0068129594
995646,0.017876837
995647,0.0074046417
995648,0.019739999
995649,0.0071705538
995650,0.0072057387
995651,0.010605038
995652,0.0063632214
995653,0.014150104
995654,0.029758578
995655,0.0074333642
995656,0.020278033
995657,0.0072150733
995658,0.010594985
995659,0.020591108
995660,0.0097914748
995661,0.020983662
995662,0.019699764
995663,0.010824046
995664,0.0071116728
995665,0.010525333
995666,0.01955954
995667,0.010385311
995668,0.026035158
995669,0.016309312
995670,0.02758861
995671,0.013338695
995672,0.026793715
995673,0.0075676413
995674,0.0065027573
995675,0.0090418197
995676,0.029755715
995677,0.024362363
995678,0.007715242
995679,0.033276908
995680,0.023908548
995681,0.0109375
995682,0.024613684
995683,0.020685174
995684,0.0071461396
995685,0.017825857
995686,0.0072768265
995687,0.013900937
995688,0.013609404
995689,0.012581859
995690,0.0091947671
995691,0.023057193
995692,0.036764707
995693,0.0068883561
995694,0.012782587
995695,0.0071475757
995696,0.027045755
995697,0.010434858
995698,0.0072854436
995699,0.0070822323
995700,0.0091715539
995701,0.016243439
995702,0.0073601217
995703,0.0068976907
995704,0.0098352768
995705,0.007306267
995706,0.0071870694
995707,0.0098492317
995708,0.010905906
995709,0.011206055
995710,0.0072165094
995711,0.0078383498
995712,0.006997501
995713,0.010864258
995714,0.0064427941
995715,0.0071403952
995716,0.023460478
995717,0.010731417
995718,0.009062713
995719,0.0071339328
995720,0.010764447
995721,0.010576315
995722,0.010515998
995723,0.0069903205
995724,0.020797908
995725,0.010561954
995726,0.0072904699
995727,0.039694395
995728,0.013625919
995729,0.0070772059
995730,0.0070851045
995731,0.0073471968
995732,0.0069163605
995733,0.0071626552
995734,0.019578641
995735,0.013412655
995736,0.0072236904
995737,0.0064352597
995738,0.020514276
995739,0.0095143039
995740,0.028995875
995741,0.03647748
995742,0.0069687786
995743,0.010333611
995744,0.0071418313
995745,0.0075482535
995746,0.011504049
995747,0.02877626
995748,0.013177131
995749,0.013671875
995750,0.020600442
995751,0.010423369
995752,0.007151166
995753,0.0069587259
995754,0.0070886947
995755,0.039326027
995756,0.023115585
995757,0.006314361
995758,0.0077708527
995759,0.0061056698
995760,0.02731072
995761,0.0071468577
995762,0.014384191
995763,0.01418457
995764,0.010482968
995765,0.010750804
995766,0.010327866
995767,0.0069924747
995768,0.0069544176
995769,0.0055082431
995770,0.019152114
995771,0.019450484
995772,0.0070061181
995773,0.01406609
995774,0.0075712316
995775,0.0076760687
995776,0.007385972
995777,0.017099896
995778,0.0118751
995779,0.0074276193
995780,0.0072761085
995781,0.016988598
995782,0.007658835
995783,0.0069027171
995784,0.0088005513
995785,0.0068723108
995786,0.0076889936
995787,0.0042316588
995788,0.028294608
995789,0.039621152
995790,0.0094875218
995791,0.022644762
995792,0.010907342
995793,0.02091567
995794,0.0018209129
995795,0.015436653
995796,0.0073213466
995797,0.017458927
995798,0.020731129
995799,0.0072402055
995800,0.014155848
995801,0.016957721
995802,0.010781681
995803,0.022768613
995804,0.0067792106
995805,0.02021987
995806,0.0071123908
995807,0.010512408
995808,0.017258588
995809,0.030853631
995810,0.010460707
995811,0.006945801
995812,0.0083137061
995813,0.0071834787
995814,0.021018354
995815,0.0068897922
995816,0.0064852275
995817,0.010583496
995818,0.0072653377
995819,0.02007195
995820,0.007174144
995821,0.010597858
995822,0.035243854
995823,0.013616584
995824,0.010606474
995825,0.0071806065
995826,0.010893698
995827,0.0083316583
995828,0.010592113
995829,0.007151884
995830,0.010308479
995831,0.0098747537
995832,0.010684743
995833,0.0070542279
995834,0.0080663422
995835,0.0072380514
995836,0.006996783
995837,0.0074908086
995838,0.0071289064
995839,0.0090691065
995840,0.030715764
995841,0.017452464
995842,0.0055685602
995843,0.027751608
995844,0.0058507584
995845,0.015920645
995846,0.021564798
995847,0.0070097083
995848,0.010466452
995849,0.0080055362
995850,0.017238483
995851,0.017166676
995852,0.020963063
995853,0.014863138
995854,0.0091430666
995855,0.0071059284
995856,0.017944336
995857,0.0069292854
995858,0.017009176
995859,0.017635569
995860,0.010735725
995861,0.0070642806
995862,0.020658605
995863,0.022398466
995864,0.020902028
995865,0.013804716
995866,0.039848059
995867,0.0070233513
995868,0.039745376
995869,0.0063282857
995870,0.032908324
995871,0.0073163202
995872,0.0070958757
995873,0.0071195713
995874,0.007739258
995875,0.01060432
995876,0.0097929109
995877,0.031463265
995878,0.010754394
995879,0.007291906
995880,0.010381003
995881,0.019565716
995882,0.020919262
995883,0.027401913
995884,0.013775276
995885,0.034173943
995886,0.01389232
995887,0.007385972
995888,0.010192153
995889,0.0073830998
995890,0.020481244
995891,0.01110768
995892,0.012118713
995893,0.0066564223
995894,0.037230007
995895,0.0074951174
995896,0.010625862
995897,0.010404699
995898,0.013868623
995899,0.017387839
995900,0.0069249771
995901,0.010720646
995902,0.030652573
995903,0.014109892
995904,0.01071921
995905,0.0073299631
995906,0.020411415
995907,0.0072861616
995908,0.012431785
995909,0.0073077031
995910,0.010778091
995911,0.0072883158
995912,0.0071698357
995913,0.0098984512
995914,0.027854284
995915,0.0073953066
995916,0.0075152228
995917,0.017333984
995918,0.0059110788
995919,0.017164523
995920,0.020616958
995921,0.0084221335
995922,0.010403262
995923,0.017487649
995924,0.015321433
995925,0.010328584
995926,0.013088091
995927,0.0064177937
995928,0.010365924
995929,0.039309513
995930,0.0075942096
995931,0.007291188
995932,0.0060151941
995933,0.013747989
995934,0.013622329
995935,0.0072811353
995936,0.007423311
995937,0.0074807559
995938,0.016079364
995939,0.0071935318
995940,0.013476563
995941,0.0082993452
995942,0.0067066723
995943,0.010762293
995944,0.014281509
995945,0.0071856328
995946,0.010313505
995947,0.013857135
995948,0.013748707
995949,0.0091243964
995950,0.010346537
995951,0.0068596336
995952,0.0067670038
995953,0.0074908086
995954,0.0078024473
995955,0.0299978
995956,0.033538461
995957,0.014165901
995958,0.039855238
995959,0.016986443
995960,0.0074383905
995961,0.0070535098
995962,0.016380755
995963,0.01058924
995964,0.0094231097
995965,0.010294118
995966,0.010705566
995967,0.01312522
995968,0.0071827606
995969,0.0078778435
995970,0.0085966224
995971,0.017220531
995972,0.0080537684
995973,0.013625919
995974,0.010273294
995975,0.007247386
995976,0.0073809456
995977,0.0070111444
995978,0.007137523
995979,0.016947668
995980,0.0029190022
995981,0.0065779975
995982,0.0088924635
995983,0.0056877583
995984,0.023617482
995985,0.030766746
995986,0.020571003
995987,0.0074484432
995988,0.01071921
995989,0.0071497299
995990,0.026357852
995991,0.023795094
995992,0.0097716069
995993,0.032177836
995994,0.0069996552
995995,0.0060982569
995996,0.0072265626
995997,0.010299862
995998,0.016345933
995999,0.014085478
996000,0.00572797
996001,0.0064407606
996002,0.013629509
996003,0.017601822
996004,0.0082490807
996005,0.017451746
996006,0.0080006318
996007,0.0073342714
996008,0.037365723
996009,0.038947612
996010,0.02589296
996011,0.038465075
996012,0.0078010112
996013,0.0072610294
996014,0.038905244
996015,0.013791791
996016,0.0095315371
996017,0.0099250348
996018,0.010587804
996019,0.0076064165
996020,0.0069163605
996021,0.010254624
996022,0.010544003
996023,0.0099652456
996024,0.017410817
996025,0.014063218
996026,0.0073536593
996027,0.014362649
996028,0.0032603638
996029,0.015169277
996030,0.010773783
996031,0.012850369
996032,0.020398667
996033,0.0070671532
996034,0.030944824
996035,0.010284064
996036,0.0076538087
996037,0.010353717
996038,0.0069508273
996039,0.02089772
996040,0.0074333642
996041,0.0066863745
996042,0.0058306525
996043,0.007459214
996044,0.013686954
996045,0.010422651
996046,0.0062736962
996047,0.0080365352
996048,0.0071332147
996049,0.0084580369
996050,0.020588236
996051,0.039596736
996052,0.010078939
996053,0.0059943702
996054,0.022610294
996055,0.022883128
996056,0.037408356
996057,0.017282285
996058,0.014515596
996059,0.011285041
996060,0.0070585362
996061,0.038846362
996062,0.020862535
996063,0.011123477
996064,0.013141583
996065,0.0070671532
996066,0.029545976
996067,0.014198214
996068,0.020898437
996069,0.009251494
996070,0.0071102367
996071,0.016439281
996072,0.013354734
996073,0.0068704044
996074,0.0074491613
996075,0.0061729322
996076,0.010941808
996077,0.0078929225
996078,0.010494457
996079,0.020609058
996080,0.0074362364
996081,0.027652517
996082,0.018421128
996083,0.017178884
996084,0.00686466
996085,0.0064506717
996086,0.0093290443
996087,0.020486271
996088,0.0073787915
996089,0.010805377
996090,0.0068854839
996091,0.010509536
996092,0.0063317865
996093,0.010037096
996094,0.016463695
996095,0.012910731
996096,0.010493739
996097,0.026469152
996098,0.0072402055
996099,0.0099643553
996100,0.036938872
996101,0.039694395
996102,0.0074032056
996103,0.0072524128
996104,0.03701818
996105,0.020583928
996106,0.0071231616
996107,0.0061933491
996108,0.0067262445
996109,0.0073141661
996110,0.010477941
996111,0.0076573989
996112,0.014142923
996113,0.01329824
996114,0.010594985
996115,0.021373793
996116,0.0070269415
996117,0.0074139764
996118,0.0068818936
996119,0.01720617
996120,0.039682906
996121,0.01058206
996122,0.0073235007
996123,0.0072933421
996124,0.010475069
996125,0.0072509767
996126,0.010016946
996127,0.011776195
996128,0.012286582
996129,0.025866453
996130,0.011672869
996131,0.0064429268
996132,0.029659484
996133,0.007004682
996134,0.014108456
996135,0.014431583
996136,0.010283346
996137,0.010931755
996138,0.0074326461
996139,0.010215849
996140,0.010830509
996141,0.013740809
996142,0.0073421705
996143,0.020033199
996144,0.0019234511
996145,0.014573041
996146,0.0061193132
996147,0.0096911322
996148,0.020691637
996149,0.012760669
996150,0.0072969324
996151,0.0076071345
996152,0.014081888
996153,0.0070427391
996154,0.014038086
996155,0.0070578181
996156,0.01656994
996157,0.013235129
996158,0.016777173
996159,0.013660386
996160,0.039754711
996161,0.010365924
996162,0.0070312498
996163,0.017186739
996164,0.010493021
996165,0.0062198415
996166,0.013959818
996167,0.0094468063
996168,0.01062658
996169,0.0099882241
996170,0.007731359
996171,0.0074269013
996172,0.0087646488
996173,0.01954633
996174,0.0064747529
996175,0.0067863911
996176,0.0023014341
996177,0.0069852942
996178,0.007313448
996179,0.007159065
996180,0.030570714
996181,0.0071044923
996182,0.039712343
996183,0.0064674523
996184,0.020496324
996185,0.011376953
996186,0.007349351
996187,0.0071044923
996188,0.014247041
996189,0.010492302
996190,0.017511345
996191,0.0070657171
996192,0.007525994
996193,0.010608628
996194,0.014038086
996195,0.01091165
996196,0.014246323
996197,0.023990408
996198,0.010309197
996199,0.010746496
996200,0.013970588
996201,0.0081844553
996202,0.006103084
996203,0.019342277
996204,0.030665498
996205,0.013166977
996206,0.011013614
996207,0.0070405849
996208,0.0068467082
996209,0.010421215
996210,0.0075015798
996211,0.016957721
996212,0.017204734
996213,0.0075245579
996214,0.0070492015
996215,0.0074297735
996216,0.0071669635
996217,0.02124957
996218,0.01267971
996219,0.0086849434
996220,0.0073400163
996221,0.023943014
996222,0.0071806065
996223,0.0073823817
996224,0.0071978401
996225,0.0063963099
996226,0.0021858858
996227,0.010366642
996228,0.007092285
996229,0.010538259
996230,0.0075030159
996231,0.016788326
996232,0.025233824
996233,0.024333639
996234,0.0060977712
996235,0.02123449
996236,0.0064215581
996237,0.0061279298
996238,0.0092457486
996239,0.010581342
996240,0.020565256
996241,0.01181138
996242,0.010811121
996243,0.0076056984
996244,0.0070312498
996245,0.0070858225
996246,0.0072983685
996247,0.0073112939
996248,0.0070262235
996249,0.0069623161
996250,0.0062600528
996251,0.007408232
996252,0.010271139
996253,0.0061695771
996254,0.00870864
996255,0.0072732363
996256,0.0089499084
996257,0.0062758503
996258,0.016738597
996259,0.0070628445
996260,0.007444853
996261,0.0078814337
996262,0.0069730869
996263,0.0074204388
996264,0.023604017
996265,0.016733686
996266,0.013786765
996267,0.011890256
996268,0.0069185146
996269,0.014005055
996270,0.0062708342
996271,0.020427389
996272,0.0065342216
996273,0.0072402055
996274,0.010317096
996275,0.0072617475
996276,0.015764529
996277,0.010139016
996278,0.0069393381
996279,0.013660386
996280,0.0072387694
996281,0.011868824
996282,0.011361156
996283,0.010949707
996284,0.010681152
996285,0.0071576289
996286,0.0021206418
996287,0.027012724
996288,0.017081227
996289,0.0072093289
996290,0.010677562
996291,0.0069723688
996292,0.0060546873
996293,0.0072825714
996294,0.010869284
996295,0.0069623161
996296,0.011044491
996297,0.0076286765
996298,0.026164398
996299,0.017222686
996300,0.013627355
996301,0.007467831
996302,0.0076064165
996303,0.027447151
996304,0.007658835
996305,0.0072495406
996306,0.0074204388
996307,0.027885167
996308,0.015252327
996309,0.023426728
996310,0.013747271
996311,0.0072818534
996312,0.019746421
996313,0.0074340822
996314,0.013824822
996315,0.022759674
996316,0.0075762579
996317,0.016000547
996318,0.005786851
996319,0.010999253
996320,0.010705566
996321,0.011272117
996322,0.007269646
996323,0.0074412627
996324,0.031244256
996325,0.0054364372
996326,0.014444509
996327,0.031621665
996328,0.0071691177
996329,0.010737879
996330,0.0071633733
996331,0.010675408
996332,0.017461799
996333,0.021472886
996334,0.0081995344
996335,0.01098202
996336,0.0070585362
996337,0.0076394472
996338,0.0076200599
996339,0.0073981788
996340,0.0073687383
996341,0.014168495
996342,0.0072524128
996343,0.029689636
996344,0.0094733741
996345,0.013885858
996346,0.0071217255
996347,0.0073996149
996348,0.0071346508
996349,0.0096636601
996350,0.020868996
996351,0.007055664
996352,0.014402861
996353,0.0075511257
996354,0.019769348
996355,0.013853544
996356,0.013803998
996357,0.020641372
996358,0.010383157
996359,0.010914522
996360,0.012925092
996361,0.0070427391
996362,0.0076976102
996363,0.024139142
996364,0.019496784
996365,0.0076444736
996366,0.0107228
996367,0.023920037
996368,0.007004682
996369,0.015177649
996370,0.039919864
996371,0.012942325
996372,0.0086511951
996373,0.010330738
996374,0.0074750115
996375,0.013585708
996376,0.0071490118
996377,0.007313448
996378,0.010359461
996379,0.020661477
996380,0.039395679
996381,0.010541849
996382,0.0072581572
996383,0.01252944
996384,0.027916044
996385,0.0098711802
996386,0.0098037757
996387,0.0069300034
996388,0.027535472
996389,0.007151166
996390,0.023076519
996391,0.014173799
996392,0.013855699
996393,0.0071569108
996394,0.024956916
996395,0.017936436
996396,0.020033581
996397,0.0072639016
996398,0.007100184
996399,0.010373104
996400,0.027876532
996401,0.0062290407
996402,0.0073069851
996403,0.017886173
996404,0.014517033
996405,0.010558364
996406,0.014005055
996407,0.009397978
996408,0.027704934
996409,0.010670382
996410,0.014136461
996411,0.0075496896
996412,0.010636632
996413,0.0071052103
996414,0.0075798482
996415,0.007055664
996416,0.024942353
996417,0.01075224
996418,0.017474724
996419,0.03878174
996420,0.0033480725
996421,0.030450799
996422,0.023423139
996423,0.01117087
996424,0.028535288
996425,0.024140481
996426,0.006358427
996427,0.023624914
996428,0.017486932
996429,0.0073105758
996430,0.017727481
996431,0.017449591
996432,0.020201698
996433,0.0079812445
996434,0.027510339
996435,0.007218664
996436,0.017592486
996437,0.0069987648
996438,0.010513844
996439,0.017489085
996440,0.0067935358
996441,0.011280528
996442,0.007041303
996443,0.0071332147
996444,0.013798254
996445,0.013895192
996446,0.0081004426
996447,0.01080035
996448,0.010612219
996449,0.01167134
996450,0.009869026
996451,0.0075303023
996452,0.010111731
996453,0.0072445138
996454,0.0070132986
996455,0.012940099
996456,0.0072617475
996457,0.0074527515
996458,0.0074908086
996459,0.017298082
996460,0.0076940199
996461,0.007195686
996462,0.0068488624
996463,0.0087983971
996464,0.01041547
996465,0.010351563
996466,0.034650736
996467,0.01047866
996468,0.010577033
996469,0.0059757009
996470,0.0067885453
996471,0.010712747
996472,0.010481532
996473,0.02782126
996474,0.0072976504
996475,0.016719325
996476,0.0074793198
996477,0.011249856
996478,0.017597513
996479,0.0070578181
996480,0.0062553319
996481,0.0071253157
996482,0.0078584561
996483,0.013568474
996484,0.0070499196
996485,0.0070269415
996486,0.0080882357
996487,0.014247041
996488,0.0073974608
996489,0.0072007123
996490,0.0068253935
996491,0.0071281884
996492,0.0067828009
996493,0.01391458
996494,0.0073960247
996495,0.0071669635
996496,0.0077658258
996497,0.0073385797
996498,0.023791503
996499,0.0072832895
996500,0.010452091
996501,0.0070664352
996502,0.013912425
996503,0.0065904064
996504,0.010662483
996505,0.0076164696
996506,0.010546875
996507,0.010271857
996508,0.0070994659
996509,0.017662857
996510,0.013918823
996511,0.011372644
996512,0.0076638614
996513,0.016815308
996514,0.021098776
996515,0.0070664352
996516,0.007233025
996517,0.01933567
996518,0.0071834787
996519,0.010414752
996520,0.01408117
996521,0.0093276082
996522,0.0065376582
996523,0.010526769
996524,0.010414752
996525,0.013785329
996526,0.0086425785
996527,0.0071066464
996528,0.01438491
996529,0.0070664352
996530,0.0071396772
996531,0.0072531309
996532,0.0070405849
996533,0.014073989
996534,0.0071899416
996535,0.0098409411
996536,0.024187874
996537,0.010697667
996538,0.017452464
996539,0.0075482535
996540,0.028429532
996541,0.020809397
996542,0.01237434
996543,0.010757985
996544,0.014085478
996545,0.020852482
996546,0.016363641
996547,0.012945916
996548,0.012269503
996549,0.014985926
996550,0.0085090185
996551,0.0074771657
996552,0.023864027
996553,0.010431985
996554,0.023862591
996555,0.014216883
996556,0.023279527
996557,0.033179279
996558,0.010493739
996559,0.010388183
996560,0.0071353689
996561,0.019130461
996562,0.031208353
996563,0.0092543662
996564,0.017051786
996565,0.010551183
996566,0.014760455
996567,0.010799632
996568,0.019831399
996569,0.014226936
996570,0.0065160049
996571,0.03953642
996572,0.007870663
996573,0.0070348405
996574,0.0059074853
996575,0.009369256
996576,0.010443474
996577,0.010660329
996578,0.0070714615
996579,0.013113188
996580,0.014257813
996581,0.0089894012
996582,0.014269302
996583,0.024088062
996584,0.0063173962
996585,0.0085865697
996586,0.024963379
996587,0.013520365
996588,0.01043773
996589,0.006901999
996590,0.0069845761
996591,0.014093377
996592,0.020477654
996593,0.01368839
996594,0.0064130342
996595,0.013709215
996596,0.0160597
996597,0.0098948758
996598,0.010216567
996599,0.010897289
996600,0.031089155
996601,0.0073414524
996602,0.010625144
996603,0.0075662052
996604,0.013501694
996605,0.009296013
996606,0.013187968
996607,0.011895393
996608,0.0062471754
996609,0.01041188
996610,0.0053313547
996611,0.03967429
996612,0.010502355
996613,0.0073838178
996614,0.0064036651
996615,0.01062658
996616,0.013091228
996617,0.0088518178
996618,0.011073213
996619,0.0095481081
996620,0.010328584
996621,0.034295581
996622,0.0074929632
996623,0.030941952
996624,0.028792441
996625,0.017903406
996626,0.027193675
996627,0.021887925
996628,0.010697667
996629,0.016109716
996630,0.011124083
996631,0.013388241
996632,0.010443474
996633,0.0074477252
996634,0.017176729
996635,0.0082210768
996636,0.020620547
996637,0.010516716
996638,0.01105239
996639,0.019261871
996640,0.0070348405
996641,0.0073191924
996642,0.0075697955
996643,0.016773896
996644,0.010101678
996645,0.025411127
996646,0.011744143
996647,0.0072653377
996648,0.010813275
996649,0.016900612
996650,0.0080193011
996651,0.0093864892
996652,0.0070915669
996653,0.020717487
996654,0.013511029
996655,0.0071971221
996656,0.017292337
996657,0.0072610294
996658,0.0073996149
996659,0.0099178534
996660,0.010186409
996661,0.035218325
996662,0.017242791
996663,0.013905245
996664,0.0068474263
996665,0.016675815
996666,0.014016544
996667,0.0067776423
996668,0.013639562
996669,0.0071727079
996670,0.0072495406
996671,0.0072581572
996672,0.0073299631
996673,0.037060548
996674,0.013913143
996675,0.0081248563
996676,0.0070657171
996677,0.010508818
996678,0.010620117
996679,0.009098026
996680,0.010890826
996681,0.0061326488
996682,0.0077335131
996683,0.0072574392
996684,0.0088903094
996685,0.012714178
996686,0.010436294
996687,0.007100184
996688,0.014152976
996689,0.0072172275
996690,0.014085478
996691,0.0072172275
996692,0.037010282
996693,0.014626178
996694,0.0069852942
996695,0.013953355
996696,0.0068488624
996697,0.0068410067
996698,0.012026631
996699,0.017107788
996700,0.020581055
996701,0.017520681
996702,0.010798914
996703,0.0074908086
996704,0.0069400561
996705,0.013049317
996706,0.010167739
996707,0.020677993
996708,0.010722082
996709,0.007563333
996710,0.026851626
996711,0.007540355
996712,0.013821231
996713,0.032229435
996714,0.039333209
996715,0.0071949679
996716,0.0070082722
996717,0.016039625
996718,0.0072610294
996719,0.025161564
996720,0.017302595
996721,0.0065444047
996722,0.016235052
996723,0.023976764
996724,0.0073586856
996725,0.0074628047
996726,0.020188993
996727,0.010642377
996728,0.010366642
996729,0.013601505
996730,0.017385684
996731,0.010922421
996732,0.010457835
996733,0.010977123
996734,0.01051169
996735,0.017964441
996736,0.010377413
996737,0.010267549
996738,0.020402258
996739,0.010635914
996740,0.026005656
996741,0.0074125403
996742,0.0074764476
996743,0.0069630342
996744,0.015548906
996745,0.013964844
996746,0.0069565717
996747,0.0070015583
996748,0.017670754
996749,0.021166274
996750,0.021009486
996751,0.013660386
996752,0.021187099
996753,0.0057981154
996754,0.0072093289
996755,0.026051929
996756,0.020372098
996757,0.023806583
996758,0.022914425
996759,0.0087459786
996760,0.0097225411
996761,0.0072954963
996762,0.014082606
996763,0.0069393381
996764,0.01001551
996765,0.0074714213
996766,0.0073759193
996767,0.02051284
996768,0.010344381
996769,0.0074419808
996770,0.014234834
996771,0.0073428885
996772,0.011894475
996773,0.0080272006
996774,0.039401423
996775,0.017453182
996776,0.0070211971
996777,0.010217285
996778,0.010505227
996779,0.01043773
996780,0.0056367163
996781,0.019400321
996782,0.007196404
996783,0.020785114
996784,0.0067219129
996785,0.011417164
996786,0.0072129192
996787,0.0074175666
996788,0.0074376725
996789,0.010586368
996790,0.010504509
996791,0.0073349895
996792,0.010763729
996793,0.010521024
996794,0.0072222543
996795,0.010513844
996796,0.007518095
996797,0.0066925003
996798,0.010291246
996799,0.0070829503
996800,0.039736759
996801,0.0072150733
996802,0.014180262
996803,0.013758042
996804,0.0073077031
996805,0.007327809
996806,0.011460966
996807,0.0083596623
996808,0.010714184
996809,0.011382697
996810,0.013926786
996811,0.010223029
996812,0.010255557
996813,0.010424805
996814,0.010420497
996815,0.0072854436
996816,0.015903607
996817,0.0070427391
996818,0.0069551356
996819,0.019664092
996820,0.023912856
996821,0.0067544077
996822,0.013408361
996823,0.010644531
996824,0.0071231616
996825,0.038982078
996826,0.0071044923
996827,0.0095990347
996828,0.017153034
996829,0.016363166
996830,0.010493021
996831,0.0093326177
996832,0.0072861616
996833,0.011035156
996834,0.030776799
996835,0.016605871
996836,0.0073069851
996837,0.032569796
996838,0.0072639016
996839,0.024597887
996840,0.020408003
996841,0.013945456
996842,0.0073184744
996843,0.010432703
996844,0.014124253
996845,0.0074304915
996846,0.0075245579
996847,0.017070455
996848,0.020726103
996849,0.024011949
996850,0.0041448311
996851,0.0069587259
996852,0.0072308709
996853,0.0072954963
996854,0.014338235
996855,0.010294118
996856,0.012891944
996857,0.024069393
996858,0.0072768265
996859,0.020947983
996860,0.013951919
996861,0.010942526
996862,0.023554768
996863,0.011390597
996864,0.028111357
996865,0.017005112
996866,0.0077385399
996867,0.0065242993
996868,0.023606244
996869,0.0070800781
996870,0.014165901
996871,0.0071231616
996872,0.019603109
996873,0.0058363969
996874,0.010611501
996875,0.0071705538
996876,0.024310661
996877,0.0077040726
996878,0.0068948185
996879,0.0071877874
996880,0.013379624
996881,0.015383417
996882,0.029178316
996883,0.0073838178
996884,0.012858657
996885,0.013866469
996886,0.019047277
996887,0.014005055
996888,0.013844928
996889,0.0072739543
996890,0.014396398
996891,0.02093865
996892,0.0056640627
996893,0.010584214
996894,0.0067734662
996895,0.010467889
996896,0.0071942499
996897,0.0140625
996898,0.0061250576
996899,0.009897748
996900,0.01047866
996901,0.0065846164
996902,0.017509909
996903,0.020326143
996904,0.013253513
996905,0.026083132
996906,0.020243566
996907,0.03028349
996908,0.027313592
996909,0.0077220243
996910,0.023832249
996911,0.025574449
996912,0.017598949
996913,0.013838465
996914,0.010394646
996915,0.011042337
996916,0.0093907481
996917,0.031685144
996918,0.012434568
996919,0.013719267
996920,0.018007886
996921,0.010569853
996922,0.0073364256
996923,0.0080055837
996924,0.011216108
996925,0.0097081801
996926,0.038555428
996927,0.010523897
996928,0.0099565685
996929,0.011521284
996930,0.0064298678
996931,0.010613655
996932,0.0071188533
996933,0.010621553
996934,0.03098001
996935,0.0072840075
996936,0.0017560192
996937,0.0077665439
996938,0.012389002
996939,0.0069860122
996940,0.006542705
996941,0.0072222543
996942,0.010642377
996943,0.010347255
996944,0.0072818534
996945,0.006996783
996946,0.0077442843
996947,0.0097426474
996948,0.0064120889
996949,0.01032643
996950,0.02995372
996951,0.002673394
996952,0.035015021
996953,0.030659037
996954,0.0060554054
996955,0.0025216201
996956,0.024179975
996957,0.007114545
996958,0.017118566
996959,0.0088393996
996960,0.013995002
996961,0.0067655677
996962,0.01071921
996963,0.010596422
996964,0.0071202894
996965,0.007305549
996966,0.0074376725
996967,0.0020481679
996968,0.01741728
996969,0.010783835
996970,0.0092967311
996971,0.017284438
996972,0.014183134
996973,0.022661949
996974,0.0063826074
996975,0.017561609
996976,0.015235093
996977,0.0071935318
996978,0.02421516
996979,0.0071188533
996980,0.0071088006
996981,0.010428395
996982,0.020554526
996983,0.010438448
996984,0.015671674
996985,0.0070161708
996986,0.013161848
996987,0.014284381
996988,0.0069867303
996989,0.011629711
996990,0.020965936
996991,0.0072265626
996992,0.017999491
996993,0.00570571
996994,0.010605038
996995,0.0070269415
996996,0.013932531
996997,0.0072998046
996998,0.011231905
996999,0.0070542279
997000,0.01735409
997001,0.0081112133
997002,0.017889045
997003,0.026664464
997004,0.036022339
997005,0.025488963
997006,0.0069917566
997007,0.013823385
997008,0.020464011
997009,0.030320112
997010,0.0076013901
997011,0.0078347595
997012,0.036969353
997013,0.0071806065
997014,0.0072574392
997015,0.0078699449
997016,0.0061250576
997017,0.013941147
997018,0.011104808
997019,0.02325655
997020,0.039912682
997021,0.0066485237
997022,0.010699104
997023,0.016727932
997024,0.0072531309
997025,0.0068862019
997026,0.0075195311
997027,0.0099401679
997028,0.0072057387
997029,0.0073235007
997030,0.0036974023
997031,0.021195715
997032,0.0078821518
997033,0.039502673
997034,0.0070937211
997035,0.0071281884
997036,0.017167395
997037,0.010416231
997038,0.010886517
997039,0.010994945
997040,0.011891085
997041,0.010578469
997042,0.0095538329
997043,0.023833152
997044,0.01750919
997045,0.026945226
997046,0.013982077
997047,0.01090447
997048,0.0071626552
997049,0.0069572898
997050,0.010592831
997051,0.010602166
997052,0.0064503313
997053,0.02392219
997054,0.010100959
997055,0.007233025
997056,0.013673311
997057,0.0022563592
997058,0.010321404
997059,0.0073098578
997060,0.0084221335
997061,0.010029153
997062,0.017672909
997063,0.0089075426
997064,0.010406854
997065,0.01129653
997066,0.0071231616
997067,0.014321002
997068,0.0075640511
997069,0.0088443533
997070,0.010510254
997071,0.010684025
997072,0.029813878
997073,0.0071691177
997074,0.011628993
997075,0.014182416
997076,0.0075755399
997077,0.0069113337
997078,0.0070168888
997079,0.0068969727
997080,0.0075482535
997081,0.014185288
997082,0.0074462891
997083,0.0070800781
997084,0.0070448932
997085,0.0016758314
997086,0.0082936008
997087,0.010677562
997088,0.0094259819
997089,0.0079733459
997090,0.020634191
997091,0.007813218
997092,0.010724236
997093,0.030503217
997094,0.035902936
997095,0.014030187
997096,0.0070506376
997097,0.0071396772
997098,0.0075137867
997099,0.013671875
997100,0.016919663
997101,0.010504509
997102,0.030473059
997103,0.01384421
997104,0.02393727
997105,0.024057904
997106,0.010589959
997107,0.028652292
997108,0.012931154
997109,0.0074240291
997110,0.00891471
997111,0.0071899416
997112,0.013845646
997113,0.0071497299
997114,0.0071561923
997115,0.0069429288
997116,0.013391654
997117,0.0070427391
997118,0.013136978
997119,0.0076552448
997120,0.0063081631
997121,0.0096737128
997122,0.017567562
997123,0.010537541
997124,0.0075482535
997125,0.0069666244
997126,0.039759018
997127,0.01071562
997128,0.0097701913
997129,0.010836972
997130,0.0072078928
997131,0.0074498793
997132,0.011112707
997133,0.0075762579
997134,0.0080429977
997135,0.027482621
997136,0.039466769
997137,0.012773581
997138,0.037779324
997139,0.010377413
997140,0.019982193
997141,0.01754294
997142,0.014237707
997143,0.0064137233
997144,0.0068933824
997145,0.022453038
997146,0.010360898
997147,0.019197743
997148,0.013725012
997149,0.0073629939
997150,0.023317168
997151,0.0073680202
997152,0.01114502
997153,0.010572007
997154,0.010300775
997155,0.019951316
997156,0.0073335534
997157,0.013916016
997158,0.0084443931
997159,0.028010109
997160,0.006358874
997161,0.0072703641
997162,0.007136805
997163,0.010560518
997164,0.0106711
997165,0.0069536995
997166,0.0078354776
997167,0.0065483451
997168,0.013824822
997169,0.0078627644
997170,0.014276482
997171,0.036721621
997172,0.010208668
997173,0.0020357573
997174,0.0073349895
997175,0.0070937211
997176,0.011971507
997177,0.0074936813
997178,0.0079934513
997179,0.027912455
997180,0.01372932
997181,0.01048943
997182,0.0055211685
997183,0.008781882
997184,0.020691637
997185,0.0075145047
997186,0.0074355183
997187,0.013674029
997188,0.0072308709
997189,0.0070326859
997190,0.010544003
997191,0.010627298
997192,0.0099523207
997193,0.013948329
997194,0.0070039639
997195,0.0090403836
997196,0.010629452
997197,0.0094496785
997198,0.030773927
997199,0.017293774
997200,0.013366699
997201,0.0096779373
997202,0.0071289064
997203,0.0076121609
997204,0.0080264825
997205,0.0067934622
997206,0.0080056582
997207,0.0082561141
997208,0.0092581054
997209,0.0073701749
997210,0.0073421705
997211,0.015454819
997212,0.020707434
997213,0.014234834
997214,0.0054644416
997215,0.024006205
997216,0.010673254
997217,0.008223949
997218,0.0073787915
997219,0.0082268212
997220,0.0072868797
997221,0.0071834787
997222,0.013017231
997223,0.011660587
997224,0.01113712
997225,0.010765883
997226,0.0062607708
997227,0.0016193592
997228,0.0070520737
997229,0.0071432674
997230,0.023828125
997231,0.010874311
997232,0.016882325
997233,0.010685461
997234,0.013859289
997235,0.0072725182
997236,0.010513126
997237,0.0078160902
997238,0.011004279
997239,0.0071920957
997240,0.020496324
997241,0.0075303023
997242,0.010655303
997243,0.0094781062
997244,0.0075008618
997245,0.013579963
997246,0.024287684
997247,0.0070398669
997248,0.0062022102
997249,0.010186409
997250,0.012719094
997251,0.017401483
997252,0.016142385
997253,0.025623078
997254,0.0095667224
997255,0.0070391488
997256,0.014005055
997257,0.010280474
997258,0.010571289
997259,0.0071123908
997260,0.0072430777
997261,0.024199363
997262,0.0072373333
997263,0.013932531
997264,0.0070542279
997265,0.010988482
997266,0.0107228
997267,0.0056181066
997268,0.012229291
997269,0.010616527
997270,0.017026654
997271,0.020612076
997272,0.013805434
997273,0.0073608398
997274,0.014035214
997275,0.020350846
997276,0.010812557
997277,0.020537253
997278,0.0074269013
997279,0.010515998
997280,0.010587086
997281,0.019439338
997282,0.007291188
997283,0.010498047
997284,0.0099402936
997285,0.0074039237
997286,0.006996783
997287,0.027251838
997288,0.0056475471
997289,0.0064521567
997290,0.0062747691
997291,0.011435834
997292,0.0063943304
997293,0.0076387292
997294,0.0390625
997295,0.0071439855
997296,0.0084903492
997297,0.022521731
997298,0.007042021
997299,0.005551327
997300,0.010328584
997301,0.010610783
997302,0.0069285673
997303,0.017198989
997304,0.014005773
997305,0.015590533
997306,0.033985812
997307,0.0080236094
997308,0.0072423597
997309,0.0064073545
997310,0.017365579
997311,0.033010527
997312,0.010467889
997313,0.0079525216
997314,0.013583554
997315,0.0070082722
997316,0.017199706
997317,0.0083388388
997318,0.010470043
997319,0.014175235
997320,0.0072222543
997321,0.014136461
997322,0.011238902
997323,0.017460363
997324,0.0064122817
997325,0.0069285673
997326,0.0086799171
997327,0.0058148555
997328,0.0068711224
997329,0.010449219
997330,0.0081413714
997331,0.0070772059
997332,0.038625918
997333,0.027689856
997334,0.039652027
997335,0.010628016
997336,0.0068991268
997337,0.038120404
997338,0.023701746
997339,0.014432301
997340,0.013546932
997341,0.011830631
997342,0.02053079
997343,0.0075116325
997344,0.0072725182
997345,0.0072531309
997346,0.010452809
997347,0.0071432674
997348,0.0074053598
997349,0.0069486732
997350,0.016964182
997351,0.010749368
997352,0.0073098578
997353,0.0071238796
997354,0.019502917
997355,0.014013672
997356,0.0081600416
997357,0.010718492
997358,0.007137523
997359,0.030733714
997360,0.020565256
997361,0.007173426
997362,0.023185657
997363,0.0071396772
997364,0.0075482535
997365,0.014234116
997366,0.0061523439
997367,0.039443791
997368,0.013468664
997369,0.0088120401
997370,0.0073507871
997371,0.0070183249
997372,0.020909926
997373,0.017247099
997374,0.020993222
997375,0.030606618
997376,0.0077378219
997377,0.0064661363
997378,0.0072430777
997379,0.020004146
997380,0.028028781
997381,0.039368395
997382,0.020597864
997383,0.010474351
997384,0.0070958757
997385,0.034517176
997386,0.0071181352
997387,0.010482968
997388,0.0069393381
997389,0.0059132297
997390,0.025195312
997391,0.014411477
997392,0.0073227827
997393,0.010484404
997394,0.0090130977
997395,0.017400047
997396,0.0073378617
997397,0.013869341
997398,0.0091559915
997399,0.0070657171
997400,0.013979205
997401,0.0082340017
997402,0.010611501
997403,0.032625932
997404,0.0060069785
997405,0.010449219
997406,0.014092659
997407,0.006609668
997408,0.0061100945
997409,0.0076286765
997410,0.01613318
997411,0.0073005226
997412,0.011625402
997413,0.010214413
997414,0.033311293
997415,0.0075482535
997416,0.027929688
997417,0.014018699
997418,0.0070642806
997419,0.014005773
997420,0.019970704
997421,0.010309197
997422,0.0073385797
997423,0.0091710705
997424,0.0069572898
997425,0.0072265626
997426,0.0072272806
997427,0.010553338
997428,0.0072840075
997429,0.013904527
997430,0.0076976102
997431,0.037221678
997432,0.010794606
997433,0.010573443
997434,0.010477941
997435,0.010341509
997436,0.0070571001
997437,0.010468607
997438,0.0069027171
997439,0.0073299631
997440,0.0073335534
997441,0.0094186375
997442,0.010768037
997443,0.0071131089
997444,0.010631606
997445,0.0077844956
997446,0.0071281884
997447,0.010627298
997448,0.0069838581
997449,0.013480871
997450,0.0085700536
997451,0.01995777
997452,0.0070865406
997453,0.01063017
997454,0.010157686
997455,0.0064454046
997456,0.01060791
997457,0.014054601
997458,0.01199664
997459,0.0072344611
997460,0.0076530906
997461,0.039494772
997462,0.013496668
997463,0.0075367647
997464,0.037115838
997465,0.025672823
997466,0.007195686
997467,0.039676443
997468,0.0074620866
997469,0.015659466
997470,0.010493739
997471,0.0065769781
997472,0.0071928138
997473,0.010317096
997474,0.010439884
997475,0.020560231
997476,0.01430305
997477,0.0073680202
997478,0.0068639419
997479,0.021615664
997480,0.0076545267
997481,0.011457376
997482,0.0091028549
997483,0.022918137
997484,0.0059347712
997485,0.011920525
997486,0.01044491
997487,0.013076602
997488,0.0072753904
997489,0.010628734
997490,0.0071676816
997491,0.011583037
997492,0.010340073
997493,0.013863597
997494,0.0070312498
997495,0.027656106
997496,0.038570628
997497,0.0072143553
997498,0.010638786
997499,0.0072086109
997500,0.010639505
997501,0.016618079
997502,0.017364861
997503,0.0065552867
997504,0.035258722
997505,0.007077924
997506,0.014274328
997507,0.0083948392
997508,0.013867187
997509,0.012550983
997510,0.0065084971
997511,0.0063376036
997512,0.0021539538
997513,0.010426241
997514,0.036060289
997515,0.012890625
997516,0.014104147
997517,0.014903349
997518,0.0060755112
997519,0.0073694563
997520,0.007114545
997521,0.0078519937
997522,0.013414937
997523,0.019894589
997524,0.0072122011
997525,0.010760857
997526,0.0096536074
997527,0.010474351
997528,0.0072201001
997529,0.014282227
997530,0.0071985582
997531,0.020637782
997532,0.016595544
997533,0.010480814
997534,0.0079654474
997535,0.012227762
997536,0.036580592
997537,0.0070815142
997538,0.024253218
997539,0.033509739
997540,0.025454532
997541,0.008826402
997542,0.010699104
997543,0.010741469
997544,0.0083891023
997545,0.027907427
997546,0.0078448132
997547,0.014482565
997548,0.010574161
997549,0.032690212
997550,0.005139878
997551,0.032697611
997552,0.010363052
997553,0.0064323875
997554,0.0078239888
997555,0.010523897
997556,0.0063972026
997557,0.012111529
997558,0.0074383905
997559,0.0083812037
997560,0.0074606501
997561,0.0072725182
997562,0.0074125403
997563,0.006946519
997564,0.020696662
997565,0.013361673
997566,0.01716524
997567,0.013820513
997568,0.0076832492
997569,0.0085217841
997570,0.0071583469
997571,0.0074943993
997572,0.014017981
997573,0.0073479149
997574,0.0070944391
997575,0.017289465
997576,0.01060432
997577,0.007349351
997578,0.0069529815
997579,0.0071116728
997580,0.0072847256
997581,0.010732853
997582,0.0071727079
997583,0.0070980298
997584,0.032620922
997585,0.0094453702
997586,0.010234519
997587,0.01039321
997588,0.0072524128
997589,0.0019912701
997590,0.01415513
997591,0.0075719496
997592,0.0013803125
997593,0.0018543783
997594,0.010422651
997595,0.0070326859
997596,0.010468607
997597,0.010549029
997598,0.0073263729
997599,0.014270738
997600,0.021117445
997601,0.0065792422
997602,0.018288085
997603,0.0081505431
997604,0.007739258
997605,0.010811121
997606,0.026314549
997607,0.019101348
997608,0.003328748
997609,0.0070822323
997610,0.013938993
997611,0.0072631836
997612,0.011050235
997613,0.010483686
997614,0.01734332
997615,0.039671414
997616,0.0078053195
997617,0.012860467
997618,0.038729321
997619,0.010185691
997620,0.010307761
997621,0.027013442
997622,0.01175609
997623,0.0080451518
997624,0.010987764
997625,0.026686914
997626,0.038814049
997627,0.011209645
997628,0.010496611
997629,0.010376695
997630,0.0071569108
997631,0.0075109145
997632,0.0070657171
997633,0.014198214
997634,0.0070283776
997635,0.028522087
997636,0.015538094
997637,0.010432703
997638,0.0069544176
997639,0.0071841967
997640,0.021433124
997641,0.0064937696
997642,0.011029412
997643,0.017380659
997644,0.0094992248
997645,0.0062384065
997646,0.0073263729
997647,0.0072516948
997648,0.023690257
997649,0.0072337431
997650,0.014249913
997651,0.0092321057
997652,0.0108262
997653,0.0071238796
997654,0.012697467
997655,0.0071920957
997656,0.027269071
997657,0.01797593
997658,0.010277602
997659,0.0075195311
997660,0.017262178
997661,0.011064596
997662,0.028923262
997663,0.0073780734
997664,0.007459932
997665,0.020550895
997666,0.039430864
997667,0.012891937
997668,0.010111731
997669,0.010753676
997670,0.013670439
997671,0.021010455
997672,0.0069874483
997673,0.0074125403
997674,0.010760857
997675,0.0072954963
997676,0.013284355
997677,0.00647859
997678,0.010136862
997679,0.0070657171
997680,0.011500459
997681,0.0083582262
997682,0.010307761
997683,0.010813993
997684,0.021050666
997685,0.014112046
997686,0.013941865
997687,0.020421645
997688,0.010792452
997689,0.034110755
997690,0.012379366
997691,0.010256778
997692,0.02694379
997693,0.013871496
997694,0.0084616272
997695,0.007584875
997696,0.03949549
997697,0.0068718405
997698,0.0074735754
997699,0.007004682
997700,0.014371984
997701,0.015136001
997702,0.011640482
997703,0.011020795
997704,0.011951402
997705,0.010453527
997706,0.0070822323
997707,0.017567353
997708,0.013327206
997709,0.039331771
997710,0.013751579
997711,0.0043125716
997712,0.015625
997713,0.0069730869
997714,0.0022866547
997715,0.010661765
997716,0.017427333
997717,0.030833252
997718,0.010485122
997719,0.024628762
997720,0.0070793601
997721,0.01114143
997722,0.018511605
997723,0.039485436
997724,0.01621777
997725,0.0060460707
997726,0.0062018898
997727,0.0096744318
997728,0.016432818
997729,0.011661305
997730,0.012502872
997731,0.010644531
997732,0.0070434571
997733,0.0095190322
997734,0.013295362
997735,0.010668945
997736,0.0083309393
997737,0.021324966
997738,0.010569853
997739,0.0098262178
997740,0.014292997
997741,0.0068689683
997742,0.0073515051
997743,0.0069587259
997744,0.0077579273
997745,0.0069738054
997746,0.0074534696
997747,0.03684872
997748,0.0029598873
997749,0.016083706
997750,0.0065336339
997751,0.007019761
997752,0.0063968101
997753,0.0072861616
997754,0.030873736
997755,0.0075252759
997756,0.013776712
997757,0.022302821
997758,0.011486098
997759,0.033932675
997760,0.020660041
997761,0.007775879
997762,0.013683364
997763,0.0071102367
997764,0.0070484835
997765,0.0071576289
997766,0.006996783
997767,0.0073931525
997768,0.0068933824
997769,0.0071806065
997770,0.0068711224
997771,0.0071992762
997772,0.014896168
997773,0.0080559226
997774,0.0075137867
997775,0.0074987076
997776,0.013388241
997777,0.013678337
997778,0.010075827
997779,0.010500919
997780,0.0066249818
997781,0.0064151539
997782,0.0070693074
997783,0.0075202491
997784,0.009017406
997785,0.017057531
997786,0.0070571001
997787,0.0062614889
997788,0.0072531309
997789,0.021714872
997790,0.010617963
997791,0.006901281
997792,0.010901597
997793,0.0063736448
997794,0.0059268726
997795,0.010455681
997796,0.0076775048
997797,0.01039321
997798,0.010908778
997799,0.023932245
997800,0.014912684
997801,0.039552219
997802,0.033763211
997803,0.0073069851
997804,0.0082367854
997805,0.006901999
997806,0.017306698
997807,0.007306267
997808,0.020469038
997809,0.0076638614
997810,0.0075899013
997811,0.01087072
997812,0.0075303023
997813,0.0072366153
997814,0.01451057
997815,0.020579619
997816,0.0071016201
997817,0.0077672624
997818,0.01079317
997819,0.030885944
997820,0.017476879
997821,0.010631606
997822,0.013844928
997823,0.0076437555
997824,0.013649615
997825,0.01733291
997826,0.008429314
997827,0.022684094
997828,0.018544599
997829,0.021285472
997830,0.011953556
997831,0.022378847
997832,0.007077924
997833,0.033087272
997834,0.0071856328
997835,0.0085865697
997836,0.024242446
997837,0.025154976
997838,0.01396269
997839,0.017095588
997840,0.03430032
997841,0.0094518326
997842,0.010295554
997843,0.013639562
997844,0.0079733459
997845,0.0073895622
997846,0.016806209
997847,0.013476497
997848,0.010574161
997849,0.010819738
997850,0.0086418604
997851,0.006161775
997852,0.0060913088
997853,0.02605135
997854,0.0070542279
997855,0.008165786
997856,0.017749023
997857,0.0070104264
997858,0.0071095186
997859,0.016342342
997860,0.0070255054
997861,0.0070822323
997862,0.017666446
997863,0.0072122011
997864,0.017015165
997865,0.010314223
997866,0.039242733
997867,0.017092716
997868,0.015989549
997869,0.012685946
997870,0.0070025274
997871,0.0074218749
997872,0.033557128
997873,0.010873592
997874,0.016957721
997875,0.0139591
997876,0.0070211971
997877,0.0066054245
997878,0.0024376852
997879,0.013572782
997880,0.0075274301
997881,0.0072954963
997882,0.013544442
997883,0.0062112249
997884,0.0066399928
997885,0.0089211855
997886,0.010273294
997887,0.010709874
997888,0.020714615
997889,0.026074804
997890,0.036748189
997891,0.0071913777
997892,0.010428395
997893,0.011595267
997894,0.013209209
997895,0.014967974
997896,0.014426556
997897,0.011187385
997898,0.01072639
997899,0.01372573
997900,0.010602884
997901,0.0071640913
997902,0.011259191
997903,0.010038488
997904,0.012465533
997905,0.0095907198
997906,0.011251292
997907,0.0080451518
997908,0.010409008
997909,0.010234519
997910,0.017188936
997911,0.0070477654
997912,0.0078469673
997913,0.030284926
997914,0.021021226
997915,0.013401885
997916,0.0099476529
997917,0.013511029
997918,0.015101533
997919,0.017382812
997920,0.014080452
997921,0.030707864
997922,0.010579187
997923,0.0072351792
997924,0.012946504
997925,0.029812619
997926,0.0071490118
997927,0.008150707
997928,0.0092313876
997929,0.0069773956
997930,0.013203699
997931,0.010531796
997932,0.013737937
997933,0.0072610294
997934,0.0075216852
997935,0.0073830998
997936,0.0072703641
997937,0.0088278381
997938,0.0072409236
997939,0.01632553
997940,0.0072078928
997941,0.031760212
997942,0.010712029
997943,0.0070664352
997944,0.0076976102
997945,0.0081866095
997946,0.010444192
997947,0.013668285
997948,0.0074211569
997949,0.0070535098
997950,0.0066546872
997951,0.027561322
997952,0.013807588
997953,0.0073665841
997954,0.011882468
997955,0.0068589156
997956,0.039377011
997957,0.0074247471
997958,0.011954039
997959,0.010431267
997960,0.0072071748
997961,0.010638068
997962,0.016888786
997963,0.010661765
997964,0.0074793198
997965,0.024955982
997966,0.0072775446
997967,0.0075066062
997968,0.0075051701
997969,0.0072481045
997970,0.0092687272
997971,0.01553237
997972,0.0074039237
997973,0.019213572
997974,0.019124135
997975,0.010345099
997976,0.010502355
997977,0.0098970495
997978,0.016962029
997979,0.010444192
997980,0.0069910386
997981,0.021671789
997982,0.017619055
997983,0.010261805
997984,0.013847082
997985,0.0068323473
997986,0.010816866
997987,0.010337919
997988,0.012830962
997989,0.007445571
997990,0.010931755
997991,0.0073665841
997992,0.023487076
997993,0.0094180834
997994,0.010596422
997995,0.014078298
997996,0.0072646197
997997,0.019275544
997998,0.0072861616
997999,0.015521599
998000,0.024702005
998001,0.020706715
998002,0.013939711
998003,0.036719467
998004,0.034353457
998005,0.013363891
998006,0.035608135
998007,0.0093647782
998008,0.020158118
998009,0.0071403952
998010,0.017479032
998011,0.0071468577
998012,0.010951143
998013,0.039467487
998014,0.0069364659
998015,0.014315258
998016,0.023254978
998017,0.030748075
998018,0.010112449
998019,0.0069623161
998020,0.014055319
998021,0.010714902
998022,0.021220846
998023,0.013761632
998024,0.0073105758
998025,0.0071332147
998026,0.010460707
998027,0.010630888
998028,0.007019761
998029,0.010801069
998030,0.028351907
998031,0.0073529412
998032,0.026673082
998033,0.010475787
998034,0.0070592542
998035,0.012971206
998036,0.0070054
998037,0.036980122
998038,0.031308882
998039,0.0077923941
998040,0.013586415
998041,0.013822667
998042,0.0076660155
998043,0.016949821
998044,0.017066866
998045,0.014073989
998046,0.010667509
998047,0.010621553
998048,0.017635569
998049,0.010420497
998050,0.010428395
998051,0.021128217
998052,0.016865809
998053,0.017269358
998054,0.010095457
998055,0.005859375
998056,0.010667509
998057,0.0073263729
998058,0.0080494601
998059,0.0059168199
998060,0.017257152
998061,0.0067598233
998062,0.0071116728
998063,0.012953096
998064,0.0098188994
998065,0.0072157914
998066,0.0070018093
998067,0.02700698
998068,0.0072868797
998069,0.0065281182
998070,0.023899931
998071,0.0080494601
998072,0.010565544
998073,0.01650296
998074,0.01091524
998075,0.013366682
998076,0.0086591663
998077,0.0073888442
998078,0.010294118
998079,0.0072014304
998080,0.013671157
998081,0.0085418839
998082,0.010426241
998083,0.0068036248
998084,0.027746582
998085,0.012961249
998086,0.0071827606
998087,0.03968434
998088,0.039882526
998089,0.038238078
998090,0.01299259
998091,0.0072409236
998092,0.0070736157
998093,0.0069738054
998094,0.032271419
998095,0.0073637119
998096,0.039705884
998097,0.0082543138
998098,0.037454043
998099,0.023949478
998100,0.014352596
998101,0.0071231616
998102,0.027435662
998103,0.010796042
998104,0.0067333677
998105,0.013092401
998106,0.013558421
998107,0.021391746
998108,0.0071109547
998109,0.0072818534
998110,0.017725328
998111,0.036746107
998112,0.0086519131
998113,0.0073019909
998114,0.01979213
998115,0.013867187
998116,0.0071396772
998117,0.0070377127
998118,0.0067454618
998119,0.02400046
998120,0.028736915
998121,0.027688419
998122,0.039649874
998123,0.0073881261
998124,0.0072868797
998125,0.014030187
998126,0.011909036
998127,0.02036061
998128,0.023558851
998129,0.011814252
998130,0.01602855
998131,0.0075094784
998132,0.01079676
998133,0.0064108437
998134,0.013683364
998135,0.020122426
998136,0.027023738
998137,0.024116067
998138,0.007210765
998139,0.0068941005
998140,0.033631809
998141,0.017533606
998142,0.017844915
998143,0.010308479
998144,0.027534036
998145,0.010572007
998146,0.037901394
998147,0.019026512
998148,0.014102711
998149,0.0070980298
998150,0.014187442
998151,0.03929228
998152,0.007365148
998153,0.02081586
998154,0.017263614
998155,0.016486673
998156,0.016839959
998157,0.0071389591
998158,0.0062594516
998159,0.0072445138
998160,0.010708438
998161,0.010560518
998162,0.0064438763
998163,0.01430305
998164,0.0072409236
998165,0.020769905
998166,0.010174202
998167,0.014160874
998168,0.0070836684
998169,0.0073012407
998170,0.0070391488
998171,0.013821231
998172,0.0076401653
998173,0.0074606501
998174,0.0080731558
998175,0.010468607
998176,0.0070097083
998177,0.011368336
998178,0.0073658661
998179,0.0074807559
998180,0.0081040328
998181,0.0072976504
998182,0.0069199507
998183,0.017244944
998184,0.0069357478
998185,0.0063009821
998186,0.0099142632
998187,0.01071131
998188,0.023596276
998189,0.0069860122
998190,0.0070714615
998191,0.019628188
998192,0.0059979609
998193,0.0060668364
998194,0.024564138
998195,0.013677619
998196,0.0067670038
998197,0.010803941
998198,0.010526051
998199,0.0065404791
998200,0.014007928
998201,0.0074197208
998202,0.0074994257
998203,0.0156767
998204,0.0061999955
998205,0.0069788317
998206,0.012047621
998207,0.017041733
998208,0.0071195713
998209,0.0072818534
998210,0.0072840075
998211,0.0057322783
998212,0.0070980298
998213,0.0072524128
998214,0.010963351
998215,0.014165901
998216,0.012928027
998217,0.024032772
998218,0.014054601
998219,0.01048943
998220,0.0069364659
998221,0.010366642
998222,0.00731273
998223,0.0075762579
998224,0.010477941
998225,0.0069587259
998226,0.010868566
998227,0.0075482535
998228,0.0042628716
998229,0.011661305
998230,0.0068833297
998231,0.010279038
998232,0.0070664352
998233,0.013924632
998234,0.023347743
998235,0.0062625334
998236,0.024783865
998237,0.039338235
998238,0.0066555501
998239,0.0078986669
998240,0.010708438
998241,0.010312787
998242,0.027363138
998243,0.027137667
998244,0.013867187
998245,0.0072387694
998246,0.021342916
998247,0.017109232
998248,0.007195686
998249,0.012522978
998250,0.014148667
998251,0.013752297
998252,0.0095785568
998253,0.015947409
998254,0.039595302
998255,0.0066306926
998256,0.008459473
998257,0.005243795
998258,0.010525333
998259,0.0072875977
998260,0.0083754594
998261,0.006677845
998262,0.0072904699
998263,0.0074742935
998264,0.019866435
998265,0.020782111
998266,0.007459214
998267,0.02031609
998268,0.010426959
998269,0.0063038548
998270,0.0071806065
998271,0.017081944
998272,0.0052763098
998273,0.0074211569
998274,0.0073988969
998275,0.006996783
998276,0.010634478
998277,0.0075504077
998278,0.010824764
998279,0.010625862
998280,0.0070075542
998281,0.039710909
998282,0.010534668
998283,0.0063472982
998284,0.017204734
998285,0.019514017
998286,0.009383617
998287,0.0071023381
998288,0.022454474
998289,0.0098465225
998290,0.017510626
998291,0.0072495406
998292,0.0072624655
998293,0.014022289
998294,0.01033002
998295,0.0079194913
998296,0.0098446114
998297,0.0065427828
998298,0.020291677
998299,0.0077234604
998300,0.027478028
998301,0.010549747
998302,0.016860064
998303,0.0073005226
998304,0.009860782
998305,0.013510311
998306,0.012262322
998307,0.013821231
998308,0.0065372242
998309,0.0047184094
998310,0.0072840075
998311,0.0071116728
998312,0.011868106
998313,0.021444881
998314,0.0075058881
998315,0.020834114
998316,0.0095207663
998317,0.01071131
998318,0.011435834
998319,0.0096223187
998320,0.039135743
998321,0.0072610294
998322,0.013327206
998323,0.0078089098
998324,0.016886633
998325,0.029149093
998326,0.017399328
998327,0.031291649
998328,0.010619399
998329,0.0073041129
998330,0.0071691177
998331,0.016960593
998332,0.010382439
998333,0.017417997
998334,0.013796099
998335,0.020519301
998336,0.027596507
998337,0.0075654872
998338,0.016948385
998339,0.010803941
998340,0.013702033
998341,0.01349954
998342,0.022303205
998343,0.024230238
998344,0.026564419
998345,0.010026281
998346,0.010903033
998347,0.010926011
998348,0.014038804
998349,0.00698314
998350,0.0090992646
998351,0.0073795095
998352,0.016343947
998353,0.018047737
998354,0.0076536485
998355,0.0068933824
998356,0.0074541876
998357,0.0076681697
998358,0.014038086
998359,0.0069120517
998360,0.030471623
998361,0.0072136372
998362,0.010236673
998363,0.014879653
998364,0.010650275
998365,0.0056525734
998366,0.007093003
998367,0.0073328353
998368,0.017303826
998369,0.0072840075
998370,0.0063022114
998371,0.0073694563
998372,0.018582299
998373,0.013930377
998374,0.011094755
998375,0.015975123
998376,0.011096261
998377,0.020588236
998378,0.010846307
998379,0.020377126
998380,0.010426241
998381,0.014201804
998382,0.0071482938
998383,0.0075755399
998384,0.010618681
998385,0.0072617475
998386,0.0070283776
998387,0.0066715018
998388,0.015538404
998389,0.017601103
998390,0.026081039
998391,0.033584416
998392,0.020161707
998393,0.0075453813
998394,0.01081543
998395,0.0079395967
998396,0.0069716508
998397,0.0078347595
998398,0.010671818
998399,0.0075913374
998400,0.010549747
998401,0.037531596
998402,0.0023648224
998403,0.0064366958
998404,0.0072459499
998405,0.0071748621
998406,0.0074175666
998407,0.017087689
998408,0.0085757989
998409,0.0078189624
998410,0.0075949277
998411,0.0074132583
998412,0.039455999
998413,0.0072531309
998414,0.013088055
998415,0.006241173
998416,0.0098489197
998417,0.00857508
998418,0.0096580237
998419,0.029472189
998420,0.013659668
998421,0.0091359438
998422,0.010515998
998423,0.017602827
998424,0.0074771657
998425,0.0095795076
998426,0.013970588
998427,0.0072667738
998428,0.0073184744
998429,0.020442469
998430,0.0073199105
998431,0.0065364018
998432,0.0073098578
998433,0.016195089
998434,0.011662676
998435,0.015947938
998436,0.0071971221
998437,0.017946491
998438,0.0072524128
998439,0.013904527
998440,0.01039321
998441,0.01389232
998442,0.0059139477
998443,0.014234834
998444,0.011573419
998445,0.017722255
998446,0.0073852539
998447,0.010772346
998448,0.010145479
998449,0.010875747
998450,0.010861386
998451,0.0077471565
998452,0.010340791
998453,0.0066930433
998454,0.0072840075
998455,0.0093654236
998456,0.0027932166
998457,0.011879596
998458,0.0066436916
998459,0.0080896718
998460,0.0071425494
998461,0.0079561118
998462,0.0074398266
998463,0.0068818936
998464,0.0065720314
998465,0.0072516948
998466,0.0070628445
998467,0.019478831
998468,0.0071633733
998469,0.0072682099
998470,0.0081270104
998471,0.0068151136
998472,0.0071382411
998473,0.0063476814
998474,0.013401885
998475,0.011848719
998476,0.019712254
998477,0.0072624655
998478,0.0065379422
998479,0.010093778
998480,0.0088953357
998481,0.010541131
998482,0.010668227
998483,0.020573156
998484,0.010236673
998485,0.0076559628
998486,0.013558421
998487,0.0068826117
998488,0.0072222543
998489,0.0070614084
998490,0.03687026
998491,0.0075741038
998492,0.009413057
998493,0.01083769
998494,0.014875589
998495,0.018278953
998496,0.0062081981
998497,0.018223662
998498,0.01994198
998499,0.017382812
998500,0.0061014914
998501,0.017053222
998502,0.0080681294
998503,0.0072933421
998504,0.01439568
998505,0.013936121
998506,0.03102022
998507,0.01764706
998508,0.010750804
998509,0.027358111
998510,0.036538221
998511,0.026486386
998512,0.013846364
998513,0.0098870089
998514,0.011325971
998515,0.0080814725
998516,0.0091559915
998517,0.026268531
998518,0.008180147
998519,0.0075130686
998520,0.010549029
998521,0.0077478746
998522,0.010508818
998523,0.010442038
998524,0.0073199105
998525,0.0108262
998526,0.010202924
998527,0.010928883
998528,0.011465993
998529,0.010502355
998530,0.0073615578
998531,0.013582118
998532,0.0020060563
998533,0.0071662455
998534,0.020567412
998535,0.0061766454
998536,0.0063763787
998537,0.0066111637
998538,0.01037454
998539,0.035521112
998540,0.014186006
998541,0.0073479149
998542,0.038568474
998543,0.009027862
998544,0.020611214
998545,0.016857911
998546,0.006666244
998547,0.0081823012
998548,0.033599496
998549,0.013332624
998550,0.0074577779
998551,0.019341184
998552,0.0068309112
998553,0.013819077
998554,0.039269302
998555,0.034296732
998556,0.0062136496
998557,0.0073795095
998558,0.0061980491
998559,0.028959015
998560,0.0062631164
998561,0.017326804
998562,0.0070219152
998563,0.010638068
998564,0.0073694563
998565,0.013969152
998566,0.0073486329
998567,0.0069845761
998568,0.030347398
998569,0.010578469
998570,0.006996783
998571,0.0071626552
998572,0.022041304
998573,0.0071885055
998574,0.017882429
998575,0.0073328353
998576,0.016169026
998577,0.0094877239
998578,0.015533088
998579,0.039568014
998580,0.0072674919
998581,0.013034791
998582,0.014788459
998583,0.035395913
998584,0.007196404
998585,0.014071117
998586,0.0075719496
998587,0.010284783
998588,0.014188878
998589,0.0071612191
998590,0.010202206
998591,0.0075022979
998592,0.007019761
998593,0.005873736
998594,0.025689337
998595,0.010732135
998596,0.0072265626
998597,0.013773122
998598,0.017097743
998599,0.0067368452
998600,0.01082261
998601,0.0073077031
998602,0.013788201
998603,0.0072215362
998604,0.0065164007
998605,0.0072617475
998606,0.0066865808
998607,0.010901597
998608,0.0140625
998609,0.013765941
998610,0.031100644
998611,0.0090267407
998612,0.0094259819
998613,0.010582778
998614,0.0073680202
998615,0.0086152917
998616,0.0057408949
998617,0.0075697955
998618,0.017774874
998619,0.039523493
998620,0.025446631
998621,0.038729321
998622,0.023571059
998623,0.013923914
998624,0.0071238796
998625,0.0062375632
998626,0.0073838178
998627,0.012497846
998628,0.0078153722
998629,0.014124971
998630,0.0026026303
998631,0.024111759
998632,0.030073913
998633,0.011074649
998634,0.0070772059
998635,0.033950627
998636,0.0072387694
998637,0.020724667
998638,0.0019865299
998639,0.02507396
998640,0.007159065
998641,0.010767319
998642,0.0068625058
998643,0.0066506779
998644,0.0094353175
998645,0.005858657
998646,0.015250172
998647,0.0061963606
998648,0.0073450427
998649,0.0073141661
998650,0.0073759193
998651,0.0076882755
998652,0.0161964
998653,0.0065860525
998654,0.020439597
998655,0.013848518
998656,0.0082304114
998657,0.0072832895
998658,0.0069343117
998659,0.010756548
998660,0.037672333
998661,0.0080652572
998662,0.0081571694
998663,0.0071138269
998664,0.0070987479
998665,0.016140567
998666,0.0063192961
998667,0.010378849
998668,0.014282945
998669,0.010423369
998670,0.013292739
998671,0.0072315889
998672,0.0063838754
998673,0.013902373
998674,0.0071461396
998675,0.024798226
998676,0.0072402055
998677,0.0077184341
998678,0.03449348
998679,0.023844641
998680,0.036379106
998681,0.018421846
998682,0.01043773
998683,0.034172781
998684,0.0073795095
998685,0.013838465
998686,0.010039612
998687,0.0067626955
998688,0.0071346508
998689,0.01387006
998690,0.016548427
998691,0.007092285
998692,0.03938419
998693,0.0058428594
998694,0.017447438
998695,0.01217041
998696,0.014138615
998697,0.010628734
998698,0.014097685
998699,0.0069623161
998700,0.017470416
998701,0.020886948
998702,0.0070815142
998703,0.010409726
998704,0.020996813
998705,0.0037300889
998706,0.039724551
998707,0.016410874
998708,0.016852167
998709,0.0074541876
998710,0.0076056984
998711,0.0073414524
998712,0.0072351792
998713,0.0073069851
998714,0.017644187
998715,0.010263959
998716,0.0058475621
998717,0.017704504
998718,0.008963068
998719,0.0107228
998720,0.0074836281
998721,0.0071037742
998722,0.017277258
998723,0.021787396
998724,0.0073414524
998725,0.02426686
998726,0.0087021776
998727,0.0049918089
998728,0.027724529
998729,0.0069307215
998730,0.00578319
998731,0.007151884
998732,0.027284151
998733,0.0076380111
998734,0.0071892235
998735,0.034181125
998736,0.0071044923
998737,0.0071813245
998738,0.039336801
998739,0.011987421
998740,0.0075087603
998741,0.022169307
998742,0.0069479551
998743,0.010566263
998744,0.012181181
998745,0.0070807962
998746,0.027047191
998747,0.023469813
998748,0.020669376
998749,0.03340131
998750,0.01028981
998751,0.005991498
998752,0.013834157
998753,0.016182562
998754,0.020958036
998755,0.016773896
998756,0.03833726
998757,0.0089547215
998758,0.0072832895
998759,0.014815028
998760,0.0071885055
998761,0.0062169693
998762,0.0072538489
998763,0.024382468
998764,0.010914522
998765,0.01058206
998766,0.010723518
998767,0.010827636
998768,0.02091567
998769,0.0070915669
998770,0.010536822
998771,0.011210363
998772,0.0070901308
998773,0.0069730869
998774,0.010573443
998775,0.020770622
998776,0.0072078928
998777,0.0092234891
998778,0.037040442
998779,0.015872316
998780,0.017023064
998781,0.0064568473
998782,0.0073436066
998783,0.0069436468
998784,0.0074017695
998785,0.0073148841
998786,0.0073874081
998787,0.013618156
998788,0.011076085
998789,0.0081765568
998790,0.0072452319
998791,0.0067466204
998792,0.0071691177
998793,0.0072840075
998794,0.0071569108
998795,0.023276655
998796,0.010644531
998797,0.0071877874
998798,0.010799632
998799,0.011221134
998800,0.01396269
998801,0.014146513
998802,0.0021711823
998803,0.03926643
998804,0.0072811353
998805,0.006701488
998806,0.0077155619
998807,0.0076660155
998808,0.0071324967
998809,0.014030187
998810,0.0073515051
998811,0.0075116325
998812,0.0092407223
998813,0.015868422
998814,0.0073579676
998815,0.0069637522
998816,0.028766476
998817,0.020935196
998818,0.0062844669
998819,0.039369829
998820,0.0063476563
998821,0.028619744
998822,0.0071885055
998823,0.0074714213
998824,0.0067497701
998825,0.006725356
998826,0.010621553
998827,0.012884467
998828,0.0098230699
998829,0.0094152112
998830,0.014081888
998831,0.021098059
998832,0.019495456
998833,0.039545037
998834,0.010654585
998835,0.024490895
998836,0.0070542279
998837,0.0062136375
998838,0.007826861
998839,0.0086590936
998840,0.01160745
998841,0.014220473
998842,0.014042394
998843,0.013123995
998844,0.0074865003
998845,0.0071289064
998846,0.0061990176
998847,0.010431985
998848,0.017314596
998849,0.039352596
998850,0.017266486
998851,0.017094152
998852,0.0069436468
998853,0.0073342714
998854,0.007233025
998855,0.037379365
998856,0.010641659
998857,0.022068229
998858,0.0074922452
998859,0.040238682
998860,0.017158778
998861,0.0063648899
998862,0.013737937
998863,0.010717056
998864,0.013891602
998865,0.0072718002
998866,0.0075066062
998867,0.015656393
998868,0.010780963
998869,0.0074628047
998870,0.039177388
998871,0.008239028
998872,0.0072976504
998873,0.0068143955
998874,0.0059744413
998875,0.0077026365
998876,0.0071166991
998877,0.0071691177
998878,0.013304228
998879,0.0096376305
998880,0.0063060089
998881,0.006613045
998882,0.0079812445
998883,0.0071727079
998884,0.010519588
998885,0.0073177563
998886,0.012326947
998887,0.011514821
998888,0.010442756
998889,0.0071238796
998890,0.013834875
998891,0.0070542279
998892,0.013637408
998893,0.0075453813
998894,0.0066183652
998895,0.013983513
998896,0.0027998418
998897,0.0069888844
998898,0.0082031246
998899,0.026308643
998900,0.015425379
998901,0.01755802
998902,0.0064412113
998903,0.025995404
998904,0.0074807559
998905,0.032921173
998906,0.010220875
998907,0.0062574493
998908,0.013702033
998909,0.010514562
998910,0.0066391909
998911,0.0073766373
998912,0.0073184744
998913,0.0103968
998914,0.010858513
998915,0.0069723688
998916,0.007518813
998917,0.014975873
998918,0.0072251265
998919,0.012265194
998920,0.0056784237
998921,0.019145651
998922,0.021581313
998923,0.0072610294
998924,0.014086196
998925,0.010377413
998926,0.0072868797
998927,0.0091911769
998928,0.010243136
998929,0.006607437
998930,0.011012896
998931,0.014415068
998932,0.010284064
998933,0.010531078
998934,0.0075015798
998935,0.028265461
998936,0.0072811353
998937,0.039475385
998938,0.0071705538
998939,0.010000426
998940,0.01048943
998941,0.0078239888
998942,0.027179314
998943,0.0070089903
998944,0.010964069
998945,0.0073816637
998946,0.0074161305
998947,0.0071504479
998948,0.0069256951
998949,0.018119542
998950,0.021671789
998951,0.010230211
998952,0.01384421
998953,0.0088730752
998954,0.0071188533
998955,0.013855699
998956,0.012982167
998957,0.0074742935
998958,0.0064750742
998959,0.013896628
998960,0.0076681697
998961,0.0058543487
998962,0.0070843864
998963,0.010253906
998964,0.01778708
998965,0.025202492
998966,0.0072516948
998967,0.03476347
998968,0.0071274703
998969,0.013696109
998970,0.0073457109
998971,0.014046703
998972,0.0064012683
998973,0.013974897
998974,0.0072667738
998975,0.023958812
998976,0.01048943
998977,0.010739315
998978,0.0065256972
998979,0.015028995
998980,0.007255285
998981,0.01385498
998982,0.0082325656
998983,0.0089190314
998984,0.0055498909
998985,0.0073069851
998986,0.010437012
998987,0.019504741
998988,0.010424087
998989,0.01238511
998990,0.017529298
998991,0.010785989
998992,0.0070973118
998993,0.039316695
998994,0.017328957
998995,0.013522519
998996,0.010284783
998997,0.011010024
998998,0.0070728976
998999,0.0080882357
999000,0.0070700254
999001,0.0074498793
999002,0.012779943
999003,0.0018183928
999004,0.027563477
999005,0.017374914
999006,0.017442411
999007,0.0077277687
999008,0.03929228
999009,0.007423311
999010,0.010829072
999011,0.013937557
999012,0.008605239
999013,0.0099343695
999014,0.014211857
999015,0.010260369
999016,0.027045755
999017,0.010808967
999018,0.0071303425
999019,0.013407629
999020,0.0076760687
999021,0.010730699
999022,0.010430549
999023,0.010546875
999024,0.0071454216
999025,0.0076746321
999026,0.025136432
999027,0.011004997
999028,0.006996783
999029,0.0087057678
999030,0.0063325772
999031,0.0071576289
999032,0.017651368
999033,0.0071181352
999034,0.011774041
999035,0.014097685
999036,0.0071274703
999037,0.0067967726
999038,0.00870864
999039,0.010696231
999040,0.02053079
999041,0.010630888
999042,0.007313448
999043,0.007613597
999044,0.013982077
999045,0.039637666
999046,0.017088408
999047,0.0071123908
999048,0.013062191
999049,0.017606847
999050,0.0073694563
999051,0.014158002
999052,0.010493021
999053,0.039533548
999054,0.010416906
999055,0.013941147
999056,0.01084487
999057,0.01379969
999058,0.0064341505
999059,0.010827636
999060,0.031214815
999061,0.0086705824
999062,0.0063008862
999063,0.007137523
999064,0.025939941
999065,0.0072150733
999066,0.035607912
999067,0.006996783
999068,0.010623707
999069,0.017226994
999070,0.007444853
999071,0.022920497
999072,0.0057373047
999073,0.0073005226
999074,0.010417624
999075,0.0105598
999076,0.016315589
999077,0.020730412
999078,0.0079338523
999079,0.0068883561
999080,0.0075367647
999081,0.039098404
999082,0.032998342
999083,0.023415959
999084,0.0074620866
999085,0.017474724
999086,0.01724638
999087,0.001316631
999088,0.0064013735
999089,0.0071576289
999090,0.011055262
999091,0.0075195311
999092,0.017693732
999093,0.0070183249
999094,0.032025505
999095,0.03919965
999096,0.0069917566
999097,0.015955308
999098,0.014193187
999099,0.025884245
999100,0.013606532
999101,0.0064496361
999102,0.010539695
999103,0.0075539984
999104,0.006982422
999105,0.010865694
999106,0.0067464667
999107,0.031196864
999108,0.016324056
999109,0.0061399117
999110,0.013640998
999111,0.0070973118
999112,0.010202924
999113,0.0070894128
999114,0.016957721
999115,0.010699104
999116,0.010236673
999117,0.010103832
999118,0.007444853
999119,0.0074520335
999120,0.021557618
999121,0.017221967
999122,0.0054946002
999123,0.0023305367
999124,0.018398868
999125,0.033725154
999126,0.007408232
999127,0.0064545572
999128,0.016650176
999129,0.0086777629
999130,0.016998651
999131,0.012480612
999132,0.0072236904
999133,0.01053036
999134,0.016877297
999135,0.0077888039
999136,0.0070678713
999137,0.0073565315
999138,0.022520537
999139,0.018497244
999140,0.0071188533
999141,0.025082577
999142,0.0070427391
999143,0.025073241
999144,0.023155937
999145,0.0072524128
999146,0.010852769
999147,0.0054630055
999148,0.018282697
999149,0.0072495406
999150,0.017178165
999151,0.0071827606
999152,0.0072208182
999153,0.0069809859
999154,0.015914379
999155,0.020978861
999156,0.010344381
999157,0.029505113
999158,0.01974236
999159,0.0071131089
999160,0.019072181
999161,0.01160745
999162,0.014052447
999163,0.0072660558
999164,0.0072768265
999165,0.017254997
999166,0.017494829
999167,0.011516257
999168,0.013776712
999169,0.0073608398
999170,0.020066205
999171,0.0070219152
999172,0.0068962546
999173,0.011167279
999174,0.0027412698
999175,0.023786969
999176,0.013930377
999177,0.023298914
999178,0.010358743
999179,0.014065372
999180,0.01037454
999181,0.0063376036
999182,0.0071131089
999183,0.0073371436
999184,0.018203557
999185,0.012612018
999186,0.0072236904
999187,0.0067179394
999188,0.0072516948
999189,0.019473806
999190,0.0072617475
999191,0.0072459499
999192,0.0072021484
999193,0.029917279
999194,0.010435576
999195,0.011029412
999196,0.020772059
999197,0.016727941
999198,0.01058565
999199,0.010969095
999200,0.017474724
999201,0.0078426581
999202,0.01328125
999203,0.006652832
999204,0.010661765
999205,0.0023584266
999206,0.0068933824
999207,0.023793658
999208,0.0072452319
999209,0.017089125
999210,0.022001088
999211,0.0071576289
999212,0.010294118
999213,0.02004936
999214,0.013576373
999215,0.011471737
999216,0.011249856
999217,0.010984174
999218,0.0074951174
999219,0.0065659466
999220,0.035191435
999221,0.023739085
999222,0.0075863111
999223,0.01041188
999224,0.023897776
999225,0.0071705538
999226,0.0084415209
999227,0.010617245
999228,0.031102797
999229,0.0094943065
999230,0.014272892
999231,0.01051528
999232,0.0096887928
999233,0.013322057
999234,0.017471135
999235,0.014016544
999236,0.020290241
999237,0.010857077
999238,0.015205652
999239,0.0059512868
999240,0.020659324
999241,0.0070456113
999242,0.0071095186
999243,0.019697839
999244,0.010660329
999245,0.020029064
999246,0.0072998046
999247,0.0069414922
999248,0.0075712316
999249,0.0077600814
999250,0.010576315
999251,0.013960536
999252,0.010712747
999253,0.039280791
999254,0.0074857823
999255,0.013590734
999256,0.013823385
999257,0.0075863111
999258,0.02555641
999259,0.01063376
999260,0.010361616
999261,0.010466452
999262,0.0070772059
999263,0.0059921597
999264,0.013620174
999265,0.017141543
999266,0.0055829217
999267,0.013039958
999268,0.010946834
999269,0.0099918144
999270,0.010740033
999271,0.0075719496
999272,0.014476103
999273,0.039280791
999274,0.019688081
999275,0.0041208616
999276,0.0076645794
999277,0.016151121
999278,0.0065083788
999279,0.0070614084
999280,0.014111328
999281,0.0068862019
999282,0.01094468
999283,0.024544749
999284,0.01059714
999285,0.0078103459
999286,0.0065787327
999287,0.010459989
999288,0.0060884366
999289,0.023997588
999290,0.007444853
999291,0.016001696
999292,0.0070937211
999293,0.0073084212
999294,0.0071332147
999295,0.010948989
999296,0.013661104
999297,0.009263576
999298,0.0070441752
999299,0.0072962143
999300,0.010904211
999301,0.0072660558
999302,0.030488502
999303,0.0078613283
999304,0.010420497
999305,0.013384086
999306,0.0071655274
999307,0.0072631836
999308,0.010528924
999309,0.01790197
999310,0.0073328353
999311,0.0072516948
999312,0.024075856
999313,0.020734001
999314,0.017601103
999315,0.0070772059
999316,0.0026745393
999317,0.010742906
999318,0.013839183
999319,0.0073529412
999320,0.01669132
999321,0.0069508273
999322,0.0080537684
999323,0.030342372
999324,0.0073077031
999325,0.0071138269
999326,0.010836254
999327,0.0075030159
999328,0.022597773
999329,0.034240723
999330,0.0075618969
999331,0.0071806065
999332,0.0071727079
999333,0.0073292451
999334,0.0071698357
999335,0.0071892235
999336,0.030874453
999337,0.012770738
999338,0.010081572
999339,0.0069199507
999340,0.019881168
999341,0.010779527
999342,0.010301298
999343,0.017253561
999344,0.011027258
999345,0.0025208818
999346,0.035687275
999347,0.0078361956
999348,0.0074994257
999349,0.0060886876
999350,0.0083101159
999351,0.010845589
999352,0.010366642
999353,0.0074635227
999354,0.0070434571
999355,0.0063490923
999356,0.0072416416
999357,0.010894416
999358,0.012271261
999359,0.0085528204
999360,0.001331397
999361,0.0072567211
999362,0.010373822
999363,0.017095588
999364,0.039744657
999365,0.0094611673
999366,0.0067964443
999367,0.0097387657
999368,0.036733828
999369,0.027786301
999370,0.030338064
999371,0.012818101
999372,0.0097634709
999373,0.0068732766
999374,0.010329302
999375,0.018114399
999376,0.027178597
999377,0.014196778
999378,0.020993939
999379,0.017571662
999380,0.007350069
999381,0.014649874
999382,0.0069888844
999383,0.0070750518
999384,0.030353142
999385,0.039747529
999386,0.007217946
999387,0.020565256
999388,0.026768517
999389,0.017277258
999390,0.039491899
999391,0.010462862
999392,0.0070326859
999393,0.0064150132
999394,0.0091567095
999395,0.0066264072
999396,0.0072380514
999397,0.0095409267
999398,0.0071138269
999399,0.017476879
999400,0.010523897
999401,0.012873858
999402,0.024541877
999403,0.0071705538
999404,0.0392255
999405,0.024516495
999406,0.014711627
999407,0.0071023381
999408,0.010549747
999409,0.031991757
999410,0.0073220646
999411,0.0094626034
999412,0.0067591048
999413,0.007269646
999414,0.010648839
999415,0.0087897805
999416,0.0078010112
999417,0.010666791
999418,0.025991641
999419,0.009927907
999420,0.010690487
999421,0.011335306
999422,0.0074075139
999423,0.01728731
999424,0.011179486
999425,0.007503734
999426,0.01028981
999427,0.0061505809
999428,0.014533548
999429,0.017506318
999430,0.022999249
999431,0.0055950815
999432,0.0074218749
999433,0.0070736157
999434,0.0074520335
999435,0.02235279
999436,0.013253964
999437,0.007232307
999438,0.0060242987
999439,0.010337919
999440,0.007269646
999441,0.007400333
999442,0.01100787
999443,0.0087007415
999444,0.034271598
999445,0.0077026365
999446,0.0069156424
999447,0.01474035
999448,0.010806095
999449,0.004668239
999450,0.007459932
999451,0.0070262235
999452,0.0072315889
999453,0.022337431
999454,0.0068057789
999455,0.0069508273
999456,0.00736443
999457,0.014222628
999458,0.0067985984
999459,0.014428711
999460,0.016791236
999461,0.0082756495
999462,0.022846511
999463,0.0089657055
999464,0.0071044923
999465,0.0085406136
999466,0.0072366153
999467,0.010583496
999468,0.013419118
999469,0.014694394
999470,0.017477596
999471,0.030526195
999472,0.0072674919
999473,0.024290556
999474,0.0077610491
999475,0.017428769
999476,0.009675107
999477,0.0095049692
999478,0.010579905
999479,0.0073902803
999480,0.0069702147
999481,0.0071116728
999482,0.0072674919
999483,0.0068581975
999484,0.034553416
999485,0.015017138
999486,0.0073457607
999487,0.0087021776
999488,0.0073371436
999489,0.0075956457
999490,0.0031180007
999491,0.022431228
999492,0.01129653
999493,0.026128074
999494,0.0063516367
999495,0.014096249
999496,0.011419319
999497,0.010580419
999498,0.0075166589
999499,0.01377384
999500,0.01653914
999501,0.0072294348
999502,0.013323355
999503,0.0066829459
999504,0.01113353
999505,0.017026654
999506,0.010617245
999507,0.0072746724
999508,0.023701029
999509,0.009897748
999510,0.010418342
999511,0.010717774
999512,0.019060921
999513,0.0074908086
999514,0.0062076342
999515,0.0080085304
999516,0.017283002
999517,0.0086555034
999518,0.0069759595
999519,0.036085419
999520,0.017262178
999521,0.0075956457
999522,0.0071727079
999523,0.007210765
999524,0.022521973
999525,0.013596479
999526,0.010346537
999527,0.017309571
999528,0.020197609
999529,0.013689826
999530,0.013740809
999531,0.018865608
999532,0.010926011
999533,0.0075051701
999534,0.0076760687
999535,0.014992389
999536,0.011053826
999537,0.0069443649
999538,0.018841285
999539,0.0071727079
999540,0.00457924
999541,0.007034122
999542,0.0068704044
999543,0.0072265626
999544,0.0070527918
999545,0.010500919
999546,0.0087826001
999547,0.010630888
999548,0.0091975164
999549,0.011572984
999550,0.0073270909
999551,0.017797852
999552,0.0074951174
999553,0.0069450829
999554,0.023655791
999555,0.022681976
999556,0.039308079
999557,0.010684743
999558,0.007291188
999559,0.0082505168
999560,0.0070434571
999561,0.013642435
999562,0.0065907971
999563,0.0063878675
999564,0.01074506
999565,0.011868693
999566,0.0024736836
999567,0.028097713
999568,0.010526051
999569,0.0072035845
999570,0.0075791301
999571,0.013351295
999572,0.013857853
999573,0.028183881
999574,0.00556497
999575,0.018150914
999576,0.023918476
999577,0.013845646
999578,0.010640941
999579,0.013694853
999580,0.0071324967
999581,0.020727539
999582,0.0071310606
999583,0.024379596
999584,0.0057333568
999585,0.010857795
999586,0.010898725
999587,0.0072129192
999588,0.01029699
999589,0.0069357478
999590,0.0080128387
999591,0.010483686
999592,0.017966596
999593,0.0070003732
999594,0.01291786
999595,0.0099379597
999596,0.0074872184
999597,0.0073917164
999598,0.01051887
999599,0.01682057
999600,0.0082641598
999601,0.0074470071
999602,0.017903406
999603,0.017446719
999604,0.012143842
999605,0.007327809
999606,0.0076782228
999607,0.0059792912
999608,0.0140625
999609,0.023984661
999610,0.0063157906
999611,0.011132812
999612,0.01730239
999613,0.0098106032
999614,0.027476592
999615,0.013929659
999616,0.010572725
999617,0.010309915
999618,0.030834962
999619,0.0055922563
999620,0.0096211052
999621,0.0068955366
999622,0.0157314
999623,0.019319525
999624,0.00688692
999625,0.0073184744
999626,0.010167739
999627,0.0067038145
999628,0.0071605011
999629,0.036316715
999630,0.015214987
999631,0.010584214
999632,0.0061727464
999633,0.013248937
999634,0.0061163302
999635,0.0072279987
999636,0.0070736157
999637,0.0059613395
999638,0.01058206
999639,0.029722806
999640,0.037077781
999641,0.027024213
999642,0.010689769
999643,0.017499138
999644,0.0073550954
999645,0.0075367647
999646,0.011517693
999647,0.0074139764
999648,0.013752297
999649,0.0071245977
999650,0.0066289324
999651,0.024284812
999652,0.007159065
999653,0.0072387694
999654,0.010618681
999655,0.010947553
999656,0.010569853
999657,0.0073773554
999658,0.014361213
999659,0.010551902
999660,0.0071174172
999661,0.010525333
999662,0.0055441465
999663,0.0069091795
999664,0.0074132583
999665,0.010313505
999666,0.0070671532
999667,0.0075504077
999668,0.023908548
999669,0.010694077
999670,0.021765452
999671,0.030603746
999672,0.0075970818
999673,0.010342945
999674,0.0073335534
999675,0.013717831
999676,0.020739745
999677,0.007151166
999678,0.0068481443
999679,0.0073673022
999680,0.010954733
999681,0.013419118
999682,0.0072129192
999683,0.01909826
999684,0.0071195713
999685,0.0068761487
999686,0.0075985179
999687,0.015386604
999688,0.0073888442
999689,0.0073565315
999690,0.007753619
999691,0.013918888
999692,0.010966223
999693,0.024467917
999694,0.017052505
999695,0.010622271
999696,0.0071662455
999697,0.016965618
999698,0.020588236
999699,0.011873852
999700,0.015952436
999701,0.0071059284
999702,0.0072114831
999703,0.013885139
999704,0.013944738
999705,0.0082016885
999706,0.029223004
999707,0.0069637522
999708,0.007100184
999709,0.011980124
999710,0.01060073
999711,0.010007558
999712,0.013867187
999713,0.0069730869
999714,0.010064338
999715,0.0130533
999716,0.013836311
999717,0.014005055
999718,0.0095818015
999719,0.0092888325
999720,0.01636751
999721,0.010636632
999722,0.025915228
999723,0.007350069
999724,0.01349954
999725,0.007385972
999726,0.0086526312
999727,0.0076164696
999728,0.020909926
999729,0.0075618969
999730,0.039942123
999731,0.0074577779
999732,0.018737793
999733,0.014022289
999734,0.0072366153
999735,0.0072962143
999736,0.020465447
999737,0.01071562
999738,0.0077873678
999739,0.014855239
999740,0.030796904
999741,0.030261949
999742,0.010722082
999743,0.0077442843
999744,0.011738161
999745,0.010592831
999746,0.0072035845
999747,0.014238425
999748,0.0070592542
999749,0.0070822323
999750,0.014267148
999751,0.0062880572
999752,0.0060037053
999753,0.013650463
999754,0.0072380514
999755,0.013163156
999756,0.034000892
999757,0.0088421991
999758,0.013882266
999759,0.011152918
999760,0.0070549459
999761,0.023805147
999762,0.0073457607
999763,0.020425236
999764,0.0072890338
999765,0.039659925
999766,0.0071102367
999767,0.0074405447
999768,0.010908778
999769,0.011800609
999770,0.012710392
999771,0.0061925552
999772,0.010290528
999773,0.0074563418
999774,0.0099092033
999775,0.0071461396
999776,0.023805147
999777,0.025538519
999778,0.017330393
999779,0.0067696469
999780,0.0072035845
999781,0.0073874081
999782,0.0074886545
999783,0.01028981
999784,0.0088809747
999785,0.014634077
999786,0.0070542279
999787,0.030933335
999788,0.0071353689
999789,0.007313448
999790,0.0072718002
999791,0.016873281
999792,0.010627298
999793,0.013080193
999794,0.006960162
999795,0.0063451668
999796,0.0086727366
999797,0.017293774
999798,0.0068725585
999799,0.0021981415
999800,0.035509739
999801,0.022504903
999802,0.014208267
999803,0.0080142748
999804,0.010436294
999805,0.010836254
999806,0.0074039237
999807,0.017784994
999808,0.01736917
999809,0.010190717
999810,0.0097605987
999811,0.0072595933
999812,0.022053797
999813,0.020705998
999814,0.020866124
999815,0.030149402
999816,0.010909496
999817,0.015496467
999818,0.0071841967
999819,0.0069407742
999820,0.0068984088
999821,0.010803941
999822,0.031852614
999823,0.0083216047
999824,0.010320686
999825,0.020352712
999826,0.0067066867
999827,0.017852424
999828,0.011109835
999829,0.010282628
999830,0.01780216
999831,0.0072976504
999832,0.0072035845
999833,0.0081744026
999834,0.028777717
999835,0.0084831687
999836,0.0076308306
999837,0.0075022979
999838,0.0109375
999839,0.016178625
999840,0.039545037
999841,0.0073895622
999842,0.0072560031
999843,0.010690487
999844,0.010495893
999845,0.012067948
999846,0.03934326
999847,0.010386747
999848,0.01873133
999849,0.00738669
999850,0.010851333
999851,0.0072423597
999852,0.0081248563
999853,0.017162368
999854,0.013746553
999855,0.0088522518
999856,0.0066595953
999857,0.0069759595
999858,0.013697725
999859,0.030930463
999860,0.039142922
999861,0.020174632
999862,0.013813333
999863,0.039616842
999864,0.0073529412
999865,0.026585616
999866,0.0020118344
999867,0.029519677
999868,0.019732308
999869,0.010892262
999870,0.033453304
999871,0.013752297
999872,0.019796215
999873,0.0071310606
999874,0.023508588
999875,0.011457376
999876,0.010972685
999877,0.013508875
999878,0.013713523
999879,0.0076064165
999880,0.0071533201
999881,0.015360754
999882,0.0072423597
999883,0.0070247874
999884,0.0069328756
999885,0.0070635625
999886,0.0092127183
999887,0.020392923
999888,0.0059857536
999889,0.014608226
999890,0.013824822
999891,0.0072064567
999892,0.024269015
999893,0.015922388
999894,0.020157399
999895,0.0070082722
999896,0.009753284
999897,0.011589499
999898,0.0074017695
999899,0.030550608
999900,0.010620835
999901,0.006880457
999902,0.019258387
999903,0.023939425
999904,0.022756496
999905,0.010765883
999906,0.0076056984
999907,0.0079726279
999908,0.027741555
999909,0.023793658
999910,0.010645967
999911,0.0073026768
999912,0.0070621264
999913,0.017991727
999914,0.0074527515
999915,0.0071324967
999916,0.0074660853
999917,0.010510254
999918,0.017741125
999919,0.0073759193
999920,0.023840817
999921,0.010549029
999922,0.010753676
999923,0.0095454659
999924,0.0071784523
999925,0.0070082722
999926,0.0073967427
999927,0.021273674
999928,0.017396456
999929,0.010521743
999930,0.010514562
999931,0.0099649141
999932,0.02036061
999933,0.020497041
999934,0.0118258
999935,0.006784237
999936,0.010569853
999937,0.0072703641
999938,0.023943389
999939,0.010516716
999940,0.0072172275
999941,0.025987389
999942,0.0073881261
999943,0.02776956
999944,0.0059807273
999945,0.014098403
999946,0.0075453813
999947,0.010926011
999948,0.0061071059
999949,0.0049084597
999950,0.017049633
999951,0.03957304
999952,0.0063483743
999953,0.014636949
999954,0.0073349895
999955,0.019710146
999956,0.010439884
999957,0.0071748621
999958,0.007518813
999959,0.0062564625
999960,0.0070348405
999961,0.0071612191
999962,0.016590791
999963,0.014415068
999964,0.014312385
999965,0.014161592
999966,0.017504882
999967,0.020806525
999968,0.0094152112
999969,0.02957261
999970,0.024307789
999971,0.0094439341
999972,0.039533548
999973,0.016888786
999974,0.0088142725
999975,0.0061042337
999976,0.015849035
999977,0.0061050788
999978,0.0073752012
999979,0.0078440951
999980,0.017693732
999981,0.0071540382
999982,0.0071023381
999983,0.034189742
999984,0.006652114
999985,0.0070815142
999986,0.0072035845
999987,0.033573646
999988,0.017003676
999989,0.017189654
999990,0.010307761
999991,0.017079072
999992,0.011201747
999993,0.00743121
999994,0.019128565
999995,0.0075173769
999996,0.030721508
999997,0.014191751
999998,0.007092285
999999,0.0076516545
