LECROYHDO6104B,11090,Waveform
Segments,1,SegmentSize,7924
Segment,TrigTime,TimeSinceSegment1
#1,04-May-2026 18:45:31,0                 
Time,Ampl
992076,0.030272719
992077,0.0071490118
992078,0.021110984
992079,0.039267149
992080,0.0094460882
992081,0.010425523
992082,0.0061626802
992083,0.0074190027
992084,0.015207807
992085,0.0070958757
992086,0.0096567292
992087,0.0073048309
992088,0.020425236
992089,0.0077134077
992090,0.011580883
992091,0.007033404
992092,0.0075970818
992093,0.0073249368
992094,0.016869534
992095,0.027171416
992096,0.0072703641
992097,0.0072840075
992098,0.012857358
992099,0.025857229
992100,0.0074333642
992101,0.0074886545
992102,0.024521053
992103,0.013730038
992104,0.0072337431
992105,0.0077155619
992106,0.017547349
992107,0.017291619
992108,0.013832721
992109,0.018152574
992110,0.017226275
992111,0.0073953066
992112,0.013845646
992113,0.010327866
992114,0.0072380514
992115,0.019755285
992116,0.010601448
992117,0.020381434
992118,0.0071841967
992119,0.010581342
992120,0.020409439
992121,0.010260369
992122,0.0071949679
992123,0.01391458
992124,0.0023248421
992125,0.0068215765
992126,0.0043017659
992127,0.010665355
992128,0.010615809
992129,0.006960162
992130,0.017304543
992131,0.011243394
992132,0.0098632816
992133,0.0061566504
992134,0.020226333
992135,0.0095430259
992136,0.0070973118
992137,0.017217658
992138,0.0068502985
992139,0.0075159408
992140,0.0069637522
992141,0.010493021
992142,0.0071712718
992143,0.013267743
992144,0.03136402
992145,0.010743624
992146,0.0071942499
992147,0.0075310203
992148,0.011086857
992149,0.016626695
992150,0.018032657
992151,0.0097677791
992152,0.0070427391
992153,0.0073795095
992154,0.0068474263
992155,0.014142923
992156,0.013147563
992157,0.0071066464
992158,0.010640941
992159,0.010735007
992160,0.0064285179
992161,0.022894606
992162,0.0097519821
992163,0.010281192
992164,0.010249598
992165,0.0072567211
992166,0.014309512
992167,0.0068517351
992168,0.0070815142
992169,0.0062749675
992170,0.0074462891
992171,0.039453126
992172,0.0098704621
992173,0.016295319
992174,0.007349351
992175,0.014028033
992176,0.017589614
992177,0.030358266
992178,0.009429751
992179,0.01892449
992180,0.0063878666
992181,0.0027698637
992182,0.013579963
992183,0.0071131089
992184,0.0070448932
992185,0.016309587
992186,0.0158515
992187,0.01079711
992188,0.010447782
992189,0.039430149
992190,0.019419834
992191,0.016704964
992192,0.013397057
992193,0.01428079
992194,0.014435174
992195,0.024360927
992196,0.0078512756
992197,0.01567311
992198,0.011517959
992199,0.0076746321
992200,0.0073874081
992201,0.033559281
992202,0.014164465
992203,0.01043773
992204,0.0075834384
992205,0.020909926
992206,0.016964901
992207,0.0097766789
992208,0.013752297
992209,0.019456957
992210,0.00736443
992211,0.013924632
992212,0.0030316128
992213,0.014423684
992214,0.0095257927
992215,0.01051887
992216,0.037415989
992217,0.027529728
992218,0.0054974724
992219,0.005682359
992220,0.0092754178
992221,0.0040893122
992222,0.0063967453
992223,0.011229751
992224,0.013453584
992225,0.010007611
992226,0.0056870403
992227,0.010641659
992228,0.024152689
992229,0.016842831
992230,0.0046515907
992231,0.012985023
992232,0.0065142633
992233,0.010386029
992234,0.010387465
992235,0.013876522
992236,0.011261346
992237,0.0022684061
992238,0.010512408
992239,0.007349351
992240,0.010471479
992241,0.0065006032
992242,0.031907745
992243,0.013565602
992244,0.013791791
992245,0.0071131089
992246,0.017137911
992247,0.015758201
992248,0.0017778302
992249,0.010684743
992250,0.015555487
992251,0.0097720874
992252,0.0095085595
992253,0.010516716
992254,0.0072954963
992255,0.0073227827
992256,0.006512092
992257,0.010719928
992258,0.021026971
992259,0.014771944
992260,0.019120026
992261,0.0073206285
992262,0.010294118
992263,0.016534379
992264,0.024724266
992265,0.014756147
992266,0.039838005
992267,0.0070513557
992268,0.015350125
992269,0.01476899
992270,0.0075475355
992271,0.010638786
992272,0.0069443649
992273,0.010577751
992274,0.0059555951
992275,0.0097738728
992276,0.014422966
992277,0.0097103342
992278,0.0073191924
992279,0.03756319
992280,0.015556066
992281,0.025039399
992282,0.013809742
992283,0.007599236
992284,0.0095840981
992285,0.014057473
992286,0.012962045
992287,0.01404383
992288,0.010598576
992289,0.010284064
992290,0.0066453936
992291,0.036848001
992292,0.010664637
992293,0.010880055
992294,0.019827945
992295,0.016381113
992296,0.0096781496
992297,0.023394417
992298,0.032596387
992299,0.0065442547
992300,0.0072782626
992301,0.006471158
992302,0.010764447
992303,0.015864832
992304,0.0073299631
992305,0.024594296
992306,0.0068933824
992307,0.0072825714
992308,0.0095684528
992309,0.009379915
992310,0.011339614
992311,0.013894474
992312,0.0091672614
992313,0.030399816
992314,0.00731273
992315,0.030376839
992316,0.013363341
992317,0.01024529
992318,0.0071691177
992319,0.0076573989
992320,0.0062399469
992321,0.0070858225
992322,0.0071971221
992323,0.0072157914
992324,0.0089448821
992325,0.017618336
992326,0.025087066
992327,0.010862104
992328,0.017658548
992329,0.023055406
992330,0.0095595969
992331,0.010581342
992332,0.0039848848
992333,0.010880773
992334,0.039717373
992335,0.007372329
992336,0.027470129
992337,0.014032342
992338,0.035016853
992339,0.0024641037
992340,0.01385139
992341,0.0076573989
992342,0.014073989
992343,0.0072315889
992344,0.013269761
992345,0.012895965
992346,0.0072373333
992347,0.0070599723
992348,0.038595043
992349,0.013018062
992350,0.0064218142
992351,0.039464615
992352,0.014326747
992353,0.0077715707
992354,0.011167279
992355,0.012594545
992356,0.0072631836
992357,0.0083869481
992358,0.0108262
992359,0.039649874
992360,0.010554774
992361,0.019616824
992362,0.010509536
992363,0.020816579
992364,0.027144128
992365,0.010727108
992366,0.039705884
992367,0.0081234202
992368,0.0075252759
992369,0.0070937211
992370,0.0068962546
992371,0.0073845359
992372,0.0068854839
992373,0.0080896718
992374,0.014524213
992375,0.016256893
992376,0.0070348405
992377,0.0065945177
992378,0.0075712316
992379,0.019175109
992380,0.010670382
992381,0.007526712
992382,0.0022635919
992383,0.026875574
992384,0.027094582
992385,0.0066148294
992386,0.0085994946
992387,0.012895441
992388,0.010582778
992389,0.0072617475
992390,0.020180248
992391,0.014200368
992392,0.0075906194
992393,0.017056813
992394,0.019325001
992395,0.014096967
992396,0.020484835
992397,0.03968434
992398,0.023946606
992399,0.013471536
992400,0.007658117
992401,0.01372932
992402,0.017031681
992403,0.020797908
992404,0.0075618969
992405,0.013997156
992406,0.010659611
992407,0.01183005
992408,0.011700081
992409,0.019338809
992410,0.014039522
992411,0.013833439
992412,0.014707319
992413,0.031671502
992414,0.010572007
992415,0.0071942499
992416,0.0070132986
992417,0.010910932
992418,0.0071482938
992419,0.016908893
992420,0.031159524
992421,0.012411678
992422,0.0074721393
992423,0.007732077
992424,0.03049819
992425,0.0090917852
992426,0.011810662
992427,0.0070054
992428,0.0078239888
992429,0.019267004
992430,0.014188878
992431,0.029872041
992432,0.0069738054
992433,0.031344067
992434,0.020705279
992435,0.02001664
992436,0.0072272806
992437,0.010443474
992438,0.0072538489
992439,0.0080437157
992440,0.0029280651
992441,0.010584932
992442,0.010697667
992443,0.0068215765
992444,0.0071461396
992445,0.031060431
992446,0.0065536802
992447,0.0074017695
992448,0.010666791
992449,0.007137523
992450,0.0069365553
992451,0.010491584
992452,0.0070312498
992453,0.023049029
992454,0.0063000992
992455,0.019915413
992456,0.0074721393
992457,0.030706428
992458,0.010523897
992459,0.01759105
992460,0.033499684
992461,0.010594985
992462,0.0093764365
992463,0.0064934227
992464,0.010678998
992465,0.014338235
992466,0.007210765
992467,0.010592831
992468,0.0063741053
992469,0.011265654
992470,0.0067188265
992471,0.014248477
992472,0.0072064567
992473,0.013943302
992474,0.011921961
992475,0.02030101
992476,0.0080013499
992477,0.010661765
992478,0.0071253157
992479,0.022625187
992480,0.010394646
992481,0.0072897519
992482,0.007350069
992483,0.0018454376
992484,0.013754452
992485,0.010569853
992486,0.0084673716
992487,0.011702497
992488,0.010850033
992489,0.018360093
992490,0.020886948
992491,0.0068021887
992492,0.0075985179
992493,0.017873965
992494,0.01449549
992495,0.010154167
992496,0.010294118
992497,0.0073263729
992498,0.010827636
992499,0.0071655274
992500,0.013755888
992501,0.0073895622
992502,0.010496611
992503,0.0096351197
992504,0.030985754
992505,0.010206514
992506,0.015454101
992507,0.016900275
992508,0.014158002
992509,0.039609663
992510,0.0078728171
992511,0.0070872586
992512,0.016501753
992513,0.0072445138
992514,0.0062495377
992515,0.014023007
992516,0.011194565
992517,0.0073026768
992518,0.012160357
992519,0.007254567
992520,0.0098762065
992521,0.0073263729
992522,0.0072969324
992523,0.017273668
992524,0.0097405184
992525,0.014338235
992526,0.014145795
992527,0.013732192
992528,0.0069594439
992529,0.013633817
992530,0.01070772
992531,0.02240108
992532,0.013821231
992533,0.0068546073
992534,0.0059945942
992535,0.016361153
992536,0.030457979
992537,0.013055061
992538,0.02511489
992539,0.0070578181
992540,0.0063311406
992541,0.0071231616
992542,0.0074304915
992543,0.0071490118
992544,0.0076624253
992545,0.0075123506
992546,0.0069924747
992547,0.0075697955
992548,0.017293774
992549,0.0075008618
992550,0.0071411133
992551,0.0071806065
992552,0.0073069851
992553,0.01309856
992554,0.033458754
992555,0.0074218749
992556,0.010357307
992557,0.0072954963
992558,0.015940947
992559,0.0065039485
992560,0.0076351389
992561,0.0076631433
992562,0.023359232
992563,0.013972024
992564,0.010546875
992565,0.0077083814
992566,0.015344956
992567,0.013769049
992568,0.013798972
992569,0.011273553
992570,0.00828283
992571,0.010420497
992572,0.017145135
992573,0.010476505
992574,0.0067059686
992575,0.019064091
992576,0.015347573
992577,0.013699161
992578,0.0072351792
992579,0.01060432
992580,0.0009307884
992581,0.006049661
992582,0.0072265626
992583,0.013064449
992584,0.0068538892
992585,0.0073881261
992586,0.0065350723
992587,0.010342227
992588,0.0073041129
992589,0.0093455594
992590,0.014131434
992591,0.013775276
992592,0.031680837
992593,0.010543285
992594,0.02364861
992595,0.011468299
992596,0.01188534
992597,0.0069996552
992598,0.019210266
992599,0.010414752
992600,0.0067361272
992601,0.0073335534
992602,0.0075022979
992603,0.0069307215
992604,0.0071999943
992605,0.009592968
992606,0.014445227
992607,0.010976993
992608,0.023909984
992609,0.0068617878
992610,0.0073482925
992611,0.007100902
992612,0.020020967
992613,0.0073177563
992614,0.0070161708
992615,0.022325359
992616,0.0085047102
992617,0.0026926422
992618,0.0070728976
992619,0.0090805953
992620,0.017210478
992621,0.010560518
992622,0.0072122011
992623,0.026173202
992624,0.0069113337
992625,0.007328527
992626,0.026922248
992627,0.033153459
992628,0.03095416
992629,0.013264016
992630,0.017178884
992631,0.011041619
992632,0.01013758
992633,0.03708123
992634,0.0069536995
992635,0.010171995
992636,0.038706344
992637,0.0069536995
992638,0.010381003
992639,0.014103429
992640,0.017440258
992641,0.0077593634
992642,0.007247386
992643,0.0096047791
992644,0.0080386894
992645,0.013669003
992646,0.010607192
992647,0.0076408833
992648,0.010462143
992649,0.0075224033
992650,0.0077895219
992651,0.031225212
992652,0.026711857
992653,0.035032026
992654,0.03360524
992655,0.0076021082
992656,0.01789978
992657,0.0078455312
992658,0.0072495406
992659,0.0065649967
992660,0.0061494717
992661,0.027148437
992662,0.01058206
992663,0.020094281
992664,0.010785989
992665,0.0070499196
992666,0.005727252
992667,0.0093824659
992668,0.010112623
992669,0.039809283
992670,0.020912798
992671,0.012737824
992672,0.0079288259
992673,0.0071044923
992674,0.0096385162
992675,0.0071619372
992676,0.01647936
992677,0.0066009667
992678,0.033829495
992679,0.039866727
992680,0.028837316
992681,0.017332548
992682,0.0075669233
992683,0.0094054379
992684,0.020226499
992685,0.014039522
992686,0.0072954963
992687,0.0071231616
992688,0.010105268
992689,0.0065336027
992690,0.014124253
992691,0.0105081
992692,0.020303166
992693,0.007621496
992694,0.0079245176
992695,0.0074204388
992696,0.0062794406
992697,0.03043141
992698,0.0073622759
992699,0.0072251265
992700,0.007173426
992701,0.0078534298
992702,0.016900275
992703,0.0073673022
992704,0.0087072039
992705,0.0139591
992706,0.0072265626
992707,0.022983685
992708,0.007291188
992709,0.0067237047
992710,0.0071253157
992711,0.036967918
992712,0.013311407
992713,0.0070807962
992714,0.0084667262
992715,0.011468147
992716,0.0075166589
992717,0.007218664
992718,0.010562672
992719,0.010420497
992720,0.010126092
992721,0.019731987
992722,0.013686236
992723,0.02294491
992724,0.013277394
992725,0.013759478
992726,0.010002874
992727,0.01391817
992728,0.0073357075
992729,0.017061122
992730,0.0065005478
992731,0.016957721
992732,0.022598805
992733,0.014058909
992734,0.0074563418
992735,0.0072739543
992736,0.0073270909
992737,0.0072825714
992738,0.010539695
992739,0.0069206688
992740,0.0137365
992741,0.0061480352
992742,0.015197754
992743,0.012339154
992744,0.01008947
992745,0.026989028
992746,0.026165688
992747,0.0091215242
992748,0.0082842661
992749,0.012943761
992750,0.0070477654
992751,0.013006951
992752,0.010591395
992753,0.019164171
992754,0.0064065559
992755,0.013770968
992756,0.0072581572
992757,0.017178884
992758,0.012757066
992759,0.019302411
992760,0.0075022979
992761,0.0070298137
992762,0.0082849842
992763,0.032279547
992764,0.0078505576
992765,0.0070010913
992766,0.01727654
992767,0.010930319
992768,0.019842889
992769,0.018651959
992770,0.01044491
992771,0.010600012
992772,0.010576315
992773,0.029305981
992774,0.0089269299
992775,0.010806813
992776,0.023324545
992777,0.010492302
992778,0.0089678597
992779,0.016855039
992780,0.0069163605
992781,0.0060195024
992782,0.010504509
992783,0.0071231616
992784,0.017239919
992785,0.018352194
992786,0.01389591
992787,0.0071559041
992788,0.020362046
992789,0.0099516027
992790,0.020132266
992791,0.0072150733
992792,0.0071612191
992793,0.010646685
992794,0.0021128382
992795,0.013214482
992796,0.0073802276
992797,0.010661765
992798,0.013159832
992799,0.0073795095
992800,0.0084228516
992801,0.0084795784
992802,0.017025217
992803,0.039447382
992804,0.0072215362
992805,0.0068021887
992806,0.030274874
992807,0.020563103
992808,0.0072954963
992809,0.033957805
992810,0.010622271
992811,0.0080781821
992812,0.013786765
992813,0.017463954
992814,0.0070578181
992815,0.013667567
992816,0.0075597428
992817,0.013125794
992818,0.010279756
992819,0.01741728
992820,0.01008229
992821,0.017496984
992822,0.0072043026
992823,0.017440258
992824,0.0080889538
992825,0.0063167796
992826,0.010302017
992827,0.025783405
992828,0.033680636
992829,0.0076150335
992830,0.009679094
992831,0.010397518
992832,0.013926786
992833,0.024154512
992834,0.019503616
992835,0.0084415209
992836,0.020569567
992837,0.0091911769
992838,0.012654488
992839,0.0061208834
992840,0.01051528
992841,0.015386604
992842,0.0082993452
992843,0.0071102367
992844,0.0075733857
992845,0.010435576
992846,0.0086971503
992847,0.02330035
992848,0.007481474
992849,0.0072631836
992850,0.0080810543
992851,0.024616556
992852,0.0171875
992853,0.0065372242
992854,0.011224724
992855,0.020378562
992856,0.0066564223
992857,0.0012734844
992858,0.039533548
992859,0.0068660961
992860,0.010856359
992861,0.010216567
992862,0.0073874081
992863,0.01764706
992864,0.01084128
992865,0.0055750231
992866,0.014047421
992867,0.0073249368
992868,0.011539953
992869,0.010378849
992870,0.0052173394
992871,0.0065435614
992872,0.0056913486
992873,0.01060432
992874,0.0077191521
992875,0.0072244084
992876,0.010213695
992877,0.014135025
992878,0.014006491
992879,0.017280849
992880,0.016130514
992881,0.0071712718
992882,0.010960478
992883,0.0062866211
992884,0.028644219
992885,0.0074441349
992886,0.0072301528
992887,0.010869147
992888,0.011067469
992889,0.0095660044
992890,0.0096533233
992891,0.010595703
992892,0.0074412627
992893,0.010887953
992894,0.019354163
992895,0.021798886
992896,0.0067160213
992897,0.0071949679
992898,0.019910386
992899,0.017865349
992900,0.0071691177
992901,0.02063491
992902,0.027377499
992903,0.010716338
992904,0.0064165397
992905,0.0071820426
992906,0.037461225
992907,0.01060791
992908,0.039200369
992909,0.0072114831
992910,0.0074556237
992911,0.023794375
992912,0.00736443
992913,0.010852051
992914,0.0074419808
992915,0.0061927768
992916,0.010673254
992917,0.024510534
992918,0.03555312
992919,0.039413631
992920,0.0076652975
992921,0.0070829503
992922,0.010601448
992923,0.013920324
992924,0.010026281
992925,0.018027632
992926,0.010279856
992927,0.039590992
992928,0.013953355
992929,0.013803998
992930,0.033919748
992931,0.010368078
992932,0.0070496858
992933,0.030170921
992934,0.0066775167
992935,0.0091841351
992936,0.037344899
992937,0.013885139
992938,0.030307904
992939,0.0072394875
992940,0.0076688877
992941,0.013908835
992942,0.030388327
992943,0.010627298
992944,0.028670482
992945,0.035174541
992946,0.014120663
992947,0.013902373
992948,0.010605756
992949,0.013784611
992950,0.0070872586
992951,0.010922421
992952,0.018462775
992953,0.016277226
992954,0.017297363
992955,0.024655331
992956,0.010661047
992957,0.010213695
992958,0.0083036534
992959,0.0068510165
992960,0.017439539
992961,0.01044491
992962,0.007255285
992963,0.022589471
992964,0.039671414
992965,0.023655791
992966,0.013855699
992967,0.0074247471
992968,0.0075051701
992969,0.039224781
992970,0.0068969727
992971,0.0075417911
992972,0.0068761487
992973,0.0073084212
992974,0.010498047
992975,0.010391774
992976,0.0061264937
992977,0.0026001313
992978,0.0076401653
992979,0.0094633214
992980,0.011355411
992981,0.027409812
992982,0.013646025
992983,0.0075949277
992984,0.0099530388
992985,0.027471565
992986,0.017744714
992987,0.0069572898
992988,0.014295151
992989,0.010073673
992990,0.0072768265
992991,0.02386331
992992,0.017141543
992993,0.0071526021
992994,0.0069673425
992995,0.017428769
992996,0.0073988969
992997,0.017288029
992998,0.0098972647
992999,0.020388614
993000,0.0059569525
993001,0.030820599
993002,0.0053362828
993003,0.010516716
993004,0.014034496
993005,0.01148897
993006,0.0059448243
993007,0.022178022
993008,0.0069400561
993009,0.013572064
993010,0.020261003
993011,0.010622271
993012,0.0072150733
993013,0.013997156
993014,0.0074570598
993015,0.0073816637
993016,0.019278493
993017,0.01041188
993018,0.0071461396
993019,0.010857077
993020,0.016096704
993021,0.012520165
993022,0.010577751
993023,0.016217524
993024,0.0077959844
993025,0.0088127581
993026,0.0073191924
993027,0.0052238903
993028,0.0072782626
993029,0.014298995
993030,0.0072940602
993031,0.013815487
993032,0.028467515
993033,0.006769876
993034,0.010299144
993035,0.0075367647
993036,0.00951574
993037,0.0068546073
993038,0.013832721
993039,0.017695168
993040,0.014372702
993041,0.014096967
993042,0.0071109547
993043,0.016506726
993044,0.0067325369
993045,0.011125632
993046,0.0071942499
993047,0.0073335534
993048,0.009662224
993049,0.010784553
993050,0.0065436866
993051,0.0074111042
993052,0.014028033
993053,0.0063303299
993054,0.014298742
993055,0.020158118
993056,0.011302275
993057,0.017652804
993058,0.0095631322
993059,0.020496324
993060,0.0087560313
993061,0.0094906073
993062,0.0082261031
993063,0.01029699
993064,0.010535386
993065,0.0093203988
993066,0.0094748102
993067,0.017693015
993068,0.0072524128
993069,0.0069544176
993070,0.010329302
993071,0.009895972
993072,0.011149328
993073,0.014015826
993074,0.033340693
993075,0.039660644
993076,0.0074477252
993077,0.013693416
993078,0.012660429
993079,0.034108598
993080,0.0071942499
993081,0.0074836281
993082,0.010770191
993083,0.0075396369
993084,0.0070276596
993085,0.017388556
993086,0.027809054
993087,0.00696088
993088,0.013875804
993089,0.0092098461
993090,0.0082950369
993091,0.023948042
993092,0.022921214
993093,0.014538259
993094,0.0072954963
993095,0.010555492
993096,0.015536679
993097,0.014191751
993098,0.0080114026
993099,0.010028435
993100,0.010714902
993101,0.0076760687
993102,0.0069953469
993103,0.026063448
993104,0.021254595
993105,0.028598033
993106,0.0071565011
993107,0.010581342
993108,0.0072157914
993109,0.015120204
993110,0.012507899
993111,0.010612937
993112,0.010569853
993113,0.024540441
993114,0.032446288
993115,0.0070980298
993116,0.017012293
993117,0.0070664352
993118,0.017363425
993119,0.011917653
993120,0.035087317
993121,0.039745376
993122,0.010351563
993123,0.0078986669
993124,0.017254997
993125,0.020744773
993126,0.019728351
993127,0.014032342
993128,0.0078699449
993129,0.010536104
993130,0.010256778
993131,0.019577706
993132,0.0071231616
993133,0.010405417
993134,0.007115263
993135,0.017430922
993136,0.010445628
993137,0.0074283374
993138,0.017578125
993139,0.0077292048
993140,0.01388873
993141,0.011563648
993142,0.014023725
993143,0.0071310606
993144,0.025937399
993145,0.0088357367
993146,0.011019359
993147,0.010747932
993148,0.039549343
993149,0.013427016
993150,0.010534668
993151,0.0076056984
993152,0.007467831
993153,0.010712029
993154,0.0079252357
993155,0.0084975297
993156,0.011242676
993157,0.039039522
993158,0.017136518
993159,0.02712187
993160,0.011033002
993161,0.017604694
993162,0.030387608
993163,0.014051011
993164,0.015102969
993165,0.017543659
993166,0.0073816637
993167,0.032116704
993168,0.007797421
993169,0.01037454
993170,0.014293715
993171,0.010340791
993172,0.016062446
993173,0.010615091
993174,0.010642377
993175,0.013134669
993176,0.0062813065
993177,0.010894416
993178,0.0072488226
993179,0.0069213868
993180,0.015567555
993181,0.022909008
993182,0.0057459213
993183,0.012909897
993184,0.0071942499
993185,0.0067820828
993186,0.0063726394
993187,0.012528004
993188,0.020243566
993189,0.011079676
993190,0.00665471
993191,0.0076703238
993192,0.026927993
993193,0.0088120401
993194,0.007210765
993195,0.0093021896
993196,0.0084824506
993197,0.007233025
993198,0.0070147347
993199,0.010468607
993200,0.032842178
993201,0.0074462891
993202,0.010797478
993203,0.025991913
993204,0.020759853
993205,0.0081887636
993206,0.022727555
993207,0.0071281884
993208,0.0071533201
993209,0.0073730471
993210,0.010721364
993211,0.0070542279
993212,0.0072768265
993213,0.013738655
993214,0.0078584561
993215,0.011064596
993216,0.0065372242
993217,0.011061724
993218,0.020738309
993219,0.0056410846
993220,0.023191204
993221,0.0092500579
993222,0.0068941005
993223,0.014200368
993224,0.017591769
993225,0.020351993
993226,0.026505055
993227,0.017660702
993228,0.014182416
993229,0.015722964
993230,0.0071992762
993231,0.010443474
993232,0.031867061
993233,0.0071310606
993234,0.010588522
993235,0.013604377
993236,0.020524206
993237,0.033524815
993238,0.010383157
993239,0.010532514
993240,0.013735064
993241,0.0076997643
993242,0.013834875
993243,0.027107509
993244,0.0072423597
993245,0.013637408
993246,0.019704379
993247,0.0073184744
993248,0.0077715707
993249,0.0067318189
993250,0.036929142
993251,0.017061122
993252,0.011356847
993253,0.013844928
993254,0.0069766776
993255,0.0028994814
993256,0.011606014
993257,0.0063174977
993258,0.020975454
993259,0.012183336
993260,0.011313763
993261,0.0061939913
993262,0.0065870667
993263,0.0072495406
993264,0.017584588
993265,0.0063950485
993266,0.017722456
993267,0.0085449219
993268,0.0073773554
993269,0.0070736157
993270,0.035773065
993271,0.0097659286
993272,0.017081944
993273,0.013589298
993274,0.0071999943
993275,0.016067326
993276,0.0071583469
993277,0.01741728
993278,0.0070606903
993279,0.033050898
993280,0.0075202491
993281,0.013798254
993282,0.012092141
993283,0.0079216454
993284,0.0071971221
993285,0.010714902
993286,0.017063275
993287,0.010755112
993288,0.0076193418
993289,0.0071210074
993290,0.014028751
993291,0.0070657171
993292,0.010543285
993293,0.039544318
993294,0.0063452609
993295,0.013258272
993296,0.010260369
993297,0.010826918
993298,0.01546559
993299,0.0024384505
993300,0.036611643
993301,0.007371611
993302,0.010428395
993303,0.016962746
993304,0.0073385797
993305,0.0070104264
993306,0.039912682
993307,0.0073184744
993308,0.0077105355
993309,0.01159668
993310,0.020743337
993311,0.0060597141
993312,0.0071827606
993313,0.039418656
993314,0.0072768265
993315,0.010638786
993316,0.013836311
993317,0.010689051
993318,0.0070657171
993319,0.0017765656
993320,0.0065873242
993321,0.0086224722
993322,0.00736443
993323,0.022753179
993324,0.010515998
993325,0.012938848
993326,0.012097886
993327,0.010237391
993328,0.0070132986
993329,0.0073105758
993330,0.014316694
993331,0.0083129881
993332,0.0062633641
993333,0.0099932505
993334,0.0053487951
993335,0.0071533201
993336,0.0071131089
993337,0.010492302
993338,0.0062392289
993339,0.0096694045
993340,0.02432215
993341,0.007313448
993342,0.0069551356
993343,0.029569738
993344,0.023259038
993345,0.010602166
993346,0.030478084
993347,0.0076344209
993348,0.018566895
993349,0.0069867303
993350,0.0097979745
993351,0.010615091
993352,0.010636632
993353,0.010413316
993354,0.011037311
993355,0.0074922452
993356,0.0072674919
993357,0.0081341909
993358,0.013970588
993359,0.0070542279
993360,0.0073213466
993361,0.0062348195
993362,0.0012186451
993363,0.007313448
993364,0.036718749
993365,0.017309571
993366,0.013821949
993367,0.013631663
993368,0.0075310203
993369,0.01750919
993370,0.01152272
993371,0.0087560313
993372,0.010557646
993373,0.0077794692
993374,0.010638786
993375,0.0071605011
993376,0.025517004
993377,0.011350385
993378,0.01403306
993379,0.0072739543
993380,0.013600653
993381,0.010752958
993382,0.014157284
993383,0.039528523
993384,0.0097864
993385,0.0089642694
993386,0.023614861
993387,0.01051169
993388,0.022684477
993389,0.010247444
993390,0.016934743
993391,0.010581342
993392,0.013347757
993393,0.0070089903
993394,0.0069422103
993395,0.016610678
993396,0.021804631
993397,0.010409008
993398,0.010588522
993399,0.0072043026
993400,0.0071382411
993401,0.010565544
993402,0.0064245849
993403,0.010948989
993404,0.013430607
993405,0.019577924
993406,0.0030032888
993407,0.02060475
993408,0.014720243
993409,0.0086253444
993410,0.027481617
993411,0.026910041
993412,0.013261144
993413,0.0065835821
993414,0.025161564
993415,0.0071238796
993416,0.0073184744
993417,0.0094834268
993418,0.0072423597
993419,0.0076209488
993420,0.01269307
993421,0.0075008618
993422,0.0072488226
993423,0.0073349895
993424,0.019417796
993425,0.017344037
993426,0.027619485
993427,0.024025591
993428,0.007136805
993429,0.010305607
993430,0.023770681
993431,0.0072122011
993432,0.0072667738
993433,0.010443474
993434,0.0088809747
993435,0.0071705538
993436,0.01389591
993437,0.0064162216
993438,0.0057940315
993439,0.021914493
993440,0.0073299631
993441,0.011155791
993442,0.023854693
993443,0.0073220646
993444,0.020438878
993445,0.0061860927
993446,0.0070312498
993447,0.0075288662
993448,0.016291359
993449,0.0073299631
993450,0.01576574
993451,0.013862879
993452,0.032705508
993453,0.0075346106
993454,0.0068014706
993455,0.007372329
993456,0.0073658661
993457,0.01718032
993458,0.0099573471
993459,0.0072265626
993460,0.0019282878
993461,0.010403981
993462,0.0072531309
993463,0.0069874483
993464,0.0074297735
993465,0.010685461
993466,0.006615493
993467,0.020944394
993468,0.022850845
993469,0.014079734
993470,0.019519379
993471,0.0075066062
993472,0.0075482535
993473,0.0078247068
993474,0.023619886
993475,0.015683163
993476,0.016926127
993477,0.027441407
993478,0.0062556188
993479,0.0067012203
993480,0.014855239
993481,0.0070176069
993482,0.0062521682
993483,0.0069221049
993484,0.020672249
993485,0.017872529
993486,0.010664637
993487,0.006685379
993488,0.034039665
993489,0.010969095
993490,0.010855641
993491,0.0018109392
993492,0.0061379825
993493,0.039389934
993494,0.033755314
993495,0.010409008
993496,0.0085521024
993497,0.0083180144
993498,0.013706342
993499,0.02194537
993500,0.0078189624
993501,0.017148007
993502,0.0096848942
993503,0.011091165
993504,0.020709587
993505,0.020358456
993506,0.0078189624
993507,0.013809742
993508,0.011001407
993509,0.0072495406
993510,0.0076408833
993511,0.027326517
993512,0.017368451
993513,0.0087459786
993514,0.013951201
993515,0.035656855
993516,0.013383411
993517,0.020518061
993518,0.013856417
993519,0.008165068
993520,0.011015768
993521,0.014174517
993522,0.010790298
993523,0.007541073
993524,0.010643813
993525,0.01312831
993526,0.0067792106
993527,0.0072725182
993528,0.0070362766
993529,0.023085263
993530,0.019450827
993531,0.010526769
993532,0.012811844
993533,0.0071461396
993534,0.0072043026
993535,0.030032169
993536,0.0072516948
993537,0.0086138556
993538,0.0073515051
993539,0.0071999943
993540,0.0097907567
993541,0.0072962143
993542,0.014073989
993543,0.039559398
993544,0.0030621458
993545,0.0079029752
993546,0.0072409236
993547,0.017205451
993548,0.033367135
993549,0.017280849
993550,0.0070362766
993551,0.0071310606
993552,0.024949018
993553,0.014119945
993554,0.0064335479
993555,0.023967428
993556,0.007100902
993557,0.032225754
993558,0.010664637
993559,0.010373104
993560,0.010474351
993561,0.016993023
993562,0.0063555548
993563,0.012889054
993564,0.0080149928
993565,0.0074240291
993566,0.013809742
993567,0.010477941
993568,0.010493021
993569,0.0072610294
993570,0.0069529815
993571,0.010688333
993572,0.02018684
993573,0.028367704
993574,0.01437342
993575,0.0088802557
993576,0.031018067
993577,0.027370319
993578,0.0084277466
993579,0.033819221
993580,0.013816205
993581,0.013813333
993582,0.013438972
993583,0.0074103861
993584,0.010594267
993585,0.010780963
993586,0.011753217
993587,0.0072308709
993588,0.0063469382
993589,0.013972024
993590,0.0066427793
993591,0.012752757
993592,0.013819795
993593,0.0094508007
993594,0.0094547691
993595,0.01060073
993596,0.0074699852
993597,0.017225558
993598,0.010447064
993599,0.01750919
993600,0.0072904699
993601,0.0039821872
993602,0.0071849148
993603,0.0068739946
993604,0.0072143553
993605,0.0073077031
993606,0.0070807962
993607,0.010546875
993608,0.019449916
993609,0.0074175666
993610,0.038702033
993611,0.010517434
993612,0.0084537286
993613,0.033995863
993614,0.0075604608
993615,0.017489804
993616,0.014277918
993617,0.0071037742
993618,0.033218075
993619,0.0070348405
993620,0.012704358
993621,0.010370232
993622,0.007019761
993623,0.0067002242
993624,0.014288689
993625,0.0075066062
993626,0.0099379597
993627,0.007255285
993628,0.0061557954
993629,0.016928999
993630,0.019528488
993631,0.01634006
993632,0.026650822
993633,0.0090202782
993634,0.0080702836
993635,0.0073069851
993636,0.0074699852
993637,0.033136584
993638,0.014214011
993639,0.016137883
993640,0.010413616
993641,0.0064254124
993642,0.02054587
993643,0.0090303309
993644,0.0093081547
993645,0.01391458
993646,0.01496223
993647,0.010482968
993648,0.010827636
993649,0.017496265
993650,0.010528924
993651,0.0083079617
993652,0.0069170785
993653,0.006519991
993654,0.0059794565
993655,0.0071633733
993656,0.017026654
993657,0.0075367647
993658,0.017370606
993659,0.027016314
993660,0.0075022979
993661,0.0025286046
993662,0.010303453
993663,0.0067196116
993664,0.011923636
993665,0.0105081
993666,0.017880429
993667,0.007827579
993668,0.015992647
993669,0.0088500977
993670,0.0073242188
993671,0.016880887
993672,0.014179544
993673,0.018039837
993674,0.019432157
993675,0.010855641
993676,0.024368107
993677,0.013660386
993678,0.039911967
993679,0.0188017
993680,0.017334703
993681,0.008165068
993682,0.010404699
993683,0.0070915669
993684,0.017130774
993685,0.03883272
993686,0.0069213868
993687,0.010368796
993688,0.011086857
993689,0.013383601
993690,0.0096866386
993691,0.026153388
993692,0.019980038
993693,0.0065644686
993694,0.014063936
993695,0.0072832895
993696,0.010365206
993697,0.010431267
993698,0.010510254
993699,0.013903809
993700,0.0073945886
993701,0.018536067
993702,0.015027573
993703,0.0059685204
993704,0.010298426
993705,0.0071238796
993706,0.0068273209
993707,0.014292279
993708,0.0068380916
993709,0.0072789812
993710,0.032988425
993711,0.011320226
993712,0.0076495004
993713,0.0072617475
993714,0.010365206
993715,0.010798914
993716,0.010612219
993717,0.0078598922
993718,0.00646111
993719,0.0070427391
993720,0.017542223
993721,0.016982134
993722,0.0072875977
993723,0.0074836281
993724,0.0074333642
993725,0.025483189
993726,0.023489606
993727,0.039892577
993728,0.010456399
993729,0.0076430375
993730,0.010648839
993731,0.011226879
993732,0.0023493674
993733,0.01761331
993734,0.015683517
993735,0.007004682
993736,0.011776195
993737,0.0063890116
993738,0.0069996552
993739,0.030910358
993740,0.010244572
993741,0.014252787
993742,0.027033547
993743,0.0072380514
993744,0.009541912
993745,0.0074060778
993746,0.0094773313
993747,0.0075087603
993748,0.0071806065
993749,0.010496611
993750,0.0071849148
993751,0.0088948859
993752,0.0072035845
993753,0.009237132
993754,0.038694851
993755,0.014282227
993756,0.025772681
993757,0.010624425
993758,0.013567756
993759,0.013821949
993760,0.020560231
993761,0.0020125264
993762,0.0073543773
993763,0.014343262
993764,0.012418859
993765,0.010066492
993766,0.010234519
993767,0.013230247
993768,0.010307761
993769,0.024009794
993770,0.039234836
993771,0.0060187844
993772,0.01934447
993773,0.010577751
993774,0.0072976504
993775,0.0076889936
993776,0.010712029
993777,0.017377067
993778,0.0065730773
993779,0.014377729
993780,0.0068969727
993781,0.0070958757
993782,0.01997504
993783,0.007077924
993784,0.0022333779
993785,0.0065946691
993786,0.007196404
993787,0.010653866
993788,0.0082713338
993789,0.013848518
993790,0.012185361
993791,0.025420066
993792,0.0069522634
993793,0.0070477654
993794,0.010772346
993795,0.020312499
993796,0.0071748621
993797,0.0070312498
993798,0.011260627
993799,0.0069702147
993800,0.010550465
993801,0.0061121322
993802,0.0063943304
993803,0.0076286765
993804,0.012970019
993805,0.0073306812
993806,0.0070657171
993807,0.038775276
993808,0.013556985
993809,0.01041547
993810,0.01090447
993811,0.0074405447
993812,0.0084163891
993813,0.028435396
993814,0.0083984379
993815,0.029740173
993816,0.0047455365
993817,0.009155361
993818,0.007033404
993819,0.016716791
993820,0.02594425
993821,0.016255239
993822,0.0061853747
993823,0.0072035845
993824,0.01070772
993825,0.010593549
993826,0.0072954963
993827,0.0070463293
993828,0.0068158316
993829,0.010468607
993830,0.0079618562
993831,0.0077514648
993832,0.0072979331
993833,0.032722007
993834,0.01051528
993835,0.015112305
993836,0.03171315
993837,0.0080997245
993838,0.025733432
993839,0.010365924
993840,0.0077812318
993841,0.0075726677
993842,0.0065146969
993843,0.0070039639
993844,0.0072165094
993845,0.01741728
993846,0.0072560031
993847,0.011068905
993848,0.0066183652
993849,0.017611874
993850,0.0075726677
993851,0.0056956573
993852,0.016908174
993853,0.006314165
993854,0.0070793601
993855,0.0070535098
993856,0.010792452
993857,0.0063648899
993858,0.013723576
993859,0.0073213466
993860,0.0072351792
993861,0.0072236904
993862,0.010284783
993863,0.0068660961
993864,0.017270794
993865,0.01058565
993866,0.034249339
993867,0.0072538489
993868,0.013019547
993869,0.0077397125
993870,0.0072617475
993871,0.0070772059
993872,0.0073170383
993873,0.030399816
993874,0.03676255
993875,0.0070118625
993876,0.0096388916
993877,0.013595043
993878,0.010663201
993879,0.010502355
993880,0.019406479
993881,0.0075008618
993882,0.012244064
993883,0.0060116039
993884,0.006365608
993885,0.0073098578
993886,0.010414752
993887,0.03072438
993888,0.027550552
993889,0.0073759193
993890,0.01372932
993891,0.010294118
993892,0.0070010913
993893,0.0071648094
993894,0.0091646081
993895,0.0065770503
993896,0.0073464788
993897,0.039430149
993898,0.0071691177
993899,0.008707922
993900,0.0066323359
993901,0.0073752012
993902,0.017104205
993903,0.020885512
993904,0.0072380514
993905,0.017425178
993906,0.0072035845
993907,0.0096054971
993908,0.0063937865
993909,0.00743121
993910,0.029388787
993911,0.0056970934
993912,0.025945758
993913,0.010409726
993914,0.0069939108
993915,0.0077134077
993916,0.0075870291
993917,0.0067217657
993918,0.0073098578
993919,0.010766601
993920,0.013228453
993921,0.0071702679
993922,0.017596794
993923,0.0095236385
993924,0.011661305
993925,0.0099264709
993926,0.017308135
993927,0.022856412
993928,0.0073443246
993929,0.011453786
993930,0.016988598
993931,0.0070125805
993932,0.0096416809
993933,0.0072660558
993934,0.007004682
993935,0.0072078928
993936,0.0071942499
993937,0.0065329159
993938,0.0072653377
993939,0.016914638
993940,0.0075080423
993941,0.0096825678
993942,0.0080372533
993943,0.013036522
993944,0.013430607
993945,0.022944024
993946,0.012487949
993947,0.0088964868
993948,0.008987247
993949,0.010146197
993950,0.0362477
993951,0.0069493088
993952,0.0055980007
993953,0.0024176021
993954,0.0086626839
993955,0.014073989
993956,0.0074154125
993957,0.0077823414
993958,0.0076796589
993959,0.010430549
993960,0.017822266
993961,0.010882927
993962,0.0067003835
993963,0.029244713
993964,0.017456774
993965,0.017383531
993966,0.0072445138
993967,0.036940631
993968,0.036502238
993969,0.039617561
993970,0.011741728
993971,0.029291103
993972,0.011105526
993973,0.023517923
993974,0.0072373333
993975,0.0370785
993976,0.014177389
993977,0.010735007
993978,0.0067454618
993979,0.0072631836
993980,0.0071705538
993981,0.0070980298
993982,0.0394402
993983,0.0010956752
993984,0.0073802276
993985,0.007004682
993986,0.019668832
993987,0.0079618562
993988,0.027726477
993989,0.034133732
993990,0.0071454216
993991,0.0070226332
993992,0.013747271
993993,0.0064258175
993994,0.019226404
993995,0.019569496
993996,0.010664637
993997,0.0070879767
993998,0.010577751
993999,0.010640941
994000,0.01020795
994001,0.0062435376
994002,0.0071698357
994003,0.0071849148
994004,0.010661765
994005,0.0094496841
994006,0.032119807
994007,0.014038804
994008,0.0059570312
994009,0.0072150733
994010,0.0070183249
994011,0.006473456
994012,0.027607996
994013,0.008223231
994014,0.022978514
994015,0.020675121
994016,0.0065606665
994017,0.014045984
994018,0.0066636028
994019,0.0075482535
994020,0.013838465
994021,0.013791791
994022,0.030175781
994023,0.0071899416
994024,0.01128935
994025,0.0066168848
994026,0.0021916521
994027,0.0019888156
994028,0.022576544
994029,0.011169434
994030,0.011371926
994031,0.015997546
994032,0.0021394603
994033,0.0087251551
994034,0.0081891883
994035,0.0071159811
994036,0.023634249
994037,0.006982422
994038,0.010434858
994039,0.0070958757
994040,0.010203642
994041,0.0075834384
994042,0.014407169
994043,0.030647548
994044,0.020691637
994045,0.014269302
994046,0.0074132583
994047,0.009296013
994048,0.039265711
994049,0.0083187325
994050,0.010823328
994051,0.037316177
994052,0.011233341
994053,0.0075173769
994054,0.0085937502
994055,0.022789761
994056,0.0088127581
994057,0.007151884
994058,0.010332175
994059,0.013801126
994060,0.010362334
994061,0.0041137999
994062,0.0061759716
994063,0.011478918
994064,0.0072732363
994065,0.008048024
994066,0.0072509767
994067,0.0074800379
994068,0.010581342
994069,0.0072136372
994070,0.0071633733
994071,0.0063177366
994072,0.0075482535
994073,0.007233025
994074,0.010541849
994075,0.015579856
994076,0.017348345
994077,0.012050813
994078,0.023219511
994079,0.010616527
994080,0.0070477654
994081,0.0072423597
994082,0.0072150733
994083,0.007078642
994084,0.013699161
994085,0.0063212207
994086,0.0074348003
994087,0.0082756495
994088,0.010597858
994089,0.014533548
994090,0.036646225
994091,0.039270736
994092,0.010306325
994093,0.0070527918
994094,0.0079503674
994095,0.015148904
994096,0.020762006
994097,0.0071669635
994098,0.007313448
994099,0.0096995635
994100,0.0086231902
994101,0.010788144
994102,0.0176169
994103,0.013564884
994104,0.0071755801
994105,0.00936478
994106,0.007291906
994107,0.0084537286
994108,0.016075224
994109,0.0140625
994110,0.010609346
994111,0.0072229723
994112,0.0072157914
994113,0.010386747
994114,0.0070147347
994115,0.0073299631
994116,0.0073005226
994117,0.014484719
994118,0.010413316
994119,0.024479406
994120,0.0077385399
994121,0.010453527
994122,0.007254567
994123,0.011040901
994124,0.020969525
994125,0.016627485
994126,0.0073823817
994127,0.007291906
994128,0.0074987076
994129,0.023827011
994130,0.0073436066
994131,0.013993566
994132,0.0065515894
994133,0.017352654
994134,0.010754394
994135,0.028970251
994136,0.0071762982
994137,0.010067929
994138,0.016009558
994139,0.014199994
994140,0.01047866
994141,0.025298713
994142,0.0082059968
994143,0.010653866
994144,0.0073988969
994145,0.038790356
994146,0.0081621958
994147,0.0074369544
994148,0.0084458292
994149,0.0071310606
994150,0.0073321173
994151,0.013947611
994152,0.0073342714
994153,0.0074757296
994154,0.013901655
994155,0.012550265
994156,0.026653621
994157,0.013648179
994158,0.0064114607
994159,0.0072208182
994160,0.0073364256
994161,0.014397116
994162,0.032718759
994163,0.01060432
994164,0.0064194622
994165,0.015100202
994166,0.0096880747
994167,0.0075137867
994168,0.0056877583
994169,0.013643871
994170,0.0072287167
994171,0.02053079
994172,0.0071267523
994173,0.017711684
994174,0.0071619372
994175,0.01051528
994176,0.010793888
994177,0.0070879767
994178,0.015365062
994179,0.01204127
994180,0.0081478339
994181,0.010018382
994182,0.0081456797
994183,0.0070578181
994184,0.012832568
994185,0.034363512
994186,0.0085219443
994187,0.010746496
994188,0.010230929
994189,0.028252814
994190,0.0176687
994191,0.019614054
994192,0.0074886545
994193,0.016565777
994194,0.039627615
994195,0.020622702
994196,0.019037813
994197,0.0062306123
994198,0.0021069546
994199,0.007041303
994200,0.013704906
994201,0.0061401366
994202,0.0073895622
994203,0.0058708638
994204,0.01952653
994205,0.014214011
994206,0.036995921
994207,0.010661765
994208,0.018037684
994209,0.0079719098
994210,0.016074559
994211,0.010846307
994212,0.010542567
994213,0.0072423597
994214,0.021065746
994215,0.0026932654
994216,0.017826574
994217,0.014170209
994218,0.0069422103
994219,0.010493739
994220,0.010801069
994221,0.0055725924
994222,0.039717373
994223,0.039280791
994224,0.0014612217
994225,0.017629825
994226,0.030914666
994227,0.034779269
994228,0.026348518
994229,0.024925321
994230,0.0070815142
994231,0.017586024
994232,0.039938536
994233,0.010593549
994234,0.019905211
994235,0.0070836684
994236,0.0081571694
994237,0.026824592
994238,0.0076925838
994239,0.011845847
994240,0.0071770162
994241,0.007210047
994242,0.010386029
994243,0.039768353
994244,0.017209759
994245,0.0065785316
994246,0.013651052
994247,0.0061882148
994248,0.035627786
994249,0.0075252759
994250,0.010638786
994251,0.0059204102
994252,0.0071935318
994253,0.0087696752
994254,0.011960018
994255,0.0062176874
994256,0.014352596
994257,0.0070542279
994258,0.01071921
994259,0.0070298137
994260,0.030384736
994261,0.012041017
994262,0.007115263
994263,0.0080006318
994264,0.0068359375
994265,0.010799632
994266,0.0070743337
994267,0.0067512062
994268,0.012672335
994269,0.010617963
994270,0.011091165
994271,0.0072193821
994272,0.036084123
994273,0.018066376
994274,0.017359834
994275,0.01079317
994276,0.010243854
994277,0.016904583
994278,0.017784208
994279,0.019424651
994280,0.010257496
994281,0.0072509767
994282,0.019853646
994283,0.01027473
994284,0.0074283374
994285,0.010075827
994286,0.010975097
994287,0.020714615
994288,0.0072761085
994289,0.010559082
994290,0.018969726
994291,0.0072495406
994292,0.010454963
994293,0.0070743337
994294,0.021569824
994295,0.013263835
994296,0.0070211971
994297,0.0078196805
994298,0.0079367245
994299,0.0073838178
994300,0.008767521
994301,0.0079403147
994302,0.01913129
994303,0.0095911361
994304,0.0070592542
994305,0.020154526
994306,0.013490924
994307,0.009911906
994308,0.020814659
994309,0.0096688522
994310,0.0070240693
994311,0.0071023381
994312,0.0068991268
994313,0.0070549459
994314,0.026027691
994315,0.019786419
994316,0.011193847
994317,0.010842716
994318,0.0072847256
994319,0.0070441752
994320,0.0066511529
994321,0.010923139
994322,0.010025447
994323,0.013885858
994324,0.0079898611
994325,0.0080982884
994326,0.039728861
994327,0.0075087603
994328,0.0065917969
994329,0.010896571
994330,0.012507442
994331,0.020273007
994332,0.015846515
994333,0.030723661
994334,0.029738231
994335,0.017247079
994336,0.0061710132
994337,0.010673254
994338,0.019069657
994339,0.010039206
994340,0.0081916358
994341,0.017319623
994342,0.0075137867
994343,0.024373852
994344,0.0086684283
994345,0.010575597
994346,0.010753676
994347,0.0079474952
994348,0.010774501
994349,0.0094733741
994350,0.0076502184
994351,0.0073098578
994352,0.010951143
994353,0.014226936
994354,0.0071626552
994355,0.026359288
994356,0.0072380514
994357,0.0073019587
994358,0.010141263
994359,0.0073120119
994360,0.0074355183
994361,0.013821231
994362,0.017130055
994363,0.0071245977
994364,0.007100184
994365,0.017378503
994366,0.0087316176
994367,0.014876063
994368,0.014453843
994369,0.023701029
994370,0.029808367
994371,0.017367734
994372,0.023018153
994373,0.017491957
994374,0.006652114
994375,0.0069529815
994376,0.017743278
994377,0.010650275
994378,0.013926068
994379,0.0028027459
994380,0.026017614
994381,0.007151884
994382,0.016717888
994383,0.014333209
994384,0.0071813245
994385,0.0057967422
994386,0.0071475757
994387,0.014005055
994388,0.010454963
994389,0.023792939
994390,0.013284709
994391,0.014160874
994392,0.010317096
994393,0.0072265626
994394,0.030412024
994395,0.0077679805
994396,0.010272576
994397,0.020305319
994398,0.010849179
994399,0.039550781
994400,0.01187842
994401,0.0072229723
994402,0.017198989
994403,0.013184478
994404,0.017418716
994405,0.019060202
994406,0.011094111
994407,0.012133789
994408,0.0074628047
994409,0.0073012407
994410,0.031021273
994411,0.014402143
994412,0.014246323
994413,0.010562672
994414,0.0072581572
994415,0.0068818936
994416,0.0072114831
994417,0.0077213063
994418,0.020691637
994419,0.014221909
994420,0.039294433
994421,0.010919549
994422,0.00736443
994423,0.007100184
994424,0.016547194
994425,0.017164523
994426,0.0071870694
994427,0.0069558537
994428,0.0092141544
994429,0.010331457
994430,0.0073615578
994431,0.020400103
994432,0.030310767
994433,0.0077579273
994434,0.0069809859
994435,0.010887235
994436,0.0061013615
994437,0.028034722
994438,0.0092723174
994439,0.016520089
994440,0.0072308709
994441,0.010397518
994442,0.012446864
994443,0.013419836
994444,0.006887638
994445,0.039621871
994446,0.022966452
994447,0.01074865
994448,0.01071921
994449,0.019186581
994450,0.019008115
994451,0.010785271
994452,0.033707205
994453,0.0079058483
994454,0.020858226
994455,0.0072086109
994456,0.014522777
994457,0.0060317097
994458,0.02315243
994459,0.010271139
994460,0.010582778
994461,0.01947083
994462,0.016800465
994463,0.0160027
994464,0.026872702
994465,0.010237803
994466,0.0052820542
994467,0.017348345
994468,0.020535098
994469,0.011997358
994470,0.010757985
994471,0.011344641
994472,0.027000517
994473,0.010737161
994474,0.0070772059
994475,0.010525333
994476,0.01384421
994477,0.0076789409
994478,0.016130311
994479,0.010689769
994480,0.022897169
994481,0.020936495
994482,0.009809427
994483,0.017670037
994484,0.020456113
994485,0.0069149244
994486,0.0071748621
994487,0.021885052
994488,0.027287023
994489,0.013717831
994490,0.010621553
994491,0.014023007
994492,0.0070800781
994493,0.0074046417
994494,0.0076013901
994495,0.0080595128
994496,0.0078922044
994497,0.0067612594
994498,0.013926786
994499,0.012796593
994500,0.006147366
994501,0.024161305
994502,0.012516649
994503,0.012606991
994504,0.019683477
994505,0.0069048712
994506,0.0070657171
994507,0.007217946
994508,0.011045209
994509,0.0095895464
994510,0.0069996552
994511,0.014832261
994512,0.010358025
994513,0.010692641
994514,0.011242676
994515,0.013661104
994516,0.010581342
994517,0.014125689
994518,0.012922963
994519,0.013798254
994520,0.0072969324
994521,0.006602278
994522,0.0070204791
994523,0.0072861616
994524,0.014163028
994525,0.014123535
994526,0.012442555
994527,0.017153751
994528,0.012172564
994529,0.0071231616
994530,0.013427734
994531,0.0068847658
994532,0.010531796
994533,0.0072603114
994534,0.014154412
994535,0.0073357075
994536,0.011295094
994537,0.0074491613
994538,0.011470301
994539,0.021124627
994540,0.010801787
994541,0.0070384308
994542,0.028961327
994543,0.017439539
994544,0.0099104857
994545,0.013797536
994546,0.0072157914
994547,0.004939321
994548,0.011259191
994549,0.0093800267
994550,0.0071238796
994551,0.017085535
994552,0.032485746
994553,0.0021573079
994554,0.010253906
994555,0.0074786018
994556,0.0074527515
994557,0.0075640511
994558,0.0073091397
994559,0.01323092
994560,0.0065755895
994561,0.039119944
994562,0.0073005226
994563,0.012301055
994564,0.010576315
994565,0.0071238796
994566,0.009557277
994567,0.0088206576
994568,0.017099179
994569,0.027135512
994570,0.0069508273
994571,0.0095648644
994572,0.018410357
994573,0.017816521
994574,0.010271139
994575,0.011191693
994576,0.0068739946
994577,0.014154412
994578,0.01247997
994579,0.0070269415
994580,0.0019011195
994581,0.0070362766
994582,0.016046595
994583,0.016814826
994584,0.0071159811
994585,0.020198328
994586,0.0044746879
994587,0.0072150733
994588,0.0020531171
994589,0.0068933824
994590,0.010520306
994591,0.0092385681
994592,0.011702235
994593,0.018508732
994594,0.007541073
994595,0.020837696
994596,0.0068337834
994597,0.0072129192
994598,0.010645967
994599,0.0078031654
994600,0.014889706
994601,0.010349409
994602,0.039048858
994603,0.0071016201
994604,0.016796876
994605,0.0071231616
994606,0.010345099
994607,0.0101821
994608,0.0065602022
994609,0.0073529412
994610,0.0072933421
994611,0.029058265
994612,0.0099530388
994613,0.017464671
994614,0.032218665
994615,0.0064947475
994616,0.0067626955
994617,0.037180465
994618,0.0073306812
994619,0.0075942096
994620,0.0071116728
994621,0.0071576289
994622,0.03938419
994623,0.010399672
994624,0.0069852942
994625,0.0062614656
994626,0.017092716
994627,0.010396082
994628,0.010612937
994629,0.01014337
994630,0.013737218
994631,0.014582376
994632,0.008341711
994633,0.017334703
994634,0.010666073
994635,0.0075647691
994636,0.021647498
994637,0.0075224033
994638,0.010638786
994639,0.0062475614
994640,0.0072244084
994641,0.0068452721
994642,0.013840619
994643,0.015148654
994644,0.010732135
994645,0.0069558537
994646,0.0095961904
994647,0.0072265626
994648,0.01017851
994649,0.0071389591
994650,0.0276956
994651,0.021691177
994652,0.010756548
994653,0.015719784
994654,0.013697725
994655,0.0068474263
994656,0.010868566
994657,0.020824477
994658,0.017225558
994659,0.01342199
994660,0.01081543
994661,0.0071978401
994662,0.020405848
994663,0.0096155535
994664,0.012936733
994665,0.03669421
994666,0.0081475005
994667,0.011902574
994668,0.011086857
994669,0.010631606
994670,0.0068258848
994671,0.005837115
994672,0.010397518
994673,0.016562069
994674,0.0079963235
994675,0.005646111
994676,0.011201747
994677,0.016247977
994678,0.017535759
994679,0.010523897
994680,0.01169649
994681,0.016007008
994682,0.016938332
994683,0.01083769
994684,0.0072610294
994685,0.005991498
994686,0.0071949679
994687,0.0068840478
994688,0.010770191
994689,0.0073608398
994690,0.010697667
994691,0.007033404
994692,0.020763442
994693,0.0071820426
994694,0.016983571
994695,0.031690888
994696,0.017252844
994697,0.019863354
994698,0.010477223
994699,0.007732077
994700,0.013984231
994701,0.013557703
994702,0.013592889
994703,0.013949765
994704,0.037179746
994705,0.0069989371
994706,0.0071949679
994707,0.010960478
994708,0.013986385
994709,0.0072746724
994710,0.011655561
994711,0.0065529761
994712,0.0061919042
994713,0.0071116728
994714,0.011797018
994715,0.021635167
994716,0.006208993
994717,0.011702235
994718,0.013898064
994719,0.039799232
994720,0.007372329
994721,0.013875086
994722,0.017796416
994723,0.007151166
994724,0.0024774582
994725,0.008165068
994726,0.022484718
994727,0.0070154527
994728,0.0073909983
994729,0.0069077434
994730,0.0073342714
994731,0.0059010223
994732,0.01709128
994733,0.0066585764
994734,0.014053165
994735,0.034154557
994736,0.0090260226
994737,0.0071683996
994738,0.01013399
994739,0.0025556432
994740,0.0070384308
994741,0.0071289064
994742,0.0069450829
994743,0.0073802276
994744,0.014682905
994745,0.0071238796
994746,0.013521801
994747,0.0068826117
994748,0.0092012295
994749,0.010609346
994750,0.010477941
994751,0.0073184744
994752,0.007210047
994753,0.010757985
994754,0.03800695
994755,0.0072840075
994756,0.026135972
994757,0.0071231616
994758,0.011376235
994759,0.01327617
994760,0.006322972
994761,0.007092285
994762,0.006189683
994763,0.010461425
994764,0.039568014
994765,0.02086756
994766,0.0070772059
994767,0.0094094668
994768,0.0073206285
994769,0.0083065256
994770,0.0071770162
994771,0.010847025
994772,0.007400333
994773,0.017555147
994774,0.010548311
994775,0.026327934
994776,0.013961254
994777,0.02433005
994778,0.032528322
994779,0.0076753506
994780,0.01148179
994781,0.0093182735
994782,0.010495893
994783,0.0062514362
994784,0.0076868394
994785,0.0067095589
994786,0.024442067
994787,0.0070994659
994788,0.019714104
994789,0.014397116
994790,0.017428769
994791,0.039631203
994792,0.013580682
994793,0.010492302
994794,0.0069285673
994795,0.010271139
994796,0.0061920858
994797,0.023713235
994798,0.03968434
994799,0.018390235
994800,0.0073112939
994801,0.0071382411
994802,0.0070075542
994803,0.024119603
994804,0.0063447841
994805,0.0066325292
994806,0.0069623161
994807,0.020704562
994808,0.0067734662
994809,0.0071138269
994810,0.039493337
994811,0.0073091397
994812,0.017796416
994813,0.012673771
994814,0.0071396772
994815,0.018108772
994816,0.014365521
994817,0.006828757
994818,0.010477941
994819,0.026264437
994820,0.0073694563
994821,0.023795094
994822,0.01053395
994823,0.0096399644
994824,0.010780963
994825,0.0071920957
994826,0.0055721509
994827,0.017150879
994828,0.010836254
994829,0.0073414524
994830,0.020484835
994831,0.0070851045
994832,0.01074506
994833,0.021855943
994834,0.023086201
994835,0.0069687786
994836,0.0010451025
994837,0.0161657
994838,0.0072380514
994839,0.0067741843
994840,0.010350127
994841,0.010655303
994842,0.0072409236
994843,0.017323932
994844,0.010900879
994845,0.010574879
994846,0.013984949
994847,0.025751092
994848,0.0024217512
994849,0.0071166991
994850,0.011454504
994851,0.017371323
994852,0.017018037
994853,0.010373104
994854,0.014101993
994855,0.010910214
994856,0.0069867303
994857,0.007077924
994858,0.0071920957
994859,0.010538259
994860,0.039579503
994861,0.0065982593
994862,0.030550608
994863,0.0074843462
994864,0.03990335
994865,0.013706342
994866,0.016758099
994867,0.014063936
994868,0.011098346
994869,0.0071468577
994870,0.037805893
994871,0.017318904
994872,0.0068718405
994873,0.023995433
994874,0.0071605011
994875,0.0073184744
994876,0.0094669117
994877,0.014104865
994878,0.0080099665
994879,0.020773495
994880,0.0065447935
994881,0.033464499
994882,0.013511029
994883,0.017428769
994884,0.008180147
994885,0.0077263326
994886,0.014068244
994887,0.010653866
994888,0.0074742935
994889,0.032474294
994890,0.029423254
994891,0.010596422
994892,0.021599265
994893,0.018359374
994894,0.010422651
994895,0.0066901711
994896,0.0067985984
994897,0.015800925
994898,0.01428079
994899,0.0073766373
994900,0.029051216
994901,0.0068596336
994902,0.0072028665
994903,0.02770637
994904,0.010499483
994905,0.0054271026
994906,0.010573443
994907,0.0062966738
994908,0.0073306812
994909,0.0073515051
994910,0.013427016
994911,0.011702235
994912,0.014592429
994913,0.0072043026
994914,0.007100184
994915,0.0074635227
994916,0.011103372
994917,0.01361443
994918,0.0070247874
994919,0.01238511
994920,0.0064235255
994921,0.010722082
994922,0.025178658
994923,0.0073098578
994924,0.039914839
994925,0.0072861616
994926,0.016882325
994927,0.0080681294
994928,0.0071648094
994929,0.033194508
994930,0.013839183
994931,0.033690687
994932,0.0075482535
994933,0.0063189338
994934,0.011117733
994935,0.0070427391
994936,0.011094037
994937,0.007444853
994938,0.02089772
994939,0.020694509
994940,0.014020135
994941,0.0079977596
994942,0.0075934916
994943,0.010410444
994944,0.0089096967
994945,0.011579601
994946,0.010312069
994947,0.0073069851
994948,0.014211857
994949,0.013846364
994950,0.0020959862
994951,0.0069206688
994952,0.0078828698
994953,0.0071849148
994954,0.0070585362
994955,0.0065831803
994956,0.011311609
994957,0.0078527117
994958,0.0073270909
994959,0.014023007
994960,0.0070168888
994961,0.006289863
994962,0.028030934
994963,0.0076789409
994964,0.013922478
994965,0.011657445
994966,0.0074060778
994967,0.0036310693
994968,0.0071691177
994969,0.024063649
994970,0.010477941
994971,0.016948385
994972,0.0073579676
994973,0.010392492
994974,0.0069422103
994975,0.007100184
994976,0.0072825714
994977,0.036328126
994978,0.019300666
994979,0.010617245
994980,0.010798196
994981,0.0059512868
994982,0.014235552
994983,0.03371295
994984,0.0069443649
994985,0.0072437958
994986,0.0072904699
994987,0.0069508273
994988,0.010687615
994989,0.033052597
994990,0.00736443
994991,0.017575253
994992,0.010689051
994993,0.036086898
994994,0.0071920957
994995,0.01384421
994996,0.0067856731
994997,0.0070377127
994998,0.0070527918
994999,0.01361443
995000,0.039924175
995001,0.020968089
995002,0.021511095
995003,0.0076064165
995004,0.0072610294
995005,0.017048197
995006,0.037396599
995007,0.0092780618
995008,0.0072265626
995009,0.013068629
995010,0.016431972
995011,0.014056037
995012,0.0070994659
995013,0.013772404
995014,0.013556985
995015,0.010472915
995016,0.0076121609
995017,0.008326631
995018,0.027214499
995019,0.020772059
995020,0.03929228
995021,0.0073816637
995022,0.010807531
995023,0.018821085
995024,0.027564194
995025,0.0070434571
995026,0.0068933824
995027,0.0096644275
995028,0.0078370664
995029,0.0068610697
995030,0.017444566
995031,0.013993566
995032,0.0074477252
995033,0.0073471968
995034,0.0073809456
995035,0.01083769
995036,0.010342945
995037,0.0081341909
995038,0.018175552
995039,0.036266711
995040,0.039590992
995041,0.039789896
995042,0.0064690085
995043,0.0069048712
995044,0.0071583469
995045,0.0084996838
995046,0.0062097884
995047,0.013977051
995048,0.010503791
995049,0.0071353689
995050,0.0073141661
995051,0.0071533201
995052,0.010631606
995053,0.010538977
995054,0.010594267
995055,0.020461857
995056,0.0076243682
995057,0.0174101
995058,0.0076293945
995059,0.007291188
995060,0.0065946691
995061,0.038706344
995062,0.031954419
995063,0.0068531712
995064,0.0073414524
995065,0.014234834
995066,0.021778546
995067,0.013738655
995068,0.0069393381
995069,0.0070233513
995070,0.033994429
995071,0.039374139
995072,0.0073148841
995073,0.0060008331
995074,0.0069745234
995075,0.011923397
995076,0.0066903667
995077,0.0077076633
995078,0.028265741
995079,0.0066822725
995080,0.024093807
995081,0.017247817
995082,0.0072811353
995083,0.039886117
995084,0.017682243
995085,0.02576636
995086,0.0070872586
995087,0.0071116728
995088,0.020500632
995089,0.0096966913
995090,0.01415872
995091,0.0079273898
995092,0.013765223
995093,0.010639505
995094,0.0074118222
995095,0.010850615
995096,0.0081183938
995097,0.0073988969
995098,0.010710592
995099,0.017267922
995100,0.017233456
995101,0.010716338
995102,0.015664494
995103,0.017233456
995104,0.0072883158
995105,0.0071310606
995106,0.0055228462
995107,0.0070168888
995108,0.0069838581
995109,0.0095940083
995110,0.0077026365
995111,0.014182416
995112,0.017543659
995113,0.0074707032
995114,0.0072366153
995115,0.030618824
995116,0.0094619999
995117,0.012841769
995118,0.014981617
995119,0.016121954
995120,0.0078469673
995121,0.0059729018
995122,0.013915298
995123,0.019102164
995124,0.009815379
995125,0.010619399
995126,0.0073213466
995127,0.020724667
995128,0.010750086
995129,0.016283147
995130,0.0073364256
995131,0.026497157
995132,0.0081492709
995133,0.007291188
995134,0.024023438
995135,0.010551183
995136,0.030677706
995137,0.0070628445
995138,0.0068754307
995139,0.0065869419
995140,0.015689626
995141,0.010485122
995142,0.010654585
995143,0.009707462
995144,0.016493136
995145,0.0099063646
995146,0.0073816637
995147,0.014146513
995148,0.016487153
995149,0.027688419
995150,0.015489287
995151,0.007210047
995152,0.0074254652
995153,0.010479378
995154,0.010399672
995155,0.010573443
995156,0.027299948
995157,0.0066291243
995158,0.0041209273
995159,0.0061665121
995160,0.017210478
995161,0.017178165
995162,0.020018095
995163,0.0068969727
995164,0.0072258445
995165,0.0064212279
995166,0.012505027
995167,0.0062794406
995168,0.0074958354
995169,0.0069960649
995170,0.0064185048
995171,0.0067950082
995172,0.010495175
995173,0.011447046
995174,0.024824275
995175,0.0073874081
995176,0.017833754
995177,0.030819163
995178,0.020648552
995179,0.012761374
995180,0.0096284756
995181,0.0074139764
995182,0.0031845339
995183,0.039372701
995184,0.0074462891
995185,0.0069206688
995186,0.0068933824
995187,0.017454095
995188,0.0066054398
995189,0.009632417
995190,0.013524693
995191,0.0072516948
995192,0.016088149
995193,0.02690286
995194,0.020695226
995195,0.013997156
995196,0.018590871
995197,0.0072725182
995198,0.0018719144
995199,0.039533548
995200,0.0087036137
995201,0.007422593
995202,0.0073184744
995203,0.013913143
995204,0.0069048712
995205,0.013582118
995206,0.0086634019
995207,0.0072057387
995208,0.0070750518
995209,0.013100947
995210,0.010286219
995211,0.017786363
995212,0.007115263
995213,0.022030992
995214,0.033046223
995215,0.040579043
995216,0.0073385797
995217,0.010255342
995218,0.007210765
995219,0.017049633
995220,0.0094145201
995221,0.025367647
995222,0.013986385
995223,0.0096870651
995224,0.0079403147
995225,0.010817584
995226,0.0066242609
995227,0.0070843864
995228,0.012151022
995229,0.02354449
995230,0.037189797
995231,0.0087732654
995232,0.0090346392
995233,0.0073120119
995234,0.0072883158
995235,0.0076983282
995236,0.007159783
995237,0.016978545
995238,0.0071030562
995239,0.0069565717
995240,0.007467831
995241,0.020115752
995242,0.018434772
995243,0.013476563
995244,0.0072560031
995245,0.010890108
995246,0.025271446
995247,0.012650792
995248,0.013683364
995249,0.01738712
995250,0.0097561646
995251,0.010725672
995252,0.007115263
995253,0.0072201001
995254,0.0035958835
995255,0.0067691579
995256,0.014015826
995257,0.0072732363
995258,0.021725643
995259,0.013335687
995260,0.014041676
995261,0.013645307
995262,0.010294836
995263,0.0096414005
995264,0.0068711224
995265,0.013903091
995266,0.013987822
995267,0.010581342
995268,0.037660845
995269,0.0075389189
995270,0.0071770162
995271,0.026115675
995272,0.0077335131
995273,0.01361802
995274,0.0081717791
995275,0.0072165094
995276,0.017084099
995277,0.036696024
995278,0.0072933421
995279,0.010402544
995280,0.014045266
995281,0.010948271
995282,0.0071317786
995283,0.011661305
995284,0.0078871781
995285,0.010662483
995286,0.007444853
995287,0.01350644
995288,0.015778881
995289,0.010595703
995290,0.015571145
995291,0.0073565315
995292,0.0072825714
995293,0.0071698357
995294,0.0072143553
995295,0.0072452319
995296,0.0069070254
995297,0.0081988163
995298,0.020880487
995299,0.0081571694
995300,0.0066755353
995301,0.0074247471
995302,0.010830509
995303,0.017183192
995304,0.029146001
995305,0.007371611
995306,0.0066786376
995307,0.0073845359
995308,0.018281825
995309,0.0072861616
995310,0.014096967
995311,0.0071827606
995312,0.032373048
995313,0.017865349
995314,0.010309197
995315,0.0073005226
995316,0.010470043
995317,0.010743624
995318,0.0080587948
995319,0.010471479
995320,0.017235611
995321,0.0066241096
995322,0.0065156827
995323,0.013074448
995324,0.020751234
995325,0.0077342312
995326,0.018110208
995327,0.021276137
995328,0.010213695
995329,0.020309681
995330,0.036712289
995331,0.0071806065
995332,0.010312069
995333,0.0072495406
995334,0.0073220646
995335,0.013811897
995336,0.0086713005
995337,0.01071131
995338,0.02642037
995339,0.0080537684
995340,0.0069278493
995341,0.0076071345
995342,0.014123535
995343,0.0099028619
995344,0.010181382
995345,0.0074750115
995346,0.0092856502
995347,0.017935719
995348,0.0073421705
995349,0.010523897
995350,0.010373104
995351,0.039161593
995352,0.0060482249
995353,0.0064824629
995354,0.0073759193
995355,0.0074699852
995356,0.014005055
995357,0.010500919
995358,0.0074728574
995359,0.010466452
995360,0.010916676
995361,0.014188878
995362,0.013196288
995363,0.0072495406
995364,0.014387784
995365,0.023323329
995366,0.010398954
995367,0.0070362766
995368,0.013333637
995369,0.031543259
995370,0.0073364256
995371,0.017348345
995372,0.011137838
995373,0.010516716
995374,0.0072983685
995375,0.027283434
995376,0.010745778
995377,0.011540671
995378,0.015656594
995379,0.0073773554
995380,0.0072682099
995381,0.010258933
995382,0.0078290151
995383,0.010546875
995384,0.0077686985
995385,0.0071030562
995386,0.0095329732
995387,0.016762407
995388,0.014042394
995389,0.0027526831
995390,0.0062291762
995391,0.017497702
995392,0.011093319
995393,0.020379998
995394,0.0066758026
995395,0.015923712
995396,0.023348719
995397,0.013970588
995398,0.026089694
995399,0.010994945
995400,0.011512667
995401,0.013798972
995402,0.010477941
995403,0.02378935
995404,0.0072064567
995405,0.027778896
995406,0.023759192
995407,0.0069551356
995408,0.0068145334
995409,0.015019675
995410,0.021041332
995411,0.0071928138
995412,0.011560776
995413,0.011684283
995414,0.017372759
995415,0.0098704621
995416,0.007092285
995417,0.0064962949
995418,0.01071921
995419,0.026925121
995420,0.030259794
995421,0.022612453
995422,0.006585849
995423,0.0019426341
995424,0.0068628723
995425,0.007042021
995426,0.024098834
995427,0.035878159
995428,0.007658117
995429,0.010164867
995430,0.0073184744
995431,0.017283002
995432,0.018201131
995433,0.010320686
995434,0.0071461396
995435,0.0077270507
995436,0.0062354803
995437,0.0064466535
995438,0.0062440643
995439,0.038833439
995440,0.0064919866
995441,0.010983456
995442,0.0072308709
995443,0.020553768
995444,0.0075784121
995445,0.010622271
995446,0.010747932
995447,0.0080832085
995448,0.017173139
995449,0.017451027
995450,0.014097685
995451,0.023346307
995452,0.0074269013
995453,0.025080394
995454,0.039005056
995455,0.027397605
995456,0.010472915
995457,0.0021852124
995458,0.017486213
995459,0.0057528163
995460,0.0072610294
995461,0.013924632
995462,0.01658969
995463,0.013936121
995464,0.0079855528
995465,0.039438765
995466,0.010443474
995467,0.0072251265
995468,0.01048943
995469,0.010699822
995470,0.0069206688
995471,0.010304889
995472,0.012101476
995473,0.019856172
995474,0.011054544
995475,0.015417794
995476,0.0070621264
995477,0.013824822
995478,0.0080221733
995479,0.021141142
995480,0.026803769
995481,0.0072021484
995482,0.0071346508
995483,0.008032945
995484,0.0073680202
995485,0.011753935
995486,0.003637892
995487,0.016925408
995488,0.0070721796
995489,0.0069321576
995490,0.014320284
995491,0.03741483
995492,0.013664695
995493,0.0072725182
995494,0.0070542279
995495,0.011547133
995496,0.0076868394
995497,0.0070664352
995498,0.0068614483
995499,0.013947611
995500,0.017079791
995501,0.011216826
995502,0.0094893035
995503,0.0064852512
995504,0.0071037742
995505,0.010525333
995506,0.01048225
995507,0.012168974
995508,0.0092764711
995509,0.0078376317
995510,0.0061279298
995511,0.019688351
995512,0.010433421
995513,0.01044491
995514,0.0068919463
995515,0.025511976
995516,0.013108244
995517,0.0076387292
995518,0.017258588
995519,0.017321777
995520,0.010541849
995521,0.0139591
995522,0.010548311
995523,0.013933249
995524,0.014512061
995525,0.017483341
995526,0.021989677
995527,0.010584932
995528,0.010910214
995529,0.0065476727
995530,0.020614803
995531,0.0076631433
995532,0.0087617766
995533,0.0076286765
995534,0.0072538489
995535,0.0069429288
995536,0.0072035845
995537,0.037201144
995538,0.022968786
995539,0.010358025
995540,0.0070685893
995541,0.0072416416
995542,0.01399572
995543,0.010793888
995544,0.0061962963
995545,0.03062026
995546,0.011284323
995547,0.027686264
995548,0.0069694966
995549,0.0068969727
995550,0.0071999943
995551,0.0073414524
995552,0.017051786
995553,0.0071712718
995554,0.020676557
995555,0.01059714
995556,0.032020628
995557,0.024482938
995558,0.0071841967
995559,0.006828757
995560,0.01415513
995561,0.0072035845
995562,0.019679463
995563,0.010794606
995564,0.0076322667
995565,0.012546674
995566,0.01392176
995567,0.007092285
995568,0.010880055
995569,0.0061559342
995570,0.010654585
995571,0.0072315889
995572,0.0060891546
995573,0.0076559628
995574,0.010370232
995575,0.011144302
995576,0.0059082033
995577,0.0072402055
995578,0.0077636717
995579,0.0080494601
995580,0.029003188
995581,0.0064223344
995582,0.0074175666
995583,0.039471075
995584,0.012050494
995585,0.020451086
995586,0.0068818936
995587,0.0072962143
995588,0.012371467
995589,0.019096496
995590,0.007100184
995591,0.0071181352
995592,0.0072229723
995593,0.030813418
995594,0.0073249368
995595,0.02046473
995596,0.010460707
995597,0.011816201
995598,0.017027372
995599,0.010220157
995600,0.0070219152
995601,0.016199449
995602,0.039590992
995603,0.0095790504
995604,0.017462518
995605,0.0063597844
995606,0.01082261
995607,0.014046703
995608,0.010368078
995609,0.0074218749
995610,0.0073033948
995611,0.01811308
995612,0.018306239
995613,0.01396269
995614,0.016327981
995615,0.010808967
995616,0.0068151136
995617,0.0071920957
995618,0.029582608
995619,0.016646082
995620,0.022174647
995621,0.0093678189
995622,0.010914522
995623,0.0071920957
995624,0.017928539
995625,0.035110522
995626,0.010517434
995627,0.02077565
995628,0.0072344611
995629,0.017474724
995630,0.013663976
995631,0.0074362364
995632,0.012641458
995633,0.039657053
995634,0.014305204
995635,0.0069163605
995636,0.0070664352
995637,0.010765165
995638,0.010329302
995639,0.0024333922
995640,0.01071921
995641,0.013845646
995642,0.0094597312
995643,0.0079273898
995644,0.023897059
995645,0.023790067
995646,0.013854262
995647,0.014263557
995648,0.0074290554
995649,0.039636947
995650,0.017204734
995651,0.013678337
995652,0.013331134
995653,0.039705884
995654,0.013888088
995655,0.010868566
995656,0.0066166651
995657,0.010673254
995658,0.0069055893
995659,0.0072150733
995660,0.0082691861
995661,0.010426241
995662,0.01353688
995663,0.01539689
995664,0.0070233513
995665,0.010758703
995666,0.014026597
995667,0.0079963235
995668,0.014096967
995669,0.0095044831
995670,0.01372932
995671,0.010605756
995672,0.0029225582
995673,0.0071798884
995674,0.016166417
995675,0.023130888
995676,0.011316636
995677,0.0066801184
995678,0.010632324
995679,0.01288776
995680,0.0082411822
995681,0.0073802276
995682,0.027297076
995683,0.010410444
995684,0.0021332896
995685,0.0074190027
995686,0.0062184674
995687,0.018681066
995688,0.0074750115
995689,0.0078311693
995690,0.016808365
995691,0.006996783
995692,0.010890826
995693,0.030816291
995694,0.0072567211
995695,0.010586368
995696,0.0063799955
995697,0.0076495004
995698,0.021047793
995699,0.0073077031
995700,0.026091453
995701,0.010618681
995702,0.010928883
995703,0.0070542279
995704,0.022891775
995705,0.0061251111
995706,0.0073335534
995707,0.010895853
995708,0.0092146341
995709,0.010888672
995710,0.013565459
995711,0.023924345
995712,0.0072631836
995713,0.0068143955
995714,0.013534008
995715,0.0071949679
995716,0.01103013
995717,0.010962632
995718,0.016622482
995719,0.0074563418
995720,0.017983111
995721,0.0064747529
995722,0.013932531
995723,0.012204159
995724,0.010891544
995725,0.0086713005
995726,0.0073486329
995727,0.0078282971
995728,0.020711023
995729,0.019351289
995730,0.017566636
995731,0.014007928
995732,0.019106897
995733,0.0081384219
995734,0.010409008
995735,0.010733571
995736,0.039471075
995737,0.028326418
995738,0.013804716
995739,0.0070527918
995740,0.0079273898
995741,0.0060215369
995742,0.0060426476
995743,0.02463307
995744,0.0072301528
995745,0.0085722078
995746,0.011664895
995747,0.0075870291
995748,0.020580336
995749,0.0072847256
995750,0.0023991552
995751,0.039257813
995752,0.0065253242
995753,0.00630537
995754,0.0064524929
995755,0.0071131089
995756,0.010519588
995757,0.0084985737
995758,0.0072617475
995759,0.0061415727
995760,0.030422794
995761,0.010622271
995762,0.007100902
995763,0.009475952
995764,0.011090447
995765,0.014487592
995766,0.0074039237
995767,0.0084329043
995768,0.0083251949
995769,0.0074405447
995770,0.010469325
995771,0.017693015
995772,0.010770191
995773,0.027829159
995774,0.0065155737
995775,0.010332175
995776,0.0072617475
995777,0.0067540784
995778,0.0064772717
995779,0.0071066464
995780,0.010691923
995781,0.031496625
995782,0.021248851
995783,0.0020705357
995784,0.0070693074
995785,0.0071576289
995786,0.027225828
995787,0.01058924
995788,0.0070434571
995789,0.011902574
995790,0.0071461396
995791,0.030030016
995792,0.028759766
995793,0.013538316
995794,0.0070772059
995795,0.018448185
995796,0.039212573
995797,0.013924632
995798,0.031586051
995799,0.010685461
995800,0.010440602
995801,0.03214255
995802,0.01071131
995803,0.0063234698
995804,0.007798139
995805,0.022776455
995806,0.011470301
995807,0.010158404
995808,0.014583094
995809,0.0072114831
995810,0.026334874
995811,0.011015768
995812,0.025022978
995813,0.010354435
995814,0.015418199
995815,0.034888197
995816,0.027253274
995817,0.0077923941
995818,0.0069888844
995819,0.0070441752
995820,0.0076861214
995821,0.0097024357
995822,0.016989315
995823,0.0072150733
995824,0.0087759681
995825,0.0083711511
995826,0.010505945
995827,0.010736443
995828,0.023661535
995829,0.020479808
995830,0.0071648094
995831,0.013597197
995832,0.007422593
995833,0.03559266
995834,0.019679965
995835,0.010354435
995836,0.033916734
995837,0.039774816
995838,0.014028033
995839,0.020329734
995840,0.018226534
995841,0.0072840075
995842,0.0073759193
995843,0.0021431986
995844,0.010664637
995845,0.013879557
995846,0.013666131
995847,0.0072387694
995848,0.010843434
995849,0.006856523
995850,0.007841222
995851,0.0072165094
995852,0.024494486
995853,0.0061428486
995854,0.011203901
995855,0.0058435774
995856,0.011103372
995857,0.0074132583
995858,0.0073098578
995859,0.010324276
995860,0.0072646197
995861,0.018440517
995862,0.010376695
995863,0.023920037
995864,0.0070125805
995865,0.016962029
995866,0.0088465074
995867,0.01157509
995868,0.023713235
995869,0.0096815079
995870,0.024399702
995871,0.020186121
995872,0.0062521542
995873,0.0073888442
995874,0.0072495406
995875,0.024943274
995876,0.0086210361
995877,0.010500919
995878,0.010536104
995879,0.0086124195
995880,0.013641717
995881,0.0072308709
995882,0.011592371
995883,0.022153607
995884,0.017395739
995885,0.039855238
995886,0.03347886
995887,0.0074261832
995888,0.007313448
995889,0.0072998046
995890,0.015871529
995891,0.017369887
995892,0.007136805
995893,0.022531578
995894,0.010653866
995895,0.013038729
995896,0.015330595
995897,0.021013327
995898,0.0097886026
995899,0.024244601
995900,0.019149959
995901,0.013286277
995902,0.007174144
995903,0.017536478
995904,0.010943962
995905,0.0070154527
995906,0.010775937
995907,0.027641745
995908,0.039303768
995909,0.0080307908
995910,0.010542567
995911,0.0072165094
995912,0.0087854723
995913,0.027600816
995914,0.010775937
995915,0.013054343
995916,0.0096949991
995917,0.0072574392
995918,0.010629452
995919,0.0074470071
995920,0.014080452
995921,0.010046119
995922,0.007137523
995923,0.0072883158
995924,0.011777032
995925,0.013907399
995926,0.0070678713
995927,0.013620174
995928,0.0080537684
995929,0.017085535
995930,0.01762215
995931,0.0072150733
995932,0.020326143
995933,0.022405647
995934,0.011595244
995935,0.016862219
995936,0.010235237
995937,0.0072847256
995938,0.0071231616
995939,0.013983513
995940,0.010750086
995941,0.010378849
995942,0.006050379
995943,0.007372329
995944,0.0073069851
995945,0.013752297
995946,0.02386331
995947,0.01568819
995948,0.0061164405
995949,0.0067648496
995950,0.0094647575
995951,0.0076401653
995952,0.0072495406
995953,0.031177476
995954,0.01372932
995955,0.0078491215
995956,0.010880055
995957,0.017374914
995958,0.007210047
995959,0.011240521
995960,0.010615809
995961,0.016891658
995962,0.014105584
995963,0.023161765
995964,0.014085478
995965,0.015214269
995966,0.025985939
995967,0.010379567
995968,0.0070377127
995969,0.0072789812
995970,0.013829849
995971,0.014198214
995972,0.0073479149
995973,0.020201918
995974,0.0063332953
995975,0.0077126897
995976,0.0063914577
995977,0.006502036
995978,0.010262619
995979,0.010721364
995980,0.0069163605
995981,0.015001997
995982,0.010661765
995983,0.0061947093
995984,0.0077837775
995985,0.010740033
995986,0.027725041
995987,0.028231379
995988,0.0066724718
995989,0.013904527
995990,0.0095975986
995991,0.020551614
995992,0.0069091795
995993,0.010420497
995994,0.0078922044
995995,0.01532126
995996,0.0072667738
995997,0.0099656247
995998,0.0095053092
995999,0.017512782
996000,0.013209766
996001,0.0066140569
996002,0.015762867
996003,0.02176011
996004,0.0070851045
996005,0.022884592
996006,0.0074261832
996007,0.0072725182
996008,0.010650994
996009,0.010662483
996010,0.0074793198
996011,0.0085467333
996012,0.0071482938
996013,0.0070111444
996014,0.0070657171
996015,0.020627011
996016,0.033827923
996017,0.0063769338
996018,0.039975874
996019,0.022912597
996020,0.010799632
996021,0.010573443
996022,0.0071691177
996023,0.010555492
996024,0.0059038945
996025,0.01048225
996026,0.014399271
996027,0.0075468174
996028,0.01047866
996029,0.0070054
996030,0.024270451
996031,0.006209827
996032,0.017405791
996033,0.0073263729
996034,0.011062485
996035,0.010635196
996036,0.013798254
996037,0.019171759
996038,0.010732853
996039,0.0088680489
996040,0.017158778
996041,0.01040039
996042,0.019642103
996043,0.006997501
996044,0.023943014
996045,0.0098819509
996046,0.007077924
996047,0.0070657171
996048,0.013913143
996049,0.0139591
996050,0.0070772059
996051,0.0069673425
996052,0.0074075139
996053,0.0073658661
996054,0.021909466
996055,0.026962157
996056,0.010477941
996057,0.013763787
996058,0.0071705538
996059,0.0075353286
996060,0.0075252759
996061,0.016970646
996062,0.014310231
996063,0.010561236
996064,0.010328584
996065,0.012548579
996066,0.017155187
996067,0.0070951572
996068,0.017589614
996069,0.007078642
996070,0.010546875
996071,0.0088809747
996072,0.010745778
996073,0.0057489914
996074,0.010625862
996075,0.01013399
996076,0.0073112939
996077,0.027527574
996078,0.010638068
996079,0.015562706
996080,0.0093527399
996081,0.007093003
996082,0.0105598
996083,0.017634852
996084,0.014287971
996085,0.0069192327
996086,0.0095918542
996087,0.016208904
996088,0.021029124
996089,0.010869284
996090,0.0071324967
996091,0.0073550954
996092,0.0071691177
996093,0.0071296245
996094,0.007159065
996095,0.010535386
996096,0.010164867
996097,0.01327241
996098,0.010594267
996099,0.011339614
996100,0.013674029
996101,0.02009421
996102,0.0068854839
996103,0.017322496
996104,0.0064384956
996105,0.007217946
996106,0.010515998
996107,0.019359633
996108,0.0074642408
996109,0.020744458
996110,0.0070958757
996111,0.0071202894
996112,0.013634535
996113,0.016916791
996114,0.01048943
996115,0.021836225
996116,0.0073313992
996117,0.0087431064
996118,0.0072538489
996119,0.0069034351
996120,0.0070886947
996121,0.014028033
996122,0.033980783
996123,0.0079388786
996124,0.0070312498
996125,0.017160214
996126,0.020477654
996127,0.02034984
996128,0.0071755801
996129,0.004175195
996130,0.022889625
996131,0.0067506703
996132,0.021487247
996133,0.0090785399
996134,0.0072933421
996135,0.0068818936
996136,0.020690918
996137,0.0062396666
996138,0.007291906
996139,0.0080501782
996140,0.007034122
996141,0.037139095
996142,0.010592113
996143,0.010701976
996144,0.0084637813
996145,0.0070010913
996146,0.020920698
996147,0.0070255054
996148,0.030853631
996149,0.0061717313
996150,0.007371611
996151,0.023825252
996152,0.014051011
996153,0.016946232
996154,0.014032342
996155,0.016039321
996156,0.013698443
996157,0.010895853
996158,0.027353803
996159,0.0076078526
996160,0.017176012
996161,0.0071497299
996162,0.0066415453
996163,0.0071238796
996164,0.023851821
996165,0.0067114364
996166,0.017295927
996167,0.010088034
996168,0.0059283087
996169,0.02109375
996170,0.013890166
996171,0.0097325938
996172,0.011440142
996173,0.016797282
996174,0.0069264132
996175,0.0098218098
996176,0.032678939
996177,0.0073450427
996178,0.0068007526
996179,0.016773896
996180,0.0077435663
996181,0.0068933824
996182,0.017389275
996183,0.016947668
996184,0.02943735
996185,0.0070743337
996186,0.010595703
996187,0.0072387694
996188,0.014446663
996189,0.010541131
996190,0.0076279584
996191,0.0094961198
996192,0.030771218
996193,0.013993566
996194,0.010948989
996195,0.010663201
996196,0.018930234
996197,0.0096596591
996198,0.015429316
996199,0.0072567211
996200,0.023816636
996201,0.010903751
996202,0.021702666
996203,0.011065315
996204,0.021302706
996205,0.0070255054
996206,0.0071102367
996207,0.010228056
996208,0.013940429
996209,0.039499801
996210,0.020668657
996211,0.010686897
996212,0.014481129
996213,0.007525994
996214,0.013686236
996215,0.03961828
996216,0.011477482
996217,0.0070003732
996218,0.023747703
996219,0.010182818
996220,0.010251034
996221,0.012623895
996222,0.014046703
996223,0.02749167
996224,0.020967372
996225,0.014399989
996226,0.014045984
996227,0.0099076442
996228,0.0072258445
996229,0.0071102367
996230,0.0070140166
996231,0.0073450427
996232,0.021645179
996233,0.024310661
996234,0.0074778837
996235,0.00743121
996236,0.0068818936
996237,0.0063390187
996238,0.018785184
996239,0.0077493107
996240,0.0071640913
996241,0.010297708
996242,0.010080135
996243,0.0066644028
996244,0.015929457
996245,0.0074139764
996246,0.021507353
996247,0.011468865
996248,0.0073701749
996249,0.018795956
996250,0.0095286649
996251,0.0078814337
996252,0.010670382
996253,0.012976849
996254,0.016558848
996255,0.0069149244
996256,0.03424862
996257,0.019773794
996258,0.030238971
996259,0.0087028956
996260,0.012542371
996261,0.011374081
996262,0.0070319679
996263,0.0070714615
996264,0.020590154
996265,0.0072725182
996266,0.010745778
996267,0.0080070943
996268,0.0063136248
996269,0.0071403952
996270,0.0066624573
996271,0.0068467082
996272,0.022475298
996273,0.017532887
996274,0.011961618
996275,0.013545496
996276,0.00823831
996277,0.02678079
996278,0.0073816637
996279,0.028182445
996280,0.0072516948
996281,0.013987103
996282,0.0065170308
996283,0.013786765
996284,0.010546875
996285,0.021442523
996286,0.0069852942
996287,0.016333224
996288,0.0070535098
996289,0.022117704
996290,0.010523897
996291,0.018030798
996292,0.010599294
996293,0.017107077
996294,0.010696949
996295,0.013923196
996296,0.0072380514
996297,0.01070772
996298,0.014303768
996299,0.010921703
996300,0.0069278493
996301,0.0072954963
996302,0.0057425383
996303,0.013371008
996304,0.014170927
996305,0.02442986
996306,0.0075030159
996307,0.034212001
996308,0.018274726
996309,0.035168391
996310,0.023624914
996311,0.027102482
996312,0.0068251668
996313,0.01570686
996314,0.017782055
996315,0.01080035
996316,0.0082340017
996317,0.012128763
996318,0.010682588
996319,0.01527674
996320,0.020763442
996321,0.0067102769
996322,0.011582319
996323,0.016783232
996324,0.013809742
996325,0.0064848056
996326,0.011165125
996327,0.03954719
996328,0.011927705
996329,0.013740809
996330,0.014925609
996331,0.0070082722
996332,0.007525994
996333,0.0072380514
996334,0.0074139764
996335,0.024471506
996336,0.0070621264
996337,0.0085169179
996338,0.021129653
996339,0.010741469
996340,0.035732854
996341,0.0071619372
996342,0.013663258
996343,0.0072725182
996344,0.020400103
996345,0.023462564
996346,0.016913202
996347,0.019406337
996348,0.032003544
996349,0.0094687305
996350,0.0070901308
996351,0.0071612191
996352,0.0073752012
996353,0.0073213466
996354,0.010705566
996355,0.027429199
996356,0.010757267
996357,0.017063275
996358,0.017451746
996359,0.021995589
996360,0.0071224435
996361,0.0070456113
996362,0.0077809053
996363,0.012724034
996364,0.010495893
996365,0.0095162466
996366,0.011639395
996367,0.0062752785
996368,0.0093434751
996369,0.010403981
996370,0.0062897746
996371,0.0071468577
996372,0.013967716
996373,0.0072387694
996374,0.0073005226
996375,0.017830882
996376,0.0069307215
996377,0.0073579676
996378,0.013977051
996379,0.007173426
996380,0.01753217
996381,0.013936121
996382,0.0074491613
996383,0.010848461
996384,0.010615091
996385,0.014123535
996386,0.028106974
996387,0.013437289
996388,0.0063684196
996389,0.0072258445
996390,0.015372243
996391,0.014023007
996392,0.0076121609
996393,0.010075827
996394,0.020061178
996395,0.0076861214
996396,0.010691923
996397,0.0070886947
996398,0.015750138
996399,0.0072897519
996400,0.0023560359
996401,0.015880629
996402,0.0066652689
996403,0.0068402458
996404,0.0015990417
996405,0.010569853
996406,0.0071870694
996407,0.0075827204
996408,0.014166619
996409,0.03072438
996410,0.013768096
996411,0.0079546757
996412,0.01043773
996413,0.0072150733
996414,0.014394962
996415,0.0080422796
996416,0.0069558537
996417,0.010669664
996418,0.0072244084
996419,0.01780216
996420,0.0097261453
996421,0.010661765
996422,0.0072366153
996423,0.010687615
996424,0.011879596
996425,0.0062083439
996426,0.013126938
996427,0.0070377127
996428,0.010734289
996429,0.0099546555
996430,0.0071992762
996431,0.0071245977
996432,0.0066786823
996433,0.01048225
996434,0.0072007123
996435,0.0075970818
996436,0.013811897
996437,0.0065139621
996438,0.010523897
996439,0.040073529
996440,0.016865809
996441,0.030353861
996442,0.01056339
996443,0.035360456
996444,0.010462143
996445,0.0065544974
996446,0.0072272806
996447,0.0064215041
996448,0.0077730068
996449,0.0072653377
996450,0.029830962
996451,0.012757118
996452,0.036568027
996453,0.016823443
996454,0.011641808
996455,0.007195686
996456,0.01736127
996457,0.0061990176
996458,0.0071863509
996459,0.0072014304
996460,0.01750919
996461,0.017688707
996462,0.01004524
996463,0.022163661
996464,0.0071576289
996465,0.011503331
996466,0.0073450427
996467,0.017566636
996468,0.010470761
996469,0.027653953
996470,0.010849897
996471,0.0033543627
996472,0.013296461
996473,0.0074843462
996474,0.023364257
996475,0.010903033
996476,0.0069565717
996477,0.0094030043
996478,0.0072761085
996479,0.010332893
996480,0.0074865003
996481,0.014028033
996482,0.0071346508
996483,0.0083194505
996484,0.010778091
996485,0.0073601217
996486,0.010878619
996487,0.010781681
996488,0.010317096
996489,0.0082059968
996490,0.011432244
996491,0.0095126843
996492,0.0074505974
996493,0.0075913374
996494,0.017239919
996495,0.022231158
996496,0.0076530906
996497,0.0072380514
996498,0.016116543
996499,0.013947611
996500,0.0077205882
996501,0.010386747
996502,0.021139706
996503,0.0054838294
996504,0.0072344611
996505,0.013075344
996506,0.013775276
996507,0.011025104
996508,0.031826656
996509,0.0070219152
996510,0.014224782
996511,0.010564826
996512,0.0071985582
996513,0.0070571001
996514,0.006571691
996515,0.011440142
996516,0.0075382008
996517,0.013898782
996518,0.0064766593
996519,0.0096307229
996520,0.0077579273
996521,0.0075137867
996522,0.028152287
996523,0.010661765
996524,0.0278586
996525,0.0089707319
996526,0.0063031367
996527,0.011880314
996528,0.016422765
996529,0.016201222
996530,0.010811121
996531,0.0072502587
996532,0.017377786
996533,0.014114918
996534,0.0070082722
996535,0.039321002
996536,0.010984892
996537,0.0067346911
996538,0.010712029
996539,0.0073945886
996540,0.020484835
996541,0.023690257
996542,0.034221336
996543,0.0059189741
996544,0.0070657171
996545,0.0073292451
996546,0.014410041
996547,0.025473921
996548,0.01101146
996549,0.027056526
996550,0.015533088
996551,0.022967344
996552,0.0070592542
996553,0.010466452
996554,0.0087026376
996555,0.010376695
996556,0.01027832
996557,0.013763787
996558,0.007349351
996559,0.01081543
996560,0.0071159811
996561,0.0071639577
996562,0.013926068
996563,0.007100184
996564,0.020785702
996565,0.0058205999
996566,0.0069508273
996567,0.011099782
996568,0.0067950399
996569,0.0063993568
996570,0.018077178
996571,0.0072258445
996572,0.033476707
996573,0.007246668
996574,0.027852187
996575,0.0078354776
996576,0.017049633
996577,0.0072402055
996578,0.010853487
996579,0.01415154
996580,0.0064836997
996581,0.022248344
996582,0.015394584
996583,0.037418708
996584,0.010765165
996585,0.013905245
996586,0.019129137
996587,0.034020998
996588,0.0071834787
996589,0.00740895
996590,0.01739502
996591,0.0072969324
996592,0.014341826
996593,0.010640223
996594,0.010363052
996595,0.013204101
996596,0.0090669524
996597,0.0027086751
996598,0.0071619372
996599,0.010185691
996600,0.0071482938
996601,0.0071439855
996602,0.028371658
996603,0.0071504479
996604,0.0070937211
996605,0.023624197
996606,0.013915298
996607,0.016348805
996608,0.013947611
996609,0.010457835
996610,0.010867848
996611,0.0086547853
996612,0.0097311577
996613,0.0073802276
996614,0.0072875977
996615,0.014039522
996616,0.011394187
996617,0.038086157
996618,0.039369829
996619,0.010623707
996620,0.010677562
996621,0.031935252
996622,0.010202206
996623,0.007371611
996624,0.030636057
996625,0.017179601
996626,0.0072603114
996627,0.010648121
996628,0.020566693
996629,0.033895336
996630,0.0073120119
996631,0.01395445
996632,0.007400333
996633,0.0071978401
996634,0.013375316
996635,0.0065367203
996636,0.0074865003
996637,0.0063921195
996638,0.010592113
996639,0.007092285
996640,0.007114545
996641,0.0072409236
996642,0.0072639016
996643,0.013798254
996644,0.0074843462
996645,0.0070621264
996646,0.0069328756
996647,0.0028388714
996648,0.013997156
996649,0.027903983
996650,0.011523438
996651,0.013859289
996652,0.010765165
996653,0.010443474
996654,0.0073515051
996655,0.015306015
996656,0.021062156
996657,0.0073033948
996658,0.0076631433
996659,0.0044088634
996660,0.0073522232
996661,0.020271571
996662,0.014316694
996663,0.0081571694
996664,0.01037454
996665,0.0073938705
996666,0.0076279584
996667,0.01070054
996668,0.018589154
996669,0.017303107
996670,0.013595043
996671,0.039200369
996672,0.019493243
996673,0.010880773
996674,0.024162022
996675,0.0071640913
996676,0.011867388
996677,0.019867452
996678,0.028717954
996679,0.027976362
996680,0.0072373333
996681,0.0070700254
996682,0.0084400848
996683,0.006494543
996684,0.010788144
996685,0.0089348285
996686,0.0065982593
996687,0.0069946288
996688,0.01041547
996689,0.014648438
996690,0.0067533604
996691,0.02057172
996692,0.014811438
996693,0.010352281
996694,0.013476563
996695,0.010449937
996696,0.030828498
996697,0.039604634
996698,0.009255372
996699,0.0085477941
996700,0.010577751
996701,0.010569853
996702,0.010307761
996703,0.013956945
996704,0.013602941
996705,0.0072215362
996706,0.010695513
996707,0.0238152
996708,0.017090563
996709,0.010558364
996710,0.0063980762
996711,0.039491899
996712,0.014270738
996713,0.010615809
996714,0.0078239888
996715,0.010828354
996716,0.010887235
996717,0.0064483322
996718,0.020438878
996719,0.013158535
996720,0.020798627
996721,0.0099106729
996722,0.0068625058
996723,0.013903809
996724,0.016799748
996725,0.0071461396
996726,0.0098503558
996727,0.0074103861
996728,0.0070240693
996729,0.014861701
996730,0.017361989
996731,0.010755112
996732,0.010403262
996733,0.010308479
996734,0.01822797
996735,0.0099013383
996736,0.0072753904
996737,0.036989991
996738,0.0073005226
996739,0.017992446
996740,0.010717056
996741,0.0079352884
996742,0.0067591048
996743,0.0076983282
996744,0.023563879
996745,0.0068251668
996746,0.010684743
996747,0.0074103861
996748,0.010261087
996749,0.0064467485
996750,0.0084422389
996751,0.016492503
996752,0.010454245
996753,0.0087201288
996754,0.037792891
996755,0.0074685491
996756,0.0098860618
996757,0.0072014304
996758,0.010477941
996759,0.028241325
996760,0.0061099781
996761,0.0070176069
996762,0.0072416416
996763,0.013161519
996764,0.017237047
996765,0.0096997572
996766,0.011368336
996767,0.0064543681
996768,0.0070901308
996769,0.0070886947
996770,0.028258558
996771,0.010161994
996772,0.039622586
996773,0.03951057
996774,0.0073902803
996775,0.017164523
996776,0.0072732363
996777,0.010251034
996778,0.023790067
996779,0.010523897
996780,0.007019043
996781,0.0071095186
996782,0.013910271
996783,0.006901281
996784,0.017845243
996785,0.010765165
996786,0.0070728976
996787,0.0073270909
996788,0.013884421
996789,0.0092299515
996790,0.0063762162
996791,0.0099135451
996792,0.017491957
996793,0.015356446
996794,0.0070355586
996795,0.0063036769
996796,0.0064417282
996797,0.010526051
996798,0.0099336514
996799,0.010940372
996800,0.020720359
996801,0.0108341
996802,0.013099581
996803,0.010900161
996804,0.010167021
996805,0.0096514532
996806,0.010762293
996807,0.007114545
996808,0.0172392
996809,0.035963215
996810,0.0074742935
996811,0.0078512756
996812,0.0084530097
996813,0.013133329
996814,0.027142692
996815,0.010324994
996816,0.011586993
996817,0.013928222
996818,0.0073586856
996819,0.0072251265
996820,0.01063017
996821,0.0063088811
996822,0.007136805
996823,0.013641717
996824,0.0072215362
996825,0.0073450427
996826,0.0072516948
996827,0.0237635
996828,0.0071576289
996829,0.0073450427
996830,0.0073407344
996831,0.0072380514
996832,0.0075597428
996833,0.010519588
996834,0.0072890338
996835,0.010322122
996836,0.0097932573
996837,0.0069292854
996838,0.0073687383
996839,0.0073687383
996840,0.010790298
996841,0.021095186
996842,0.023427447
996843,0.0088579962
996844,0.017413689
996845,0.010880055
996846,0.0077938302
996847,0.0095822746
996848,0.010391774
996849,0.0167275
996850,0.0089994539
996851,0.0071949679
996852,0.0071116728
996853,0.010719928
996854,0.0071806065
996855,0.010730699
996856,0.0072057387
996857,0.010676126
996858,0.010885081
996859,0.0072050206
996860,0.0073156022
996861,0.0063049905
996862,0.0073184744
996863,0.017074764
996864,0.010862822
996865,0.0075446633
996866,0.0085650273
996867,0.010332175
996868,0.0073701749
996869,0.0070815142
996870,0.028463837
996871,0.0070484835
996872,0.0075525618
996873,0.013717831
996874,0.014253505
996875,0.02439611
996876,0.010619399
996877,0.016185327
996878,0.0071920957
996879,0.0075597428
996880,0.017371323
996881,0.0071691177
996882,0.0074333642
996883,0.010144761
996884,0.0073414524
996885,0.011089729
996886,0.017049633
996887,0.013947611
996888,0.030549891
996889,0.0071461396
996890,0.019980038
996891,0.010999971
996892,0.014395947
996893,0.0091983574
996894,0.0063928836
996895,0.014708037
996896,0.016631586
996897,0.0098955659
996898,0.010317096
996899,0.010447782
996900,0.0074527515
996901,0.010959042
996902,0.0070168888
996903,0.015540269
996904,0.027079504
996905,0.0063884137
996906,0.017899817
996907,0.017652804
996908,0.0071870694
996909,0.007400333
996910,0.013608686
996911,0.034021713
996912,0.0086081112
996913,0.028333956
996914,0.0074692671
996915,0.0071942499
996916,0.0072430777
996917,0.012568934
996918,0.015222886
996919,0.0070542279
996920,0.007673196
996921,0.023617733
996922,0.0071461396
996923,0.033732336
996924,0.018788775
996925,0.014109174
996926,0.023644302
996927,0.0099688359
996928,0.015940947
996929,0.0092518041
996930,0.0071123908
996931,0.034063362
996932,0.010462862
996933,0.013213752
996934,0.01437342
996935,0.007078642
996936,0.007042021
996937,0.0069896025
996938,0.010523179
996939,0.010812557
996940,0.0089254938
996941,0.010698386
996942,0.023935117
996943,0.0057595647
996944,0.039433736
996945,0.0067210477
996946,0.02366728
996947,0.017428769
996948,0.0071569108
996949,0.0072294348
996950,0.010581342
996951,0.0090568988
996952,0.0064691803
996953,0.0073795095
996954,0.0065342062
996955,0.010721364
996956,0.013766659
996957,0.010381721
996958,0.0069544176
996959,0.020359734
996960,0.00736443
996961,0.014030905
996962,0.0080243275
996963,0.021128217
996964,0.014028751
996965,0.010454963
996966,0.010352281
996967,0.010466452
996968,0.018120978
996969,0.0073141661
996970,0.010124655
996971,0.026667336
996972,0.017274385
996973,0.030577177
996974,0.007055664
996975,0.019933531
996976,0.010684025
996977,0.0072409236
996978,0.007151884
996979,0.0070886947
996980,0.0211534
996981,0.0078699449
996982,0.017957261
996983,0.018060662
996984,0.013524673
996985,0.017662138
996986,0.020672966
996987,0.013738655
996988,0.0074929632
996989,0.0072990865
996990,0.0071238796
996991,0.007365148
996992,0.0068359375
996993,0.0072660558
996994,0.0063447841
996995,0.0061753215
996996,0.010646685
996997,0.0111005
996998,0.0062797717
996999,0.0070714615
997000,0.0088967718
997001,0.006072639
997002,0.017405791
997003,0.01048943
997004,0.0073529412
997005,0.0064287973
997006,0.0071899416
997007,0.013923914
997008,0.0073177563
997009,0.0071504479
997010,0.020443186
997011,0.015031852
997012,0.0079288259
997013,0.017364861
997014,0.013488051
997015,0.010587086
997016,0.011445169
997017,0.027607996
997018,0.0073874081
997019,0.0071281884
997020,0.0065767965
997021,0.0076717599
997022,0.0043962235
997023,0.0070427391
997024,0.0045385654
997025,0.0071978401
997026,0.0080099665
997027,0.010861386
997028,0.0074269013
997029,0.019567378
997030,0.0070111444
997031,0.0076293945
997032,0.037162513
997033,0.0070585362
997034,0.014135025
997035,0.01046717
997036,0.023695285
997037,0.010845589
997038,0.0070886947
997039,0.010595703
997040,0.024455709
997041,0.0099059138
997042,0.015199738
997043,0.0075870291
997044,0.023647891
997045,0.010523897
997046,0.0068589156
997047,0.014675723
997048,0.038787484
997049,0.015693935
997050,0.012864775
997051,0.022401758
997052,0.017198989
997053,0.0072739543
997054,0.013448037
997055,0.014160156
997056,0.008062385
997057,0.014074707
997058,0.013878676
997059,0.013972742
997060,0.010562672
997061,0.027823415
997062,0.007078642
997063,0.013306382
997064,0.010557646
997065,0.0064403317
997066,0.014458152
997067,0.0070068361
997068,0.01451057
997069,0.0089800665
997070,0.0070865406
997071,0.0070434571
997072,0.0065953871
997073,0.01202608
997074,0.0059756194
997075,0.017164523
997076,0.014010082
997077,0.0078553809
997078,0.025631893
997079,0.0086763268
997080,0.0063993568
997081,0.010611501
997082,0.017325368
997083,0.020990349
997084,0.0074125403
997085,0.013629509
997086,0.024301328
997087,0.024244601
997088,0.014066808
997089,0.010945398
997090,0.007247386
997091,0.013900219
997092,0.0073378617
997093,0.0061078239
997094,0.019601656
997095,0.013556985
997096,0.015773775
997097,0.010719928
997098,0.010781681
997099,0.0069917566
997100,0.0088648461
997101,0.0072818534
997102,0.020278033
997103,0.037392292
997104,0.0075439452
997105,0.027228143
997106,0.014022289
997107,0.01027473
997108,0.0083625345
997109,0.010791016
997110,0.0091818413
997111,0.017203297
997112,0.022355469
997113,0.0020251528
997114,0.016001983
997115,0.0068467082
997116,0.013972742
997117,0.0071037742
997118,0.030625287
997119,0.010602884
997120,0.013553395
997121,0.024108168
997122,0.0096241673
997123,0.024310661
997124,0.0099846385
997125,0.010854205
997126,0.024149816
997127,0.0074908086
997128,0.021289062
997129,0.0073601217
997130,0.01484734
997131,0.014624024
997132,0.031215534
997133,0.037591912
997134,0.01423627
997135,0.010803223
997136,0.010333611
997137,0.012915039
997138,0.0073888442
997139,0.024489459
997140,0.0069185146
997141,0.024011949
997142,0.007525994
997143,0.010229493
997144,0.015857652
997145,0.007929544
997146,0.0071332147
997147,0.008414235
997148,0.0072265626
997149,0.01404024
997150,0.0058191638
997151,0.0089333924
997152,0.011086857
997153,0.010693359
997154,0.0070283776
997155,0.010354435
997156,0.01048943
997157,0.0070305318
997158,0.017768411
997159,0.013790355
997160,0.0098941578
997161,0.024164177
997162,0.0073529412
997163,0.0069623161
997164,0.0066427793
997165,0.013549087
997166,0.018004656
997167,0.0071784523
997168,0.0097620348
997169,0.0077442843
997170,0.0078002932
997171,0.017712802
997172,0.0072610294
997173,0.039145079
997174,0.010997817
997175,0.016446078
997176,0.0059283087
997177,0.02754768
997178,0.010771628
997179,0.014089786
997180,0.0071605011
997181,0.017713839
997182,0.0068416819
997183,0.010384593
997184,0.0071820426
997185,0.006570973
997186,0.022470273
997187,0.0071382411
997188,0.020958755
997189,0.02671401
997190,0.027685547
997191,0.014156566
997192,0.010982738
997193,0.011386288
997194,0.0074139764
997195,0.008723001
997196,0.010692641
997197,0.010004739
997198,0.022881292
997199,0.0107228
997200,0.014015826
997201,0.0070111444
997202,0.0074046417
997203,0.0071770162
997204,0.0073759193
997205,0.024159869
997206,0.014160874
997207,0.014695112
997208,0.011214672
997209,0.0070226332
997210,0.013867187
997211,0.022520918
997212,0.010259651
997213,0.013706342
997214,0.01726505
997215,0.009529002
997216,0.0074254652
997217,0.0070642806
997218,0.013984231
997219,0.012998334
997220,0.007217946
997221,0.0071195713
997222,0.0068309112
997223,0.010692641
997224,0.0072538489
997225,0.010526769
997226,0.010184254
997227,0.020213408
997228,0.014985434
997229,0.0071303425
997230,0.019588694
997231,0.0069221049
997232,0.0072646197
997233,0.0071231616
997234,0.0074635227
997235,0.013479481
997236,0.0098317014
997237,0.012866866
997238,0.0088831289
997239,0.0080702836
997240,0.02654383
997241,0.01429946
997242,0.013165186
997243,0.017252844
997244,0.020493452
997245,0.019697839
997246,0.007100184
997247,0.013872214
997248,0.021266084
997249,0.014305204
997250,0.010998535
997251,0.0053035445
997252,0.014145795
997253,0.013111508
997254,0.015581198
997255,0.0095398529
997256,0.037016027
997257,0.020683737
997258,0.01056339
997259,0.0074060778
997260,0.01496737
997261,0.016489545
997262,0.010484404
997263,0.010450655
997264,0.010383875
997265,0.007218664
997266,0.02391501
997267,0.0083346562
997268,0.0070003732
997269,0.012797655
997270,0.036402803
997271,0.010184254
997272,0.039751839
997273,0.007327809
997274,0.0073888442
997275,0.020695945
997276,0.0063332953
997277,0.0057674632
997278,0.013568474
997279,0.011094755
997280,0.01251106
997281,0.0070886947
997282,0.011482546
997283,0.0077744429
997284,0.01141142
997285,0.020132985
997286,0.007444853
997287,0.0073687383
997288,0.006865378
997289,0.006605478
997290,0.0072157914
997291,0.032546479
997292,0.039673571
997293,0.010285501
997294,0.0070075542
997295,0.0071698357
997296,0.0074254652
997297,0.012782197
997298,0.0071849148
997299,0.010500919
997300,0.013554113
997301,0.0068467082
997302,0.03997013
997303,0.0062817265
997304,0.017942181
997305,0.027064424
997306,0.010328584
997307,0.015629308
997308,0.010421933
997309,0.012339154
997310,0.024770938
997311,0.0071806065
997312,0.011092601
997313,0.013933249
997314,0.013648897
997315,0.012835454
997316,0.0093771545
997317,0.0074139764
997318,0.010251034
997319,0.01539522
997320,0.019232538
997321,0.013832721
997322,0.016045962
997323,0.0073069851
997324,0.0031654648
997325,0.0071949679
997326,0.0066509303
997327,0.0070118625
997328,0.007100184
997329,0.0062952056
997330,0.008061667
997331,0.0083374027
997332,0.0069221049
997333,0.0092715994
997334,0.0071949679
997335,0.0094231097
997336,0.0071346508
997337,0.0072753904
997338,0.026031591
997339,0.0074333642
997340,0.03974035
997341,0.0068883561
997342,0.027447868
997343,0.014201804
997344,0.011914062
997345,0.0072150733
997346,0.017392147
997347,0.030639589
997348,0.011073931
997349,0.014292279
997350,0.0087976791
997351,0.027345186
997352,0.010572007
997353,0.0037863723
997354,0.0079237996
997355,0.0053138528
997356,0.0075432272
997357,0.010876465
997358,0.023517923
997359,0.014084042
997360,0.024532542
997361,0.00913445
997362,0.0071798884
997363,0.0061920141
997364,0.010515998
997365,0.019544102
997366,0.013938275
997367,0.017463235
997368,0.0072251265
997369,0.0062758503
997370,0.0072416416
997371,0.014051011
997372,0.015039062
997373,0.028010109
997374,0.017500574
997375,0.021322602
997376,0.0067935721
997377,0.0072811353
997378,0.0098308353
997379,0.012304688
997380,0.0072251265
997381,0.013997156
997382,0.0073852539
997383,0.0064007929
997384,0.017248536
997385,0.010941808
997386,0.0072926241
997387,0.0073105758
997388,0.010921703
997389,0.024453679
997390,0.0070018093
997391,0.024530388
997392,0.0073988969
997393,0.01027473
997394,0.00736443
997395,0.0069070254
997396,0.0071820426
997397,0.0070663565
997398,0.0074857823
997399,0.017562328
997400,0.020761289
997401,0.0072423597
997402,0.0072854436
997403,0.0209566
997404,0.0071080825
997405,0.012874857
997406,0.0070542279
997407,0.020809397
997408,0.014073989
997409,0.0067019491
997410,0.0073098578
997411,0.0073141661
997412,0.0068337834
997413,0.036946695
997414,0.01105239
997415,0.027552705
997416,0.039236989
997417,0.010424805
997418,0.0063755284
997419,0.013936121
997420,0.009222053
997421,0.014292279
997422,0.029963234
997423,0.020670813
997424,0.010574879
997425,0.010280474
997426,0.01728731
997427,0.010971967
997428,0.0065372242
997429,0.0059893439
997430,0.011051672
997431,0.010619399
997432,0.024297019
997433,0.010505945
997434,0.0074017695
997435,0.0096540358
997436,0.010556928
997437,0.031199018
997438,0.0074563418
997439,0.0055620978
997440,0.024804687
997441,0.010283346
997442,0.0071612191
997443,0.0086210323
997444,0.0085255345
997445,0.008378597
997446,0.030732997
997447,0.0069860122
997448,0.013857853
997449,0.0069163395
997450,0.007159065
997451,0.021254595
997452,0.0015892425
997453,0.0074204388
997454,0.027607279
997455,0.010546875
997456,0.031159524
997457,0.03717472
997458,0.007365148
997459,0.0069802678
997460,0.0069544176
997461,0.017249972
997462,0.0068821134
997463,0.021993387
997464,0.026141711
997465,0.0070427391
997466,0.0080494601
997467,0.010572725
997468,0.023740521
997469,0.0079765795
997470,0.033250518
997471,0.0085901599
997472,0.0064682849
997473,0.0061250576
997474,0.0061950972
997475,0.0077069453
997476,0.007467831
997477,0.017093435
997478,0.0093886433
997479,0.013950483
997480,0.017181756
997481,0.0069407742
997482,0.0060381722
997483,0.013395973
997484,0.010276166
997485,0.020463293
997486,0.014348288
997487,0.011945657
997488,0.014275764
997489,0.005869946
997490,0.017102769
997491,0.0071698357
997492,0.011249856
997493,0.007246668
997494,0.010801787
997495,0.0071116728
997496,0.0064872839
997497,0.010844152
997498,0.010235237
997499,0.0073809456
997500,0.010582778
997501,0.0080796182
997502,0.0072854436
997503,0.0072437958
997504,0.0071346508
997505,0.0072610294
997506,0.031279441
997507,0.010531078
997508,0.007481474
997509,0.013878676
997510,0.010527487
997511,0.02581186
997512,0.019754259
997513,0.018858906
997514,0.006887638
997515,0.017038861
997516,0.0068201399
997517,0.0069536995
997518,0.0072315889
997519,0.020520052
997520,0.01044491
997521,0.0059247185
997522,0.013909553
997523,0.0087732654
997524,0.0073069851
997525,0.010851333
997526,0.010828354
997527,0.0071095186
997528,0.0079783723
997529,0.01372573
997530,0.0070010913
997531,0.010730699
997532,0.0076976102
997533,0.0068840478
997534,0.016445722
997535,0.0077234604
997536,0.010742188
997537,0.019864431
997538,0.0070908489
997539,0.011176614
997540,0.00823831
997541,0.0070068361
997542,0.015336339
997543,0.0073673022
997544,0.015446112
997545,0.0085147638
997546,0.0070693074
997547,0.0071116728
997548,0.0073213466
997549,0.010931755
997550,0.0098912856
997551,0.018518066
997552,0.0069522634
997553,0.0093484316
997554,0.0073292451
997555,0.010303453
997556,0.032535583
997557,0.039602481
997558,0.0064293663
997559,0.013706342
997560,0.010749368
997561,0.0076559628
997562,0.01377025
997563,0.014099121
997564,0.0071016201
997565,0.0072229723
997566,0.010642377
997567,0.017201142
997568,0.0059254365
997569,0.010653866
997570,0.0072423597
997571,0.0073084212
997572,0.010721364
997573,0.039535701
997574,0.025796484
997575,0.039349724
997576,0.015902171
997577,0.022562984
997578,0.027298512
997579,0.0073981788
997580,0.005514706
997581,0.013997156
997582,0.008003504
997583,0.019325959
997584,0.0065639182
997585,0.036138639
997586,0.0067066867
997587,0.0099156993
997588,0.0073565315
997589,0.0062479516
997590,0.029088361
997591,0.0062008318
997592,0.0077916761
997593,0.0096613634
997594,0.026447276
997595,0.010330738
997596,0.0073184744
997597,0.010590677
997598,0.0099810436
997599,0.010351563
997600,0.0072445138
997601,0.0073436066
997602,0.0066693476
997603,0.020537971
997604,0.016276702
997605,0.017225558
997606,0.010377413
997607,0.019588694
997608,0.0071482938
997609,0.012523696
997610,0.0069637522
997611,0.0070714615
997612,0.0072840075
997613,0.0095078414
997614,0.0070369947
997615,0.0097777816
997616,0.0064003938
997617,0.0071245977
997618,0.0068596336
997619,0.0204159
997620,0.033690754
997621,0.017507754
997622,0.01171875
997623,0.0075202491
997624,0.0099678943
997625,0.012507899
997626,0.0078469673
997627,0.017573098
997628,0.017693015
997629,0.0073033948
997630,0.0073759193
997631,0.0059742648
997632,0.013152177
997633,0.0067077447
997634,0.034556668
997635,0.0073658661
997636,0.016866527
997637,0.013795381
997638,0.010755112
997639,0.0068129594
997640,0.017876837
997641,0.0074046417
997642,0.019739999
997643,0.0071705538
997644,0.0072057387
997645,0.010605038
997646,0.0063632214
997647,0.014150104
997648,0.029758578
997649,0.0074333642
997650,0.020278033
997651,0.0072150733
997652,0.010594985
997653,0.020591108
997654,0.0097914748
997655,0.020983662
997656,0.019699764
997657,0.010824046
997658,0.0071116728
997659,0.010525333
997660,0.01955954
997661,0.010385311
997662,0.026035158
997663,0.016309312
997664,0.02758861
997665,0.013338695
997666,0.026793715
997667,0.0075676413
997668,0.0065027573
997669,0.0090418197
997670,0.029755715
997671,0.024362363
997672,0.007715242
997673,0.033276908
997674,0.023908548
997675,0.0109375
997676,0.024613684
997677,0.020685174
997678,0.0071461396
997679,0.017825857
997680,0.0072768265
997681,0.013900937
997682,0.013609404
997683,0.012581859
997684,0.0091947671
997685,0.023057193
997686,0.036764707
997687,0.0068883561
997688,0.012782587
997689,0.0071475757
997690,0.027045755
997691,0.010434858
997692,0.0072854436
997693,0.0070822323
997694,0.0091715539
997695,0.016243439
997696,0.0073601217
997697,0.0068976907
997698,0.0098352768
997699,0.007306267
997700,0.0071870694
997701,0.0098492317
997702,0.010905906
997703,0.011206055
997704,0.0072165094
997705,0.0078383498
997706,0.006997501
997707,0.010864258
997708,0.0064427941
997709,0.0071403952
997710,0.023460478
997711,0.010731417
997712,0.009062713
997713,0.0071339328
997714,0.010764447
997715,0.010576315
997716,0.010515998
997717,0.0069903205
997718,0.020797908
997719,0.010561954
997720,0.0072904699
997721,0.039694395
997722,0.013625919
997723,0.0070772059
997724,0.0070851045
997725,0.0073471968
997726,0.0069163605
997727,0.0071626552
997728,0.019578641
997729,0.013412655
997730,0.0072236904
997731,0.0064352597
997732,0.020514276
997733,0.0095143039
997734,0.028995875
997735,0.03647748
997736,0.0069687786
997737,0.010333611
997738,0.0071418313
997739,0.0075482535
997740,0.011504049
997741,0.02877626
997742,0.013177131
997743,0.013671875
997744,0.020600442
997745,0.010423369
997746,0.007151166
997747,0.0069587259
997748,0.0070886947
997749,0.039326027
997750,0.023115585
997751,0.006314361
997752,0.0077708527
997753,0.0061056698
997754,0.02731072
997755,0.0071468577
997756,0.014384191
997757,0.01418457
997758,0.010482968
997759,0.010750804
997760,0.010327866
997761,0.0069924747
997762,0.0069544176
997763,0.0055082431
997764,0.019152114
997765,0.019450484
997766,0.0070061181
997767,0.01406609
997768,0.0075712316
997769,0.0076760687
997770,0.007385972
997771,0.017099896
997772,0.0118751
997773,0.0074276193
997774,0.0072761085
997775,0.016988598
997776,0.007658835
997777,0.0069027171
997778,0.0088005513
997779,0.0068723108
997780,0.0076889936
997781,0.0042316588
997782,0.028294608
997783,0.039621152
997784,0.0094875218
997785,0.022644762
997786,0.010907342
997787,0.02091567
997788,0.0018209129
997789,0.015436653
997790,0.0073213466
997791,0.017458927
997792,0.020731129
997793,0.0072402055
997794,0.014155848
997795,0.016957721
997796,0.010781681
997797,0.022768613
997798,0.0067792106
997799,0.02021987
997800,0.0071123908
997801,0.010512408
997802,0.017258588
997803,0.030853631
997804,0.010460707
997805,0.006945801
997806,0.0083137061
997807,0.0071834787
997808,0.021018354
997809,0.0068897922
997810,0.0064852275
997811,0.010583496
997812,0.0072653377
997813,0.02007195
997814,0.007174144
997815,0.010597858
997816,0.035243854
997817,0.013616584
997818,0.010606474
997819,0.0071806065
997820,0.010893698
997821,0.0083316583
997822,0.010592113
997823,0.007151884
997824,0.010308479
997825,0.0098747537
997826,0.010684743
997827,0.0070542279
997828,0.0080663422
997829,0.0072380514
997830,0.006996783
997831,0.0074908086
997832,0.0071289064
997833,0.0090691065
997834,0.030715764
997835,0.017452464
997836,0.0055685602
997837,0.027751608
997838,0.0058507584
997839,0.015920645
997840,0.021564798
997841,0.0070097083
997842,0.010466452
997843,0.0080055362
997844,0.017238483
997845,0.017166676
997846,0.020963063
997847,0.014863138
997848,0.0091430666
997849,0.0071059284
997850,0.017944336
997851,0.0069292854
997852,0.017009176
997853,0.017635569
997854,0.010735725
997855,0.0070642806
997856,0.020658605
997857,0.022398466
997858,0.020902028
997859,0.013804716
997860,0.039848059
997861,0.0070233513
997862,0.039745376
997863,0.0063282857
997864,0.032908324
997865,0.0073163202
997866,0.0070958757
997867,0.0071195713
997868,0.007739258
997869,0.01060432
997870,0.0097929109
997871,0.031463265
997872,0.010754394
997873,0.007291906
997874,0.010381003
997875,0.019565716
997876,0.020919262
997877,0.027401913
997878,0.013775276
997879,0.034173943
997880,0.01389232
997881,0.007385972
997882,0.010192153
997883,0.0073830998
997884,0.020481244
997885,0.01110768
997886,0.012118713
997887,0.0066564223
997888,0.037230007
997889,0.0074951174
997890,0.010625862
997891,0.010404699
997892,0.013868623
997893,0.017387839
997894,0.0069249771
997895,0.010720646
997896,0.030652573
997897,0.014109892
997898,0.01071921
997899,0.0073299631
997900,0.020411415
997901,0.0072861616
997902,0.012431785
997903,0.0073077031
997904,0.010778091
997905,0.0072883158
997906,0.0071698357
997907,0.0098984512
997908,0.027854284
997909,0.0073953066
997910,0.0075152228
997911,0.017333984
997912,0.0059110788
997913,0.017164523
997914,0.020616958
997915,0.0084221335
997916,0.010403262
997917,0.017487649
997918,0.015321433
997919,0.010328584
997920,0.013088091
997921,0.0064177937
997922,0.010365924
997923,0.039309513
997924,0.0075942096
997925,0.007291188
997926,0.0060151941
997927,0.013747989
997928,0.013622329
997929,0.0072811353
997930,0.007423311
997931,0.0074807559
997932,0.016079364
997933,0.0071935318
997934,0.013476563
997935,0.0082993452
997936,0.0067066723
997937,0.010762293
997938,0.014281509
997939,0.0071856328
997940,0.010313505
997941,0.013857135
997942,0.013748707
997943,0.0091243964
997944,0.010346537
997945,0.0068596336
997946,0.0067670038
997947,0.0074908086
997948,0.0078024473
997949,0.0299978
997950,0.033538461
997951,0.014165901
997952,0.039855238
997953,0.016986443
997954,0.0074383905
997955,0.0070535098
997956,0.016380755
997957,0.01058924
997958,0.0094231097
997959,0.010294118
997960,0.010705566
997961,0.01312522
997962,0.0071827606
997963,0.0078778435
997964,0.0085966224
997965,0.017220531
997966,0.0080537684
997967,0.013625919
997968,0.010273294
997969,0.007247386
997970,0.0073809456
997971,0.0070111444
997972,0.007137523
997973,0.016947668
997974,0.0029190022
997975,0.0065779975
997976,0.0088924635
997977,0.0056877583
997978,0.023617482
997979,0.030766746
997980,0.020571003
997981,0.0074484432
997982,0.01071921
997983,0.0071497299
997984,0.026357852
997985,0.023795094
997986,0.0097716069
997987,0.032177836
997988,0.0069996552
997989,0.0060982569
997990,0.0072265626
997991,0.010299862
997992,0.016345933
997993,0.014085478
997994,0.00572797
997995,0.0064407606
997996,0.013629509
997997,0.017601822
997998,0.0082490807
997999,0.017451746
998000,0.0080006318
998001,0.0073342714
998002,0.037365723
998003,0.038947612
998004,0.02589296
998005,0.038465075
998006,0.0078010112
998007,0.0072610294
998008,0.038905244
998009,0.013791791
998010,0.0095315371
998011,0.0099250348
998012,0.010587804
998013,0.0076064165
998014,0.0069163605
998015,0.010254624
998016,0.010544003
998017,0.0099652456
998018,0.017410817
998019,0.014063218
998020,0.0073536593
998021,0.014362649
998022,0.0032603638
998023,0.015169277
998024,0.010773783
998025,0.012850369
998026,0.020398667
998027,0.0070671532
998028,0.030944824
998029,0.010284064
998030,0.0076538087
998031,0.010353717
998032,0.0069508273
998033,0.02089772
998034,0.0074333642
998035,0.0066863745
998036,0.0058306525
998037,0.007459214
998038,0.013686954
998039,0.010422651
998040,0.0062736962
998041,0.0080365352
998042,0.0071332147
998043,0.0084580369
998044,0.020588236
998045,0.039596736
998046,0.010078939
998047,0.0059943702
998048,0.022610294
998049,0.022883128
998050,0.037408356
998051,0.017282285
998052,0.014515596
998053,0.011285041
998054,0.0070585362
998055,0.038846362
998056,0.020862535
998057,0.011123477
998058,0.013141583
998059,0.0070671532
998060,0.029545976
998061,0.014198214
998062,0.020898437
998063,0.009251494
998064,0.0071102367
998065,0.016439281
998066,0.013354734
998067,0.0068704044
998068,0.0074491613
998069,0.0061729322
998070,0.010941808
998071,0.0078929225
998072,0.010494457
998073,0.020609058
998074,0.0074362364
998075,0.027652517
998076,0.018421128
998077,0.017178884
998078,0.00686466
998079,0.0064506717
998080,0.0093290443
998081,0.020486271
998082,0.0073787915
998083,0.010805377
998084,0.0068854839
998085,0.010509536
998086,0.0063317865
998087,0.010037096
998088,0.016463695
998089,0.012910731
998090,0.010493739
998091,0.026469152
998092,0.0072402055
998093,0.0099643553
998094,0.036938872
998095,0.039694395
998096,0.0074032056
998097,0.0072524128
998098,0.03701818
998099,0.020583928
998100,0.0071231616
998101,0.0061933491
998102,0.0067262445
998103,0.0073141661
998104,0.010477941
998105,0.0076573989
998106,0.014142923
998107,0.01329824
998108,0.010594985
998109,0.021373793
998110,0.0070269415
998111,0.0074139764
998112,0.0068818936
998113,0.01720617
998114,0.039682906
998115,0.01058206
998116,0.0073235007
998117,0.0072933421
998118,0.010475069
998119,0.0072509767
998120,0.010016946
998121,0.011776195
998122,0.012286582
998123,0.025866453
998124,0.011672869
998125,0.0064429268
998126,0.029659484
998127,0.007004682
998128,0.014108456
998129,0.014431583
998130,0.010283346
998131,0.010931755
998132,0.0074326461
998133,0.010215849
998134,0.010830509
998135,0.013740809
998136,0.0073421705
998137,0.020033199
998138,0.0019234511
998139,0.014573041
998140,0.0061193132
998141,0.0096911322
998142,0.020691637
998143,0.012760669
998144,0.0072969324
998145,0.0076071345
998146,0.014081888
998147,0.0070427391
998148,0.014038086
998149,0.0070578181
998150,0.01656994
998151,0.013235129
998152,0.016777173
998153,0.013660386
998154,0.039754711
998155,0.010365924
998156,0.0070312498
998157,0.017186739
998158,0.010493021
998159,0.0062198415
998160,0.013959818
998161,0.0094468063
998162,0.01062658
998163,0.0099882241
998164,0.007731359
998165,0.0074269013
998166,0.0087646488
998167,0.01954633
998168,0.0064747529
998169,0.0067863911
998170,0.0023014341
998171,0.0069852942
998172,0.007313448
998173,0.007159065
998174,0.030570714
998175,0.0071044923
998176,0.039712343
998177,0.0064674523
998178,0.020496324
998179,0.011376953
998180,0.007349351
998181,0.0071044923
998182,0.014247041
998183,0.010492302
998184,0.017511345
998185,0.0070657171
998186,0.007525994
998187,0.010608628
998188,0.014038086
998189,0.01091165
998190,0.014246323
998191,0.023990408
998192,0.010309197
998193,0.010746496
998194,0.013970588
998195,0.0081844553
998196,0.006103084
998197,0.019342277
998198,0.030665498
998199,0.013166977
998200,0.011013614
998201,0.0070405849
998202,0.0068467082
998203,0.010421215
998204,0.0075015798
998205,0.016957721
998206,0.017204734
998207,0.0075245579
998208,0.0070492015
998209,0.0074297735
998210,0.0071669635
998211,0.02124957
998212,0.01267971
998213,0.0086849434
998214,0.0073400163
998215,0.023943014
998216,0.0071806065
998217,0.0073823817
998218,0.0071978401
998219,0.0063963099
998220,0.0021858858
998221,0.010366642
998222,0.007092285
998223,0.010538259
998224,0.0075030159
998225,0.016788326
998226,0.025233824
998227,0.024333639
998228,0.0060977712
998229,0.02123449
998230,0.0064215581
998231,0.0061279298
998232,0.0092457486
998233,0.010581342
998234,0.020565256
998235,0.01181138
998236,0.010811121
998237,0.0076056984
998238,0.0070312498
998239,0.0070858225
998240,0.0072983685
998241,0.0073112939
998242,0.0070262235
998243,0.0069623161
998244,0.0062600528
998245,0.007408232
998246,0.010271139
998247,0.0061695771
998248,0.00870864
998249,0.0072732363
998250,0.0089499084
998251,0.0062758503
998252,0.016738597
998253,0.0070628445
998254,0.007444853
998255,0.0078814337
998256,0.0069730869
998257,0.0074204388
998258,0.023604017
998259,0.016733686
998260,0.013786765
998261,0.011890256
998262,0.0069185146
998263,0.014005055
998264,0.0062708342
998265,0.020427389
998266,0.0065342216
998267,0.0072402055
998268,0.010317096
998269,0.0072617475
998270,0.015764529
998271,0.010139016
998272,0.0069393381
998273,0.013660386
998274,0.0072387694
998275,0.011868824
998276,0.011361156
998277,0.010949707
998278,0.010681152
998279,0.0071576289
998280,0.0021206418
998281,0.027012724
998282,0.017081227
998283,0.0072093289
998284,0.010677562
998285,0.0069723688
998286,0.0060546873
998287,0.0072825714
998288,0.010869284
998289,0.0069623161
998290,0.011044491
998291,0.0076286765
998292,0.026164398
998293,0.017222686
998294,0.013627355
998295,0.007467831
998296,0.0076064165
998297,0.027447151
998298,0.007658835
998299,0.0072495406
998300,0.0074204388
998301,0.027885167
998302,0.015252327
998303,0.023426728
998304,0.013747271
998305,0.0072818534
998306,0.019746421
998307,0.0074340822
998308,0.013824822
998309,0.022759674
998310,0.0075762579
998311,0.016000547
998312,0.005786851
998313,0.010999253
998314,0.010705566
998315,0.011272117
998316,0.007269646
998317,0.0074412627
998318,0.031244256
998319,0.0054364372
998320,0.014444509
998321,0.031621665
998322,0.0071691177
998323,0.010737879
998324,0.0071633733
998325,0.010675408
998326,0.017461799
998327,0.021472886
998328,0.0081995344
998329,0.01098202
998330,0.0070585362
998331,0.0076394472
998332,0.0076200599
998333,0.0073981788
998334,0.0073687383
998335,0.014168495
998336,0.0072524128
998337,0.029689636
998338,0.0094733741
998339,0.013885858
998340,0.0071217255
998341,0.0073996149
998342,0.0071346508
998343,0.0096636601
998344,0.020868996
998345,0.007055664
998346,0.014402861
998347,0.0075511257
998348,0.019769348
998349,0.013853544
998350,0.013803998
998351,0.020641372
998352,0.010383157
998353,0.010914522
998354,0.012925092
998355,0.0070427391
998356,0.0076976102
998357,0.024139142
998358,0.019496784
998359,0.0076444736
998360,0.0107228
998361,0.023920037
998362,0.007004682
998363,0.015177649
998364,0.039919864
998365,0.012942325
998366,0.0086511951
998367,0.010330738
998368,0.0074750115
998369,0.013585708
998370,0.0071490118
998371,0.007313448
998372,0.010359461
998373,0.020661477
998374,0.039395679
998375,0.010541849
998376,0.0072581572
998377,0.01252944
998378,0.027916044
998379,0.0098711802
998380,0.0098037757
998381,0.0069300034
998382,0.027535472
998383,0.007151166
998384,0.023076519
998385,0.014173799
998386,0.013855699
998387,0.0071569108
998388,0.024956916
998389,0.017936436
998390,0.020033581
998391,0.0072639016
998392,0.007100184
998393,0.010373104
998394,0.027876532
998395,0.0062290407
998396,0.0073069851
998397,0.017886173
998398,0.014517033
998399,0.010558364
998400,0.014005055
998401,0.009397978
998402,0.027704934
998403,0.010670382
998404,0.014136461
998405,0.0075496896
998406,0.010636632
998407,0.0071052103
998408,0.0075798482
998409,0.007055664
998410,0.024942353
998411,0.01075224
998412,0.017474724
998413,0.03878174
998414,0.0033480725
998415,0.030450799
998416,0.023423139
998417,0.01117087
998418,0.028535288
998419,0.024140481
998420,0.006358427
998421,0.023624914
998422,0.017486932
998423,0.0073105758
998424,0.017727481
998425,0.017449591
998426,0.020201698
998427,0.0079812445
998428,0.027510339
998429,0.007218664
998430,0.017592486
998431,0.0069987648
998432,0.010513844
998433,0.017489085
998434,0.0067935358
998435,0.011280528
998436,0.007041303
998437,0.0071332147
998438,0.013798254
998439,0.013895192
998440,0.0081004426
998441,0.01080035
998442,0.010612219
998443,0.01167134
998444,0.009869026
998445,0.0075303023
998446,0.010111731
998447,0.0072445138
998448,0.0070132986
998449,0.012940099
998450,0.0072617475
998451,0.0074527515
998452,0.0074908086
998453,0.017298082
998454,0.0076940199
998455,0.007195686
998456,0.0068488624
998457,0.0087983971
998458,0.01041547
998459,0.010351563
998460,0.034650736
998461,0.01047866
998462,0.010577033
998463,0.0059757009
998464,0.0067885453
998465,0.010712747
998466,0.010481532
998467,0.02782126
998468,0.0072976504
998469,0.016719325
998470,0.0074793198
998471,0.011249856
998472,0.017597513
998473,0.0070578181
998474,0.0062553319
998475,0.0071253157
998476,0.0078584561
998477,0.013568474
998478,0.0070499196
998479,0.0070269415
998480,0.0080882357
998481,0.014247041
998482,0.0073974608
998483,0.0072007123
998484,0.0068253935
998485,0.0071281884
998486,0.0067828009
998487,0.01391458
998488,0.0073960247
998489,0.0071669635
998490,0.0077658258
998491,0.0073385797
998492,0.023791503
998493,0.0072832895
998494,0.010452091
998495,0.0070664352
998496,0.013912425
998497,0.0065904064
998498,0.010662483
998499,0.0076164696
998500,0.010546875
998501,0.010271857
998502,0.0070994659
998503,0.017662857
998504,0.013918823
998505,0.011372644
998506,0.0076638614
998507,0.016815308
998508,0.021098776
998509,0.0070664352
998510,0.007233025
998511,0.01933567
998512,0.0071834787
998513,0.010414752
998514,0.01408117
998515,0.0093276082
998516,0.0065376582
998517,0.010526769
998518,0.010414752
998519,0.013785329
998520,0.0086425785
998521,0.0071066464
998522,0.01438491
998523,0.0070664352
998524,0.0071396772
998525,0.0072531309
998526,0.0070405849
998527,0.014073989
998528,0.0071899416
998529,0.0098409411
998530,0.024187874
998531,0.010697667
998532,0.017452464
998533,0.0075482535
998534,0.028429532
998535,0.020809397
998536,0.01237434
998537,0.010757985
998538,0.014085478
998539,0.020852482
998540,0.016363641
998541,0.012945916
998542,0.012269503
998543,0.014985926
998544,0.0085090185
998545,0.0074771657
998546,0.023864027
998547,0.010431985
998548,0.023862591
998549,0.014216883
998550,0.023279527
998551,0.033179279
998552,0.010493739
998553,0.010388183
998554,0.0071353689
998555,0.019130461
998556,0.031208353
998557,0.0092543662
998558,0.017051786
998559,0.010551183
998560,0.014760455
998561,0.010799632
998562,0.019831399
998563,0.014226936
998564,0.0065160049
998565,0.03953642
998566,0.007870663
998567,0.0070348405
998568,0.0059074853
998569,0.009369256
998570,0.010443474
998571,0.010660329
998572,0.0070714615
998573,0.013113188
998574,0.014257813
998575,0.0089894012
998576,0.014269302
998577,0.024088062
998578,0.0063173962
998579,0.0085865697
998580,0.024963379
998581,0.013520365
998582,0.01043773
998583,0.006901999
998584,0.0069845761
998585,0.014093377
998586,0.020477654
998587,0.01368839
998588,0.0064130342
998589,0.013709215
998590,0.0160597
998591,0.0098948758
998592,0.010216567
998593,0.010897289
998594,0.031089155
998595,0.0073414524
998596,0.010625144
998597,0.0075662052
998598,0.013501694
998599,0.009296013
998600,0.013187968
998601,0.011895393
998602,0.0062471754
998603,0.01041188
998604,0.0053313547
998605,0.03967429
998606,0.010502355
998607,0.0073838178
998608,0.0064036651
998609,0.01062658
998610,0.013091228
998611,0.0088518178
998612,0.011073213
998613,0.0095481081
998614,0.010328584
998615,0.034295581
998616,0.0074929632
998617,0.030941952
998618,0.028792441
998619,0.017903406
998620,0.027193675
998621,0.021887925
998622,0.010697667
998623,0.016109716
998624,0.011124083
998625,0.013388241
998626,0.010443474
998627,0.0074477252
998628,0.017176729
998629,0.0082210768
998630,0.020620547
998631,0.010516716
998632,0.01105239
998633,0.019261871
998634,0.0070348405
998635,0.0073191924
998636,0.0075697955
998637,0.016773896
998638,0.010101678
998639,0.025411127
998640,0.011744143
998641,0.0072653377
998642,0.010813275
998643,0.016900612
998644,0.0080193011
998645,0.0093864892
998646,0.0070915669
998647,0.020717487
998648,0.013511029
998649,0.0071971221
998650,0.017292337
998651,0.0072610294
998652,0.0073996149
998653,0.0099178534
998654,0.010186409
998655,0.035218325
998656,0.017242791
998657,0.013905245
998658,0.0068474263
998659,0.016675815
998660,0.014016544
998661,0.0067776423
998662,0.013639562
998663,0.0071727079
998664,0.0072495406
998665,0.0072581572
998666,0.0073299631
998667,0.037060548
998668,0.013913143
998669,0.0081248563
998670,0.0070657171
998671,0.010508818
998672,0.010620117
998673,0.009098026
998674,0.010890826
998675,0.0061326488
998676,0.0077335131
998677,0.0072574392
998678,0.0088903094
998679,0.012714178
998680,0.010436294
998681,0.007100184
998682,0.014152976
998683,0.0072172275
998684,0.014085478
998685,0.0072172275
998686,0.037010282
998687,0.014626178
998688,0.0069852942
998689,0.013953355
998690,0.0068488624
998691,0.0068410067
998692,0.012026631
998693,0.017107788
998694,0.020581055
998695,0.017520681
998696,0.010798914
998697,0.0074908086
998698,0.0069400561
998699,0.013049317
998700,0.010167739
998701,0.020677993
998702,0.010722082
998703,0.007563333
998704,0.026851626
998705,0.007540355
998706,0.013821231
998707,0.032229435
998708,0.039333209
998709,0.0071949679
998710,0.0070082722
998711,0.016039625
998712,0.0072610294
998713,0.025161564
998714,0.017302595
998715,0.0065444047
998716,0.016235052
998717,0.023976764
998718,0.0073586856
998719,0.0074628047
998720,0.020188993
998721,0.010642377
998722,0.010366642
998723,0.013601505
998724,0.017385684
998725,0.010922421
998726,0.010457835
998727,0.010977123
998728,0.01051169
998729,0.017964441
998730,0.010377413
998731,0.010267549
998732,0.020402258
998733,0.010635914
998734,0.026005656
998735,0.0074125403
998736,0.0074764476
998737,0.0069630342
998738,0.015548906
998739,0.013964844
998740,0.0069565717
998741,0.0070015583
998742,0.017670754
998743,0.021166274
998744,0.021009486
998745,0.013660386
998746,0.021187099
998747,0.0057981154
998748,0.0072093289
998749,0.026051929
998750,0.020372098
998751,0.023806583
998752,0.022914425
998753,0.0087459786
998754,0.0097225411
998755,0.0072954963
998756,0.014082606
998757,0.0069393381
998758,0.01001551
998759,0.0074714213
998760,0.0073759193
998761,0.02051284
998762,0.010344381
998763,0.0074419808
998764,0.014234834
998765,0.0073428885
998766,0.011894475
998767,0.0080272006
998768,0.039401423
998769,0.017453182
998770,0.0070211971
998771,0.010217285
998772,0.010505227
998773,0.01043773
998774,0.0056367163
998775,0.019400321
998776,0.007196404
998777,0.020785114
998778,0.0067219129
998779,0.011417164
998780,0.0072129192
998781,0.0074175666
998782,0.0074376725
998783,0.010586368
998784,0.010504509
998785,0.0073349895
998786,0.010763729
998787,0.010521024
998788,0.0072222543
998789,0.010513844
998790,0.007518095
998791,0.0066925003
998792,0.010291246
998793,0.0070829503
998794,0.039736759
998795,0.0072150733
998796,0.014180262
998797,0.013758042
998798,0.0073077031
998799,0.007327809
998800,0.011460966
998801,0.0083596623
998802,0.010714184
998803,0.011382697
998804,0.013926786
998805,0.010223029
998806,0.010255557
998807,0.010424805
998808,0.010420497
998809,0.0072854436
998810,0.015903607
998811,0.0070427391
998812,0.0069551356
998813,0.019664092
998814,0.023912856
998815,0.0067544077
998816,0.013408361
998817,0.010644531
998818,0.0071231616
998819,0.038982078
998820,0.0071044923
998821,0.0095990347
998822,0.017153034
998823,0.016363166
998824,0.010493021
998825,0.0093326177
998826,0.0072861616
998827,0.011035156
998828,0.030776799
998829,0.016605871
998830,0.0073069851
998831,0.032569796
998832,0.0072639016
998833,0.024597887
998834,0.020408003
998835,0.013945456
998836,0.0073184744
998837,0.010432703
998838,0.014124253
998839,0.0074304915
998840,0.0075245579
998841,0.017070455
998842,0.020726103
998843,0.024011949
998844,0.0041448311
998845,0.0069587259
998846,0.0072308709
998847,0.0072954963
998848,0.014338235
998849,0.010294118
998850,0.012891944
998851,0.024069393
998852,0.0072768265
998853,0.020947983
998854,0.013951919
998855,0.010942526
998856,0.023554768
998857,0.011390597
998858,0.028111357
998859,0.017005112
998860,0.0077385399
998861,0.0065242993
998862,0.023606244
998863,0.0070800781
998864,0.014165901
998865,0.0071231616
998866,0.019603109
998867,0.0058363969
998868,0.010611501
998869,0.0071705538
998870,0.024310661
998871,0.0077040726
998872,0.0068948185
998873,0.0071877874
998874,0.013379624
998875,0.015383417
998876,0.029178316
998877,0.0073838178
998878,0.012858657
998879,0.013866469
998880,0.019047277
998881,0.014005055
998882,0.013844928
998883,0.0072739543
998884,0.014396398
998885,0.02093865
998886,0.0056640627
998887,0.010584214
998888,0.0067734662
998889,0.010467889
998890,0.0071942499
998891,0.0140625
998892,0.0061250576
998893,0.009897748
998894,0.01047866
998895,0.0065846164
998896,0.017509909
998897,0.020326143
998898,0.013253513
998899,0.026083132
998900,0.020243566
998901,0.03028349
998902,0.027313592
998903,0.0077220243
998904,0.023832249
998905,0.025574449
998906,0.017598949
998907,0.013838465
998908,0.010394646
998909,0.011042337
998910,0.0093907481
998911,0.031685144
998912,0.012434568
998913,0.013719267
998914,0.018007886
998915,0.010569853
998916,0.0073364256
998917,0.0080055837
998918,0.011216108
998919,0.0097081801
998920,0.038555428
998921,0.010523897
998922,0.0099565685
998923,0.011521284
998924,0.0064298678
998925,0.010613655
998926,0.0071188533
998927,0.010621553
998928,0.03098001
998929,0.0072840075
998930,0.0017560192
998931,0.0077665439
998932,0.012389002
998933,0.0069860122
998934,0.006542705
998935,0.0072222543
998936,0.010642377
998937,0.010347255
998938,0.0072818534
998939,0.006996783
998940,0.0077442843
998941,0.0097426474
998942,0.0064120889
998943,0.01032643
998944,0.02995372
998945,0.002673394
998946,0.035015021
998947,0.030659037
998948,0.0060554054
998949,0.0025216201
998950,0.024179975
998951,0.007114545
998952,0.017118566
998953,0.0088393996
998954,0.013995002
998955,0.0067655677
998956,0.01071921
998957,0.010596422
998958,0.0071202894
998959,0.007305549
998960,0.0074376725
998961,0.0020481679
998962,0.01741728
998963,0.010783835
998964,0.0092967311
998965,0.017284438
998966,0.014183134
998967,0.022661949
998968,0.0063826074
998969,0.017561609
998970,0.015235093
998971,0.0071935318
998972,0.02421516
998973,0.0071188533
998974,0.0071088006
998975,0.010428395
998976,0.020554526
998977,0.010438448
998978,0.015671674
998979,0.0070161708
998980,0.013161848
998981,0.014284381
998982,0.0069867303
998983,0.011629711
998984,0.020965936
998985,0.0072265626
998986,0.017999491
998987,0.00570571
998988,0.010605038
998989,0.0070269415
998990,0.013932531
998991,0.0072998046
998992,0.011231905
998993,0.0070542279
998994,0.01735409
998995,0.0081112133
998996,0.017889045
998997,0.026664464
998998,0.036022339
998999,0.025488963
999000,0.0069917566
999001,0.013823385
999002,0.020464011
999003,0.030320112
999004,0.0076013901
999005,0.0078347595
999006,0.036969353
999007,0.0071806065
999008,0.0072574392
999009,0.0078699449
999010,0.0061250576
999011,0.013941147
999012,0.011104808
999013,0.02325655
999014,0.039912682
999015,0.0066485237
999016,0.010699104
999017,0.016727932
999018,0.0072531309
999019,0.0068862019
999020,0.0075195311
999021,0.0099401679
999022,0.0072057387
999023,0.0073235007
999024,0.0036974023
999025,0.021195715
999026,0.0078821518
999027,0.039502673
999028,0.0070937211
999029,0.0071281884
999030,0.017167395
999031,0.010416231
999032,0.010886517
999033,0.010994945
999034,0.011891085
999035,0.010578469
999036,0.0095538329
999037,0.023833152
999038,0.01750919
999039,0.026945226
999040,0.013982077
999041,0.01090447
999042,0.0071626552
999043,0.0069572898
999044,0.010592831
999045,0.010602166
999046,0.0064503313
999047,0.02392219
999048,0.010100959
999049,0.007233025
999050,0.013673311
999051,0.0022563592
999052,0.010321404
999053,0.0073098578
999054,0.0084221335
999055,0.010029153
999056,0.017672909
999057,0.0089075426
999058,0.010406854
999059,0.01129653
999060,0.0071231616
999061,0.014321002
999062,0.0075640511
999063,0.0088443533
999064,0.010510254
999065,0.010684025
999066,0.029813878
999067,0.0071691177
999068,0.011628993
999069,0.014182416
999070,0.0075755399
999071,0.0069113337
999072,0.0070168888
999073,0.0068969727
999074,0.0075482535
999075,0.014185288
999076,0.0074462891
999077,0.0070800781
999078,0.0070448932
999079,0.0016758314
999080,0.0082936008
999081,0.010677562
999082,0.0094259819
999083,0.0079733459
999084,0.020634191
999085,0.007813218
999086,0.010724236
999087,0.030503217
999088,0.035902936
999089,0.014030187
999090,0.0070506376
999091,0.0071396772
999092,0.0075137867
999093,0.013671875
999094,0.016919663
999095,0.010504509
999096,0.030473059
999097,0.01384421
999098,0.02393727
999099,0.024057904
999100,0.010589959
999101,0.028652292
999102,0.012931154
999103,0.0074240291
999104,0.00891471
999105,0.0071899416
999106,0.013845646
999107,0.0071497299
999108,0.0071561923
999109,0.0069429288
999110,0.013391654
999111,0.0070427391
999112,0.013136978
999113,0.0076552448
999114,0.0063081631
999115,0.0096737128
999116,0.017567562
999117,0.010537541
999118,0.0075482535
999119,0.0069666244
999120,0.039759018
999121,0.01071562
999122,0.0097701913
999123,0.010836972
999124,0.0072078928
999125,0.0074498793
999126,0.011112707
999127,0.0075762579
999128,0.0080429977
999129,0.027482621
999130,0.039466769
999131,0.012773581
999132,0.037779324
999133,0.010377413
999134,0.019982193
999135,0.01754294
999136,0.014237707
999137,0.0064137233
999138,0.0068933824
999139,0.022453038
999140,0.010360898
999141,0.019197743
999142,0.013725012
999143,0.0073629939
999144,0.023317168
999145,0.0073680202
999146,0.01114502
999147,0.010572007
999148,0.010300775
999149,0.019951316
999150,0.0073335534
999151,0.013916016
999152,0.0084443931
999153,0.028010109
999154,0.006358874
999155,0.0072703641
999156,0.007136805
999157,0.010560518
999158,0.0106711
999159,0.0069536995
999160,0.0078354776
999161,0.0065483451
999162,0.013824822
999163,0.0078627644
999164,0.014276482
999165,0.036721621
999166,0.010208668
999167,0.0020357573
999168,0.0073349895
999169,0.0070937211
999170,0.011971507
999171,0.0074936813
999172,0.0079934513
999173,0.027912455
999174,0.01372932
999175,0.01048943
999176,0.0055211685
999177,0.008781882
999178,0.020691637
999179,0.0075145047
999180,0.0074355183
999181,0.013674029
999182,0.0072308709
999183,0.0070326859
999184,0.010544003
999185,0.010627298
999186,0.0099523207
999187,0.013948329
999188,0.0070039639
999189,0.0090403836
999190,0.010629452
999191,0.0094496785
999192,0.030773927
999193,0.017293774
999194,0.013366699
999195,0.0096779373
999196,0.0071289064
999197,0.0076121609
999198,0.0080264825
999199,0.0067934622
999200,0.0080056582
999201,0.0082561141
999202,0.0092581054
999203,0.0073701749
999204,0.0073421705
999205,0.015454819
999206,0.020707434
999207,0.014234834
999208,0.0054644416
999209,0.024006205
999210,0.010673254
999211,0.008223949
999212,0.0073787915
999213,0.0082268212
999214,0.0072868797
999215,0.0071834787
999216,0.013017231
999217,0.011660587
999218,0.01113712
999219,0.010765883
999220,0.0062607708
999221,0.0016193592
999222,0.0070520737
999223,0.0071432674
999224,0.023828125
999225,0.010874311
999226,0.016882325
999227,0.010685461
999228,0.013859289
999229,0.0072725182
999230,0.010513126
999231,0.0078160902
999232,0.011004279
999233,0.0071920957
999234,0.020496324
999235,0.0075303023
999236,0.010655303
999237,0.0094781062
999238,0.0075008618
999239,0.013579963
999240,0.024287684
999241,0.0070398669
999242,0.0062022102
999243,0.010186409
999244,0.012719094
999245,0.017401483
999246,0.016142385
999247,0.025623078
999248,0.0095667224
999249,0.0070391488
999250,0.014005055
999251,0.010280474
999252,0.010571289
999253,0.0071123908
999254,0.0072430777
999255,0.024199363
999256,0.0072373333
999257,0.013932531
999258,0.0070542279
999259,0.010988482
999260,0.0107228
999261,0.0056181066
999262,0.012229291
999263,0.010616527
999264,0.017026654
999265,0.020612076
999266,0.013805434
999267,0.0073608398
999268,0.014035214
999269,0.020350846
999270,0.010812557
999271,0.020537253
999272,0.0074269013
999273,0.010515998
999274,0.010587086
999275,0.019439338
999276,0.007291188
999277,0.010498047
999278,0.0099402936
999279,0.0074039237
999280,0.006996783
999281,0.027251838
999282,0.0056475471
999283,0.0064521567
999284,0.0062747691
999285,0.011435834
999286,0.0063943304
999287,0.0076387292
999288,0.0390625
999289,0.0071439855
999290,0.0084903492
999291,0.022521731
999292,0.007042021
999293,0.005551327
999294,0.010328584
999295,0.010610783
999296,0.0069285673
999297,0.017198989
999298,0.014005773
999299,0.015590533
999300,0.033985812
999301,0.0080236094
999302,0.0072423597
999303,0.0064073545
999304,0.017365579
999305,0.033010527
999306,0.010467889
999307,0.0079525216
999308,0.013583554
999309,0.0070082722
999310,0.017199706
999311,0.0083388388
999312,0.010470043
999313,0.014175235
999314,0.0072222543
999315,0.014136461
999316,0.011238902
999317,0.017460363
999318,0.0064122817
999319,0.0069285673
999320,0.0086799171
999321,0.0058148555
999322,0.0068711224
999323,0.010449219
999324,0.0081413714
999325,0.0070772059
999326,0.038625918
999327,0.027689856
999328,0.039652027
999329,0.010628016
999330,0.0068991268
999331,0.038120404
999332,0.023701746
999333,0.014432301
999334,0.013546932
999335,0.011830631
999336,0.02053079
999337,0.0075116325
999338,0.0072725182
999339,0.0072531309
999340,0.010452809
999341,0.0071432674
999342,0.0074053598
999343,0.0069486732
999344,0.016964182
999345,0.010749368
999346,0.0073098578
999347,0.0071238796
999348,0.019502917
999349,0.014013672
999350,0.0081600416
999351,0.010718492
999352,0.007137523
999353,0.030733714
999354,0.020565256
999355,0.007173426
999356,0.023185657
999357,0.0071396772
999358,0.0075482535
999359,0.014234116
999360,0.0061523439
999361,0.039443791
999362,0.013468664
999363,0.0088120401
999364,0.0073507871
999365,0.0070183249
999366,0.020909926
999367,0.017247099
999368,0.020993222
999369,0.030606618
999370,0.0077378219
999371,0.0064661363
999372,0.0072430777
999373,0.020004146
999374,0.028028781
999375,0.039368395
999376,0.020597864
999377,0.010474351
999378,0.0070958757
999379,0.034517176
999380,0.0071181352
999381,0.010482968
999382,0.0069393381
999383,0.0059132297
999384,0.025195312
999385,0.014411477
999386,0.0073227827
999387,0.010484404
999388,0.0090130977
999389,0.017400047
999390,0.0073378617
999391,0.013869341
999392,0.0091559915
999393,0.0070657171
999394,0.013979205
999395,0.0082340017
999396,0.010611501
999397,0.032625932
999398,0.0060069785
999399,0.010449219
999400,0.014092659
999401,0.006609668
999402,0.0061100945
999403,0.0076286765
999404,0.01613318
999405,0.0073005226
999406,0.011625402
999407,0.010214413
999408,0.033311293
999409,0.0075482535
999410,0.027929688
999411,0.014018699
999412,0.0070642806
999413,0.014005773
999414,0.019970704
999415,0.010309197
999416,0.0073385797
999417,0.0091710705
999418,0.0069572898
999419,0.0072265626
999420,0.0072272806
999421,0.010553338
999422,0.0072840075
999423,0.013904527
999424,0.0076976102
999425,0.037221678
999426,0.010794606
999427,0.010573443
999428,0.010477941
999429,0.010341509
999430,0.0070571001
999431,0.010468607
999432,0.0069027171
999433,0.0073299631
999434,0.0073335534
999435,0.0094186375
999436,0.010768037
999437,0.0071131089
999438,0.010631606
999439,0.0077844956
999440,0.0071281884
999441,0.010627298
999442,0.0069838581
999443,0.013480871
999444,0.0085700536
999445,0.01995777
999446,0.0070865406
999447,0.01063017
999448,0.010157686
999449,0.0064454046
999450,0.01060791
999451,0.014054601
999452,0.01199664
999453,0.0072344611
999454,0.0076530906
999455,0.039494772
999456,0.013496668
999457,0.0075367647
999458,0.037115838
999459,0.025672823
999460,0.007195686
999461,0.039676443
999462,0.0074620866
999463,0.015659466
999464,0.010493739
999465,0.0065769781
999466,0.0071928138
999467,0.010317096
999468,0.010439884
999469,0.020560231
999470,0.01430305
999471,0.0073680202
999472,0.0068639419
999473,0.021615664
999474,0.0076545267
999475,0.011457376
999476,0.0091028549
999477,0.022918137
999478,0.0059347712
999479,0.011920525
999480,0.01044491
999481,0.013076602
999482,0.0072753904
999483,0.010628734
999484,0.0071676816
999485,0.011583037
999486,0.010340073
999487,0.013863597
999488,0.0070312498
999489,0.027656106
999490,0.038570628
999491,0.0072143553
999492,0.010638786
999493,0.0072086109
999494,0.010639505
999495,0.016618079
999496,0.017364861
999497,0.0065552867
999498,0.035258722
999499,0.007077924
999500,0.014274328
999501,0.0083948392
999502,0.013867187
999503,0.012550983
999504,0.0065084971
999505,0.0063376036
999506,0.0021539538
999507,0.010426241
999508,0.036060289
999509,0.012890625
999510,0.014104147
999511,0.014903349
999512,0.0060755112
999513,0.0073694563
999514,0.007114545
999515,0.0078519937
999516,0.013414937
999517,0.019894589
999518,0.0072122011
999519,0.010760857
999520,0.0096536074
999521,0.010474351
999522,0.0072201001
999523,0.014282227
999524,0.0071985582
999525,0.020637782
999526,0.016595544
999527,0.010480814
999528,0.0079654474
999529,0.012227762
999530,0.036580592
999531,0.0070815142
999532,0.024253218
999533,0.033509739
999534,0.025454532
999535,0.008826402
999536,0.010699104
999537,0.010741469
999538,0.0083891023
999539,0.027907427
999540,0.0078448132
999541,0.014482565
999542,0.010574161
999543,0.032690212
999544,0.005139878
999545,0.032697611
999546,0.010363052
999547,0.0064323875
999548,0.0078239888
999549,0.010523897
999550,0.0063972026
999551,0.012111529
999552,0.0074383905
999553,0.0083812037
999554,0.0074606501
999555,0.0072725182
999556,0.0074125403
999557,0.006946519
999558,0.020696662
999559,0.013361673
999560,0.01716524
999561,0.013820513
999562,0.0076832492
999563,0.0085217841
999564,0.0071583469
999565,0.0074943993
999566,0.014017981
999567,0.0073479149
999568,0.0070944391
999569,0.017289465
999570,0.01060432
999571,0.007349351
999572,0.0069529815
999573,0.0071116728
999574,0.0072847256
999575,0.010732853
999576,0.0071727079
999577,0.0070980298
999578,0.032620922
999579,0.0094453702
999580,0.010234519
999581,0.01039321
999582,0.0072524128
999583,0.0019912701
999584,0.01415513
999585,0.0075719496
999586,0.0013803125
999587,0.0018543783
999588,0.010422651
999589,0.0070326859
999590,0.010468607
999591,0.010549029
999592,0.0073263729
999593,0.014270738
999594,0.021117445
999595,0.0065792422
999596,0.018288085
999597,0.0081505431
999598,0.007739258
999599,0.010811121
999600,0.026314549
999601,0.019101348
999602,0.003328748
999603,0.0070822323
999604,0.013938993
999605,0.0072631836
999606,0.011050235
999607,0.010483686
999608,0.01734332
999609,0.039671414
999610,0.0078053195
999611,0.012860467
999612,0.038729321
999613,0.010185691
999614,0.010307761
999615,0.027013442
999616,0.01175609
999617,0.0080451518
999618,0.010987764
999619,0.026686914
999620,0.038814049
999621,0.011209645
999622,0.010496611
999623,0.010376695
999624,0.0071569108
999625,0.0075109145
999626,0.0070657171
999627,0.014198214
999628,0.0070283776
999629,0.028522087
999630,0.015538094
999631,0.010432703
999632,0.0069544176
999633,0.0071841967
999634,0.021433124
999635,0.0064937696
999636,0.011029412
999637,0.017380659
999638,0.0094992248
999639,0.0062384065
999640,0.0073263729
999641,0.0072516948
999642,0.023690257
999643,0.0072337431
999644,0.014249913
999645,0.0092321057
999646,0.0108262
999647,0.0071238796
999648,0.012697467
999649,0.0071920957
999650,0.027269071
999651,0.01797593
999652,0.010277602
999653,0.0075195311
999654,0.017262178
999655,0.011064596
999656,0.028923262
999657,0.0073780734
999658,0.007459932
999659,0.020550895
999660,0.039430864
999661,0.012891937
999662,0.010111731
999663,0.010753676
999664,0.013670439
999665,0.021010455
999666,0.0069874483
999667,0.0074125403
999668,0.010760857
999669,0.0072954963
999670,0.013284355
999671,0.00647859
999672,0.010136862
999673,0.0070657171
999674,0.011500459
999675,0.0083582262
999676,0.010307761
999677,0.010813993
999678,0.021050666
999679,0.014112046
999680,0.013941865
999681,0.020421645
999682,0.010792452
999683,0.034110755
999684,0.012379366
999685,0.010256778
999686,0.02694379
999687,0.013871496
999688,0.0084616272
999689,0.007584875
999690,0.03949549
999691,0.0068718405
999692,0.0074735754
999693,0.007004682
999694,0.014371984
999695,0.015136001
999696,0.011640482
999697,0.011020795
999698,0.011951402
999699,0.010453527
999700,0.0070822323
999701,0.017567353
999702,0.013327206
999703,0.039331771
999704,0.013751579
999705,0.0043125716
999706,0.015625
999707,0.0069730869
999708,0.0022866547
999709,0.010661765
999710,0.017427333
999711,0.030833252
999712,0.010485122
999713,0.024628762
999714,0.0070793601
999715,0.01114143
999716,0.018511605
999717,0.039485436
999718,0.01621777
999719,0.0060460707
999720,0.0062018898
999721,0.0096744318
999722,0.016432818
999723,0.011661305
999724,0.012502872
999725,0.010644531
999726,0.0070434571
999727,0.0095190322
999728,0.013295362
999729,0.010668945
999730,0.0083309393
999731,0.021324966
999732,0.010569853
999733,0.0098262178
999734,0.014292997
999735,0.0068689683
999736,0.0073515051
999737,0.0069587259
999738,0.0077579273
999739,0.0069738054
999740,0.0074534696
999741,0.03684872
999742,0.0029598873
999743,0.016083706
999744,0.0065336339
999745,0.007019761
999746,0.0063968101
999747,0.0072861616
999748,0.030873736
999749,0.0075252759
999750,0.013776712
999751,0.022302821
999752,0.011486098
999753,0.033932675
999754,0.020660041
999755,0.007775879
999756,0.013683364
999757,0.0071102367
999758,0.0070484835
999759,0.0071576289
999760,0.006996783
999761,0.0073931525
999762,0.0068933824
999763,0.0071806065
999764,0.0068711224
999765,0.0071992762
999766,0.014896168
999767,0.0080559226
999768,0.0075137867
999769,0.0074987076
999770,0.013388241
999771,0.013678337
999772,0.010075827
999773,0.010500919
999774,0.0066249818
999775,0.0064151539
999776,0.0070693074
999777,0.0075202491
999778,0.009017406
999779,0.017057531
999780,0.0070571001
999781,0.0062614889
999782,0.0072531309
999783,0.021714872
999784,0.010617963
999785,0.006901281
999786,0.010901597
999787,0.0063736448
999788,0.0059268726
999789,0.010455681
999790,0.0076775048
999791,0.01039321
999792,0.010908778
999793,0.023932245
999794,0.014912684
999795,0.039552219
999796,0.033763211
999797,0.0073069851
999798,0.0082367854
999799,0.006901999
999800,0.017306698
999801,0.007306267
999802,0.020469038
999803,0.0076638614
999804,0.0075899013
999805,0.01087072
999806,0.0075303023
999807,0.0072366153
999808,0.01451057
999809,0.020579619
999810,0.0071016201
999811,0.0077672624
999812,0.01079317
999813,0.030885944
999814,0.017476879
999815,0.010631606
999816,0.013844928
999817,0.0076437555
999818,0.013649615
999819,0.01733291
999820,0.008429314
999821,0.022684094
999822,0.018544599
999823,0.021285472
999824,0.011953556
999825,0.022378847
999826,0.007077924
999827,0.033087272
999828,0.0071856328
999829,0.0085865697
999830,0.024242446
999831,0.025154976
999832,0.01396269
999833,0.017095588
999834,0.03430032
999835,0.0094518326
999836,0.010295554
999837,0.013639562
999838,0.0079733459
999839,0.0073895622
999840,0.016806209
999841,0.013476497
999842,0.010574161
999843,0.010819738
999844,0.0086418604
999845,0.006161775
999846,0.0060913088
999847,0.02605135
999848,0.0070542279
999849,0.008165786
999850,0.017749023
999851,0.0070104264
999852,0.0071095186
999853,0.016342342
999854,0.0070255054
999855,0.0070822323
999856,0.017666446
999857,0.0072122011
999858,0.017015165
999859,0.010314223
999860,0.039242733
999861,0.017092716
999862,0.015989549
999863,0.012685946
999864,0.0070025274
999865,0.0074218749
999866,0.033557128
999867,0.010873592
999868,0.016957721
999869,0.0139591
999870,0.0070211971
999871,0.0066054245
999872,0.0024376852
999873,0.013572782
999874,0.0075274301
999875,0.0072954963
999876,0.013544442
999877,0.0062112249
999878,0.0066399928
999879,0.0089211855
999880,0.010273294
999881,0.010709874
999882,0.020714615
999883,0.026074804
999884,0.036748189
999885,0.0071913777
999886,0.010428395
999887,0.011595267
999888,0.013209209
999889,0.014967974
999890,0.014426556
999891,0.011187385
999892,0.01072639
999893,0.01372573
999894,0.010602884
999895,0.0071640913
999896,0.011259191
999897,0.010038488
999898,0.012465533
999899,0.0095907198
999900,0.011251292
999901,0.0080451518
999902,0.010409008
999903,0.010234519
999904,0.017188936
999905,0.0070477654
999906,0.0078469673
999907,0.030284926
999908,0.021021226
999909,0.013401885
999910,0.0099476529
999911,0.013511029
999912,0.015101533
999913,0.017382812
999914,0.014080452
999915,0.030707864
999916,0.010579187
999917,0.0072351792
999918,0.012946504
999919,0.029812619
999920,0.0071490118
999921,0.008150707
999922,0.0092313876
999923,0.0069773956
999924,0.013203699
999925,0.010531796
999926,0.013737937
999927,0.0072610294
999928,0.0075216852
999929,0.0073830998
999930,0.0072703641
999931,0.0088278381
999932,0.0072409236
999933,0.01632553
999934,0.0072078928
999935,0.031760212
999936,0.010712029
999937,0.0070664352
999938,0.0076976102
999939,0.0081866095
999940,0.010444192
999941,0.013668285
999942,0.0074211569
999943,0.0070535098
999944,0.0066546872
999945,0.027561322
999946,0.013807588
999947,0.0073665841
999948,0.011882468
999949,0.0068589156
999950,0.039377011
999951,0.0074247471
999952,0.011954039
999953,0.010431267
999954,0.0072071748
999955,0.010638068
999956,0.016888786
999957,0.010661765
999958,0.0074793198
999959,0.024955982
999960,0.0072775446
999961,0.0075066062
999962,0.0075051701
999963,0.0072481045
999964,0.0092687272
999965,0.01553237
999966,0.0074039237
999967,0.019213572
999968,0.019124135
999969,0.010345099
999970,0.010502355
999971,0.0098970495
999972,0.016962029
999973,0.010444192
999974,0.0069910386
999975,0.021671789
999976,0.017619055
999977,0.010261805
999978,0.013847082
999979,0.0068323473
999980,0.010816866
999981,0.010337919
999982,0.012830962
999983,0.007445571
999984,0.010931755
999985,0.0073665841
999986,0.023487076
999987,0.0094180834
999988,0.010596422
999989,0.014078298
999990,0.0072646197
999991,0.019275544
999992,0.0072861616
999993,0.015521599
999994,0.024702005
999995,0.020706715
999996,0.013939711
999997,0.036719467
999998,0.034353457
999999,0.013363891
