LECROYHDO6104B,11090,Waveform
Segments,1,SegmentSize,9330
Segment,TrigTime,TimeSinceSegment1
#1,04-May-2026 18:45:31,0                 
Time,Ampl
990670,0.030272719
990671,0.0071490118
990672,0.021110984
990673,0.039267149
990674,0.0094460882
990675,0.010425523
990676,0.0061626802
990677,0.0074190027
990678,0.015207807
990679,0.0070958757
990680,0.0096567292
990681,0.0073048309
990682,0.020425236
990683,0.0077134077
990684,0.011580883
990685,0.007033404
990686,0.0075970818
990687,0.0073249368
990688,0.016869534
990689,0.027171416
990690,0.0072703641
990691,0.0072840075
990692,0.012857358
990693,0.025857229
990694,0.0074333642
990695,0.0074886545
990696,0.024521053
990697,0.013730038
990698,0.0072337431
990699,0.0077155619
990700,0.017547349
990701,0.017291619
990702,0.013832721
990703,0.018152574
990704,0.017226275
990705,0.0073953066
990706,0.013845646
990707,0.010327866
990708,0.0072380514
990709,0.019755285
990710,0.010601448
990711,0.020381434
990712,0.0071841967
990713,0.010581342
990714,0.020409439
990715,0.010260369
990716,0.0071949679
990717,0.01391458
990718,0.0023248421
990719,0.0068215765
990720,0.0043017659
990721,0.010665355
990722,0.010615809
990723,0.006960162
990724,0.017304543
990725,0.011243394
990726,0.0098632816
990727,0.0061566504
990728,0.020226333
990729,0.0095430259
990730,0.0070973118
990731,0.017217658
990732,0.0068502985
990733,0.0075159408
990734,0.0069637522
990735,0.010493021
990736,0.0071712718
990737,0.013267743
990738,0.03136402
990739,0.010743624
990740,0.0071942499
990741,0.0075310203
990742,0.011086857
990743,0.016626695
990744,0.018032657
990745,0.0097677791
990746,0.0070427391
990747,0.0073795095
990748,0.0068474263
990749,0.014142923
990750,0.013147563
990751,0.0071066464
990752,0.010640941
990753,0.010735007
990754,0.0064285179
990755,0.022894606
990756,0.0097519821
990757,0.010281192
990758,0.010249598
990759,0.0072567211
990760,0.014309512
990761,0.0068517351
990762,0.0070815142
990763,0.0062749675
990764,0.0074462891
990765,0.039453126
990766,0.0098704621
990767,0.016295319
990768,0.007349351
990769,0.014028033
990770,0.017589614
990771,0.030358266
990772,0.009429751
990773,0.01892449
990774,0.0063878666
990775,0.0027698637
990776,0.013579963
990777,0.0071131089
990778,0.0070448932
990779,0.016309587
990780,0.0158515
990781,0.01079711
990782,0.010447782
990783,0.039430149
990784,0.019419834
990785,0.016704964
990786,0.013397057
990787,0.01428079
990788,0.014435174
990789,0.024360927
990790,0.0078512756
990791,0.01567311
990792,0.011517959
990793,0.0076746321
990794,0.0073874081
990795,0.033559281
990796,0.014164465
990797,0.01043773
990798,0.0075834384
990799,0.020909926
990800,0.016964901
990801,0.0097766789
990802,0.013752297
990803,0.019456957
990804,0.00736443
990805,0.013924632
990806,0.0030316128
990807,0.014423684
990808,0.0095257927
990809,0.01051887
990810,0.037415989
990811,0.027529728
990812,0.0054974724
990813,0.005682359
990814,0.0092754178
990815,0.0040893122
990816,0.0063967453
990817,0.011229751
990818,0.013453584
990819,0.010007611
990820,0.0056870403
990821,0.010641659
990822,0.024152689
990823,0.016842831
990824,0.0046515907
990825,0.012985023
990826,0.0065142633
990827,0.010386029
990828,0.010387465
990829,0.013876522
990830,0.011261346
990831,0.0022684061
990832,0.010512408
990833,0.007349351
990834,0.010471479
990835,0.0065006032
990836,0.031907745
990837,0.013565602
990838,0.013791791
990839,0.0071131089
990840,0.017137911
990841,0.015758201
990842,0.0017778302
990843,0.010684743
990844,0.015555487
990845,0.0097720874
990846,0.0095085595
990847,0.010516716
990848,0.0072954963
990849,0.0073227827
990850,0.006512092
990851,0.010719928
990852,0.021026971
990853,0.014771944
990854,0.019120026
990855,0.0073206285
990856,0.010294118
990857,0.016534379
990858,0.024724266
990859,0.014756147
990860,0.039838005
990861,0.0070513557
990862,0.015350125
990863,0.01476899
990864,0.0075475355
990865,0.010638786
990866,0.0069443649
990867,0.010577751
990868,0.0059555951
990869,0.0097738728
990870,0.014422966
990871,0.0097103342
990872,0.0073191924
990873,0.03756319
990874,0.015556066
990875,0.025039399
990876,0.013809742
990877,0.007599236
990878,0.0095840981
990879,0.014057473
990880,0.012962045
990881,0.01404383
990882,0.010598576
990883,0.010284064
990884,0.0066453936
990885,0.036848001
990886,0.010664637
990887,0.010880055
990888,0.019827945
990889,0.016381113
990890,0.0096781496
990891,0.023394417
990892,0.032596387
990893,0.0065442547
990894,0.0072782626
990895,0.006471158
990896,0.010764447
990897,0.015864832
990898,0.0073299631
990899,0.024594296
990900,0.0068933824
990901,0.0072825714
990902,0.0095684528
990903,0.009379915
990904,0.011339614
990905,0.013894474
990906,0.0091672614
990907,0.030399816
990908,0.00731273
990909,0.030376839
990910,0.013363341
990911,0.01024529
990912,0.0071691177
990913,0.0076573989
990914,0.0062399469
990915,0.0070858225
990916,0.0071971221
990917,0.0072157914
990918,0.0089448821
990919,0.017618336
990920,0.025087066
990921,0.010862104
990922,0.017658548
990923,0.023055406
990924,0.0095595969
990925,0.010581342
990926,0.0039848848
990927,0.010880773
990928,0.039717373
990929,0.007372329
990930,0.027470129
990931,0.014032342
990932,0.035016853
990933,0.0024641037
990934,0.01385139
990935,0.0076573989
990936,0.014073989
990937,0.0072315889
990938,0.013269761
990939,0.012895965
990940,0.0072373333
990941,0.0070599723
990942,0.038595043
990943,0.013018062
990944,0.0064218142
990945,0.039464615
990946,0.014326747
990947,0.0077715707
990948,0.011167279
990949,0.012594545
990950,0.0072631836
990951,0.0083869481
990952,0.0108262
990953,0.039649874
990954,0.010554774
990955,0.019616824
990956,0.010509536
990957,0.020816579
990958,0.027144128
990959,0.010727108
990960,0.039705884
990961,0.0081234202
990962,0.0075252759
990963,0.0070937211
990964,0.0068962546
990965,0.0073845359
990966,0.0068854839
990967,0.0080896718
990968,0.014524213
990969,0.016256893
990970,0.0070348405
990971,0.0065945177
990972,0.0075712316
990973,0.019175109
990974,0.010670382
990975,0.007526712
990976,0.0022635919
990977,0.026875574
990978,0.027094582
990979,0.0066148294
990980,0.0085994946
990981,0.012895441
990982,0.010582778
990983,0.0072617475
990984,0.020180248
990985,0.014200368
990986,0.0075906194
990987,0.017056813
990988,0.019325001
990989,0.014096967
990990,0.020484835
990991,0.03968434
990992,0.023946606
990993,0.013471536
990994,0.007658117
990995,0.01372932
990996,0.017031681
990997,0.020797908
990998,0.0075618969
990999,0.013997156
991000,0.010659611
991001,0.01183005
991002,0.011700081
991003,0.019338809
991004,0.014039522
991005,0.013833439
991006,0.014707319
991007,0.031671502
991008,0.010572007
991009,0.0071942499
991010,0.0070132986
991011,0.010910932
991012,0.0071482938
991013,0.016908893
991014,0.031159524
991015,0.012411678
991016,0.0074721393
991017,0.007732077
991018,0.03049819
991019,0.0090917852
991020,0.011810662
991021,0.0070054
991022,0.0078239888
991023,0.019267004
991024,0.014188878
991025,0.029872041
991026,0.0069738054
991027,0.031344067
991028,0.020705279
991029,0.02001664
991030,0.0072272806
991031,0.010443474
991032,0.0072538489
991033,0.0080437157
991034,0.0029280651
991035,0.010584932
991036,0.010697667
991037,0.0068215765
991038,0.0071461396
991039,0.031060431
991040,0.0065536802
991041,0.0074017695
991042,0.010666791
991043,0.007137523
991044,0.0069365553
991045,0.010491584
991046,0.0070312498
991047,0.023049029
991048,0.0063000992
991049,0.019915413
991050,0.0074721393
991051,0.030706428
991052,0.010523897
991053,0.01759105
991054,0.033499684
991055,0.010594985
991056,0.0093764365
991057,0.0064934227
991058,0.010678998
991059,0.014338235
991060,0.007210765
991061,0.010592831
991062,0.0063741053
991063,0.011265654
991064,0.0067188265
991065,0.014248477
991066,0.0072064567
991067,0.013943302
991068,0.011921961
991069,0.02030101
991070,0.0080013499
991071,0.010661765
991072,0.0071253157
991073,0.022625187
991074,0.010394646
991075,0.0072897519
991076,0.007350069
991077,0.0018454376
991078,0.013754452
991079,0.010569853
991080,0.0084673716
991081,0.011702497
991082,0.010850033
991083,0.018360093
991084,0.020886948
991085,0.0068021887
991086,0.0075985179
991087,0.017873965
991088,0.01449549
991089,0.010154167
991090,0.010294118
991091,0.0073263729
991092,0.010827636
991093,0.0071655274
991094,0.013755888
991095,0.0073895622
991096,0.010496611
991097,0.0096351197
991098,0.030985754
991099,0.010206514
991100,0.015454101
991101,0.016900275
991102,0.014158002
991103,0.039609663
991104,0.0078728171
991105,0.0070872586
991106,0.016501753
991107,0.0072445138
991108,0.0062495377
991109,0.014023007
991110,0.011194565
991111,0.0073026768
991112,0.012160357
991113,0.007254567
991114,0.0098762065
991115,0.0073263729
991116,0.0072969324
991117,0.017273668
991118,0.0097405184
991119,0.014338235
991120,0.014145795
991121,0.013732192
991122,0.0069594439
991123,0.013633817
991124,0.01070772
991125,0.02240108
991126,0.013821231
991127,0.0068546073
991128,0.0059945942
991129,0.016361153
991130,0.030457979
991131,0.013055061
991132,0.02511489
991133,0.0070578181
991134,0.0063311406
991135,0.0071231616
991136,0.0074304915
991137,0.0071490118
991138,0.0076624253
991139,0.0075123506
991140,0.0069924747
991141,0.0075697955
991142,0.017293774
991143,0.0075008618
991144,0.0071411133
991145,0.0071806065
991146,0.0073069851
991147,0.01309856
991148,0.033458754
991149,0.0074218749
991150,0.010357307
991151,0.0072954963
991152,0.015940947
991153,0.0065039485
991154,0.0076351389
991155,0.0076631433
991156,0.023359232
991157,0.013972024
991158,0.010546875
991159,0.0077083814
991160,0.015344956
991161,0.013769049
991162,0.013798972
991163,0.011273553
991164,0.00828283
991165,0.010420497
991166,0.017145135
991167,0.010476505
991168,0.0067059686
991169,0.019064091
991170,0.015347573
991171,0.013699161
991172,0.0072351792
991173,0.01060432
991174,0.0009307884
991175,0.006049661
991176,0.0072265626
991177,0.013064449
991178,0.0068538892
991179,0.0073881261
991180,0.0065350723
991181,0.010342227
991182,0.0073041129
991183,0.0093455594
991184,0.014131434
991185,0.013775276
991186,0.031680837
991187,0.010543285
991188,0.02364861
991189,0.011468299
991190,0.01188534
991191,0.0069996552
991192,0.019210266
991193,0.010414752
991194,0.0067361272
991195,0.0073335534
991196,0.0075022979
991197,0.0069307215
991198,0.0071999943
991199,0.009592968
991200,0.014445227
991201,0.010976993
991202,0.023909984
991203,0.0068617878
991204,0.0073482925
991205,0.007100902
991206,0.020020967
991207,0.0073177563
991208,0.0070161708
991209,0.022325359
991210,0.0085047102
991211,0.0026926422
991212,0.0070728976
991213,0.0090805953
991214,0.017210478
991215,0.010560518
991216,0.0072122011
991217,0.026173202
991218,0.0069113337
991219,0.007328527
991220,0.026922248
991221,0.033153459
991222,0.03095416
991223,0.013264016
991224,0.017178884
991225,0.011041619
991226,0.01013758
991227,0.03708123
991228,0.0069536995
991229,0.010171995
991230,0.038706344
991231,0.0069536995
991232,0.010381003
991233,0.014103429
991234,0.017440258
991235,0.0077593634
991236,0.007247386
991237,0.0096047791
991238,0.0080386894
991239,0.013669003
991240,0.010607192
991241,0.0076408833
991242,0.010462143
991243,0.0075224033
991244,0.0077895219
991245,0.031225212
991246,0.026711857
991247,0.035032026
991248,0.03360524
991249,0.0076021082
991250,0.01789978
991251,0.0078455312
991252,0.0072495406
991253,0.0065649967
991254,0.0061494717
991255,0.027148437
991256,0.01058206
991257,0.020094281
991258,0.010785989
991259,0.0070499196
991260,0.005727252
991261,0.0093824659
991262,0.010112623
991263,0.039809283
991264,0.020912798
991265,0.012737824
991266,0.0079288259
991267,0.0071044923
991268,0.0096385162
991269,0.0071619372
991270,0.01647936
991271,0.0066009667
991272,0.033829495
991273,0.039866727
991274,0.028837316
991275,0.017332548
991276,0.0075669233
991277,0.0094054379
991278,0.020226499
991279,0.014039522
991280,0.0072954963
991281,0.0071231616
991282,0.010105268
991283,0.0065336027
991284,0.014124253
991285,0.0105081
991286,0.020303166
991287,0.007621496
991288,0.0079245176
991289,0.0074204388
991290,0.0062794406
991291,0.03043141
991292,0.0073622759
991293,0.0072251265
991294,0.007173426
991295,0.0078534298
991296,0.016900275
991297,0.0073673022
991298,0.0087072039
991299,0.0139591
991300,0.0072265626
991301,0.022983685
991302,0.007291188
991303,0.0067237047
991304,0.0071253157
991305,0.036967918
991306,0.013311407
991307,0.0070807962
991308,0.0084667262
991309,0.011468147
991310,0.0075166589
991311,0.007218664
991312,0.010562672
991313,0.010420497
991314,0.010126092
991315,0.019731987
991316,0.013686236
991317,0.02294491
991318,0.013277394
991319,0.013759478
991320,0.010002874
991321,0.01391817
991322,0.0073357075
991323,0.017061122
991324,0.0065005478
991325,0.016957721
991326,0.022598805
991327,0.014058909
991328,0.0074563418
991329,0.0072739543
991330,0.0073270909
991331,0.0072825714
991332,0.010539695
991333,0.0069206688
991334,0.0137365
991335,0.0061480352
991336,0.015197754
991337,0.012339154
991338,0.01008947
991339,0.026989028
991340,0.026165688
991341,0.0091215242
991342,0.0082842661
991343,0.012943761
991344,0.0070477654
991345,0.013006951
991346,0.010591395
991347,0.019164171
991348,0.0064065559
991349,0.013770968
991350,0.0072581572
991351,0.017178884
991352,0.012757066
991353,0.019302411
991354,0.0075022979
991355,0.0070298137
991356,0.0082849842
991357,0.032279547
991358,0.0078505576
991359,0.0070010913
991360,0.01727654
991361,0.010930319
991362,0.019842889
991363,0.018651959
991364,0.01044491
991365,0.010600012
991366,0.010576315
991367,0.029305981
991368,0.0089269299
991369,0.010806813
991370,0.023324545
991371,0.010492302
991372,0.0089678597
991373,0.016855039
991374,0.0069163605
991375,0.0060195024
991376,0.010504509
991377,0.0071231616
991378,0.017239919
991379,0.018352194
991380,0.01389591
991381,0.0071559041
991382,0.020362046
991383,0.0099516027
991384,0.020132266
991385,0.0072150733
991386,0.0071612191
991387,0.010646685
991388,0.0021128382
991389,0.013214482
991390,0.0073802276
991391,0.010661765
991392,0.013159832
991393,0.0073795095
991394,0.0084228516
991395,0.0084795784
991396,0.017025217
991397,0.039447382
991398,0.0072215362
991399,0.0068021887
991400,0.030274874
991401,0.020563103
991402,0.0072954963
991403,0.033957805
991404,0.010622271
991405,0.0080781821
991406,0.013786765
991407,0.017463954
991408,0.0070578181
991409,0.013667567
991410,0.0075597428
991411,0.013125794
991412,0.010279756
991413,0.01741728
991414,0.01008229
991415,0.017496984
991416,0.0072043026
991417,0.017440258
991418,0.0080889538
991419,0.0063167796
991420,0.010302017
991421,0.025783405
991422,0.033680636
991423,0.0076150335
991424,0.009679094
991425,0.010397518
991426,0.013926786
991427,0.024154512
991428,0.019503616
991429,0.0084415209
991430,0.020569567
991431,0.0091911769
991432,0.012654488
991433,0.0061208834
991434,0.01051528
991435,0.015386604
991436,0.0082993452
991437,0.0071102367
991438,0.0075733857
991439,0.010435576
991440,0.0086971503
991441,0.02330035
991442,0.007481474
991443,0.0072631836
991444,0.0080810543
991445,0.024616556
991446,0.0171875
991447,0.0065372242
991448,0.011224724
991449,0.020378562
991450,0.0066564223
991451,0.0012734844
991452,0.039533548
991453,0.0068660961
991454,0.010856359
991455,0.010216567
991456,0.0073874081
991457,0.01764706
991458,0.01084128
991459,0.0055750231
991460,0.014047421
991461,0.0073249368
991462,0.011539953
991463,0.010378849
991464,0.0052173394
991465,0.0065435614
991466,0.0056913486
991467,0.01060432
991468,0.0077191521
991469,0.0072244084
991470,0.010213695
991471,0.014135025
991472,0.014006491
991473,0.017280849
991474,0.016130514
991475,0.0071712718
991476,0.010960478
991477,0.0062866211
991478,0.028644219
991479,0.0074441349
991480,0.0072301528
991481,0.010869147
991482,0.011067469
991483,0.0095660044
991484,0.0096533233
991485,0.010595703
991486,0.0074412627
991487,0.010887953
991488,0.019354163
991489,0.021798886
991490,0.0067160213
991491,0.0071949679
991492,0.019910386
991493,0.017865349
991494,0.0071691177
991495,0.02063491
991496,0.027377499
991497,0.010716338
991498,0.0064165397
991499,0.0071820426
991500,0.037461225
991501,0.01060791
991502,0.039200369
991503,0.0072114831
991504,0.0074556237
991505,0.023794375
991506,0.00736443
991507,0.010852051
991508,0.0074419808
991509,0.0061927768
991510,0.010673254
991511,0.024510534
991512,0.03555312
991513,0.039413631
991514,0.0076652975
991515,0.0070829503
991516,0.010601448
991517,0.013920324
991518,0.010026281
991519,0.018027632
991520,0.010279856
991521,0.039590992
991522,0.013953355
991523,0.013803998
991524,0.033919748
991525,0.010368078
991526,0.0070496858
991527,0.030170921
991528,0.0066775167
991529,0.0091841351
991530,0.037344899
991531,0.013885139
991532,0.030307904
991533,0.0072394875
991534,0.0076688877
991535,0.013908835
991536,0.030388327
991537,0.010627298
991538,0.028670482
991539,0.035174541
991540,0.014120663
991541,0.013902373
991542,0.010605756
991543,0.013784611
991544,0.0070872586
991545,0.010922421
991546,0.018462775
991547,0.016277226
991548,0.017297363
991549,0.024655331
991550,0.010661047
991551,0.010213695
991552,0.0083036534
991553,0.0068510165
991554,0.017439539
991555,0.01044491
991556,0.007255285
991557,0.022589471
991558,0.039671414
991559,0.023655791
991560,0.013855699
991561,0.0074247471
991562,0.0075051701
991563,0.039224781
991564,0.0068969727
991565,0.0075417911
991566,0.0068761487
991567,0.0073084212
991568,0.010498047
991569,0.010391774
991570,0.0061264937
991571,0.0026001313
991572,0.0076401653
991573,0.0094633214
991574,0.011355411
991575,0.027409812
991576,0.013646025
991577,0.0075949277
991578,0.0099530388
991579,0.027471565
991580,0.017744714
991581,0.0069572898
991582,0.014295151
991583,0.010073673
991584,0.0072768265
991585,0.02386331
991586,0.017141543
991587,0.0071526021
991588,0.0069673425
991589,0.017428769
991590,0.0073988969
991591,0.017288029
991592,0.0098972647
991593,0.020388614
991594,0.0059569525
991595,0.030820599
991596,0.0053362828
991597,0.010516716
991598,0.014034496
991599,0.01148897
991600,0.0059448243
991601,0.022178022
991602,0.0069400561
991603,0.013572064
991604,0.020261003
991605,0.010622271
991606,0.0072150733
991607,0.013997156
991608,0.0074570598
991609,0.0073816637
991610,0.019278493
991611,0.01041188
991612,0.0071461396
991613,0.010857077
991614,0.016096704
991615,0.012520165
991616,0.010577751
991617,0.016217524
991618,0.0077959844
991619,0.0088127581
991620,0.0073191924
991621,0.0052238903
991622,0.0072782626
991623,0.014298995
991624,0.0072940602
991625,0.013815487
991626,0.028467515
991627,0.006769876
991628,0.010299144
991629,0.0075367647
991630,0.00951574
991631,0.0068546073
991632,0.013832721
991633,0.017695168
991634,0.014372702
991635,0.014096967
991636,0.0071109547
991637,0.016506726
991638,0.0067325369
991639,0.011125632
991640,0.0071942499
991641,0.0073335534
991642,0.009662224
991643,0.010784553
991644,0.0065436866
991645,0.0074111042
991646,0.014028033
991647,0.0063303299
991648,0.014298742
991649,0.020158118
991650,0.011302275
991651,0.017652804
991652,0.0095631322
991653,0.020496324
991654,0.0087560313
991655,0.0094906073
991656,0.0082261031
991657,0.01029699
991658,0.010535386
991659,0.0093203988
991660,0.0094748102
991661,0.017693015
991662,0.0072524128
991663,0.0069544176
991664,0.010329302
991665,0.009895972
991666,0.011149328
991667,0.014015826
991668,0.033340693
991669,0.039660644
991670,0.0074477252
991671,0.013693416
991672,0.012660429
991673,0.034108598
991674,0.0071942499
991675,0.0074836281
991676,0.010770191
991677,0.0075396369
991678,0.0070276596
991679,0.017388556
991680,0.027809054
991681,0.00696088
991682,0.013875804
991683,0.0092098461
991684,0.0082950369
991685,0.023948042
991686,0.022921214
991687,0.014538259
991688,0.0072954963
991689,0.010555492
991690,0.015536679
991691,0.014191751
991692,0.0080114026
991693,0.010028435
991694,0.010714902
991695,0.0076760687
991696,0.0069953469
991697,0.026063448
991698,0.021254595
991699,0.028598033
991700,0.0071565011
991701,0.010581342
991702,0.0072157914
991703,0.015120204
991704,0.012507899
991705,0.010612937
991706,0.010569853
991707,0.024540441
991708,0.032446288
991709,0.0070980298
991710,0.017012293
991711,0.0070664352
991712,0.017363425
991713,0.011917653
991714,0.035087317
991715,0.039745376
991716,0.010351563
991717,0.0078986669
991718,0.017254997
991719,0.020744773
991720,0.019728351
991721,0.014032342
991722,0.0078699449
991723,0.010536104
991724,0.010256778
991725,0.019577706
991726,0.0071231616
991727,0.010405417
991728,0.007115263
991729,0.017430922
991730,0.010445628
991731,0.0074283374
991732,0.017578125
991733,0.0077292048
991734,0.01388873
991735,0.011563648
991736,0.014023725
991737,0.0071310606
991738,0.025937399
991739,0.0088357367
991740,0.011019359
991741,0.010747932
991742,0.039549343
991743,0.013427016
991744,0.010534668
991745,0.0076056984
991746,0.007467831
991747,0.010712029
991748,0.0079252357
991749,0.0084975297
991750,0.011242676
991751,0.039039522
991752,0.017136518
991753,0.02712187
991754,0.011033002
991755,0.017604694
991756,0.030387608
991757,0.014051011
991758,0.015102969
991759,0.017543659
991760,0.0073816637
991761,0.032116704
991762,0.007797421
991763,0.01037454
991764,0.014293715
991765,0.010340791
991766,0.016062446
991767,0.010615091
991768,0.010642377
991769,0.013134669
991770,0.0062813065
991771,0.010894416
991772,0.0072488226
991773,0.0069213868
991774,0.015567555
991775,0.022909008
991776,0.0057459213
991777,0.012909897
991778,0.0071942499
991779,0.0067820828
991780,0.0063726394
991781,0.012528004
991782,0.020243566
991783,0.011079676
991784,0.00665471
991785,0.0076703238
991786,0.026927993
991787,0.0088120401
991788,0.007210765
991789,0.0093021896
991790,0.0084824506
991791,0.007233025
991792,0.0070147347
991793,0.010468607
991794,0.032842178
991795,0.0074462891
991796,0.010797478
991797,0.025991913
991798,0.020759853
991799,0.0081887636
991800,0.022727555
991801,0.0071281884
991802,0.0071533201
991803,0.0073730471
991804,0.010721364
991805,0.0070542279
991806,0.0072768265
991807,0.013738655
991808,0.0078584561
991809,0.011064596
991810,0.0065372242
991811,0.011061724
991812,0.020738309
991813,0.0056410846
991814,0.023191204
991815,0.0092500579
991816,0.0068941005
991817,0.014200368
991818,0.017591769
991819,0.020351993
991820,0.026505055
991821,0.017660702
991822,0.014182416
991823,0.015722964
991824,0.0071992762
991825,0.010443474
991826,0.031867061
991827,0.0071310606
991828,0.010588522
991829,0.013604377
991830,0.020524206
991831,0.033524815
991832,0.010383157
991833,0.010532514
991834,0.013735064
991835,0.0076997643
991836,0.013834875
991837,0.027107509
991838,0.0072423597
991839,0.013637408
991840,0.019704379
991841,0.0073184744
991842,0.0077715707
991843,0.0067318189
991844,0.036929142
991845,0.017061122
991846,0.011356847
991847,0.013844928
991848,0.0069766776
991849,0.0028994814
991850,0.011606014
991851,0.0063174977
991852,0.020975454
991853,0.012183336
991854,0.011313763
991855,0.0061939913
991856,0.0065870667
991857,0.0072495406
991858,0.017584588
991859,0.0063950485
991860,0.017722456
991861,0.0085449219
991862,0.0073773554
991863,0.0070736157
991864,0.035773065
991865,0.0097659286
991866,0.017081944
991867,0.013589298
991868,0.0071999943
991869,0.016067326
991870,0.0071583469
991871,0.01741728
991872,0.0070606903
991873,0.033050898
991874,0.0075202491
991875,0.013798254
991876,0.012092141
991877,0.0079216454
991878,0.0071971221
991879,0.010714902
991880,0.017063275
991881,0.010755112
991882,0.0076193418
991883,0.0071210074
991884,0.014028751
991885,0.0070657171
991886,0.010543285
991887,0.039544318
991888,0.0063452609
991889,0.013258272
991890,0.010260369
991891,0.010826918
991892,0.01546559
991893,0.0024384505
991894,0.036611643
991895,0.007371611
991896,0.010428395
991897,0.016962746
991898,0.0073385797
991899,0.0070104264
991900,0.039912682
991901,0.0073184744
991902,0.0077105355
991903,0.01159668
991904,0.020743337
991905,0.0060597141
991906,0.0071827606
991907,0.039418656
991908,0.0072768265
991909,0.010638786
991910,0.013836311
991911,0.010689051
991912,0.0070657171
991913,0.0017765656
991914,0.0065873242
991915,0.0086224722
991916,0.00736443
991917,0.022753179
991918,0.010515998
991919,0.012938848
991920,0.012097886
991921,0.010237391
991922,0.0070132986
991923,0.0073105758
991924,0.014316694
991925,0.0083129881
991926,0.0062633641
991927,0.0099932505
991928,0.0053487951
991929,0.0071533201
991930,0.0071131089
991931,0.010492302
991932,0.0062392289
991933,0.0096694045
991934,0.02432215
991935,0.007313448
991936,0.0069551356
991937,0.029569738
991938,0.023259038
991939,0.010602166
991940,0.030478084
991941,0.0076344209
991942,0.018566895
991943,0.0069867303
991944,0.0097979745
991945,0.010615091
991946,0.010636632
991947,0.010413316
991948,0.011037311
991949,0.0074922452
991950,0.0072674919
991951,0.0081341909
991952,0.013970588
991953,0.0070542279
991954,0.0073213466
991955,0.0062348195
991956,0.0012186451
991957,0.007313448
991958,0.036718749
991959,0.017309571
991960,0.013821949
991961,0.013631663
991962,0.0075310203
991963,0.01750919
991964,0.01152272
991965,0.0087560313
991966,0.010557646
991967,0.0077794692
991968,0.010638786
991969,0.0071605011
991970,0.025517004
991971,0.011350385
991972,0.01403306
991973,0.0072739543
991974,0.013600653
991975,0.010752958
991976,0.014157284
991977,0.039528523
991978,0.0097864
991979,0.0089642694
991980,0.023614861
991981,0.01051169
991982,0.022684477
991983,0.010247444
991984,0.016934743
991985,0.010581342
991986,0.013347757
991987,0.0070089903
991988,0.0069422103
991989,0.016610678
991990,0.021804631
991991,0.010409008
991992,0.010588522
991993,0.0072043026
991994,0.0071382411
991995,0.010565544
991996,0.0064245849
991997,0.010948989
991998,0.013430607
991999,0.019577924
992000,0.0030032888
992001,0.02060475
992002,0.014720243
992003,0.0086253444
992004,0.027481617
992005,0.026910041
992006,0.013261144
992007,0.0065835821
992008,0.025161564
992009,0.0071238796
992010,0.0073184744
992011,0.0094834268
992012,0.0072423597
992013,0.0076209488
992014,0.01269307
992015,0.0075008618
992016,0.0072488226
992017,0.0073349895
992018,0.019417796
992019,0.017344037
992020,0.027619485
992021,0.024025591
992022,0.007136805
992023,0.010305607
992024,0.023770681
992025,0.0072122011
992026,0.0072667738
992027,0.010443474
992028,0.0088809747
992029,0.0071705538
992030,0.01389591
992031,0.0064162216
992032,0.0057940315
992033,0.021914493
992034,0.0073299631
992035,0.011155791
992036,0.023854693
992037,0.0073220646
992038,0.020438878
992039,0.0061860927
992040,0.0070312498
992041,0.0075288662
992042,0.016291359
992043,0.0073299631
992044,0.01576574
992045,0.013862879
992046,0.032705508
992047,0.0075346106
992048,0.0068014706
992049,0.007372329
992050,0.0073658661
992051,0.01718032
992052,0.0099573471
992053,0.0072265626
992054,0.0019282878
992055,0.010403981
992056,0.0072531309
992057,0.0069874483
992058,0.0074297735
992059,0.010685461
992060,0.006615493
992061,0.020944394
992062,0.022850845
992063,0.014079734
992064,0.019519379
992065,0.0075066062
992066,0.0075482535
992067,0.0078247068
992068,0.023619886
992069,0.015683163
992070,0.016926127
992071,0.027441407
992072,0.0062556188
992073,0.0067012203
992074,0.014855239
992075,0.0070176069
992076,0.0062521682
992077,0.0069221049
992078,0.020672249
992079,0.017872529
992080,0.010664637
992081,0.006685379
992082,0.034039665
992083,0.010969095
992084,0.010855641
992085,0.0018109392
992086,0.0061379825
992087,0.039389934
992088,0.033755314
992089,0.010409008
992090,0.0085521024
992091,0.0083180144
992092,0.013706342
992093,0.02194537
992094,0.0078189624
992095,0.017148007
992096,0.0096848942
992097,0.011091165
992098,0.020709587
992099,0.020358456
992100,0.0078189624
992101,0.013809742
992102,0.011001407
992103,0.0072495406
992104,0.0076408833
992105,0.027326517
992106,0.017368451
992107,0.0087459786
992108,0.013951201
992109,0.035656855
992110,0.013383411
992111,0.020518061
992112,0.013856417
992113,0.008165068
992114,0.011015768
992115,0.014174517
992116,0.010790298
992117,0.007541073
992118,0.010643813
992119,0.01312831
992120,0.0067792106
992121,0.0072725182
992122,0.0070362766
992123,0.023085263
992124,0.019450827
992125,0.010526769
992126,0.012811844
992127,0.0071461396
992128,0.0072043026
992129,0.030032169
992130,0.0072516948
992131,0.0086138556
992132,0.0073515051
992133,0.0071999943
992134,0.0097907567
992135,0.0072962143
992136,0.014073989
992137,0.039559398
992138,0.0030621458
992139,0.0079029752
992140,0.0072409236
992141,0.017205451
992142,0.033367135
992143,0.017280849
992144,0.0070362766
992145,0.0071310606
992146,0.024949018
992147,0.014119945
992148,0.0064335479
992149,0.023967428
992150,0.007100902
992151,0.032225754
992152,0.010664637
992153,0.010373104
992154,0.010474351
992155,0.016993023
992156,0.0063555548
992157,0.012889054
992158,0.0080149928
992159,0.0074240291
992160,0.013809742
992161,0.010477941
992162,0.010493021
992163,0.0072610294
992164,0.0069529815
992165,0.010688333
992166,0.02018684
992167,0.028367704
992168,0.01437342
992169,0.0088802557
992170,0.031018067
992171,0.027370319
992172,0.0084277466
992173,0.033819221
992174,0.013816205
992175,0.013813333
992176,0.013438972
992177,0.0074103861
992178,0.010594267
992179,0.010780963
992180,0.011753217
992181,0.0072308709
992182,0.0063469382
992183,0.013972024
992184,0.0066427793
992185,0.012752757
992186,0.013819795
992187,0.0094508007
992188,0.0094547691
992189,0.01060073
992190,0.0074699852
992191,0.017225558
992192,0.010447064
992193,0.01750919
992194,0.0072904699
992195,0.0039821872
992196,0.0071849148
992197,0.0068739946
992198,0.0072143553
992199,0.0073077031
992200,0.0070807962
992201,0.010546875
992202,0.019449916
992203,0.0074175666
992204,0.038702033
992205,0.010517434
992206,0.0084537286
992207,0.033995863
992208,0.0075604608
992209,0.017489804
992210,0.014277918
992211,0.0071037742
992212,0.033218075
992213,0.0070348405
992214,0.012704358
992215,0.010370232
992216,0.007019761
992217,0.0067002242
992218,0.014288689
992219,0.0075066062
992220,0.0099379597
992221,0.007255285
992222,0.0061557954
992223,0.016928999
992224,0.019528488
992225,0.01634006
992226,0.026650822
992227,0.0090202782
992228,0.0080702836
992229,0.0073069851
992230,0.0074699852
992231,0.033136584
992232,0.014214011
992233,0.016137883
992234,0.010413616
992235,0.0064254124
992236,0.02054587
992237,0.0090303309
992238,0.0093081547
992239,0.01391458
992240,0.01496223
992241,0.010482968
992242,0.010827636
992243,0.017496265
992244,0.010528924
992245,0.0083079617
992246,0.0069170785
992247,0.006519991
992248,0.0059794565
992249,0.0071633733
992250,0.017026654
992251,0.0075367647
992252,0.017370606
992253,0.027016314
992254,0.0075022979
992255,0.0025286046
992256,0.010303453
992257,0.0067196116
992258,0.011923636
992259,0.0105081
992260,0.017880429
992261,0.007827579
992262,0.015992647
992263,0.0088500977
992264,0.0073242188
992265,0.016880887
992266,0.014179544
992267,0.018039837
992268,0.019432157
992269,0.010855641
992270,0.024368107
992271,0.013660386
992272,0.039911967
992273,0.0188017
992274,0.017334703
992275,0.008165068
992276,0.010404699
992277,0.0070915669
992278,0.017130774
992279,0.03883272
992280,0.0069213868
992281,0.010368796
992282,0.011086857
992283,0.013383601
992284,0.0096866386
992285,0.026153388
992286,0.019980038
992287,0.0065644686
992288,0.014063936
992289,0.0072832895
992290,0.010365206
992291,0.010431267
992292,0.010510254
992293,0.013903809
992294,0.0073945886
992295,0.018536067
992296,0.015027573
992297,0.0059685204
992298,0.010298426
992299,0.0071238796
992300,0.0068273209
992301,0.014292279
992302,0.0068380916
992303,0.0072789812
992304,0.032988425
992305,0.011320226
992306,0.0076495004
992307,0.0072617475
992308,0.010365206
992309,0.010798914
992310,0.010612219
992311,0.0078598922
992312,0.00646111
992313,0.0070427391
992314,0.017542223
992315,0.016982134
992316,0.0072875977
992317,0.0074836281
992318,0.0074333642
992319,0.025483189
992320,0.023489606
992321,0.039892577
992322,0.010456399
992323,0.0076430375
992324,0.010648839
992325,0.011226879
992326,0.0023493674
992327,0.01761331
992328,0.015683517
992329,0.007004682
992330,0.011776195
992331,0.0063890116
992332,0.0069996552
992333,0.030910358
992334,0.010244572
992335,0.014252787
992336,0.027033547
992337,0.0072380514
992338,0.009541912
992339,0.0074060778
992340,0.0094773313
992341,0.0075087603
992342,0.0071806065
992343,0.010496611
992344,0.0071849148
992345,0.0088948859
992346,0.0072035845
992347,0.009237132
992348,0.038694851
992349,0.014282227
992350,0.025772681
992351,0.010624425
992352,0.013567756
992353,0.013821949
992354,0.020560231
992355,0.0020125264
992356,0.0073543773
992357,0.014343262
992358,0.012418859
992359,0.010066492
992360,0.010234519
992361,0.013230247
992362,0.010307761
992363,0.024009794
992364,0.039234836
992365,0.0060187844
992366,0.01934447
992367,0.010577751
992368,0.0072976504
992369,0.0076889936
992370,0.010712029
992371,0.017377067
992372,0.0065730773
992373,0.014377729
992374,0.0068969727
992375,0.0070958757
992376,0.01997504
992377,0.007077924
992378,0.0022333779
992379,0.0065946691
992380,0.007196404
992381,0.010653866
992382,0.0082713338
992383,0.013848518
992384,0.012185361
992385,0.025420066
992386,0.0069522634
992387,0.0070477654
992388,0.010772346
992389,0.020312499
992390,0.0071748621
992391,0.0070312498
992392,0.011260627
992393,0.0069702147
992394,0.010550465
992395,0.0061121322
992396,0.0063943304
992397,0.0076286765
992398,0.012970019
992399,0.0073306812
992400,0.0070657171
992401,0.038775276
992402,0.013556985
992403,0.01041547
992404,0.01090447
992405,0.0074405447
992406,0.0084163891
992407,0.028435396
992408,0.0083984379
992409,0.029740173
992410,0.0047455365
992411,0.009155361
992412,0.007033404
992413,0.016716791
992414,0.02594425
992415,0.016255239
992416,0.0061853747
992417,0.0072035845
992418,0.01070772
992419,0.010593549
992420,0.0072954963
992421,0.0070463293
992422,0.0068158316
992423,0.010468607
992424,0.0079618562
992425,0.0077514648
992426,0.0072979331
992427,0.032722007
992428,0.01051528
992429,0.015112305
992430,0.03171315
992431,0.0080997245
992432,0.025733432
992433,0.010365924
992434,0.0077812318
992435,0.0075726677
992436,0.0065146969
992437,0.0070039639
992438,0.0072165094
992439,0.01741728
992440,0.0072560031
992441,0.011068905
992442,0.0066183652
992443,0.017611874
992444,0.0075726677
992445,0.0056956573
992446,0.016908174
992447,0.006314165
992448,0.0070793601
992449,0.0070535098
992450,0.010792452
992451,0.0063648899
992452,0.013723576
992453,0.0073213466
992454,0.0072351792
992455,0.0072236904
992456,0.010284783
992457,0.0068660961
992458,0.017270794
992459,0.01058565
992460,0.034249339
992461,0.0072538489
992462,0.013019547
992463,0.0077397125
992464,0.0072617475
992465,0.0070772059
992466,0.0073170383
992467,0.030399816
992468,0.03676255
992469,0.0070118625
992470,0.0096388916
992471,0.013595043
992472,0.010663201
992473,0.010502355
992474,0.019406479
992475,0.0075008618
992476,0.012244064
992477,0.0060116039
992478,0.006365608
992479,0.0073098578
992480,0.010414752
992481,0.03072438
992482,0.027550552
992483,0.0073759193
992484,0.01372932
992485,0.010294118
992486,0.0070010913
992487,0.0071648094
992488,0.0091646081
992489,0.0065770503
992490,0.0073464788
992491,0.039430149
992492,0.0071691177
992493,0.008707922
992494,0.0066323359
992495,0.0073752012
992496,0.017104205
992497,0.020885512
992498,0.0072380514
992499,0.017425178
992500,0.0072035845
992501,0.0096054971
992502,0.0063937865
992503,0.00743121
992504,0.029388787
992505,0.0056970934
992506,0.025945758
992507,0.010409726
992508,0.0069939108
992509,0.0077134077
992510,0.0075870291
992511,0.0067217657
992512,0.0073098578
992513,0.010766601
992514,0.013228453
992515,0.0071702679
992516,0.017596794
992517,0.0095236385
992518,0.011661305
992519,0.0099264709
992520,0.017308135
992521,0.022856412
992522,0.0073443246
992523,0.011453786
992524,0.016988598
992525,0.0070125805
992526,0.0096416809
992527,0.0072660558
992528,0.007004682
992529,0.0072078928
992530,0.0071942499
992531,0.0065329159
992532,0.0072653377
992533,0.016914638
992534,0.0075080423
992535,0.0096825678
992536,0.0080372533
992537,0.013036522
992538,0.013430607
992539,0.022944024
992540,0.012487949
992541,0.0088964868
992542,0.008987247
992543,0.010146197
992544,0.0362477
992545,0.0069493088
992546,0.0055980007
992547,0.0024176021
992548,0.0086626839
992549,0.014073989
992550,0.0074154125
992551,0.0077823414
992552,0.0076796589
992553,0.010430549
992554,0.017822266
992555,0.010882927
992556,0.0067003835
992557,0.029244713
992558,0.017456774
992559,0.017383531
992560,0.0072445138
992561,0.036940631
992562,0.036502238
992563,0.039617561
992564,0.011741728
992565,0.029291103
992566,0.011105526
992567,0.023517923
992568,0.0072373333
992569,0.0370785
992570,0.014177389
992571,0.010735007
992572,0.0067454618
992573,0.0072631836
992574,0.0071705538
992575,0.0070980298
992576,0.0394402
992577,0.0010956752
992578,0.0073802276
992579,0.007004682
992580,0.019668832
992581,0.0079618562
992582,0.027726477
992583,0.034133732
992584,0.0071454216
992585,0.0070226332
992586,0.013747271
992587,0.0064258175
992588,0.019226404
992589,0.019569496
992590,0.010664637
992591,0.0070879767
992592,0.010577751
992593,0.010640941
992594,0.01020795
992595,0.0062435376
992596,0.0071698357
992597,0.0071849148
992598,0.010661765
992599,0.0094496841
992600,0.032119807
992601,0.014038804
992602,0.0059570312
992603,0.0072150733
992604,0.0070183249
992605,0.006473456
992606,0.027607996
992607,0.008223231
992608,0.022978514
992609,0.020675121
992610,0.0065606665
992611,0.014045984
992612,0.0066636028
992613,0.0075482535
992614,0.013838465
992615,0.013791791
992616,0.030175781
992617,0.0071899416
992618,0.01128935
992619,0.0066168848
992620,0.0021916521
992621,0.0019888156
992622,0.022576544
992623,0.011169434
992624,0.011371926
992625,0.015997546
992626,0.0021394603
992627,0.0087251551
992628,0.0081891883
992629,0.0071159811
992630,0.023634249
992631,0.006982422
992632,0.010434858
992633,0.0070958757
992634,0.010203642
992635,0.0075834384
992636,0.014407169
992637,0.030647548
992638,0.020691637
992639,0.014269302
992640,0.0074132583
992641,0.009296013
992642,0.039265711
992643,0.0083187325
992644,0.010823328
992645,0.037316177
992646,0.011233341
992647,0.0075173769
992648,0.0085937502
992649,0.022789761
992650,0.0088127581
992651,0.007151884
992652,0.010332175
992653,0.013801126
992654,0.010362334
992655,0.0041137999
992656,0.0061759716
992657,0.011478918
992658,0.0072732363
992659,0.008048024
992660,0.0072509767
992661,0.0074800379
992662,0.010581342
992663,0.0072136372
992664,0.0071633733
992665,0.0063177366
992666,0.0075482535
992667,0.007233025
992668,0.010541849
992669,0.015579856
992670,0.017348345
992671,0.012050813
992672,0.023219511
992673,0.010616527
992674,0.0070477654
992675,0.0072423597
992676,0.0072150733
992677,0.007078642
992678,0.013699161
992679,0.0063212207
992680,0.0074348003
992681,0.0082756495
992682,0.010597858
992683,0.014533548
992684,0.036646225
992685,0.039270736
992686,0.010306325
992687,0.0070527918
992688,0.0079503674
992689,0.015148904
992690,0.020762006
992691,0.0071669635
992692,0.007313448
992693,0.0096995635
992694,0.0086231902
992695,0.010788144
992696,0.0176169
992697,0.013564884
992698,0.0071755801
992699,0.00936478
992700,0.007291906
992701,0.0084537286
992702,0.016075224
992703,0.0140625
992704,0.010609346
992705,0.0072229723
992706,0.0072157914
992707,0.010386747
992708,0.0070147347
992709,0.0073299631
992710,0.0073005226
992711,0.014484719
992712,0.010413316
992713,0.024479406
992714,0.0077385399
992715,0.010453527
992716,0.007254567
992717,0.011040901
992718,0.020969525
992719,0.016627485
992720,0.0073823817
992721,0.007291906
992722,0.0074987076
992723,0.023827011
992724,0.0073436066
992725,0.013993566
992726,0.0065515894
992727,0.017352654
992728,0.010754394
992729,0.028970251
992730,0.0071762982
992731,0.010067929
992732,0.016009558
992733,0.014199994
992734,0.01047866
992735,0.025298713
992736,0.0082059968
992737,0.010653866
992738,0.0073988969
992739,0.038790356
992740,0.0081621958
992741,0.0074369544
992742,0.0084458292
992743,0.0071310606
992744,0.0073321173
992745,0.013947611
992746,0.0073342714
992747,0.0074757296
992748,0.013901655
992749,0.012550265
992750,0.026653621
992751,0.013648179
992752,0.0064114607
992753,0.0072208182
992754,0.0073364256
992755,0.014397116
992756,0.032718759
992757,0.01060432
992758,0.0064194622
992759,0.015100202
992760,0.0096880747
992761,0.0075137867
992762,0.0056877583
992763,0.013643871
992764,0.0072287167
992765,0.02053079
992766,0.0071267523
992767,0.017711684
992768,0.0071619372
992769,0.01051528
992770,0.010793888
992771,0.0070879767
992772,0.015365062
992773,0.01204127
992774,0.0081478339
992775,0.010018382
992776,0.0081456797
992777,0.0070578181
992778,0.012832568
992779,0.034363512
992780,0.0085219443
992781,0.010746496
992782,0.010230929
992783,0.028252814
992784,0.0176687
992785,0.019614054
992786,0.0074886545
992787,0.016565777
992788,0.039627615
992789,0.020622702
992790,0.019037813
992791,0.0062306123
992792,0.0021069546
992793,0.007041303
992794,0.013704906
992795,0.0061401366
992796,0.0073895622
992797,0.0058708638
992798,0.01952653
992799,0.014214011
992800,0.036995921
992801,0.010661765
992802,0.018037684
992803,0.0079719098
992804,0.016074559
992805,0.010846307
992806,0.010542567
992807,0.0072423597
992808,0.021065746
992809,0.0026932654
992810,0.017826574
992811,0.014170209
992812,0.0069422103
992813,0.010493739
992814,0.010801069
992815,0.0055725924
992816,0.039717373
992817,0.039280791
992818,0.0014612217
992819,0.017629825
992820,0.030914666
992821,0.034779269
992822,0.026348518
992823,0.024925321
992824,0.0070815142
992825,0.017586024
992826,0.039938536
992827,0.010593549
992828,0.019905211
992829,0.0070836684
992830,0.0081571694
992831,0.026824592
992832,0.0076925838
992833,0.011845847
992834,0.0071770162
992835,0.007210047
992836,0.010386029
992837,0.039768353
992838,0.017209759
992839,0.0065785316
992840,0.013651052
992841,0.0061882148
992842,0.035627786
992843,0.0075252759
992844,0.010638786
992845,0.0059204102
992846,0.0071935318
992847,0.0087696752
992848,0.011960018
992849,0.0062176874
992850,0.014352596
992851,0.0070542279
992852,0.01071921
992853,0.0070298137
992854,0.030384736
992855,0.012041017
992856,0.007115263
992857,0.0080006318
992858,0.0068359375
992859,0.010799632
992860,0.0070743337
992861,0.0067512062
992862,0.012672335
992863,0.010617963
992864,0.011091165
992865,0.0072193821
992866,0.036084123
992867,0.018066376
992868,0.017359834
992869,0.01079317
992870,0.010243854
992871,0.016904583
992872,0.017784208
992873,0.019424651
992874,0.010257496
992875,0.0072509767
992876,0.019853646
992877,0.01027473
992878,0.0074283374
992879,0.010075827
992880,0.010975097
992881,0.020714615
992882,0.0072761085
992883,0.010559082
992884,0.018969726
992885,0.0072495406
992886,0.010454963
992887,0.0070743337
992888,0.021569824
992889,0.013263835
992890,0.0070211971
992891,0.0078196805
992892,0.0079367245
992893,0.0073838178
992894,0.008767521
992895,0.0079403147
992896,0.01913129
992897,0.0095911361
992898,0.0070592542
992899,0.020154526
992900,0.013490924
992901,0.009911906
992902,0.020814659
992903,0.0096688522
992904,0.0070240693
992905,0.0071023381
992906,0.0068991268
992907,0.0070549459
992908,0.026027691
992909,0.019786419
992910,0.011193847
992911,0.010842716
992912,0.0072847256
992913,0.0070441752
992914,0.0066511529
992915,0.010923139
992916,0.010025447
992917,0.013885858
992918,0.0079898611
992919,0.0080982884
992920,0.039728861
992921,0.0075087603
992922,0.0065917969
992923,0.010896571
992924,0.012507442
992925,0.020273007
992926,0.015846515
992927,0.030723661
992928,0.029738231
992929,0.017247079
992930,0.0061710132
992931,0.010673254
992932,0.019069657
992933,0.010039206
992934,0.0081916358
992935,0.017319623
992936,0.0075137867
992937,0.024373852
992938,0.0086684283
992939,0.010575597
992940,0.010753676
992941,0.0079474952
992942,0.010774501
992943,0.0094733741
992944,0.0076502184
992945,0.0073098578
992946,0.010951143
992947,0.014226936
992948,0.0071626552
992949,0.026359288
992950,0.0072380514
992951,0.0073019587
992952,0.010141263
992953,0.0073120119
992954,0.0074355183
992955,0.013821231
992956,0.017130055
992957,0.0071245977
992958,0.007100184
992959,0.017378503
992960,0.0087316176
992961,0.014876063
992962,0.014453843
992963,0.023701029
992964,0.029808367
992965,0.017367734
992966,0.023018153
992967,0.017491957
992968,0.006652114
992969,0.0069529815
992970,0.017743278
992971,0.010650275
992972,0.013926068
992973,0.0028027459
992974,0.026017614
992975,0.007151884
992976,0.016717888
992977,0.014333209
992978,0.0071813245
992979,0.0057967422
992980,0.0071475757
992981,0.014005055
992982,0.010454963
992983,0.023792939
992984,0.013284709
992985,0.014160874
992986,0.010317096
992987,0.0072265626
992988,0.030412024
992989,0.0077679805
992990,0.010272576
992991,0.020305319
992992,0.010849179
992993,0.039550781
992994,0.01187842
992995,0.0072229723
992996,0.017198989
992997,0.013184478
992998,0.017418716
992999,0.019060202
993000,0.011094111
993001,0.012133789
993002,0.0074628047
993003,0.0073012407
993004,0.031021273
993005,0.014402143
993006,0.014246323
993007,0.010562672
993008,0.0072581572
993009,0.0068818936
993010,0.0072114831
993011,0.0077213063
993012,0.020691637
993013,0.014221909
993014,0.039294433
993015,0.010919549
993016,0.00736443
993017,0.007100184
993018,0.016547194
993019,0.017164523
993020,0.0071870694
993021,0.0069558537
993022,0.0092141544
993023,0.010331457
993024,0.0073615578
993025,0.020400103
993026,0.030310767
993027,0.0077579273
993028,0.0069809859
993029,0.010887235
993030,0.0061013615
993031,0.028034722
993032,0.0092723174
993033,0.016520089
993034,0.0072308709
993035,0.010397518
993036,0.012446864
993037,0.013419836
993038,0.006887638
993039,0.039621871
993040,0.022966452
993041,0.01074865
993042,0.01071921
993043,0.019186581
993044,0.019008115
993045,0.010785271
993046,0.033707205
993047,0.0079058483
993048,0.020858226
993049,0.0072086109
993050,0.014522777
993051,0.0060317097
993052,0.02315243
993053,0.010271139
993054,0.010582778
993055,0.01947083
993056,0.016800465
993057,0.0160027
993058,0.026872702
993059,0.010237803
993060,0.0052820542
993061,0.017348345
993062,0.020535098
993063,0.011997358
993064,0.010757985
993065,0.011344641
993066,0.027000517
993067,0.010737161
993068,0.0070772059
993069,0.010525333
993070,0.01384421
993071,0.0076789409
993072,0.016130311
993073,0.010689769
993074,0.022897169
993075,0.020936495
993076,0.009809427
993077,0.017670037
993078,0.020456113
993079,0.0069149244
993080,0.0071748621
993081,0.021885052
993082,0.027287023
993083,0.013717831
993084,0.010621553
993085,0.014023007
993086,0.0070800781
993087,0.0074046417
993088,0.0076013901
993089,0.0080595128
993090,0.0078922044
993091,0.0067612594
993092,0.013926786
993093,0.012796593
993094,0.006147366
993095,0.024161305
993096,0.012516649
993097,0.012606991
993098,0.019683477
993099,0.0069048712
993100,0.0070657171
993101,0.007217946
993102,0.011045209
993103,0.0095895464
993104,0.0069996552
993105,0.014832261
993106,0.010358025
993107,0.010692641
993108,0.011242676
993109,0.013661104
993110,0.010581342
993111,0.014125689
993112,0.012922963
993113,0.013798254
993114,0.0072969324
993115,0.006602278
993116,0.0070204791
993117,0.0072861616
993118,0.014163028
993119,0.014123535
993120,0.012442555
993121,0.017153751
993122,0.012172564
993123,0.0071231616
993124,0.013427734
993125,0.0068847658
993126,0.010531796
993127,0.0072603114
993128,0.014154412
993129,0.0073357075
993130,0.011295094
993131,0.0074491613
993132,0.011470301
993133,0.021124627
993134,0.010801787
993135,0.0070384308
993136,0.028961327
993137,0.017439539
993138,0.0099104857
993139,0.013797536
993140,0.0072157914
993141,0.004939321
993142,0.011259191
993143,0.0093800267
993144,0.0071238796
993145,0.017085535
993146,0.032485746
993147,0.0021573079
993148,0.010253906
993149,0.0074786018
993150,0.0074527515
993151,0.0075640511
993152,0.0073091397
993153,0.01323092
993154,0.0065755895
993155,0.039119944
993156,0.0073005226
993157,0.012301055
993158,0.010576315
993159,0.0071238796
993160,0.009557277
993161,0.0088206576
993162,0.017099179
993163,0.027135512
993164,0.0069508273
993165,0.0095648644
993166,0.018410357
993167,0.017816521
993168,0.010271139
993169,0.011191693
993170,0.0068739946
993171,0.014154412
993172,0.01247997
993173,0.0070269415
993174,0.0019011195
993175,0.0070362766
993176,0.016046595
993177,0.016814826
993178,0.0071159811
993179,0.020198328
993180,0.0044746879
993181,0.0072150733
993182,0.0020531171
993183,0.0068933824
993184,0.010520306
993185,0.0092385681
993186,0.011702235
993187,0.018508732
993188,0.007541073
993189,0.020837696
993190,0.0068337834
993191,0.0072129192
993192,0.010645967
993193,0.0078031654
993194,0.014889706
993195,0.010349409
993196,0.039048858
993197,0.0071016201
993198,0.016796876
993199,0.0071231616
993200,0.010345099
993201,0.0101821
993202,0.0065602022
993203,0.0073529412
993204,0.0072933421
993205,0.029058265
993206,0.0099530388
993207,0.017464671
993208,0.032218665
993209,0.0064947475
993210,0.0067626955
993211,0.037180465
993212,0.0073306812
993213,0.0075942096
993214,0.0071116728
993215,0.0071576289
993216,0.03938419
993217,0.010399672
993218,0.0069852942
993219,0.0062614656
993220,0.017092716
993221,0.010396082
993222,0.010612937
993223,0.01014337
993224,0.013737218
993225,0.014582376
993226,0.008341711
993227,0.017334703
993228,0.010666073
993229,0.0075647691
993230,0.021647498
993231,0.0075224033
993232,0.010638786
993233,0.0062475614
993234,0.0072244084
993235,0.0068452721
993236,0.013840619
993237,0.015148654
993238,0.010732135
993239,0.0069558537
993240,0.0095961904
993241,0.0072265626
993242,0.01017851
993243,0.0071389591
993244,0.0276956
993245,0.021691177
993246,0.010756548
993247,0.015719784
993248,0.013697725
993249,0.0068474263
993250,0.010868566
993251,0.020824477
993252,0.017225558
993253,0.01342199
993254,0.01081543
993255,0.0071978401
993256,0.020405848
993257,0.0096155535
993258,0.012936733
993259,0.03669421
993260,0.0081475005
993261,0.011902574
993262,0.011086857
993263,0.010631606
993264,0.0068258848
993265,0.005837115
993266,0.010397518
993267,0.016562069
993268,0.0079963235
993269,0.005646111
993270,0.011201747
993271,0.016247977
993272,0.017535759
993273,0.010523897
993274,0.01169649
993275,0.016007008
993276,0.016938332
993277,0.01083769
993278,0.0072610294
993279,0.005991498
993280,0.0071949679
993281,0.0068840478
993282,0.010770191
993283,0.0073608398
993284,0.010697667
993285,0.007033404
993286,0.020763442
993287,0.0071820426
993288,0.016983571
993289,0.031690888
993290,0.017252844
993291,0.019863354
993292,0.010477223
993293,0.007732077
993294,0.013984231
993295,0.013557703
993296,0.013592889
993297,0.013949765
993298,0.037179746
993299,0.0069989371
993300,0.0071949679
993301,0.010960478
993302,0.013986385
993303,0.0072746724
993304,0.011655561
993305,0.0065529761
993306,0.0061919042
993307,0.0071116728
993308,0.011797018
993309,0.021635167
993310,0.006208993
993311,0.011702235
993312,0.013898064
993313,0.039799232
993314,0.007372329
993315,0.013875086
993316,0.017796416
993317,0.007151166
993318,0.0024774582
993319,0.008165068
993320,0.022484718
993321,0.0070154527
993322,0.0073909983
993323,0.0069077434
993324,0.0073342714
993325,0.0059010223
993326,0.01709128
993327,0.0066585764
993328,0.014053165
993329,0.034154557
993330,0.0090260226
993331,0.0071683996
993332,0.01013399
993333,0.0025556432
993334,0.0070384308
993335,0.0071289064
993336,0.0069450829
993337,0.0073802276
993338,0.014682905
993339,0.0071238796
993340,0.013521801
993341,0.0068826117
993342,0.0092012295
993343,0.010609346
993344,0.010477941
993345,0.0073184744
993346,0.007210047
993347,0.010757985
993348,0.03800695
993349,0.0072840075
993350,0.026135972
993351,0.0071231616
993352,0.011376235
993353,0.01327617
993354,0.006322972
993355,0.007092285
993356,0.006189683
993357,0.010461425
993358,0.039568014
993359,0.02086756
993360,0.0070772059
993361,0.0094094668
993362,0.0073206285
993363,0.0083065256
993364,0.0071770162
993365,0.010847025
993366,0.007400333
993367,0.017555147
993368,0.010548311
993369,0.026327934
993370,0.013961254
993371,0.02433005
993372,0.032528322
993373,0.0076753506
993374,0.01148179
993375,0.0093182735
993376,0.010495893
993377,0.0062514362
993378,0.0076868394
993379,0.0067095589
993380,0.024442067
993381,0.0070994659
993382,0.019714104
993383,0.014397116
993384,0.017428769
993385,0.039631203
993386,0.013580682
993387,0.010492302
993388,0.0069285673
993389,0.010271139
993390,0.0061920858
993391,0.023713235
993392,0.03968434
993393,0.018390235
993394,0.0073112939
993395,0.0071382411
993396,0.0070075542
993397,0.024119603
993398,0.0063447841
993399,0.0066325292
993400,0.0069623161
993401,0.020704562
993402,0.0067734662
993403,0.0071138269
993404,0.039493337
993405,0.0073091397
993406,0.017796416
993407,0.012673771
993408,0.0071396772
993409,0.018108772
993410,0.014365521
993411,0.006828757
993412,0.010477941
993413,0.026264437
993414,0.0073694563
993415,0.023795094
993416,0.01053395
993417,0.0096399644
993418,0.010780963
993419,0.0071920957
993420,0.0055721509
993421,0.017150879
993422,0.010836254
993423,0.0073414524
993424,0.020484835
993425,0.0070851045
993426,0.01074506
993427,0.021855943
993428,0.023086201
993429,0.0069687786
993430,0.0010451025
993431,0.0161657
993432,0.0072380514
993433,0.0067741843
993434,0.010350127
993435,0.010655303
993436,0.0072409236
993437,0.017323932
993438,0.010900879
993439,0.010574879
993440,0.013984949
993441,0.025751092
993442,0.0024217512
993443,0.0071166991
993444,0.011454504
993445,0.017371323
993446,0.017018037
993447,0.010373104
993448,0.014101993
993449,0.010910214
993450,0.0069867303
993451,0.007077924
993452,0.0071920957
993453,0.010538259
993454,0.039579503
993455,0.0065982593
993456,0.030550608
993457,0.0074843462
993458,0.03990335
993459,0.013706342
993460,0.016758099
993461,0.014063936
993462,0.011098346
993463,0.0071468577
993464,0.037805893
993465,0.017318904
993466,0.0068718405
993467,0.023995433
993468,0.0071605011
993469,0.0073184744
993470,0.0094669117
993471,0.014104865
993472,0.0080099665
993473,0.020773495
993474,0.0065447935
993475,0.033464499
993476,0.013511029
993477,0.017428769
993478,0.008180147
993479,0.0077263326
993480,0.014068244
993481,0.010653866
993482,0.0074742935
993483,0.032474294
993484,0.029423254
993485,0.010596422
993486,0.021599265
993487,0.018359374
993488,0.010422651
993489,0.0066901711
993490,0.0067985984
993491,0.015800925
993492,0.01428079
993493,0.0073766373
993494,0.029051216
993495,0.0068596336
993496,0.0072028665
993497,0.02770637
993498,0.010499483
993499,0.0054271026
993500,0.010573443
993501,0.0062966738
993502,0.0073306812
993503,0.0073515051
993504,0.013427016
993505,0.011702235
993506,0.014592429
993507,0.0072043026
993508,0.007100184
993509,0.0074635227
993510,0.011103372
993511,0.01361443
993512,0.0070247874
993513,0.01238511
993514,0.0064235255
993515,0.010722082
993516,0.025178658
993517,0.0073098578
993518,0.039914839
993519,0.0072861616
993520,0.016882325
993521,0.0080681294
993522,0.0071648094
993523,0.033194508
993524,0.013839183
993525,0.033690687
993526,0.0075482535
993527,0.0063189338
993528,0.011117733
993529,0.0070427391
993530,0.011094037
993531,0.007444853
993532,0.02089772
993533,0.020694509
993534,0.014020135
993535,0.0079977596
993536,0.0075934916
993537,0.010410444
993538,0.0089096967
993539,0.011579601
993540,0.010312069
993541,0.0073069851
993542,0.014211857
993543,0.013846364
993544,0.0020959862
993545,0.0069206688
993546,0.0078828698
993547,0.0071849148
993548,0.0070585362
993549,0.0065831803
993550,0.011311609
993551,0.0078527117
993552,0.0073270909
993553,0.014023007
993554,0.0070168888
993555,0.006289863
993556,0.028030934
993557,0.0076789409
993558,0.013922478
993559,0.011657445
993560,0.0074060778
993561,0.0036310693
993562,0.0071691177
993563,0.024063649
993564,0.010477941
993565,0.016948385
993566,0.0073579676
993567,0.010392492
993568,0.0069422103
993569,0.007100184
993570,0.0072825714
993571,0.036328126
993572,0.019300666
993573,0.010617245
993574,0.010798196
993575,0.0059512868
993576,0.014235552
993577,0.03371295
993578,0.0069443649
993579,0.0072437958
993580,0.0072904699
993581,0.0069508273
993582,0.010687615
993583,0.033052597
993584,0.00736443
993585,0.017575253
993586,0.010689051
993587,0.036086898
993588,0.0071920957
993589,0.01384421
993590,0.0067856731
993591,0.0070377127
993592,0.0070527918
993593,0.01361443
993594,0.039924175
993595,0.020968089
993596,0.021511095
993597,0.0076064165
993598,0.0072610294
993599,0.017048197
993600,0.037396599
993601,0.0092780618
993602,0.0072265626
993603,0.013068629
993604,0.016431972
993605,0.014056037
993606,0.0070994659
993607,0.013772404
993608,0.013556985
993609,0.010472915
993610,0.0076121609
993611,0.008326631
993612,0.027214499
993613,0.020772059
993614,0.03929228
993615,0.0073816637
993616,0.010807531
993617,0.018821085
993618,0.027564194
993619,0.0070434571
993620,0.0068933824
993621,0.0096644275
993622,0.0078370664
993623,0.0068610697
993624,0.017444566
993625,0.013993566
993626,0.0074477252
993627,0.0073471968
993628,0.0073809456
993629,0.01083769
993630,0.010342945
993631,0.0081341909
993632,0.018175552
993633,0.036266711
993634,0.039590992
993635,0.039789896
993636,0.0064690085
993637,0.0069048712
993638,0.0071583469
993639,0.0084996838
993640,0.0062097884
993641,0.013977051
993642,0.010503791
993643,0.0071353689
993644,0.0073141661
993645,0.0071533201
993646,0.010631606
993647,0.010538977
993648,0.010594267
993649,0.020461857
993650,0.0076243682
993651,0.0174101
993652,0.0076293945
993653,0.007291188
993654,0.0065946691
993655,0.038706344
993656,0.031954419
993657,0.0068531712
993658,0.0073414524
993659,0.014234834
993660,0.021778546
993661,0.013738655
993662,0.0069393381
993663,0.0070233513
993664,0.033994429
993665,0.039374139
993666,0.0073148841
993667,0.0060008331
993668,0.0069745234
993669,0.011923397
993670,0.0066903667
993671,0.0077076633
993672,0.028265741
993673,0.0066822725
993674,0.024093807
993675,0.017247817
993676,0.0072811353
993677,0.039886117
993678,0.017682243
993679,0.02576636
993680,0.0070872586
993681,0.0071116728
993682,0.020500632
993683,0.0096966913
993684,0.01415872
993685,0.0079273898
993686,0.013765223
993687,0.010639505
993688,0.0074118222
993689,0.010850615
993690,0.0081183938
993691,0.0073988969
993692,0.010710592
993693,0.017267922
993694,0.017233456
993695,0.010716338
993696,0.015664494
993697,0.017233456
993698,0.0072883158
993699,0.0071310606
993700,0.0055228462
993701,0.0070168888
993702,0.0069838581
993703,0.0095940083
993704,0.0077026365
993705,0.014182416
993706,0.017543659
993707,0.0074707032
993708,0.0072366153
993709,0.030618824
993710,0.0094619999
993711,0.012841769
993712,0.014981617
993713,0.016121954
993714,0.0078469673
993715,0.0059729018
993716,0.013915298
993717,0.019102164
993718,0.009815379
993719,0.010619399
993720,0.0073213466
993721,0.020724667
993722,0.010750086
993723,0.016283147
993724,0.0073364256
993725,0.026497157
993726,0.0081492709
993727,0.007291188
993728,0.024023438
993729,0.010551183
993730,0.030677706
993731,0.0070628445
993732,0.0068754307
993733,0.0065869419
993734,0.015689626
993735,0.010485122
993736,0.010654585
993737,0.009707462
993738,0.016493136
993739,0.0099063646
993740,0.0073816637
993741,0.014146513
993742,0.016487153
993743,0.027688419
993744,0.015489287
993745,0.007210047
993746,0.0074254652
993747,0.010479378
993748,0.010399672
993749,0.010573443
993750,0.027299948
993751,0.0066291243
993752,0.0041209273
993753,0.0061665121
993754,0.017210478
993755,0.017178165
993756,0.020018095
993757,0.0068969727
993758,0.0072258445
993759,0.0064212279
993760,0.012505027
993761,0.0062794406
993762,0.0074958354
993763,0.0069960649
993764,0.0064185048
993765,0.0067950082
993766,0.010495175
993767,0.011447046
993768,0.024824275
993769,0.0073874081
993770,0.017833754
993771,0.030819163
993772,0.020648552
993773,0.012761374
993774,0.0096284756
993775,0.0074139764
993776,0.0031845339
993777,0.039372701
993778,0.0074462891
993779,0.0069206688
993780,0.0068933824
993781,0.017454095
993782,0.0066054398
993783,0.009632417
993784,0.013524693
993785,0.0072516948
993786,0.016088149
993787,0.02690286
993788,0.020695226
993789,0.013997156
993790,0.018590871
993791,0.0072725182
993792,0.0018719144
993793,0.039533548
993794,0.0087036137
993795,0.007422593
993796,0.0073184744
993797,0.013913143
993798,0.0069048712
993799,0.013582118
993800,0.0086634019
993801,0.0072057387
993802,0.0070750518
993803,0.013100947
993804,0.010286219
993805,0.017786363
993806,0.007115263
993807,0.022030992
993808,0.033046223
993809,0.040579043
993810,0.0073385797
993811,0.010255342
993812,0.007210765
993813,0.017049633
993814,0.0094145201
993815,0.025367647
993816,0.013986385
993817,0.0096870651
993818,0.0079403147
993819,0.010817584
993820,0.0066242609
993821,0.0070843864
993822,0.012151022
993823,0.02354449
993824,0.037189797
993825,0.0087732654
993826,0.0090346392
993827,0.0073120119
993828,0.0072883158
993829,0.0076983282
993830,0.007159783
993831,0.016978545
993832,0.0071030562
993833,0.0069565717
993834,0.007467831
993835,0.020115752
993836,0.018434772
993837,0.013476563
993838,0.0072560031
993839,0.010890108
993840,0.025271446
993841,0.012650792
993842,0.013683364
993843,0.01738712
993844,0.0097561646
993845,0.010725672
993846,0.007115263
993847,0.0072201001
993848,0.0035958835
993849,0.0067691579
993850,0.014015826
993851,0.0072732363
993852,0.021725643
993853,0.013335687
993854,0.014041676
993855,0.013645307
993856,0.010294836
993857,0.0096414005
993858,0.0068711224
993859,0.013903091
993860,0.013987822
993861,0.010581342
993862,0.037660845
993863,0.0075389189
993864,0.0071770162
993865,0.026115675
993866,0.0077335131
993867,0.01361802
993868,0.0081717791
993869,0.0072165094
993870,0.017084099
993871,0.036696024
993872,0.0072933421
993873,0.010402544
993874,0.014045266
993875,0.010948271
993876,0.0071317786
993877,0.011661305
993878,0.0078871781
993879,0.010662483
993880,0.007444853
993881,0.01350644
993882,0.015778881
993883,0.010595703
993884,0.015571145
993885,0.0073565315
993886,0.0072825714
993887,0.0071698357
993888,0.0072143553
993889,0.0072452319
993890,0.0069070254
993891,0.0081988163
993892,0.020880487
993893,0.0081571694
993894,0.0066755353
993895,0.0074247471
993896,0.010830509
993897,0.017183192
993898,0.029146001
993899,0.007371611
993900,0.0066786376
993901,0.0073845359
993902,0.018281825
993903,0.0072861616
993904,0.014096967
993905,0.0071827606
993906,0.032373048
993907,0.017865349
993908,0.010309197
993909,0.0073005226
993910,0.010470043
993911,0.010743624
993912,0.0080587948
993913,0.010471479
993914,0.017235611
993915,0.0066241096
993916,0.0065156827
993917,0.013074448
993918,0.020751234
993919,0.0077342312
993920,0.018110208
993921,0.021276137
993922,0.010213695
993923,0.020309681
993924,0.036712289
993925,0.0071806065
993926,0.010312069
993927,0.0072495406
993928,0.0073220646
993929,0.013811897
993930,0.0086713005
993931,0.01071131
993932,0.02642037
993933,0.0080537684
993934,0.0069278493
993935,0.0076071345
993936,0.014123535
993937,0.0099028619
993938,0.010181382
993939,0.0074750115
993940,0.0092856502
993941,0.017935719
993942,0.0073421705
993943,0.010523897
993944,0.010373104
993945,0.039161593
993946,0.0060482249
993947,0.0064824629
993948,0.0073759193
993949,0.0074699852
993950,0.014005055
993951,0.010500919
993952,0.0074728574
993953,0.010466452
993954,0.010916676
993955,0.014188878
993956,0.013196288
993957,0.0072495406
993958,0.014387784
993959,0.023323329
993960,0.010398954
993961,0.0070362766
993962,0.013333637
993963,0.031543259
993964,0.0073364256
993965,0.017348345
993966,0.011137838
993967,0.010516716
993968,0.0072983685
993969,0.027283434
993970,0.010745778
993971,0.011540671
993972,0.015656594
993973,0.0073773554
993974,0.0072682099
993975,0.010258933
993976,0.0078290151
993977,0.010546875
993978,0.0077686985
993979,0.0071030562
993980,0.0095329732
993981,0.016762407
993982,0.014042394
993983,0.0027526831
993984,0.0062291762
993985,0.017497702
993986,0.011093319
993987,0.020379998
993988,0.0066758026
993989,0.015923712
993990,0.023348719
993991,0.013970588
993992,0.026089694
993993,0.010994945
993994,0.011512667
993995,0.013798972
993996,0.010477941
993997,0.02378935
993998,0.0072064567
993999,0.027778896
994000,0.023759192
994001,0.0069551356
994002,0.0068145334
994003,0.015019675
994004,0.021041332
994005,0.0071928138
994006,0.011560776
994007,0.011684283
994008,0.017372759
994009,0.0098704621
994010,0.007092285
994011,0.0064962949
994012,0.01071921
994013,0.026925121
994014,0.030259794
994015,0.022612453
994016,0.006585849
994017,0.0019426341
994018,0.0068628723
994019,0.007042021
994020,0.024098834
994021,0.035878159
994022,0.007658117
994023,0.010164867
994024,0.0073184744
994025,0.017283002
994026,0.018201131
994027,0.010320686
994028,0.0071461396
994029,0.0077270507
994030,0.0062354803
994031,0.0064466535
994032,0.0062440643
994033,0.038833439
994034,0.0064919866
994035,0.010983456
994036,0.0072308709
994037,0.020553768
994038,0.0075784121
994039,0.010622271
994040,0.010747932
994041,0.0080832085
994042,0.017173139
994043,0.017451027
994044,0.014097685
994045,0.023346307
994046,0.0074269013
994047,0.025080394
994048,0.039005056
994049,0.027397605
994050,0.010472915
994051,0.0021852124
994052,0.017486213
994053,0.0057528163
994054,0.0072610294
994055,0.013924632
994056,0.01658969
994057,0.013936121
994058,0.0079855528
994059,0.039438765
994060,0.010443474
994061,0.0072251265
994062,0.01048943
994063,0.010699822
994064,0.0069206688
994065,0.010304889
994066,0.012101476
994067,0.019856172
994068,0.011054544
994069,0.015417794
994070,0.0070621264
994071,0.013824822
994072,0.0080221733
994073,0.021141142
994074,0.026803769
994075,0.0072021484
994076,0.0071346508
994077,0.008032945
994078,0.0073680202
994079,0.011753935
994080,0.003637892
994081,0.016925408
994082,0.0070721796
994083,0.0069321576
994084,0.014320284
994085,0.03741483
994086,0.013664695
994087,0.0072725182
994088,0.0070542279
994089,0.011547133
994090,0.0076868394
994091,0.0070664352
994092,0.0068614483
994093,0.013947611
994094,0.017079791
994095,0.011216826
994096,0.0094893035
994097,0.0064852512
994098,0.0071037742
994099,0.010525333
994100,0.01048225
994101,0.012168974
994102,0.0092764711
994103,0.0078376317
994104,0.0061279298
994105,0.019688351
994106,0.010433421
994107,0.01044491
994108,0.0068919463
994109,0.025511976
994110,0.013108244
994111,0.0076387292
994112,0.017258588
994113,0.017321777
994114,0.010541849
994115,0.0139591
994116,0.010548311
994117,0.013933249
994118,0.014512061
994119,0.017483341
994120,0.021989677
994121,0.010584932
994122,0.010910214
994123,0.0065476727
994124,0.020614803
994125,0.0076631433
994126,0.0087617766
994127,0.0076286765
994128,0.0072538489
994129,0.0069429288
994130,0.0072035845
994131,0.037201144
994132,0.022968786
994133,0.010358025
994134,0.0070685893
994135,0.0072416416
994136,0.01399572
994137,0.010793888
994138,0.0061962963
994139,0.03062026
994140,0.011284323
994141,0.027686264
994142,0.0069694966
994143,0.0068969727
994144,0.0071999943
994145,0.0073414524
994146,0.017051786
994147,0.0071712718
994148,0.020676557
994149,0.01059714
994150,0.032020628
994151,0.024482938
994152,0.0071841967
994153,0.006828757
994154,0.01415513
994155,0.0072035845
994156,0.019679463
994157,0.010794606
994158,0.0076322667
994159,0.012546674
994160,0.01392176
994161,0.007092285
994162,0.010880055
994163,0.0061559342
994164,0.010654585
994165,0.0072315889
994166,0.0060891546
994167,0.0076559628
994168,0.010370232
994169,0.011144302
994170,0.0059082033
994171,0.0072402055
994172,0.0077636717
994173,0.0080494601
994174,0.029003188
994175,0.0064223344
994176,0.0074175666
994177,0.039471075
994178,0.012050494
994179,0.020451086
994180,0.0068818936
994181,0.0072962143
994182,0.012371467
994183,0.019096496
994184,0.007100184
994185,0.0071181352
994186,0.0072229723
994187,0.030813418
994188,0.0073249368
994189,0.02046473
994190,0.010460707
994191,0.011816201
994192,0.017027372
994193,0.010220157
994194,0.0070219152
994195,0.016199449
994196,0.039590992
994197,0.0095790504
994198,0.017462518
994199,0.0063597844
994200,0.01082261
994201,0.014046703
994202,0.010368078
994203,0.0074218749
994204,0.0073033948
994205,0.01811308
994206,0.018306239
994207,0.01396269
994208,0.016327981
994209,0.010808967
994210,0.0068151136
994211,0.0071920957
994212,0.029582608
994213,0.016646082
994214,0.022174647
994215,0.0093678189
994216,0.010914522
994217,0.0071920957
994218,0.017928539
994219,0.035110522
994220,0.010517434
994221,0.02077565
994222,0.0072344611
994223,0.017474724
994224,0.013663976
994225,0.0074362364
994226,0.012641458
994227,0.039657053
994228,0.014305204
994229,0.0069163605
994230,0.0070664352
994231,0.010765165
994232,0.010329302
994233,0.0024333922
994234,0.01071921
994235,0.013845646
994236,0.0094597312
994237,0.0079273898
994238,0.023897059
994239,0.023790067
994240,0.013854262
994241,0.014263557
994242,0.0074290554
994243,0.039636947
994244,0.017204734
994245,0.013678337
994246,0.013331134
994247,0.039705884
994248,0.013888088
994249,0.010868566
994250,0.0066166651
994251,0.010673254
994252,0.0069055893
994253,0.0072150733
994254,0.0082691861
994255,0.010426241
994256,0.01353688
994257,0.01539689
994258,0.0070233513
994259,0.010758703
994260,0.014026597
994261,0.0079963235
994262,0.014096967
994263,0.0095044831
994264,0.01372932
994265,0.010605756
994266,0.0029225582
994267,0.0071798884
994268,0.016166417
994269,0.023130888
994270,0.011316636
994271,0.0066801184
994272,0.010632324
994273,0.01288776
994274,0.0082411822
994275,0.0073802276
994276,0.027297076
994277,0.010410444
994278,0.0021332896
994279,0.0074190027
994280,0.0062184674
994281,0.018681066
994282,0.0074750115
994283,0.0078311693
994284,0.016808365
994285,0.006996783
994286,0.010890826
994287,0.030816291
994288,0.0072567211
994289,0.010586368
994290,0.0063799955
994291,0.0076495004
994292,0.021047793
994293,0.0073077031
994294,0.026091453
994295,0.010618681
994296,0.010928883
994297,0.0070542279
994298,0.022891775
994299,0.0061251111
994300,0.0073335534
994301,0.010895853
994302,0.0092146341
994303,0.010888672
994304,0.013565459
994305,0.023924345
994306,0.0072631836
994307,0.0068143955
994308,0.013534008
994309,0.0071949679
994310,0.01103013
994311,0.010962632
994312,0.016622482
994313,0.0074563418
994314,0.017983111
994315,0.0064747529
994316,0.013932531
994317,0.012204159
994318,0.010891544
994319,0.0086713005
994320,0.0073486329
994321,0.0078282971
994322,0.020711023
994323,0.019351289
994324,0.017566636
994325,0.014007928
994326,0.019106897
994327,0.0081384219
994328,0.010409008
994329,0.010733571
994330,0.039471075
994331,0.028326418
994332,0.013804716
994333,0.0070527918
994334,0.0079273898
994335,0.0060215369
994336,0.0060426476
994337,0.02463307
994338,0.0072301528
994339,0.0085722078
994340,0.011664895
994341,0.0075870291
994342,0.020580336
994343,0.0072847256
994344,0.0023991552
994345,0.039257813
994346,0.0065253242
994347,0.00630537
994348,0.0064524929
994349,0.0071131089
994350,0.010519588
994351,0.0084985737
994352,0.0072617475
994353,0.0061415727
994354,0.030422794
994355,0.010622271
994356,0.007100902
994357,0.009475952
994358,0.011090447
994359,0.014487592
994360,0.0074039237
994361,0.0084329043
994362,0.0083251949
994363,0.0074405447
994364,0.010469325
994365,0.017693015
994366,0.010770191
994367,0.027829159
994368,0.0065155737
994369,0.010332175
994370,0.0072617475
994371,0.0067540784
994372,0.0064772717
994373,0.0071066464
994374,0.010691923
994375,0.031496625
994376,0.021248851
994377,0.0020705357
994378,0.0070693074
994379,0.0071576289
994380,0.027225828
994381,0.01058924
994382,0.0070434571
994383,0.011902574
994384,0.0071461396
994385,0.030030016
994386,0.028759766
994387,0.013538316
994388,0.0070772059
994389,0.018448185
994390,0.039212573
994391,0.013924632
994392,0.031586051
994393,0.010685461
994394,0.010440602
994395,0.03214255
994396,0.01071131
994397,0.0063234698
994398,0.007798139
994399,0.022776455
994400,0.011470301
994401,0.010158404
994402,0.014583094
994403,0.0072114831
994404,0.026334874
994405,0.011015768
994406,0.025022978
994407,0.010354435
994408,0.015418199
994409,0.034888197
994410,0.027253274
994411,0.0077923941
994412,0.0069888844
994413,0.0070441752
994414,0.0076861214
994415,0.0097024357
994416,0.016989315
994417,0.0072150733
994418,0.0087759681
994419,0.0083711511
994420,0.010505945
994421,0.010736443
994422,0.023661535
994423,0.020479808
994424,0.0071648094
994425,0.013597197
994426,0.007422593
994427,0.03559266
994428,0.019679965
994429,0.010354435
994430,0.033916734
994431,0.039774816
994432,0.014028033
994433,0.020329734
994434,0.018226534
994435,0.0072840075
994436,0.0073759193
994437,0.0021431986
994438,0.010664637
994439,0.013879557
994440,0.013666131
994441,0.0072387694
994442,0.010843434
994443,0.006856523
994444,0.007841222
994445,0.0072165094
994446,0.024494486
994447,0.0061428486
994448,0.011203901
994449,0.0058435774
994450,0.011103372
994451,0.0074132583
994452,0.0073098578
994453,0.010324276
994454,0.0072646197
994455,0.018440517
994456,0.010376695
994457,0.023920037
994458,0.0070125805
994459,0.016962029
994460,0.0088465074
994461,0.01157509
994462,0.023713235
994463,0.0096815079
994464,0.024399702
994465,0.020186121
994466,0.0062521542
994467,0.0073888442
994468,0.0072495406
994469,0.024943274
994470,0.0086210361
994471,0.010500919
994472,0.010536104
994473,0.0086124195
994474,0.013641717
994475,0.0072308709
994476,0.011592371
994477,0.022153607
994478,0.017395739
994479,0.039855238
994480,0.03347886
994481,0.0074261832
994482,0.007313448
994483,0.0072998046
994484,0.015871529
994485,0.017369887
994486,0.007136805
994487,0.022531578
994488,0.010653866
994489,0.013038729
994490,0.015330595
994491,0.021013327
994492,0.0097886026
994493,0.024244601
994494,0.019149959
994495,0.013286277
994496,0.007174144
994497,0.017536478
994498,0.010943962
994499,0.0070154527
994500,0.010775937
994501,0.027641745
994502,0.039303768
994503,0.0080307908
994504,0.010542567
994505,0.0072165094
994506,0.0087854723
994507,0.027600816
994508,0.010775937
994509,0.013054343
994510,0.0096949991
994511,0.0072574392
994512,0.010629452
994513,0.0074470071
994514,0.014080452
994515,0.010046119
994516,0.007137523
994517,0.0072883158
994518,0.011777032
994519,0.013907399
994520,0.0070678713
994521,0.013620174
994522,0.0080537684
994523,0.017085535
994524,0.01762215
994525,0.0072150733
994526,0.020326143
994527,0.022405647
994528,0.011595244
994529,0.016862219
994530,0.010235237
994531,0.0072847256
994532,0.0071231616
994533,0.013983513
994534,0.010750086
994535,0.010378849
994536,0.006050379
994537,0.007372329
994538,0.0073069851
994539,0.013752297
994540,0.02386331
994541,0.01568819
994542,0.0061164405
994543,0.0067648496
994544,0.0094647575
994545,0.0076401653
994546,0.0072495406
994547,0.031177476
994548,0.01372932
994549,0.0078491215
994550,0.010880055
994551,0.017374914
994552,0.007210047
994553,0.011240521
994554,0.010615809
994555,0.016891658
994556,0.014105584
994557,0.023161765
994558,0.014085478
994559,0.015214269
994560,0.025985939
994561,0.010379567
994562,0.0070377127
994563,0.0072789812
994564,0.013829849
994565,0.014198214
994566,0.0073479149
994567,0.020201918
994568,0.0063332953
994569,0.0077126897
994570,0.0063914577
994571,0.006502036
994572,0.010262619
994573,0.010721364
994574,0.0069163605
994575,0.015001997
994576,0.010661765
994577,0.0061947093
994578,0.0077837775
994579,0.010740033
994580,0.027725041
994581,0.028231379
994582,0.0066724718
994583,0.013904527
994584,0.0095975986
994585,0.020551614
994586,0.0069091795
994587,0.010420497
994588,0.0078922044
994589,0.01532126
994590,0.0072667738
994591,0.0099656247
994592,0.0095053092
994593,0.017512782
994594,0.013209766
994595,0.0066140569
994596,0.015762867
994597,0.02176011
994598,0.0070851045
994599,0.022884592
994600,0.0074261832
994601,0.0072725182
994602,0.010650994
994603,0.010662483
994604,0.0074793198
994605,0.0085467333
994606,0.0071482938
994607,0.0070111444
994608,0.0070657171
994609,0.020627011
994610,0.033827923
994611,0.0063769338
994612,0.039975874
994613,0.022912597
994614,0.010799632
994615,0.010573443
994616,0.0071691177
994617,0.010555492
994618,0.0059038945
994619,0.01048225
994620,0.014399271
994621,0.0075468174
994622,0.01047866
994623,0.0070054
994624,0.024270451
994625,0.006209827
994626,0.017405791
994627,0.0073263729
994628,0.011062485
994629,0.010635196
994630,0.013798254
994631,0.019171759
994632,0.010732853
994633,0.0088680489
994634,0.017158778
994635,0.01040039
994636,0.019642103
994637,0.006997501
994638,0.023943014
994639,0.0098819509
994640,0.007077924
994641,0.0070657171
994642,0.013913143
994643,0.0139591
994644,0.0070772059
994645,0.0069673425
994646,0.0074075139
994647,0.0073658661
994648,0.021909466
994649,0.026962157
994650,0.010477941
994651,0.013763787
994652,0.0071705538
994653,0.0075353286
994654,0.0075252759
994655,0.016970646
994656,0.014310231
994657,0.010561236
994658,0.010328584
994659,0.012548579
994660,0.017155187
994661,0.0070951572
994662,0.017589614
994663,0.007078642
994664,0.010546875
994665,0.0088809747
994666,0.010745778
994667,0.0057489914
994668,0.010625862
994669,0.01013399
994670,0.0073112939
994671,0.027527574
994672,0.010638068
994673,0.015562706
994674,0.0093527399
994675,0.007093003
994676,0.0105598
994677,0.017634852
994678,0.014287971
994679,0.0069192327
994680,0.0095918542
994681,0.016208904
994682,0.021029124
994683,0.010869284
994684,0.0071324967
994685,0.0073550954
994686,0.0071691177
994687,0.0071296245
994688,0.007159065
994689,0.010535386
994690,0.010164867
994691,0.01327241
994692,0.010594267
994693,0.011339614
994694,0.013674029
994695,0.02009421
994696,0.0068854839
994697,0.017322496
994698,0.0064384956
994699,0.007217946
994700,0.010515998
994701,0.019359633
994702,0.0074642408
994703,0.020744458
994704,0.0070958757
994705,0.0071202894
994706,0.013634535
994707,0.016916791
994708,0.01048943
994709,0.021836225
994710,0.0073313992
994711,0.0087431064
994712,0.0072538489
994713,0.0069034351
994714,0.0070886947
994715,0.014028033
994716,0.033980783
994717,0.0079388786
994718,0.0070312498
994719,0.017160214
994720,0.020477654
994721,0.02034984
994722,0.0071755801
994723,0.004175195
994724,0.022889625
994725,0.0067506703
994726,0.021487247
994727,0.0090785399
994728,0.0072933421
994729,0.0068818936
994730,0.020690918
994731,0.0062396666
994732,0.007291906
994733,0.0080501782
994734,0.007034122
994735,0.037139095
994736,0.010592113
994737,0.010701976
994738,0.0084637813
994739,0.0070010913
994740,0.020920698
994741,0.0070255054
994742,0.030853631
994743,0.0061717313
994744,0.007371611
994745,0.023825252
994746,0.014051011
994747,0.016946232
994748,0.014032342
994749,0.016039321
994750,0.013698443
994751,0.010895853
994752,0.027353803
994753,0.0076078526
994754,0.017176012
994755,0.0071497299
994756,0.0066415453
994757,0.0071238796
994758,0.023851821
994759,0.0067114364
994760,0.017295927
994761,0.010088034
994762,0.0059283087
994763,0.02109375
994764,0.013890166
994765,0.0097325938
994766,0.011440142
994767,0.016797282
994768,0.0069264132
994769,0.0098218098
994770,0.032678939
994771,0.0073450427
994772,0.0068007526
994773,0.016773896
994774,0.0077435663
994775,0.0068933824
994776,0.017389275
994777,0.016947668
994778,0.02943735
994779,0.0070743337
994780,0.010595703
994781,0.0072387694
994782,0.014446663
994783,0.010541131
994784,0.0076279584
994785,0.0094961198
994786,0.030771218
994787,0.013993566
994788,0.010948989
994789,0.010663201
994790,0.018930234
994791,0.0096596591
994792,0.015429316
994793,0.0072567211
994794,0.023816636
994795,0.010903751
994796,0.021702666
994797,0.011065315
994798,0.021302706
994799,0.0070255054
994800,0.0071102367
994801,0.010228056
994802,0.013940429
994803,0.039499801
994804,0.020668657
994805,0.010686897
994806,0.014481129
994807,0.007525994
994808,0.013686236
994809,0.03961828
994810,0.011477482
994811,0.0070003732
994812,0.023747703
994813,0.010182818
994814,0.010251034
994815,0.012623895
994816,0.014046703
994817,0.02749167
994818,0.020967372
994819,0.014399989
994820,0.014045984
994821,0.0099076442
994822,0.0072258445
994823,0.0071102367
994824,0.0070140166
994825,0.0073450427
994826,0.021645179
994827,0.024310661
994828,0.0074778837
994829,0.00743121
994830,0.0068818936
994831,0.0063390187
994832,0.018785184
994833,0.0077493107
994834,0.0071640913
994835,0.010297708
994836,0.010080135
994837,0.0066644028
994838,0.015929457
994839,0.0074139764
994840,0.021507353
994841,0.011468865
994842,0.0073701749
994843,0.018795956
994844,0.0095286649
994845,0.0078814337
994846,0.010670382
994847,0.012976849
994848,0.016558848
994849,0.0069149244
994850,0.03424862
994851,0.019773794
994852,0.030238971
994853,0.0087028956
994854,0.012542371
994855,0.011374081
994856,0.0070319679
994857,0.0070714615
994858,0.020590154
994859,0.0072725182
994860,0.010745778
994861,0.0080070943
994862,0.0063136248
994863,0.0071403952
994864,0.0066624573
994865,0.0068467082
994866,0.022475298
994867,0.017532887
994868,0.011961618
994869,0.013545496
994870,0.00823831
994871,0.02678079
994872,0.0073816637
994873,0.028182445
994874,0.0072516948
994875,0.013987103
994876,0.0065170308
994877,0.013786765
994878,0.010546875
994879,0.021442523
994880,0.0069852942
994881,0.016333224
994882,0.0070535098
994883,0.022117704
994884,0.010523897
994885,0.018030798
994886,0.010599294
994887,0.017107077
994888,0.010696949
994889,0.013923196
994890,0.0072380514
994891,0.01070772
994892,0.014303768
994893,0.010921703
994894,0.0069278493
994895,0.0072954963
994896,0.0057425383
994897,0.013371008
994898,0.014170927
994899,0.02442986
994900,0.0075030159
994901,0.034212001
994902,0.018274726
994903,0.035168391
994904,0.023624914
994905,0.027102482
994906,0.0068251668
994907,0.01570686
994908,0.017782055
994909,0.01080035
994910,0.0082340017
994911,0.012128763
994912,0.010682588
994913,0.01527674
994914,0.020763442
994915,0.0067102769
994916,0.011582319
994917,0.016783232
994918,0.013809742
994919,0.0064848056
994920,0.011165125
994921,0.03954719
994922,0.011927705
994923,0.013740809
994924,0.014925609
994925,0.0070082722
994926,0.007525994
994927,0.0072380514
994928,0.0074139764
994929,0.024471506
994930,0.0070621264
994931,0.0085169179
994932,0.021129653
994933,0.010741469
994934,0.035732854
994935,0.0071619372
994936,0.013663258
994937,0.0072725182
994938,0.020400103
994939,0.023462564
994940,0.016913202
994941,0.019406337
994942,0.032003544
994943,0.0094687305
994944,0.0070901308
994945,0.0071612191
994946,0.0073752012
994947,0.0073213466
994948,0.010705566
994949,0.027429199
994950,0.010757267
994951,0.017063275
994952,0.017451746
994953,0.021995589
994954,0.0071224435
994955,0.0070456113
994956,0.0077809053
994957,0.012724034
994958,0.010495893
994959,0.0095162466
994960,0.011639395
994961,0.0062752785
994962,0.0093434751
994963,0.010403981
994964,0.0062897746
994965,0.0071468577
994966,0.013967716
994967,0.0072387694
994968,0.0073005226
994969,0.017830882
994970,0.0069307215
994971,0.0073579676
994972,0.013977051
994973,0.007173426
994974,0.01753217
994975,0.013936121
994976,0.0074491613
994977,0.010848461
994978,0.010615091
994979,0.014123535
994980,0.028106974
994981,0.013437289
994982,0.0063684196
994983,0.0072258445
994984,0.015372243
994985,0.014023007
994986,0.0076121609
994987,0.010075827
994988,0.020061178
994989,0.0076861214
994990,0.010691923
994991,0.0070886947
994992,0.015750138
994993,0.0072897519
994994,0.0023560359
994995,0.015880629
994996,0.0066652689
994997,0.0068402458
994998,0.0015990417
994999,0.010569853
995000,0.0071870694
995001,0.0075827204
995002,0.014166619
995003,0.03072438
995004,0.013768096
995005,0.0079546757
995006,0.01043773
995007,0.0072150733
995008,0.014394962
995009,0.0080422796
995010,0.0069558537
995011,0.010669664
995012,0.0072244084
995013,0.01780216
995014,0.0097261453
995015,0.010661765
995016,0.0072366153
995017,0.010687615
995018,0.011879596
995019,0.0062083439
995020,0.013126938
995021,0.0070377127
995022,0.010734289
995023,0.0099546555
995024,0.0071992762
995025,0.0071245977
995026,0.0066786823
995027,0.01048225
995028,0.0072007123
995029,0.0075970818
995030,0.013811897
995031,0.0065139621
995032,0.010523897
995033,0.040073529
995034,0.016865809
995035,0.030353861
995036,0.01056339
995037,0.035360456
995038,0.010462143
995039,0.0065544974
995040,0.0072272806
995041,0.0064215041
995042,0.0077730068
995043,0.0072653377
995044,0.029830962
995045,0.012757118
995046,0.036568027
995047,0.016823443
995048,0.011641808
995049,0.007195686
995050,0.01736127
995051,0.0061990176
995052,0.0071863509
995053,0.0072014304
995054,0.01750919
995055,0.017688707
995056,0.01004524
995057,0.022163661
995058,0.0071576289
995059,0.011503331
995060,0.0073450427
995061,0.017566636
995062,0.010470761
995063,0.027653953
995064,0.010849897
995065,0.0033543627
995066,0.013296461
995067,0.0074843462
995068,0.023364257
995069,0.010903033
995070,0.0069565717
995071,0.0094030043
995072,0.0072761085
995073,0.010332893
995074,0.0074865003
995075,0.014028033
995076,0.0071346508
995077,0.0083194505
995078,0.010778091
995079,0.0073601217
995080,0.010878619
995081,0.010781681
995082,0.010317096
995083,0.0082059968
995084,0.011432244
995085,0.0095126843
995086,0.0074505974
995087,0.0075913374
995088,0.017239919
995089,0.022231158
995090,0.0076530906
995091,0.0072380514
995092,0.016116543
995093,0.013947611
995094,0.0077205882
995095,0.010386747
995096,0.021139706
995097,0.0054838294
995098,0.0072344611
995099,0.013075344
995100,0.013775276
995101,0.011025104
995102,0.031826656
995103,0.0070219152
995104,0.014224782
995105,0.010564826
995106,0.0071985582
995107,0.0070571001
995108,0.006571691
995109,0.011440142
995110,0.0075382008
995111,0.013898782
995112,0.0064766593
995113,0.0096307229
995114,0.0077579273
995115,0.0075137867
995116,0.028152287
995117,0.010661765
995118,0.0278586
995119,0.0089707319
995120,0.0063031367
995121,0.011880314
995122,0.016422765
995123,0.016201222
995124,0.010811121
995125,0.0072502587
995126,0.017377786
995127,0.014114918
995128,0.0070082722
995129,0.039321002
995130,0.010984892
995131,0.0067346911
995132,0.010712029
995133,0.0073945886
995134,0.020484835
995135,0.023690257
995136,0.034221336
995137,0.0059189741
995138,0.0070657171
995139,0.0073292451
995140,0.014410041
995141,0.025473921
995142,0.01101146
995143,0.027056526
995144,0.015533088
995145,0.022967344
995146,0.0070592542
995147,0.010466452
995148,0.0087026376
995149,0.010376695
995150,0.01027832
995151,0.013763787
995152,0.007349351
995153,0.01081543
995154,0.0071159811
995155,0.0071639577
995156,0.013926068
995157,0.007100184
995158,0.020785702
995159,0.0058205999
995160,0.0069508273
995161,0.011099782
995162,0.0067950399
995163,0.0063993568
995164,0.018077178
995165,0.0072258445
995166,0.033476707
995167,0.007246668
995168,0.027852187
995169,0.0078354776
995170,0.017049633
995171,0.0072402055
995172,0.010853487
995173,0.01415154
995174,0.0064836997
995175,0.022248344
995176,0.015394584
995177,0.037418708
995178,0.010765165
995179,0.013905245
995180,0.019129137
995181,0.034020998
995182,0.0071834787
995183,0.00740895
995184,0.01739502
995185,0.0072969324
995186,0.014341826
995187,0.010640223
995188,0.010363052
995189,0.013204101
995190,0.0090669524
995191,0.0027086751
995192,0.0071619372
995193,0.010185691
995194,0.0071482938
995195,0.0071439855
995196,0.028371658
995197,0.0071504479
995198,0.0070937211
995199,0.023624197
995200,0.013915298
995201,0.016348805
995202,0.013947611
995203,0.010457835
995204,0.010867848
995205,0.0086547853
995206,0.0097311577
995207,0.0073802276
995208,0.0072875977
995209,0.014039522
995210,0.011394187
995211,0.038086157
995212,0.039369829
995213,0.010623707
995214,0.010677562
995215,0.031935252
995216,0.010202206
995217,0.007371611
995218,0.030636057
995219,0.017179601
995220,0.0072603114
995221,0.010648121
995222,0.020566693
995223,0.033895336
995224,0.0073120119
995225,0.01395445
995226,0.007400333
995227,0.0071978401
995228,0.013375316
995229,0.0065367203
995230,0.0074865003
995231,0.0063921195
995232,0.010592113
995233,0.007092285
995234,0.007114545
995235,0.0072409236
995236,0.0072639016
995237,0.013798254
995238,0.0074843462
995239,0.0070621264
995240,0.0069328756
995241,0.0028388714
995242,0.013997156
995243,0.027903983
995244,0.011523438
995245,0.013859289
995246,0.010765165
995247,0.010443474
995248,0.0073515051
995249,0.015306015
995250,0.021062156
995251,0.0073033948
995252,0.0076631433
995253,0.0044088634
995254,0.0073522232
995255,0.020271571
995256,0.014316694
995257,0.0081571694
995258,0.01037454
995259,0.0073938705
995260,0.0076279584
995261,0.01070054
995262,0.018589154
995263,0.017303107
995264,0.013595043
995265,0.039200369
995266,0.019493243
995267,0.010880773
995268,0.024162022
995269,0.0071640913
995270,0.011867388
995271,0.019867452
995272,0.028717954
995273,0.027976362
995274,0.0072373333
995275,0.0070700254
995276,0.0084400848
995277,0.006494543
995278,0.010788144
995279,0.0089348285
995280,0.0065982593
995281,0.0069946288
995282,0.01041547
995283,0.014648438
995284,0.0067533604
995285,0.02057172
995286,0.014811438
995287,0.010352281
995288,0.013476563
995289,0.010449937
995290,0.030828498
995291,0.039604634
995292,0.009255372
995293,0.0085477941
995294,0.010577751
995295,0.010569853
995296,0.010307761
995297,0.013956945
995298,0.013602941
995299,0.0072215362
995300,0.010695513
995301,0.0238152
995302,0.017090563
995303,0.010558364
995304,0.0063980762
995305,0.039491899
995306,0.014270738
995307,0.010615809
995308,0.0078239888
995309,0.010828354
995310,0.010887235
995311,0.0064483322
995312,0.020438878
995313,0.013158535
995314,0.020798627
995315,0.0099106729
995316,0.0068625058
995317,0.013903809
995318,0.016799748
995319,0.0071461396
995320,0.0098503558
995321,0.0074103861
995322,0.0070240693
995323,0.014861701
995324,0.017361989
995325,0.010755112
995326,0.010403262
995327,0.010308479
995328,0.01822797
995329,0.0099013383
995330,0.0072753904
995331,0.036989991
995332,0.0073005226
995333,0.017992446
995334,0.010717056
995335,0.0079352884
995336,0.0067591048
995337,0.0076983282
995338,0.023563879
995339,0.0068251668
995340,0.010684743
995341,0.0074103861
995342,0.010261087
995343,0.0064467485
995344,0.0084422389
995345,0.016492503
995346,0.010454245
995347,0.0087201288
995348,0.037792891
995349,0.0074685491
995350,0.0098860618
995351,0.0072014304
995352,0.010477941
995353,0.028241325
995354,0.0061099781
995355,0.0070176069
995356,0.0072416416
995357,0.013161519
995358,0.017237047
995359,0.0096997572
995360,0.011368336
995361,0.0064543681
995362,0.0070901308
995363,0.0070886947
995364,0.028258558
995365,0.010161994
995366,0.039622586
995367,0.03951057
995368,0.0073902803
995369,0.017164523
995370,0.0072732363
995371,0.010251034
995372,0.023790067
995373,0.010523897
995374,0.007019043
995375,0.0071095186
995376,0.013910271
995377,0.006901281
995378,0.017845243
995379,0.010765165
995380,0.0070728976
995381,0.0073270909
995382,0.013884421
995383,0.0092299515
995384,0.0063762162
995385,0.0099135451
995386,0.017491957
995387,0.015356446
995388,0.0070355586
995389,0.0063036769
995390,0.0064417282
995391,0.010526051
995392,0.0099336514
995393,0.010940372
995394,0.020720359
995395,0.0108341
995396,0.013099581
995397,0.010900161
995398,0.010167021
995399,0.0096514532
995400,0.010762293
995401,0.007114545
995402,0.0172392
995403,0.035963215
995404,0.0074742935
995405,0.0078512756
995406,0.0084530097
995407,0.013133329
995408,0.027142692
995409,0.010324994
995410,0.011586993
995411,0.013928222
995412,0.0073586856
995413,0.0072251265
995414,0.01063017
995415,0.0063088811
995416,0.007136805
995417,0.013641717
995418,0.0072215362
995419,0.0073450427
995420,0.0072516948
995421,0.0237635
995422,0.0071576289
995423,0.0073450427
995424,0.0073407344
995425,0.0072380514
995426,0.0075597428
995427,0.010519588
995428,0.0072890338
995429,0.010322122
995430,0.0097932573
995431,0.0069292854
995432,0.0073687383
995433,0.0073687383
995434,0.010790298
995435,0.021095186
995436,0.023427447
995437,0.0088579962
995438,0.017413689
995439,0.010880055
995440,0.0077938302
995441,0.0095822746
995442,0.010391774
995443,0.0167275
995444,0.0089994539
995445,0.0071949679
995446,0.0071116728
995447,0.010719928
995448,0.0071806065
995449,0.010730699
995450,0.0072057387
995451,0.010676126
995452,0.010885081
995453,0.0072050206
995454,0.0073156022
995455,0.0063049905
995456,0.0073184744
995457,0.017074764
995458,0.010862822
995459,0.0075446633
995460,0.0085650273
995461,0.010332175
995462,0.0073701749
995463,0.0070815142
995464,0.028463837
995465,0.0070484835
995466,0.0075525618
995467,0.013717831
995468,0.014253505
995469,0.02439611
995470,0.010619399
995471,0.016185327
995472,0.0071920957
995473,0.0075597428
995474,0.017371323
995475,0.0071691177
995476,0.0074333642
995477,0.010144761
995478,0.0073414524
995479,0.011089729
995480,0.017049633
995481,0.013947611
995482,0.030549891
995483,0.0071461396
995484,0.019980038
995485,0.010999971
995486,0.014395947
995487,0.0091983574
995488,0.0063928836
995489,0.014708037
995490,0.016631586
995491,0.0098955659
995492,0.010317096
995493,0.010447782
995494,0.0074527515
995495,0.010959042
995496,0.0070168888
995497,0.015540269
995498,0.027079504
995499,0.0063884137
995500,0.017899817
995501,0.017652804
995502,0.0071870694
995503,0.007400333
995504,0.013608686
995505,0.034021713
995506,0.0086081112
995507,0.028333956
995508,0.0074692671
995509,0.0071942499
995510,0.0072430777
995511,0.012568934
995512,0.015222886
995513,0.0070542279
995514,0.007673196
995515,0.023617733
995516,0.0071461396
995517,0.033732336
995518,0.018788775
995519,0.014109174
995520,0.023644302
995521,0.0099688359
995522,0.015940947
995523,0.0092518041
995524,0.0071123908
995525,0.034063362
995526,0.010462862
995527,0.013213752
995528,0.01437342
995529,0.007078642
995530,0.007042021
995531,0.0069896025
995532,0.010523179
995533,0.010812557
995534,0.0089254938
995535,0.010698386
995536,0.023935117
995537,0.0057595647
995538,0.039433736
995539,0.0067210477
995540,0.02366728
995541,0.017428769
995542,0.0071569108
995543,0.0072294348
995544,0.010581342
995545,0.0090568988
995546,0.0064691803
995547,0.0073795095
995548,0.0065342062
995549,0.010721364
995550,0.013766659
995551,0.010381721
995552,0.0069544176
995553,0.020359734
995554,0.00736443
995555,0.014030905
995556,0.0080243275
995557,0.021128217
995558,0.014028751
995559,0.010454963
995560,0.010352281
995561,0.010466452
995562,0.018120978
995563,0.0073141661
995564,0.010124655
995565,0.026667336
995566,0.017274385
995567,0.030577177
995568,0.007055664
995569,0.019933531
995570,0.010684025
995571,0.0072409236
995572,0.007151884
995573,0.0070886947
995574,0.0211534
995575,0.0078699449
995576,0.017957261
995577,0.018060662
995578,0.013524673
995579,0.017662138
995580,0.020672966
995581,0.013738655
995582,0.0074929632
995583,0.0072990865
995584,0.0071238796
995585,0.007365148
995586,0.0068359375
995587,0.0072660558
995588,0.0063447841
995589,0.0061753215
995590,0.010646685
995591,0.0111005
995592,0.0062797717
995593,0.0070714615
995594,0.0088967718
995595,0.006072639
995596,0.017405791
995597,0.01048943
995598,0.0073529412
995599,0.0064287973
995600,0.0071899416
995601,0.013923914
995602,0.0073177563
995603,0.0071504479
995604,0.020443186
995605,0.015031852
995606,0.0079288259
995607,0.017364861
995608,0.013488051
995609,0.010587086
995610,0.011445169
995611,0.027607996
995612,0.0073874081
995613,0.0071281884
995614,0.0065767965
995615,0.0076717599
995616,0.0043962235
995617,0.0070427391
995618,0.0045385654
995619,0.0071978401
995620,0.0080099665
995621,0.010861386
995622,0.0074269013
995623,0.019567378
995624,0.0070111444
995625,0.0076293945
995626,0.037162513
995627,0.0070585362
995628,0.014135025
995629,0.01046717
995630,0.023695285
995631,0.010845589
995632,0.0070886947
995633,0.010595703
995634,0.024455709
995635,0.0099059138
995636,0.015199738
995637,0.0075870291
995638,0.023647891
995639,0.010523897
995640,0.0068589156
995641,0.014675723
995642,0.038787484
995643,0.015693935
995644,0.012864775
995645,0.022401758
995646,0.017198989
995647,0.0072739543
995648,0.013448037
995649,0.014160156
995650,0.008062385
995651,0.014074707
995652,0.013878676
995653,0.013972742
995654,0.010562672
995655,0.027823415
995656,0.007078642
995657,0.013306382
995658,0.010557646
995659,0.0064403317
995660,0.014458152
995661,0.0070068361
995662,0.01451057
995663,0.0089800665
995664,0.0070865406
995665,0.0070434571
995666,0.0065953871
995667,0.01202608
995668,0.0059756194
995669,0.017164523
995670,0.014010082
995671,0.0078553809
995672,0.025631893
995673,0.0086763268
995674,0.0063993568
995675,0.010611501
995676,0.017325368
995677,0.020990349
995678,0.0074125403
995679,0.013629509
995680,0.024301328
995681,0.024244601
995682,0.014066808
995683,0.010945398
995684,0.007247386
995685,0.013900219
995686,0.0073378617
995687,0.0061078239
995688,0.019601656
995689,0.013556985
995690,0.015773775
995691,0.010719928
995692,0.010781681
995693,0.0069917566
995694,0.0088648461
995695,0.0072818534
995696,0.020278033
995697,0.037392292
995698,0.0075439452
995699,0.027228143
995700,0.014022289
995701,0.01027473
995702,0.0083625345
995703,0.010791016
995704,0.0091818413
995705,0.017203297
995706,0.022355469
995707,0.0020251528
995708,0.016001983
995709,0.0068467082
995710,0.013972742
995711,0.0071037742
995712,0.030625287
995713,0.010602884
995714,0.013553395
995715,0.024108168
995716,0.0096241673
995717,0.024310661
995718,0.0099846385
995719,0.010854205
995720,0.024149816
995721,0.0074908086
995722,0.021289062
995723,0.0073601217
995724,0.01484734
995725,0.014624024
995726,0.031215534
995727,0.037591912
995728,0.01423627
995729,0.010803223
995730,0.010333611
995731,0.012915039
995732,0.0073888442
995733,0.024489459
995734,0.0069185146
995735,0.024011949
995736,0.007525994
995737,0.010229493
995738,0.015857652
995739,0.007929544
995740,0.0071332147
995741,0.008414235
995742,0.0072265626
995743,0.01404024
995744,0.0058191638
995745,0.0089333924
995746,0.011086857
995747,0.010693359
995748,0.0070283776
995749,0.010354435
995750,0.01048943
995751,0.0070305318
995752,0.017768411
995753,0.013790355
995754,0.0098941578
995755,0.024164177
995756,0.0073529412
995757,0.0069623161
995758,0.0066427793
995759,0.013549087
995760,0.018004656
995761,0.0071784523
995762,0.0097620348
995763,0.0077442843
995764,0.0078002932
995765,0.017712802
995766,0.0072610294
995767,0.039145079
995768,0.010997817
995769,0.016446078
995770,0.0059283087
995771,0.02754768
995772,0.010771628
995773,0.014089786
995774,0.0071605011
995775,0.017713839
995776,0.0068416819
995777,0.010384593
995778,0.0071820426
995779,0.006570973
995780,0.022470273
995781,0.0071382411
995782,0.020958755
995783,0.02671401
995784,0.027685547
995785,0.014156566
995786,0.010982738
995787,0.011386288
995788,0.0074139764
995789,0.008723001
995790,0.010692641
995791,0.010004739
995792,0.022881292
995793,0.0107228
995794,0.014015826
995795,0.0070111444
995796,0.0074046417
995797,0.0071770162
995798,0.0073759193
995799,0.024159869
995800,0.014160874
995801,0.014695112
995802,0.011214672
995803,0.0070226332
995804,0.013867187
995805,0.022520918
995806,0.010259651
995807,0.013706342
995808,0.01726505
995809,0.009529002
995810,0.0074254652
995811,0.0070642806
995812,0.013984231
995813,0.012998334
995814,0.007217946
995815,0.0071195713
995816,0.0068309112
995817,0.010692641
995818,0.0072538489
995819,0.010526769
995820,0.010184254
995821,0.020213408
995822,0.014985434
995823,0.0071303425
995824,0.019588694
995825,0.0069221049
995826,0.0072646197
995827,0.0071231616
995828,0.0074635227
995829,0.013479481
995830,0.0098317014
995831,0.012866866
995832,0.0088831289
995833,0.0080702836
995834,0.02654383
995835,0.01429946
995836,0.013165186
995837,0.017252844
995838,0.020493452
995839,0.019697839
995840,0.007100184
995841,0.013872214
995842,0.021266084
995843,0.014305204
995844,0.010998535
995845,0.0053035445
995846,0.014145795
995847,0.013111508
995848,0.015581198
995849,0.0095398529
995850,0.037016027
995851,0.020683737
995852,0.01056339
995853,0.0074060778
995854,0.01496737
995855,0.016489545
995856,0.010484404
995857,0.010450655
995858,0.010383875
995859,0.007218664
995860,0.02391501
995861,0.0083346562
995862,0.0070003732
995863,0.012797655
995864,0.036402803
995865,0.010184254
995866,0.039751839
995867,0.007327809
995868,0.0073888442
995869,0.020695945
995870,0.0063332953
995871,0.0057674632
995872,0.013568474
995873,0.011094755
995874,0.01251106
995875,0.0070886947
995876,0.011482546
995877,0.0077744429
995878,0.01141142
995879,0.020132985
995880,0.007444853
995881,0.0073687383
995882,0.006865378
995883,0.006605478
995884,0.0072157914
995885,0.032546479
995886,0.039673571
995887,0.010285501
995888,0.0070075542
995889,0.0071698357
995890,0.0074254652
995891,0.012782197
995892,0.0071849148
995893,0.010500919
995894,0.013554113
995895,0.0068467082
995896,0.03997013
995897,0.0062817265
995898,0.017942181
995899,0.027064424
995900,0.010328584
995901,0.015629308
995902,0.010421933
995903,0.012339154
995904,0.024770938
995905,0.0071806065
995906,0.011092601
995907,0.013933249
995908,0.013648897
995909,0.012835454
995910,0.0093771545
995911,0.0074139764
995912,0.010251034
995913,0.01539522
995914,0.019232538
995915,0.013832721
995916,0.016045962
995917,0.0073069851
995918,0.0031654648
995919,0.0071949679
995920,0.0066509303
995921,0.0070118625
995922,0.007100184
995923,0.0062952056
995924,0.008061667
995925,0.0083374027
995926,0.0069221049
995927,0.0092715994
995928,0.0071949679
995929,0.0094231097
995930,0.0071346508
995931,0.0072753904
995932,0.026031591
995933,0.0074333642
995934,0.03974035
995935,0.0068883561
995936,0.027447868
995937,0.014201804
995938,0.011914062
995939,0.0072150733
995940,0.017392147
995941,0.030639589
995942,0.011073931
995943,0.014292279
995944,0.0087976791
995945,0.027345186
995946,0.010572007
995947,0.0037863723
995948,0.0079237996
995949,0.0053138528
995950,0.0075432272
995951,0.010876465
995952,0.023517923
995953,0.014084042
995954,0.024532542
995955,0.00913445
995956,0.0071798884
995957,0.0061920141
995958,0.010515998
995959,0.019544102
995960,0.013938275
995961,0.017463235
995962,0.0072251265
995963,0.0062758503
995964,0.0072416416
995965,0.014051011
995966,0.015039062
995967,0.028010109
995968,0.017500574
995969,0.021322602
995970,0.0067935721
995971,0.0072811353
995972,0.0098308353
995973,0.012304688
995974,0.0072251265
995975,0.013997156
995976,0.0073852539
995977,0.0064007929
995978,0.017248536
995979,0.010941808
995980,0.0072926241
995981,0.0073105758
995982,0.010921703
995983,0.024453679
995984,0.0070018093
995985,0.024530388
995986,0.0073988969
995987,0.01027473
995988,0.00736443
995989,0.0069070254
995990,0.0071820426
995991,0.0070663565
995992,0.0074857823
995993,0.017562328
995994,0.020761289
995995,0.0072423597
995996,0.0072854436
995997,0.0209566
995998,0.0071080825
995999,0.012874857
996000,0.0070542279
996001,0.020809397
996002,0.014073989
996003,0.0067019491
996004,0.0073098578
996005,0.0073141661
996006,0.0068337834
996007,0.036946695
996008,0.01105239
996009,0.027552705
996010,0.039236989
996011,0.010424805
996012,0.0063755284
996013,0.013936121
996014,0.009222053
996015,0.014292279
996016,0.029963234
996017,0.020670813
996018,0.010574879
996019,0.010280474
996020,0.01728731
996021,0.010971967
996022,0.0065372242
996023,0.0059893439
996024,0.011051672
996025,0.010619399
996026,0.024297019
996027,0.010505945
996028,0.0074017695
996029,0.0096540358
996030,0.010556928
996031,0.031199018
996032,0.0074563418
996033,0.0055620978
996034,0.024804687
996035,0.010283346
996036,0.0071612191
996037,0.0086210323
996038,0.0085255345
996039,0.008378597
996040,0.030732997
996041,0.0069860122
996042,0.013857853
996043,0.0069163395
996044,0.007159065
996045,0.021254595
996046,0.0015892425
996047,0.0074204388
996048,0.027607279
996049,0.010546875
996050,0.031159524
996051,0.03717472
996052,0.007365148
996053,0.0069802678
996054,0.0069544176
996055,0.017249972
996056,0.0068821134
996057,0.021993387
996058,0.026141711
996059,0.0070427391
996060,0.0080494601
996061,0.010572725
996062,0.023740521
996063,0.0079765795
996064,0.033250518
996065,0.0085901599
996066,0.0064682849
996067,0.0061250576
996068,0.0061950972
996069,0.0077069453
996070,0.007467831
996071,0.017093435
996072,0.0093886433
996073,0.013950483
996074,0.017181756
996075,0.0069407742
996076,0.0060381722
996077,0.013395973
996078,0.010276166
996079,0.020463293
996080,0.014348288
996081,0.011945657
996082,0.014275764
996083,0.005869946
996084,0.017102769
996085,0.0071698357
996086,0.011249856
996087,0.007246668
996088,0.010801787
996089,0.0071116728
996090,0.0064872839
996091,0.010844152
996092,0.010235237
996093,0.0073809456
996094,0.010582778
996095,0.0080796182
996096,0.0072854436
996097,0.0072437958
996098,0.0071346508
996099,0.0072610294
996100,0.031279441
996101,0.010531078
996102,0.007481474
996103,0.013878676
996104,0.010527487
996105,0.02581186
996106,0.019754259
996107,0.018858906
996108,0.006887638
996109,0.017038861
996110,0.0068201399
996111,0.0069536995
996112,0.0072315889
996113,0.020520052
996114,0.01044491
996115,0.0059247185
996116,0.013909553
996117,0.0087732654
996118,0.0073069851
996119,0.010851333
996120,0.010828354
996121,0.0071095186
996122,0.0079783723
996123,0.01372573
996124,0.0070010913
996125,0.010730699
996126,0.0076976102
996127,0.0068840478
996128,0.016445722
996129,0.0077234604
996130,0.010742188
996131,0.019864431
996132,0.0070908489
996133,0.011176614
996134,0.00823831
996135,0.0070068361
996136,0.015336339
996137,0.0073673022
996138,0.015446112
996139,0.0085147638
996140,0.0070693074
996141,0.0071116728
996142,0.0073213466
996143,0.010931755
996144,0.0098912856
996145,0.018518066
996146,0.0069522634
996147,0.0093484316
996148,0.0073292451
996149,0.010303453
996150,0.032535583
996151,0.039602481
996152,0.0064293663
996153,0.013706342
996154,0.010749368
996155,0.0076559628
996156,0.01377025
996157,0.014099121
996158,0.0071016201
996159,0.0072229723
996160,0.010642377
996161,0.017201142
996162,0.0059254365
996163,0.010653866
996164,0.0072423597
996165,0.0073084212
996166,0.010721364
996167,0.039535701
996168,0.025796484
996169,0.039349724
996170,0.015902171
996171,0.022562984
996172,0.027298512
996173,0.0073981788
996174,0.005514706
996175,0.013997156
996176,0.008003504
996177,0.019325959
996178,0.0065639182
996179,0.036138639
996180,0.0067066867
996181,0.0099156993
996182,0.0073565315
996183,0.0062479516
996184,0.029088361
996185,0.0062008318
996186,0.0077916761
996187,0.0096613634
996188,0.026447276
996189,0.010330738
996190,0.0073184744
996191,0.010590677
996192,0.0099810436
996193,0.010351563
996194,0.0072445138
996195,0.0073436066
996196,0.0066693476
996197,0.020537971
996198,0.016276702
996199,0.017225558
996200,0.010377413
996201,0.019588694
996202,0.0071482938
996203,0.012523696
996204,0.0069637522
996205,0.0070714615
996206,0.0072840075
996207,0.0095078414
996208,0.0070369947
996209,0.0097777816
996210,0.0064003938
996211,0.0071245977
996212,0.0068596336
996213,0.0204159
996214,0.033690754
996215,0.017507754
996216,0.01171875
996217,0.0075202491
996218,0.0099678943
996219,0.012507899
996220,0.0078469673
996221,0.017573098
996222,0.017693015
996223,0.0073033948
996224,0.0073759193
996225,0.0059742648
996226,0.013152177
996227,0.0067077447
996228,0.034556668
996229,0.0073658661
996230,0.016866527
996231,0.013795381
996232,0.010755112
996233,0.0068129594
996234,0.017876837
996235,0.0074046417
996236,0.019739999
996237,0.0071705538
996238,0.0072057387
996239,0.010605038
996240,0.0063632214
996241,0.014150104
996242,0.029758578
996243,0.0074333642
996244,0.020278033
996245,0.0072150733
996246,0.010594985
996247,0.020591108
996248,0.0097914748
996249,0.020983662
996250,0.019699764
996251,0.010824046
996252,0.0071116728
996253,0.010525333
996254,0.01955954
996255,0.010385311
996256,0.026035158
996257,0.016309312
996258,0.02758861
996259,0.013338695
996260,0.026793715
996261,0.0075676413
996262,0.0065027573
996263,0.0090418197
996264,0.029755715
996265,0.024362363
996266,0.007715242
996267,0.033276908
996268,0.023908548
996269,0.0109375
996270,0.024613684
996271,0.020685174
996272,0.0071461396
996273,0.017825857
996274,0.0072768265
996275,0.013900937
996276,0.013609404
996277,0.012581859
996278,0.0091947671
996279,0.023057193
996280,0.036764707
996281,0.0068883561
996282,0.012782587
996283,0.0071475757
996284,0.027045755
996285,0.010434858
996286,0.0072854436
996287,0.0070822323
996288,0.0091715539
996289,0.016243439
996290,0.0073601217
996291,0.0068976907
996292,0.0098352768
996293,0.007306267
996294,0.0071870694
996295,0.0098492317
996296,0.010905906
996297,0.011206055
996298,0.0072165094
996299,0.0078383498
996300,0.006997501
996301,0.010864258
996302,0.0064427941
996303,0.0071403952
996304,0.023460478
996305,0.010731417
996306,0.009062713
996307,0.0071339328
996308,0.010764447
996309,0.010576315
996310,0.010515998
996311,0.0069903205
996312,0.020797908
996313,0.010561954
996314,0.0072904699
996315,0.039694395
996316,0.013625919
996317,0.0070772059
996318,0.0070851045
996319,0.0073471968
996320,0.0069163605
996321,0.0071626552
996322,0.019578641
996323,0.013412655
996324,0.0072236904
996325,0.0064352597
996326,0.020514276
996327,0.0095143039
996328,0.028995875
996329,0.03647748
996330,0.0069687786
996331,0.010333611
996332,0.0071418313
996333,0.0075482535
996334,0.011504049
996335,0.02877626
996336,0.013177131
996337,0.013671875
996338,0.020600442
996339,0.010423369
996340,0.007151166
996341,0.0069587259
996342,0.0070886947
996343,0.039326027
996344,0.023115585
996345,0.006314361
996346,0.0077708527
996347,0.0061056698
996348,0.02731072
996349,0.0071468577
996350,0.014384191
996351,0.01418457
996352,0.010482968
996353,0.010750804
996354,0.010327866
996355,0.0069924747
996356,0.0069544176
996357,0.0055082431
996358,0.019152114
996359,0.019450484
996360,0.0070061181
996361,0.01406609
996362,0.0075712316
996363,0.0076760687
996364,0.007385972
996365,0.017099896
996366,0.0118751
996367,0.0074276193
996368,0.0072761085
996369,0.016988598
996370,0.007658835
996371,0.0069027171
996372,0.0088005513
996373,0.0068723108
996374,0.0076889936
996375,0.0042316588
996376,0.028294608
996377,0.039621152
996378,0.0094875218
996379,0.022644762
996380,0.010907342
996381,0.02091567
996382,0.0018209129
996383,0.015436653
996384,0.0073213466
996385,0.017458927
996386,0.020731129
996387,0.0072402055
996388,0.014155848
996389,0.016957721
996390,0.010781681
996391,0.022768613
996392,0.0067792106
996393,0.02021987
996394,0.0071123908
996395,0.010512408
996396,0.017258588
996397,0.030853631
996398,0.010460707
996399,0.006945801
996400,0.0083137061
996401,0.0071834787
996402,0.021018354
996403,0.0068897922
996404,0.0064852275
996405,0.010583496
996406,0.0072653377
996407,0.02007195
996408,0.007174144
996409,0.010597858
996410,0.035243854
996411,0.013616584
996412,0.010606474
996413,0.0071806065
996414,0.010893698
996415,0.0083316583
996416,0.010592113
996417,0.007151884
996418,0.010308479
996419,0.0098747537
996420,0.010684743
996421,0.0070542279
996422,0.0080663422
996423,0.0072380514
996424,0.006996783
996425,0.0074908086
996426,0.0071289064
996427,0.0090691065
996428,0.030715764
996429,0.017452464
996430,0.0055685602
996431,0.027751608
996432,0.0058507584
996433,0.015920645
996434,0.021564798
996435,0.0070097083
996436,0.010466452
996437,0.0080055362
996438,0.017238483
996439,0.017166676
996440,0.020963063
996441,0.014863138
996442,0.0091430666
996443,0.0071059284
996444,0.017944336
996445,0.0069292854
996446,0.017009176
996447,0.017635569
996448,0.010735725
996449,0.0070642806
996450,0.020658605
996451,0.022398466
996452,0.020902028
996453,0.013804716
996454,0.039848059
996455,0.0070233513
996456,0.039745376
996457,0.0063282857
996458,0.032908324
996459,0.0073163202
996460,0.0070958757
996461,0.0071195713
996462,0.007739258
996463,0.01060432
996464,0.0097929109
996465,0.031463265
996466,0.010754394
996467,0.007291906
996468,0.010381003
996469,0.019565716
996470,0.020919262
996471,0.027401913
996472,0.013775276
996473,0.034173943
996474,0.01389232
996475,0.007385972
996476,0.010192153
996477,0.0073830998
996478,0.020481244
996479,0.01110768
996480,0.012118713
996481,0.0066564223
996482,0.037230007
996483,0.0074951174
996484,0.010625862
996485,0.010404699
996486,0.013868623
996487,0.017387839
996488,0.0069249771
996489,0.010720646
996490,0.030652573
996491,0.014109892
996492,0.01071921
996493,0.0073299631
996494,0.020411415
996495,0.0072861616
996496,0.012431785
996497,0.0073077031
996498,0.010778091
996499,0.0072883158
996500,0.0071698357
996501,0.0098984512
996502,0.027854284
996503,0.0073953066
996504,0.0075152228
996505,0.017333984
996506,0.0059110788
996507,0.017164523
996508,0.020616958
996509,0.0084221335
996510,0.010403262
996511,0.017487649
996512,0.015321433
996513,0.010328584
996514,0.013088091
996515,0.0064177937
996516,0.010365924
996517,0.039309513
996518,0.0075942096
996519,0.007291188
996520,0.0060151941
996521,0.013747989
996522,0.013622329
996523,0.0072811353
996524,0.007423311
996525,0.0074807559
996526,0.016079364
996527,0.0071935318
996528,0.013476563
996529,0.0082993452
996530,0.0067066723
996531,0.010762293
996532,0.014281509
996533,0.0071856328
996534,0.010313505
996535,0.013857135
996536,0.013748707
996537,0.0091243964
996538,0.010346537
996539,0.0068596336
996540,0.0067670038
996541,0.0074908086
996542,0.0078024473
996543,0.0299978
996544,0.033538461
996545,0.014165901
996546,0.039855238
996547,0.016986443
996548,0.0074383905
996549,0.0070535098
996550,0.016380755
996551,0.01058924
996552,0.0094231097
996553,0.010294118
996554,0.010705566
996555,0.01312522
996556,0.0071827606
996557,0.0078778435
996558,0.0085966224
996559,0.017220531
996560,0.0080537684
996561,0.013625919
996562,0.010273294
996563,0.007247386
996564,0.0073809456
996565,0.0070111444
996566,0.007137523
996567,0.016947668
996568,0.0029190022
996569,0.0065779975
996570,0.0088924635
996571,0.0056877583
996572,0.023617482
996573,0.030766746
996574,0.020571003
996575,0.0074484432
996576,0.01071921
996577,0.0071497299
996578,0.026357852
996579,0.023795094
996580,0.0097716069
996581,0.032177836
996582,0.0069996552
996583,0.0060982569
996584,0.0072265626
996585,0.010299862
996586,0.016345933
996587,0.014085478
996588,0.00572797
996589,0.0064407606
996590,0.013629509
996591,0.017601822
996592,0.0082490807
996593,0.017451746
996594,0.0080006318
996595,0.0073342714
996596,0.037365723
996597,0.038947612
996598,0.02589296
996599,0.038465075
996600,0.0078010112
996601,0.0072610294
996602,0.038905244
996603,0.013791791
996604,0.0095315371
996605,0.0099250348
996606,0.010587804
996607,0.0076064165
996608,0.0069163605
996609,0.010254624
996610,0.010544003
996611,0.0099652456
996612,0.017410817
996613,0.014063218
996614,0.0073536593
996615,0.014362649
996616,0.0032603638
996617,0.015169277
996618,0.010773783
996619,0.012850369
996620,0.020398667
996621,0.0070671532
996622,0.030944824
996623,0.010284064
996624,0.0076538087
996625,0.010353717
996626,0.0069508273
996627,0.02089772
996628,0.0074333642
996629,0.0066863745
996630,0.0058306525
996631,0.007459214
996632,0.013686954
996633,0.010422651
996634,0.0062736962
996635,0.0080365352
996636,0.0071332147
996637,0.0084580369
996638,0.020588236
996639,0.039596736
996640,0.010078939
996641,0.0059943702
996642,0.022610294
996643,0.022883128
996644,0.037408356
996645,0.017282285
996646,0.014515596
996647,0.011285041
996648,0.0070585362
996649,0.038846362
996650,0.020862535
996651,0.011123477
996652,0.013141583
996653,0.0070671532
996654,0.029545976
996655,0.014198214
996656,0.020898437
996657,0.009251494
996658,0.0071102367
996659,0.016439281
996660,0.013354734
996661,0.0068704044
996662,0.0074491613
996663,0.0061729322
996664,0.010941808
996665,0.0078929225
996666,0.010494457
996667,0.020609058
996668,0.0074362364
996669,0.027652517
996670,0.018421128
996671,0.017178884
996672,0.00686466
996673,0.0064506717
996674,0.0093290443
996675,0.020486271
996676,0.0073787915
996677,0.010805377
996678,0.0068854839
996679,0.010509536
996680,0.0063317865
996681,0.010037096
996682,0.016463695
996683,0.012910731
996684,0.010493739
996685,0.026469152
996686,0.0072402055
996687,0.0099643553
996688,0.036938872
996689,0.039694395
996690,0.0074032056
996691,0.0072524128
996692,0.03701818
996693,0.020583928
996694,0.0071231616
996695,0.0061933491
996696,0.0067262445
996697,0.0073141661
996698,0.010477941
996699,0.0076573989
996700,0.014142923
996701,0.01329824
996702,0.010594985
996703,0.021373793
996704,0.0070269415
996705,0.0074139764
996706,0.0068818936
996707,0.01720617
996708,0.039682906
996709,0.01058206
996710,0.0073235007
996711,0.0072933421
996712,0.010475069
996713,0.0072509767
996714,0.010016946
996715,0.011776195
996716,0.012286582
996717,0.025866453
996718,0.011672869
996719,0.0064429268
996720,0.029659484
996721,0.007004682
996722,0.014108456
996723,0.014431583
996724,0.010283346
996725,0.010931755
996726,0.0074326461
996727,0.010215849
996728,0.010830509
996729,0.013740809
996730,0.0073421705
996731,0.020033199
996732,0.0019234511
996733,0.014573041
996734,0.0061193132
996735,0.0096911322
996736,0.020691637
996737,0.012760669
996738,0.0072969324
996739,0.0076071345
996740,0.014081888
996741,0.0070427391
996742,0.014038086
996743,0.0070578181
996744,0.01656994
996745,0.013235129
996746,0.016777173
996747,0.013660386
996748,0.039754711
996749,0.010365924
996750,0.0070312498
996751,0.017186739
996752,0.010493021
996753,0.0062198415
996754,0.013959818
996755,0.0094468063
996756,0.01062658
996757,0.0099882241
996758,0.007731359
996759,0.0074269013
996760,0.0087646488
996761,0.01954633
996762,0.0064747529
996763,0.0067863911
996764,0.0023014341
996765,0.0069852942
996766,0.007313448
996767,0.007159065
996768,0.030570714
996769,0.0071044923
996770,0.039712343
996771,0.0064674523
996772,0.020496324
996773,0.011376953
996774,0.007349351
996775,0.0071044923
996776,0.014247041
996777,0.010492302
996778,0.017511345
996779,0.0070657171
996780,0.007525994
996781,0.010608628
996782,0.014038086
996783,0.01091165
996784,0.014246323
996785,0.023990408
996786,0.010309197
996787,0.010746496
996788,0.013970588
996789,0.0081844553
996790,0.006103084
996791,0.019342277
996792,0.030665498
996793,0.013166977
996794,0.011013614
996795,0.0070405849
996796,0.0068467082
996797,0.010421215
996798,0.0075015798
996799,0.016957721
996800,0.017204734
996801,0.0075245579
996802,0.0070492015
996803,0.0074297735
996804,0.0071669635
996805,0.02124957
996806,0.01267971
996807,0.0086849434
996808,0.0073400163
996809,0.023943014
996810,0.0071806065
996811,0.0073823817
996812,0.0071978401
996813,0.0063963099
996814,0.0021858858
996815,0.010366642
996816,0.007092285
996817,0.010538259
996818,0.0075030159
996819,0.016788326
996820,0.025233824
996821,0.024333639
996822,0.0060977712
996823,0.02123449
996824,0.0064215581
996825,0.0061279298
996826,0.0092457486
996827,0.010581342
996828,0.020565256
996829,0.01181138
996830,0.010811121
996831,0.0076056984
996832,0.0070312498
996833,0.0070858225
996834,0.0072983685
996835,0.0073112939
996836,0.0070262235
996837,0.0069623161
996838,0.0062600528
996839,0.007408232
996840,0.010271139
996841,0.0061695771
996842,0.00870864
996843,0.0072732363
996844,0.0089499084
996845,0.0062758503
996846,0.016738597
996847,0.0070628445
996848,0.007444853
996849,0.0078814337
996850,0.0069730869
996851,0.0074204388
996852,0.023604017
996853,0.016733686
996854,0.013786765
996855,0.011890256
996856,0.0069185146
996857,0.014005055
996858,0.0062708342
996859,0.020427389
996860,0.0065342216
996861,0.0072402055
996862,0.010317096
996863,0.0072617475
996864,0.015764529
996865,0.010139016
996866,0.0069393381
996867,0.013660386
996868,0.0072387694
996869,0.011868824
996870,0.011361156
996871,0.010949707
996872,0.010681152
996873,0.0071576289
996874,0.0021206418
996875,0.027012724
996876,0.017081227
996877,0.0072093289
996878,0.010677562
996879,0.0069723688
996880,0.0060546873
996881,0.0072825714
996882,0.010869284
996883,0.0069623161
996884,0.011044491
996885,0.0076286765
996886,0.026164398
996887,0.017222686
996888,0.013627355
996889,0.007467831
996890,0.0076064165
996891,0.027447151
996892,0.007658835
996893,0.0072495406
996894,0.0074204388
996895,0.027885167
996896,0.015252327
996897,0.023426728
996898,0.013747271
996899,0.0072818534
996900,0.019746421
996901,0.0074340822
996902,0.013824822
996903,0.022759674
996904,0.0075762579
996905,0.016000547
996906,0.005786851
996907,0.010999253
996908,0.010705566
996909,0.011272117
996910,0.007269646
996911,0.0074412627
996912,0.031244256
996913,0.0054364372
996914,0.014444509
996915,0.031621665
996916,0.0071691177
996917,0.010737879
996918,0.0071633733
996919,0.010675408
996920,0.017461799
996921,0.021472886
996922,0.0081995344
996923,0.01098202
996924,0.0070585362
996925,0.0076394472
996926,0.0076200599
996927,0.0073981788
996928,0.0073687383
996929,0.014168495
996930,0.0072524128
996931,0.029689636
996932,0.0094733741
996933,0.013885858
996934,0.0071217255
996935,0.0073996149
996936,0.0071346508
996937,0.0096636601
996938,0.020868996
996939,0.007055664
996940,0.014402861
996941,0.0075511257
996942,0.019769348
996943,0.013853544
996944,0.013803998
996945,0.020641372
996946,0.010383157
996947,0.010914522
996948,0.012925092
996949,0.0070427391
996950,0.0076976102
996951,0.024139142
996952,0.019496784
996953,0.0076444736
996954,0.0107228
996955,0.023920037
996956,0.007004682
996957,0.015177649
996958,0.039919864
996959,0.012942325
996960,0.0086511951
996961,0.010330738
996962,0.0074750115
996963,0.013585708
996964,0.0071490118
996965,0.007313448
996966,0.010359461
996967,0.020661477
996968,0.039395679
996969,0.010541849
996970,0.0072581572
996971,0.01252944
996972,0.027916044
996973,0.0098711802
996974,0.0098037757
996975,0.0069300034
996976,0.027535472
996977,0.007151166
996978,0.023076519
996979,0.014173799
996980,0.013855699
996981,0.0071569108
996982,0.024956916
996983,0.017936436
996984,0.020033581
996985,0.0072639016
996986,0.007100184
996987,0.010373104
996988,0.027876532
996989,0.0062290407
996990,0.0073069851
996991,0.017886173
996992,0.014517033
996993,0.010558364
996994,0.014005055
996995,0.009397978
996996,0.027704934
996997,0.010670382
996998,0.014136461
996999,0.0075496896
997000,0.010636632
997001,0.0071052103
997002,0.0075798482
997003,0.007055664
997004,0.024942353
997005,0.01075224
997006,0.017474724
997007,0.03878174
997008,0.0033480725
997009,0.030450799
997010,0.023423139
997011,0.01117087
997012,0.028535288
997013,0.024140481
997014,0.006358427
997015,0.023624914
997016,0.017486932
997017,0.0073105758
997018,0.017727481
997019,0.017449591
997020,0.020201698
997021,0.0079812445
997022,0.027510339
997023,0.007218664
997024,0.017592486
997025,0.0069987648
997026,0.010513844
997027,0.017489085
997028,0.0067935358
997029,0.011280528
997030,0.007041303
997031,0.0071332147
997032,0.013798254
997033,0.013895192
997034,0.0081004426
997035,0.01080035
997036,0.010612219
997037,0.01167134
997038,0.009869026
997039,0.0075303023
997040,0.010111731
997041,0.0072445138
997042,0.0070132986
997043,0.012940099
997044,0.0072617475
997045,0.0074527515
997046,0.0074908086
997047,0.017298082
997048,0.0076940199
997049,0.007195686
997050,0.0068488624
997051,0.0087983971
997052,0.01041547
997053,0.010351563
997054,0.034650736
997055,0.01047866
997056,0.010577033
997057,0.0059757009
997058,0.0067885453
997059,0.010712747
997060,0.010481532
997061,0.02782126
997062,0.0072976504
997063,0.016719325
997064,0.0074793198
997065,0.011249856
997066,0.017597513
997067,0.0070578181
997068,0.0062553319
997069,0.0071253157
997070,0.0078584561
997071,0.013568474
997072,0.0070499196
997073,0.0070269415
997074,0.0080882357
997075,0.014247041
997076,0.0073974608
997077,0.0072007123
997078,0.0068253935
997079,0.0071281884
997080,0.0067828009
997081,0.01391458
997082,0.0073960247
997083,0.0071669635
997084,0.0077658258
997085,0.0073385797
997086,0.023791503
997087,0.0072832895
997088,0.010452091
997089,0.0070664352
997090,0.013912425
997091,0.0065904064
997092,0.010662483
997093,0.0076164696
997094,0.010546875
997095,0.010271857
997096,0.0070994659
997097,0.017662857
997098,0.013918823
997099,0.011372644
997100,0.0076638614
997101,0.016815308
997102,0.021098776
997103,0.0070664352
997104,0.007233025
997105,0.01933567
997106,0.0071834787
997107,0.010414752
997108,0.01408117
997109,0.0093276082
997110,0.0065376582
997111,0.010526769
997112,0.010414752
997113,0.013785329
997114,0.0086425785
997115,0.0071066464
997116,0.01438491
997117,0.0070664352
997118,0.0071396772
997119,0.0072531309
997120,0.0070405849
997121,0.014073989
997122,0.0071899416
997123,0.0098409411
997124,0.024187874
997125,0.010697667
997126,0.017452464
997127,0.0075482535
997128,0.028429532
997129,0.020809397
997130,0.01237434
997131,0.010757985
997132,0.014085478
997133,0.020852482
997134,0.016363641
997135,0.012945916
997136,0.012269503
997137,0.014985926
997138,0.0085090185
997139,0.0074771657
997140,0.023864027
997141,0.010431985
997142,0.023862591
997143,0.014216883
997144,0.023279527
997145,0.033179279
997146,0.010493739
997147,0.010388183
997148,0.0071353689
997149,0.019130461
997150,0.031208353
997151,0.0092543662
997152,0.017051786
997153,0.010551183
997154,0.014760455
997155,0.010799632
997156,0.019831399
997157,0.014226936
997158,0.0065160049
997159,0.03953642
997160,0.007870663
997161,0.0070348405
997162,0.0059074853
997163,0.009369256
997164,0.010443474
997165,0.010660329
997166,0.0070714615
997167,0.013113188
997168,0.014257813
997169,0.0089894012
997170,0.014269302
997171,0.024088062
997172,0.0063173962
997173,0.0085865697
997174,0.024963379
997175,0.013520365
997176,0.01043773
997177,0.006901999
997178,0.0069845761
997179,0.014093377
997180,0.020477654
997181,0.01368839
997182,0.0064130342
997183,0.013709215
997184,0.0160597
997185,0.0098948758
997186,0.010216567
997187,0.010897289
997188,0.031089155
997189,0.0073414524
997190,0.010625144
997191,0.0075662052
997192,0.013501694
997193,0.009296013
997194,0.013187968
997195,0.011895393
997196,0.0062471754
997197,0.01041188
997198,0.0053313547
997199,0.03967429
997200,0.010502355
997201,0.0073838178
997202,0.0064036651
997203,0.01062658
997204,0.013091228
997205,0.0088518178
997206,0.011073213
997207,0.0095481081
997208,0.010328584
997209,0.034295581
997210,0.0074929632
997211,0.030941952
997212,0.028792441
997213,0.017903406
997214,0.027193675
997215,0.021887925
997216,0.010697667
997217,0.016109716
997218,0.011124083
997219,0.013388241
997220,0.010443474
997221,0.0074477252
997222,0.017176729
997223,0.0082210768
997224,0.020620547
997225,0.010516716
997226,0.01105239
997227,0.019261871
997228,0.0070348405
997229,0.0073191924
997230,0.0075697955
997231,0.016773896
997232,0.010101678
997233,0.025411127
997234,0.011744143
997235,0.0072653377
997236,0.010813275
997237,0.016900612
997238,0.0080193011
997239,0.0093864892
997240,0.0070915669
997241,0.020717487
997242,0.013511029
997243,0.0071971221
997244,0.017292337
997245,0.0072610294
997246,0.0073996149
997247,0.0099178534
997248,0.010186409
997249,0.035218325
997250,0.017242791
997251,0.013905245
997252,0.0068474263
997253,0.016675815
997254,0.014016544
997255,0.0067776423
997256,0.013639562
997257,0.0071727079
997258,0.0072495406
997259,0.0072581572
997260,0.0073299631
997261,0.037060548
997262,0.013913143
997263,0.0081248563
997264,0.0070657171
997265,0.010508818
997266,0.010620117
997267,0.009098026
997268,0.010890826
997269,0.0061326488
997270,0.0077335131
997271,0.0072574392
997272,0.0088903094
997273,0.012714178
997274,0.010436294
997275,0.007100184
997276,0.014152976
997277,0.0072172275
997278,0.014085478
997279,0.0072172275
997280,0.037010282
997281,0.014626178
997282,0.0069852942
997283,0.013953355
997284,0.0068488624
997285,0.0068410067
997286,0.012026631
997287,0.017107788
997288,0.020581055
997289,0.017520681
997290,0.010798914
997291,0.0074908086
997292,0.0069400561
997293,0.013049317
997294,0.010167739
997295,0.020677993
997296,0.010722082
997297,0.007563333
997298,0.026851626
997299,0.007540355
997300,0.013821231
997301,0.032229435
997302,0.039333209
997303,0.0071949679
997304,0.0070082722
997305,0.016039625
997306,0.0072610294
997307,0.025161564
997308,0.017302595
997309,0.0065444047
997310,0.016235052
997311,0.023976764
997312,0.0073586856
997313,0.0074628047
997314,0.020188993
997315,0.010642377
997316,0.010366642
997317,0.013601505
997318,0.017385684
997319,0.010922421
997320,0.010457835
997321,0.010977123
997322,0.01051169
997323,0.017964441
997324,0.010377413
997325,0.010267549
997326,0.020402258
997327,0.010635914
997328,0.026005656
997329,0.0074125403
997330,0.0074764476
997331,0.0069630342
997332,0.015548906
997333,0.013964844
997334,0.0069565717
997335,0.0070015583
997336,0.017670754
997337,0.021166274
997338,0.021009486
997339,0.013660386
997340,0.021187099
997341,0.0057981154
997342,0.0072093289
997343,0.026051929
997344,0.020372098
997345,0.023806583
997346,0.022914425
997347,0.0087459786
997348,0.0097225411
997349,0.0072954963
997350,0.014082606
997351,0.0069393381
997352,0.01001551
997353,0.0074714213
997354,0.0073759193
997355,0.02051284
997356,0.010344381
997357,0.0074419808
997358,0.014234834
997359,0.0073428885
997360,0.011894475
997361,0.0080272006
997362,0.039401423
997363,0.017453182
997364,0.0070211971
997365,0.010217285
997366,0.010505227
997367,0.01043773
997368,0.0056367163
997369,0.019400321
997370,0.007196404
997371,0.020785114
997372,0.0067219129
997373,0.011417164
997374,0.0072129192
997375,0.0074175666
997376,0.0074376725
997377,0.010586368
997378,0.010504509
997379,0.0073349895
997380,0.010763729
997381,0.010521024
997382,0.0072222543
997383,0.010513844
997384,0.007518095
997385,0.0066925003
997386,0.010291246
997387,0.0070829503
997388,0.039736759
997389,0.0072150733
997390,0.014180262
997391,0.013758042
997392,0.0073077031
997393,0.007327809
997394,0.011460966
997395,0.0083596623
997396,0.010714184
997397,0.011382697
997398,0.013926786
997399,0.010223029
997400,0.010255557
997401,0.010424805
997402,0.010420497
997403,0.0072854436
997404,0.015903607
997405,0.0070427391
997406,0.0069551356
997407,0.019664092
997408,0.023912856
997409,0.0067544077
997410,0.013408361
997411,0.010644531
997412,0.0071231616
997413,0.038982078
997414,0.0071044923
997415,0.0095990347
997416,0.017153034
997417,0.016363166
997418,0.010493021
997419,0.0093326177
997420,0.0072861616
997421,0.011035156
997422,0.030776799
997423,0.016605871
997424,0.0073069851
997425,0.032569796
997426,0.0072639016
997427,0.024597887
997428,0.020408003
997429,0.013945456
997430,0.0073184744
997431,0.010432703
997432,0.014124253
997433,0.0074304915
997434,0.0075245579
997435,0.017070455
997436,0.020726103
997437,0.024011949
997438,0.0041448311
997439,0.0069587259
997440,0.0072308709
997441,0.0072954963
997442,0.014338235
997443,0.010294118
997444,0.012891944
997445,0.024069393
997446,0.0072768265
997447,0.020947983
997448,0.013951919
997449,0.010942526
997450,0.023554768
997451,0.011390597
997452,0.028111357
997453,0.017005112
997454,0.0077385399
997455,0.0065242993
997456,0.023606244
997457,0.0070800781
997458,0.014165901
997459,0.0071231616
997460,0.019603109
997461,0.0058363969
997462,0.010611501
997463,0.0071705538
997464,0.024310661
997465,0.0077040726
997466,0.0068948185
997467,0.0071877874
997468,0.013379624
997469,0.015383417
997470,0.029178316
997471,0.0073838178
997472,0.012858657
997473,0.013866469
997474,0.019047277
997475,0.014005055
997476,0.013844928
997477,0.0072739543
997478,0.014396398
997479,0.02093865
997480,0.0056640627
997481,0.010584214
997482,0.0067734662
997483,0.010467889
997484,0.0071942499
997485,0.0140625
997486,0.0061250576
997487,0.009897748
997488,0.01047866
997489,0.0065846164
997490,0.017509909
997491,0.020326143
997492,0.013253513
997493,0.026083132
997494,0.020243566
997495,0.03028349
997496,0.027313592
997497,0.0077220243
997498,0.023832249
997499,0.025574449
997500,0.017598949
997501,0.013838465
997502,0.010394646
997503,0.011042337
997504,0.0093907481
997505,0.031685144
997506,0.012434568
997507,0.013719267
997508,0.018007886
997509,0.010569853
997510,0.0073364256
997511,0.0080055837
997512,0.011216108
997513,0.0097081801
997514,0.038555428
997515,0.010523897
997516,0.0099565685
997517,0.011521284
997518,0.0064298678
997519,0.010613655
997520,0.0071188533
997521,0.010621553
997522,0.03098001
997523,0.0072840075
997524,0.0017560192
997525,0.0077665439
997526,0.012389002
997527,0.0069860122
997528,0.006542705
997529,0.0072222543
997530,0.010642377
997531,0.010347255
997532,0.0072818534
997533,0.006996783
997534,0.0077442843
997535,0.0097426474
997536,0.0064120889
997537,0.01032643
997538,0.02995372
997539,0.002673394
997540,0.035015021
997541,0.030659037
997542,0.0060554054
997543,0.0025216201
997544,0.024179975
997545,0.007114545
997546,0.017118566
997547,0.0088393996
997548,0.013995002
997549,0.0067655677
997550,0.01071921
997551,0.010596422
997552,0.0071202894
997553,0.007305549
997554,0.0074376725
997555,0.0020481679
997556,0.01741728
997557,0.010783835
997558,0.0092967311
997559,0.017284438
997560,0.014183134
997561,0.022661949
997562,0.0063826074
997563,0.017561609
997564,0.015235093
997565,0.0071935318
997566,0.02421516
997567,0.0071188533
997568,0.0071088006
997569,0.010428395
997570,0.020554526
997571,0.010438448
997572,0.015671674
997573,0.0070161708
997574,0.013161848
997575,0.014284381
997576,0.0069867303
997577,0.011629711
997578,0.020965936
997579,0.0072265626
997580,0.017999491
997581,0.00570571
997582,0.010605038
997583,0.0070269415
997584,0.013932531
997585,0.0072998046
997586,0.011231905
997587,0.0070542279
997588,0.01735409
997589,0.0081112133
997590,0.017889045
997591,0.026664464
997592,0.036022339
997593,0.025488963
997594,0.0069917566
997595,0.013823385
997596,0.020464011
997597,0.030320112
997598,0.0076013901
997599,0.0078347595
997600,0.036969353
997601,0.0071806065
997602,0.0072574392
997603,0.0078699449
997604,0.0061250576
997605,0.013941147
997606,0.011104808
997607,0.02325655
997608,0.039912682
997609,0.0066485237
997610,0.010699104
997611,0.016727932
997612,0.0072531309
997613,0.0068862019
997614,0.0075195311
997615,0.0099401679
997616,0.0072057387
997617,0.0073235007
997618,0.0036974023
997619,0.021195715
997620,0.0078821518
997621,0.039502673
997622,0.0070937211
997623,0.0071281884
997624,0.017167395
997625,0.010416231
997626,0.010886517
997627,0.010994945
997628,0.011891085
997629,0.010578469
997630,0.0095538329
997631,0.023833152
997632,0.01750919
997633,0.026945226
997634,0.013982077
997635,0.01090447
997636,0.0071626552
997637,0.0069572898
997638,0.010592831
997639,0.010602166
997640,0.0064503313
997641,0.02392219
997642,0.010100959
997643,0.007233025
997644,0.013673311
997645,0.0022563592
997646,0.010321404
997647,0.0073098578
997648,0.0084221335
997649,0.010029153
997650,0.017672909
997651,0.0089075426
997652,0.010406854
997653,0.01129653
997654,0.0071231616
997655,0.014321002
997656,0.0075640511
997657,0.0088443533
997658,0.010510254
997659,0.010684025
997660,0.029813878
997661,0.0071691177
997662,0.011628993
997663,0.014182416
997664,0.0075755399
997665,0.0069113337
997666,0.0070168888
997667,0.0068969727
997668,0.0075482535
997669,0.014185288
997670,0.0074462891
997671,0.0070800781
997672,0.0070448932
997673,0.0016758314
997674,0.0082936008
997675,0.010677562
997676,0.0094259819
997677,0.0079733459
997678,0.020634191
997679,0.007813218
997680,0.010724236
997681,0.030503217
997682,0.035902936
997683,0.014030187
997684,0.0070506376
997685,0.0071396772
997686,0.0075137867
997687,0.013671875
997688,0.016919663
997689,0.010504509
997690,0.030473059
997691,0.01384421
997692,0.02393727
997693,0.024057904
997694,0.010589959
997695,0.028652292
997696,0.012931154
997697,0.0074240291
997698,0.00891471
997699,0.0071899416
997700,0.013845646
997701,0.0071497299
997702,0.0071561923
997703,0.0069429288
997704,0.013391654
997705,0.0070427391
997706,0.013136978
997707,0.0076552448
997708,0.0063081631
997709,0.0096737128
997710,0.017567562
997711,0.010537541
997712,0.0075482535
997713,0.0069666244
997714,0.039759018
997715,0.01071562
997716,0.0097701913
997717,0.010836972
997718,0.0072078928
997719,0.0074498793
997720,0.011112707
997721,0.0075762579
997722,0.0080429977
997723,0.027482621
997724,0.039466769
997725,0.012773581
997726,0.037779324
997727,0.010377413
997728,0.019982193
997729,0.01754294
997730,0.014237707
997731,0.0064137233
997732,0.0068933824
997733,0.022453038
997734,0.010360898
997735,0.019197743
997736,0.013725012
997737,0.0073629939
997738,0.023317168
997739,0.0073680202
997740,0.01114502
997741,0.010572007
997742,0.010300775
997743,0.019951316
997744,0.0073335534
997745,0.013916016
997746,0.0084443931
997747,0.028010109
997748,0.006358874
997749,0.0072703641
997750,0.007136805
997751,0.010560518
997752,0.0106711
997753,0.0069536995
997754,0.0078354776
997755,0.0065483451
997756,0.013824822
997757,0.0078627644
997758,0.014276482
997759,0.036721621
997760,0.010208668
997761,0.0020357573
997762,0.0073349895
997763,0.0070937211
997764,0.011971507
997765,0.0074936813
997766,0.0079934513
997767,0.027912455
997768,0.01372932
997769,0.01048943
997770,0.0055211685
997771,0.008781882
997772,0.020691637
997773,0.0075145047
997774,0.0074355183
997775,0.013674029
997776,0.0072308709
997777,0.0070326859
997778,0.010544003
997779,0.010627298
997780,0.0099523207
997781,0.013948329
997782,0.0070039639
997783,0.0090403836
997784,0.010629452
997785,0.0094496785
997786,0.030773927
997787,0.017293774
997788,0.013366699
997789,0.0096779373
997790,0.0071289064
997791,0.0076121609
997792,0.0080264825
997793,0.0067934622
997794,0.0080056582
997795,0.0082561141
997796,0.0092581054
997797,0.0073701749
997798,0.0073421705
997799,0.015454819
997800,0.020707434
997801,0.014234834
997802,0.0054644416
997803,0.024006205
997804,0.010673254
997805,0.008223949
997806,0.0073787915
997807,0.0082268212
997808,0.0072868797
997809,0.0071834787
997810,0.013017231
997811,0.011660587
997812,0.01113712
997813,0.010765883
997814,0.0062607708
997815,0.0016193592
997816,0.0070520737
997817,0.0071432674
997818,0.023828125
997819,0.010874311
997820,0.016882325
997821,0.010685461
997822,0.013859289
997823,0.0072725182
997824,0.010513126
997825,0.0078160902
997826,0.011004279
997827,0.0071920957
997828,0.020496324
997829,0.0075303023
997830,0.010655303
997831,0.0094781062
997832,0.0075008618
997833,0.013579963
997834,0.024287684
997835,0.0070398669
997836,0.0062022102
997837,0.010186409
997838,0.012719094
997839,0.017401483
997840,0.016142385
997841,0.025623078
997842,0.0095667224
997843,0.0070391488
997844,0.014005055
997845,0.010280474
997846,0.010571289
997847,0.0071123908
997848,0.0072430777
997849,0.024199363
997850,0.0072373333
997851,0.013932531
997852,0.0070542279
997853,0.010988482
997854,0.0107228
997855,0.0056181066
997856,0.012229291
997857,0.010616527
997858,0.017026654
997859,0.020612076
997860,0.013805434
997861,0.0073608398
997862,0.014035214
997863,0.020350846
997864,0.010812557
997865,0.020537253
997866,0.0074269013
997867,0.010515998
997868,0.010587086
997869,0.019439338
997870,0.007291188
997871,0.010498047
997872,0.0099402936
997873,0.0074039237
997874,0.006996783
997875,0.027251838
997876,0.0056475471
997877,0.0064521567
997878,0.0062747691
997879,0.011435834
997880,0.0063943304
997881,0.0076387292
997882,0.0390625
997883,0.0071439855
997884,0.0084903492
997885,0.022521731
997886,0.007042021
997887,0.005551327
997888,0.010328584
997889,0.010610783
997890,0.0069285673
997891,0.017198989
997892,0.014005773
997893,0.015590533
997894,0.033985812
997895,0.0080236094
997896,0.0072423597
997897,0.0064073545
997898,0.017365579
997899,0.033010527
997900,0.010467889
997901,0.0079525216
997902,0.013583554
997903,0.0070082722
997904,0.017199706
997905,0.0083388388
997906,0.010470043
997907,0.014175235
997908,0.0072222543
997909,0.014136461
997910,0.011238902
997911,0.017460363
997912,0.0064122817
997913,0.0069285673
997914,0.0086799171
997915,0.0058148555
997916,0.0068711224
997917,0.010449219
997918,0.0081413714
997919,0.0070772059
997920,0.038625918
997921,0.027689856
997922,0.039652027
997923,0.010628016
997924,0.0068991268
997925,0.038120404
997926,0.023701746
997927,0.014432301
997928,0.013546932
997929,0.011830631
997930,0.02053079
997931,0.0075116325
997932,0.0072725182
997933,0.0072531309
997934,0.010452809
997935,0.0071432674
997936,0.0074053598
997937,0.0069486732
997938,0.016964182
997939,0.010749368
997940,0.0073098578
997941,0.0071238796
997942,0.019502917
997943,0.014013672
997944,0.0081600416
997945,0.010718492
997946,0.007137523
997947,0.030733714
997948,0.020565256
997949,0.007173426
997950,0.023185657
997951,0.0071396772
997952,0.0075482535
997953,0.014234116
997954,0.0061523439
997955,0.039443791
997956,0.013468664
997957,0.0088120401
997958,0.0073507871
997959,0.0070183249
997960,0.020909926
997961,0.017247099
997962,0.020993222
997963,0.030606618
997964,0.0077378219
997965,0.0064661363
997966,0.0072430777
997967,0.020004146
997968,0.028028781
997969,0.039368395
997970,0.020597864
997971,0.010474351
997972,0.0070958757
997973,0.034517176
997974,0.0071181352
997975,0.010482968
997976,0.0069393381
997977,0.0059132297
997978,0.025195312
997979,0.014411477
997980,0.0073227827
997981,0.010484404
997982,0.0090130977
997983,0.017400047
997984,0.0073378617
997985,0.013869341
997986,0.0091559915
997987,0.0070657171
997988,0.013979205
997989,0.0082340017
997990,0.010611501
997991,0.032625932
997992,0.0060069785
997993,0.010449219
997994,0.014092659
997995,0.006609668
997996,0.0061100945
997997,0.0076286765
997998,0.01613318
997999,0.0073005226
998000,0.011625402
998001,0.010214413
998002,0.033311293
998003,0.0075482535
998004,0.027929688
998005,0.014018699
998006,0.0070642806
998007,0.014005773
998008,0.019970704
998009,0.010309197
998010,0.0073385797
998011,0.0091710705
998012,0.0069572898
998013,0.0072265626
998014,0.0072272806
998015,0.010553338
998016,0.0072840075
998017,0.013904527
998018,0.0076976102
998019,0.037221678
998020,0.010794606
998021,0.010573443
998022,0.010477941
998023,0.010341509
998024,0.0070571001
998025,0.010468607
998026,0.0069027171
998027,0.0073299631
998028,0.0073335534
998029,0.0094186375
998030,0.010768037
998031,0.0071131089
998032,0.010631606
998033,0.0077844956
998034,0.0071281884
998035,0.010627298
998036,0.0069838581
998037,0.013480871
998038,0.0085700536
998039,0.01995777
998040,0.0070865406
998041,0.01063017
998042,0.010157686
998043,0.0064454046
998044,0.01060791
998045,0.014054601
998046,0.01199664
998047,0.0072344611
998048,0.0076530906
998049,0.039494772
998050,0.013496668
998051,0.0075367647
998052,0.037115838
998053,0.025672823
998054,0.007195686
998055,0.039676443
998056,0.0074620866
998057,0.015659466
998058,0.010493739
998059,0.0065769781
998060,0.0071928138
998061,0.010317096
998062,0.010439884
998063,0.020560231
998064,0.01430305
998065,0.0073680202
998066,0.0068639419
998067,0.021615664
998068,0.0076545267
998069,0.011457376
998070,0.0091028549
998071,0.022918137
998072,0.0059347712
998073,0.011920525
998074,0.01044491
998075,0.013076602
998076,0.0072753904
998077,0.010628734
998078,0.0071676816
998079,0.011583037
998080,0.010340073
998081,0.013863597
998082,0.0070312498
998083,0.027656106
998084,0.038570628
998085,0.0072143553
998086,0.010638786
998087,0.0072086109
998088,0.010639505
998089,0.016618079
998090,0.017364861
998091,0.0065552867
998092,0.035258722
998093,0.007077924
998094,0.014274328
998095,0.0083948392
998096,0.013867187
998097,0.012550983
998098,0.0065084971
998099,0.0063376036
998100,0.0021539538
998101,0.010426241
998102,0.036060289
998103,0.012890625
998104,0.014104147
998105,0.014903349
998106,0.0060755112
998107,0.0073694563
998108,0.007114545
998109,0.0078519937
998110,0.013414937
998111,0.019894589
998112,0.0072122011
998113,0.010760857
998114,0.0096536074
998115,0.010474351
998116,0.0072201001
998117,0.014282227
998118,0.0071985582
998119,0.020637782
998120,0.016595544
998121,0.010480814
998122,0.0079654474
998123,0.012227762
998124,0.036580592
998125,0.0070815142
998126,0.024253218
998127,0.033509739
998128,0.025454532
998129,0.008826402
998130,0.010699104
998131,0.010741469
998132,0.0083891023
998133,0.027907427
998134,0.0078448132
998135,0.014482565
998136,0.010574161
998137,0.032690212
998138,0.005139878
998139,0.032697611
998140,0.010363052
998141,0.0064323875
998142,0.0078239888
998143,0.010523897
998144,0.0063972026
998145,0.012111529
998146,0.0074383905
998147,0.0083812037
998148,0.0074606501
998149,0.0072725182
998150,0.0074125403
998151,0.006946519
998152,0.020696662
998153,0.013361673
998154,0.01716524
998155,0.013820513
998156,0.0076832492
998157,0.0085217841
998158,0.0071583469
998159,0.0074943993
998160,0.014017981
998161,0.0073479149
998162,0.0070944391
998163,0.017289465
998164,0.01060432
998165,0.007349351
998166,0.0069529815
998167,0.0071116728
998168,0.0072847256
998169,0.010732853
998170,0.0071727079
998171,0.0070980298
998172,0.032620922
998173,0.0094453702
998174,0.010234519
998175,0.01039321
998176,0.0072524128
998177,0.0019912701
998178,0.01415513
998179,0.0075719496
998180,0.0013803125
998181,0.0018543783
998182,0.010422651
998183,0.0070326859
998184,0.010468607
998185,0.010549029
998186,0.0073263729
998187,0.014270738
998188,0.021117445
998189,0.0065792422
998190,0.018288085
998191,0.0081505431
998192,0.007739258
998193,0.010811121
998194,0.026314549
998195,0.019101348
998196,0.003328748
998197,0.0070822323
998198,0.013938993
998199,0.0072631836
998200,0.011050235
998201,0.010483686
998202,0.01734332
998203,0.039671414
998204,0.0078053195
998205,0.012860467
998206,0.038729321
998207,0.010185691
998208,0.010307761
998209,0.027013442
998210,0.01175609
998211,0.0080451518
998212,0.010987764
998213,0.026686914
998214,0.038814049
998215,0.011209645
998216,0.010496611
998217,0.010376695
998218,0.0071569108
998219,0.0075109145
998220,0.0070657171
998221,0.014198214
998222,0.0070283776
998223,0.028522087
998224,0.015538094
998225,0.010432703
998226,0.0069544176
998227,0.0071841967
998228,0.021433124
998229,0.0064937696
998230,0.011029412
998231,0.017380659
998232,0.0094992248
998233,0.0062384065
998234,0.0073263729
998235,0.0072516948
998236,0.023690257
998237,0.0072337431
998238,0.014249913
998239,0.0092321057
998240,0.0108262
998241,0.0071238796
998242,0.012697467
998243,0.0071920957
998244,0.027269071
998245,0.01797593
998246,0.010277602
998247,0.0075195311
998248,0.017262178
998249,0.011064596
998250,0.028923262
998251,0.0073780734
998252,0.007459932
998253,0.020550895
998254,0.039430864
998255,0.012891937
998256,0.010111731
998257,0.010753676
998258,0.013670439
998259,0.021010455
998260,0.0069874483
998261,0.0074125403
998262,0.010760857
998263,0.0072954963
998264,0.013284355
998265,0.00647859
998266,0.010136862
998267,0.0070657171
998268,0.011500459
998269,0.0083582262
998270,0.010307761
998271,0.010813993
998272,0.021050666
998273,0.014112046
998274,0.013941865
998275,0.020421645
998276,0.010792452
998277,0.034110755
998278,0.012379366
998279,0.010256778
998280,0.02694379
998281,0.013871496
998282,0.0084616272
998283,0.007584875
998284,0.03949549
998285,0.0068718405
998286,0.0074735754
998287,0.007004682
998288,0.014371984
998289,0.015136001
998290,0.011640482
998291,0.011020795
998292,0.011951402
998293,0.010453527
998294,0.0070822323
998295,0.017567353
998296,0.013327206
998297,0.039331771
998298,0.013751579
998299,0.0043125716
998300,0.015625
998301,0.0069730869
998302,0.0022866547
998303,0.010661765
998304,0.017427333
998305,0.030833252
998306,0.010485122
998307,0.024628762
998308,0.0070793601
998309,0.01114143
998310,0.018511605
998311,0.039485436
998312,0.01621777
998313,0.0060460707
998314,0.0062018898
998315,0.0096744318
998316,0.016432818
998317,0.011661305
998318,0.012502872
998319,0.010644531
998320,0.0070434571
998321,0.0095190322
998322,0.013295362
998323,0.010668945
998324,0.0083309393
998325,0.021324966
998326,0.010569853
998327,0.0098262178
998328,0.014292997
998329,0.0068689683
998330,0.0073515051
998331,0.0069587259
998332,0.0077579273
998333,0.0069738054
998334,0.0074534696
998335,0.03684872
998336,0.0029598873
998337,0.016083706
998338,0.0065336339
998339,0.007019761
998340,0.0063968101
998341,0.0072861616
998342,0.030873736
998343,0.0075252759
998344,0.013776712
998345,0.022302821
998346,0.011486098
998347,0.033932675
998348,0.020660041
998349,0.007775879
998350,0.013683364
998351,0.0071102367
998352,0.0070484835
998353,0.0071576289
998354,0.006996783
998355,0.0073931525
998356,0.0068933824
998357,0.0071806065
998358,0.0068711224
998359,0.0071992762
998360,0.014896168
998361,0.0080559226
998362,0.0075137867
998363,0.0074987076
998364,0.013388241
998365,0.013678337
998366,0.010075827
998367,0.010500919
998368,0.0066249818
998369,0.0064151539
998370,0.0070693074
998371,0.0075202491
998372,0.009017406
998373,0.017057531
998374,0.0070571001
998375,0.0062614889
998376,0.0072531309
998377,0.021714872
998378,0.010617963
998379,0.006901281
998380,0.010901597
998381,0.0063736448
998382,0.0059268726
998383,0.010455681
998384,0.0076775048
998385,0.01039321
998386,0.010908778
998387,0.023932245
998388,0.014912684
998389,0.039552219
998390,0.033763211
998391,0.0073069851
998392,0.0082367854
998393,0.006901999
998394,0.017306698
998395,0.007306267
998396,0.020469038
998397,0.0076638614
998398,0.0075899013
998399,0.01087072
998400,0.0075303023
998401,0.0072366153
998402,0.01451057
998403,0.020579619
998404,0.0071016201
998405,0.0077672624
998406,0.01079317
998407,0.030885944
998408,0.017476879
998409,0.010631606
998410,0.013844928
998411,0.0076437555
998412,0.013649615
998413,0.01733291
998414,0.008429314
998415,0.022684094
998416,0.018544599
998417,0.021285472
998418,0.011953556
998419,0.022378847
998420,0.007077924
998421,0.033087272
998422,0.0071856328
998423,0.0085865697
998424,0.024242446
998425,0.025154976
998426,0.01396269
998427,0.017095588
998428,0.03430032
998429,0.0094518326
998430,0.010295554
998431,0.013639562
998432,0.0079733459
998433,0.0073895622
998434,0.016806209
998435,0.013476497
998436,0.010574161
998437,0.010819738
998438,0.0086418604
998439,0.006161775
998440,0.0060913088
998441,0.02605135
998442,0.0070542279
998443,0.008165786
998444,0.017749023
998445,0.0070104264
998446,0.0071095186
998447,0.016342342
998448,0.0070255054
998449,0.0070822323
998450,0.017666446
998451,0.0072122011
998452,0.017015165
998453,0.010314223
998454,0.039242733
998455,0.017092716
998456,0.015989549
998457,0.012685946
998458,0.0070025274
998459,0.0074218749
998460,0.033557128
998461,0.010873592
998462,0.016957721
998463,0.0139591
998464,0.0070211971
998465,0.0066054245
998466,0.0024376852
998467,0.013572782
998468,0.0075274301
998469,0.0072954963
998470,0.013544442
998471,0.0062112249
998472,0.0066399928
998473,0.0089211855
998474,0.010273294
998475,0.010709874
998476,0.020714615
998477,0.026074804
998478,0.036748189
998479,0.0071913777
998480,0.010428395
998481,0.011595267
998482,0.013209209
998483,0.014967974
998484,0.014426556
998485,0.011187385
998486,0.01072639
998487,0.01372573
998488,0.010602884
998489,0.0071640913
998490,0.011259191
998491,0.010038488
998492,0.012465533
998493,0.0095907198
998494,0.011251292
998495,0.0080451518
998496,0.010409008
998497,0.010234519
998498,0.017188936
998499,0.0070477654
998500,0.0078469673
998501,0.030284926
998502,0.021021226
998503,0.013401885
998504,0.0099476529
998505,0.013511029
998506,0.015101533
998507,0.017382812
998508,0.014080452
998509,0.030707864
998510,0.010579187
998511,0.0072351792
998512,0.012946504
998513,0.029812619
998514,0.0071490118
998515,0.008150707
998516,0.0092313876
998517,0.0069773956
998518,0.013203699
998519,0.010531796
998520,0.013737937
998521,0.0072610294
998522,0.0075216852
998523,0.0073830998
998524,0.0072703641
998525,0.0088278381
998526,0.0072409236
998527,0.01632553
998528,0.0072078928
998529,0.031760212
998530,0.010712029
998531,0.0070664352
998532,0.0076976102
998533,0.0081866095
998534,0.010444192
998535,0.013668285
998536,0.0074211569
998537,0.0070535098
998538,0.0066546872
998539,0.027561322
998540,0.013807588
998541,0.0073665841
998542,0.011882468
998543,0.0068589156
998544,0.039377011
998545,0.0074247471
998546,0.011954039
998547,0.010431267
998548,0.0072071748
998549,0.010638068
998550,0.016888786
998551,0.010661765
998552,0.0074793198
998553,0.024955982
998554,0.0072775446
998555,0.0075066062
998556,0.0075051701
998557,0.0072481045
998558,0.0092687272
998559,0.01553237
998560,0.0074039237
998561,0.019213572
998562,0.019124135
998563,0.010345099
998564,0.010502355
998565,0.0098970495
998566,0.016962029
998567,0.010444192
998568,0.0069910386
998569,0.021671789
998570,0.017619055
998571,0.010261805
998572,0.013847082
998573,0.0068323473
998574,0.010816866
998575,0.010337919
998576,0.012830962
998577,0.007445571
998578,0.010931755
998579,0.0073665841
998580,0.023487076
998581,0.0094180834
998582,0.010596422
998583,0.014078298
998584,0.0072646197
998585,0.019275544
998586,0.0072861616
998587,0.015521599
998588,0.024702005
998589,0.020706715
998590,0.013939711
998591,0.036719467
998592,0.034353457
998593,0.013363891
998594,0.035608135
998595,0.0093647782
998596,0.020158118
998597,0.0071403952
998598,0.017479032
998599,0.0071468577
998600,0.010951143
998601,0.039467487
998602,0.0069364659
998603,0.014315258
998604,0.023254978
998605,0.030748075
998606,0.010112449
998607,0.0069623161
998608,0.014055319
998609,0.010714902
998610,0.021220846
998611,0.013761632
998612,0.0073105758
998613,0.0071332147
998614,0.010460707
998615,0.010630888
998616,0.007019761
998617,0.010801069
998618,0.028351907
998619,0.0073529412
998620,0.026673082
998621,0.010475787
998622,0.0070592542
998623,0.012971206
998624,0.0070054
998625,0.036980122
998626,0.031308882
998627,0.0077923941
998628,0.013586415
998629,0.013822667
998630,0.0076660155
998631,0.016949821
998632,0.017066866
998633,0.014073989
998634,0.010667509
998635,0.010621553
998636,0.017635569
998637,0.010420497
998638,0.010428395
998639,0.021128217
998640,0.016865809
998641,0.017269358
998642,0.010095457
998643,0.005859375
998644,0.010667509
998645,0.0073263729
998646,0.0080494601
998647,0.0059168199
998648,0.017257152
998649,0.0067598233
998650,0.0071116728
998651,0.012953096
998652,0.0098188994
998653,0.0072157914
998654,0.0070018093
998655,0.02700698
998656,0.0072868797
998657,0.0065281182
998658,0.023899931
998659,0.0080494601
998660,0.010565544
998661,0.01650296
998662,0.01091524
998663,0.013366682
998664,0.0086591663
998665,0.0073888442
998666,0.010294118
998667,0.0072014304
998668,0.013671157
998669,0.0085418839
998670,0.010426241
998671,0.0068036248
998672,0.027746582
998673,0.012961249
998674,0.0071827606
998675,0.03968434
998676,0.039882526
998677,0.038238078
998678,0.01299259
998679,0.0072409236
998680,0.0070736157
998681,0.0069738054
998682,0.032271419
998683,0.0073637119
998684,0.039705884
998685,0.0082543138
998686,0.037454043
998687,0.023949478
998688,0.014352596
998689,0.0071231616
998690,0.027435662
998691,0.010796042
998692,0.0067333677
998693,0.013092401
998694,0.013558421
998695,0.021391746
998696,0.0071109547
998697,0.0072818534
998698,0.017725328
998699,0.036746107
998700,0.0086519131
998701,0.0073019909
998702,0.01979213
998703,0.013867187
998704,0.0071396772
998705,0.0070377127
998706,0.0067454618
998707,0.02400046
998708,0.028736915
998709,0.027688419
998710,0.039649874
998711,0.0073881261
998712,0.0072868797
998713,0.014030187
998714,0.011909036
998715,0.02036061
998716,0.023558851
998717,0.011814252
998718,0.01602855
998719,0.0075094784
998720,0.01079676
998721,0.0064108437
998722,0.013683364
998723,0.020122426
998724,0.027023738
998725,0.024116067
998726,0.007210765
998727,0.0068941005
998728,0.033631809
998729,0.017533606
998730,0.017844915
998731,0.010308479
998732,0.027534036
998733,0.010572007
998734,0.037901394
998735,0.019026512
998736,0.014102711
998737,0.0070980298
998738,0.014187442
998739,0.03929228
998740,0.007365148
998741,0.02081586
998742,0.017263614
998743,0.016486673
998744,0.016839959
998745,0.0071389591
998746,0.0062594516
998747,0.0072445138
998748,0.010708438
998749,0.010560518
998750,0.0064438763
998751,0.01430305
998752,0.0072409236
998753,0.020769905
998754,0.010174202
998755,0.014160874
998756,0.0070836684
998757,0.0073012407
998758,0.0070391488
998759,0.013821231
998760,0.0076401653
998761,0.0074606501
998762,0.0080731558
998763,0.010468607
998764,0.0070097083
998765,0.011368336
998766,0.0073658661
998767,0.0074807559
998768,0.0081040328
998769,0.0072976504
998770,0.0069199507
998771,0.017244944
998772,0.0069357478
998773,0.0063009821
998774,0.0099142632
998775,0.01071131
998776,0.023596276
998777,0.0069860122
998778,0.0070714615
998779,0.019628188
998780,0.0059979609
998781,0.0060668364
998782,0.024564138
998783,0.013677619
998784,0.0067670038
998785,0.010803941
998786,0.010526051
998787,0.0065404791
998788,0.014007928
998789,0.0074197208
998790,0.0074994257
998791,0.0156767
998792,0.0061999955
998793,0.0069788317
998794,0.012047621
998795,0.017041733
998796,0.0071195713
998797,0.0072818534
998798,0.0072840075
998799,0.0057322783
998800,0.0070980298
998801,0.0072524128
998802,0.010963351
998803,0.014165901
998804,0.012928027
998805,0.024032772
998806,0.014054601
998807,0.01048943
998808,0.0069364659
998809,0.010366642
998810,0.00731273
998811,0.0075762579
998812,0.010477941
998813,0.0069587259
998814,0.010868566
998815,0.0075482535
998816,0.0042628716
998817,0.011661305
998818,0.0068833297
998819,0.010279038
998820,0.0070664352
998821,0.013924632
998822,0.023347743
998823,0.0062625334
998824,0.024783865
998825,0.039338235
998826,0.0066555501
998827,0.0078986669
998828,0.010708438
998829,0.010312787
998830,0.027363138
998831,0.027137667
998832,0.013867187
998833,0.0072387694
998834,0.021342916
998835,0.017109232
998836,0.007195686
998837,0.012522978
998838,0.014148667
998839,0.013752297
998840,0.0095785568
998841,0.015947409
998842,0.039595302
998843,0.0066306926
998844,0.008459473
998845,0.005243795
998846,0.010525333
998847,0.0072875977
998848,0.0083754594
998849,0.006677845
998850,0.0072904699
998851,0.0074742935
998852,0.019866435
998853,0.020782111
998854,0.007459214
998855,0.02031609
998856,0.010426959
998857,0.0063038548
998858,0.0071806065
998859,0.017081944
998860,0.0052763098
998861,0.0074211569
998862,0.0073988969
998863,0.006996783
998864,0.010634478
998865,0.0075504077
998866,0.010824764
998867,0.010625862
998868,0.0070075542
998869,0.039710909
998870,0.010534668
998871,0.0063472982
998872,0.017204734
998873,0.019514017
998874,0.009383617
998875,0.0071023381
998876,0.022454474
998877,0.0098465225
998878,0.017510626
998879,0.0072495406
998880,0.0072624655
998881,0.014022289
998882,0.01033002
998883,0.0079194913
998884,0.0098446114
998885,0.0065427828
998886,0.020291677
998887,0.0077234604
998888,0.027478028
998889,0.010549747
998890,0.016860064
998891,0.0073005226
998892,0.009860782
998893,0.013510311
998894,0.012262322
998895,0.013821231
998896,0.0065372242
998897,0.0047184094
998898,0.0072840075
998899,0.0071116728
998900,0.011868106
998901,0.021444881
998902,0.0075058881
998903,0.020834114
998904,0.0095207663
998905,0.01071131
998906,0.011435834
998907,0.0096223187
998908,0.039135743
998909,0.0072610294
998910,0.013327206
998911,0.0078089098
998912,0.016886633
998913,0.029149093
998914,0.017399328
998915,0.031291649
998916,0.010619399
998917,0.0073041129
998918,0.0071691177
998919,0.016960593
998920,0.010382439
998921,0.017417997
998922,0.013796099
998923,0.020519301
998924,0.027596507
998925,0.0075654872
998926,0.016948385
998927,0.010803941
998928,0.013702033
998929,0.01349954
998930,0.022303205
998931,0.024230238
998932,0.026564419
998933,0.010026281
998934,0.010903033
998935,0.010926011
998936,0.014038804
998937,0.00698314
998938,0.0090992646
998939,0.0073795095
998940,0.016343947
998941,0.018047737
998942,0.0076536485
998943,0.0068933824
998944,0.0074541876
998945,0.0076681697
998946,0.014038086
998947,0.0069120517
998948,0.030471623
998949,0.0072136372
998950,0.010236673
998951,0.014879653
998952,0.010650275
998953,0.0056525734
998954,0.007093003
998955,0.0073328353
998956,0.017303826
998957,0.0072840075
998958,0.0063022114
998959,0.0073694563
998960,0.018582299
998961,0.013930377
998962,0.011094755
998963,0.015975123
998964,0.011096261
998965,0.020588236
998966,0.010846307
998967,0.020377126
998968,0.010426241
998969,0.014201804
998970,0.0071482938
998971,0.0075755399
998972,0.010618681
998973,0.0072617475
998974,0.0070283776
998975,0.0066715018
998976,0.015538404
998977,0.017601103
998978,0.026081039
998979,0.033584416
998980,0.020161707
998981,0.0075453813
998982,0.01081543
998983,0.0079395967
998984,0.0069716508
998985,0.0078347595
998986,0.010671818
998987,0.0075913374
998988,0.010549747
998989,0.037531596
998990,0.0023648224
998991,0.0064366958
998992,0.0072459499
998993,0.0071748621
998994,0.0074175666
998995,0.017087689
998996,0.0085757989
998997,0.0078189624
998998,0.0075949277
998999,0.0074132583
999000,0.039455999
999001,0.0072531309
999002,0.013088055
999003,0.006241173
999004,0.0098489197
999005,0.00857508
999006,0.0096580237
999007,0.029472189
999008,0.013659668
999009,0.0091359438
999010,0.010515998
999011,0.017602827
999012,0.0074771657
999013,0.0095795076
999014,0.013970588
999015,0.0072667738
999016,0.0073184744
999017,0.020442469
999018,0.0073199105
999019,0.0065364018
999020,0.0073098578
999021,0.016195089
999022,0.011662676
999023,0.015947938
999024,0.0071971221
999025,0.017946491
999026,0.0072524128
999027,0.013904527
999028,0.01039321
999029,0.01389232
999030,0.0059139477
999031,0.014234834
999032,0.011573419
999033,0.017722255
999034,0.0073852539
999035,0.010772346
999036,0.010145479
999037,0.010875747
999038,0.010861386
999039,0.0077471565
999040,0.010340791
999041,0.0066930433
999042,0.0072840075
999043,0.0093654236
999044,0.0027932166
999045,0.011879596
999046,0.0066436916
999047,0.0080896718
999048,0.0071425494
999049,0.0079561118
999050,0.0074398266
999051,0.0068818936
999052,0.0065720314
999053,0.0072516948
999054,0.0070628445
999055,0.019478831
999056,0.0071633733
999057,0.0072682099
999058,0.0081270104
999059,0.0068151136
999060,0.0071382411
999061,0.0063476814
999062,0.013401885
999063,0.011848719
999064,0.019712254
999065,0.0072624655
999066,0.0065379422
999067,0.010093778
999068,0.0088953357
999069,0.010541131
999070,0.010668227
999071,0.020573156
999072,0.010236673
999073,0.0076559628
999074,0.013558421
999075,0.0068826117
999076,0.0072222543
999077,0.0070614084
999078,0.03687026
999079,0.0075741038
999080,0.009413057
999081,0.01083769
999082,0.014875589
999083,0.018278953
999084,0.0062081981
999085,0.018223662
999086,0.01994198
999087,0.017382812
999088,0.0061014914
999089,0.017053222
999090,0.0080681294
999091,0.0072933421
999092,0.01439568
999093,0.013936121
999094,0.03102022
999095,0.01764706
999096,0.010750804
999097,0.027358111
999098,0.036538221
999099,0.026486386
999100,0.013846364
999101,0.0098870089
999102,0.011325971
999103,0.0080814725
999104,0.0091559915
999105,0.026268531
999106,0.008180147
999107,0.0075130686
999108,0.010549029
999109,0.0077478746
999110,0.010508818
999111,0.010442038
999112,0.0073199105
999113,0.0108262
999114,0.010202924
999115,0.010928883
999116,0.011465993
999117,0.010502355
999118,0.0073615578
999119,0.013582118
999120,0.0020060563
999121,0.0071662455
999122,0.020567412
999123,0.0061766454
999124,0.0063763787
999125,0.0066111637
999126,0.01037454
999127,0.035521112
999128,0.014186006
999129,0.0073479149
999130,0.038568474
999131,0.009027862
999132,0.020611214
999133,0.016857911
999134,0.006666244
999135,0.0081823012
999136,0.033599496
999137,0.013332624
999138,0.0074577779
999139,0.019341184
999140,0.0068309112
999141,0.013819077
999142,0.039269302
999143,0.034296732
999144,0.0062136496
999145,0.0073795095
999146,0.0061980491
999147,0.028959015
999148,0.0062631164
999149,0.017326804
999150,0.0070219152
999151,0.010638068
999152,0.0073694563
999153,0.013969152
999154,0.0073486329
999155,0.0069845761
999156,0.030347398
999157,0.010578469
999158,0.006996783
999159,0.0071626552
999160,0.022041304
999161,0.0071885055
999162,0.017882429
999163,0.0073328353
999164,0.016169026
999165,0.0094877239
999166,0.015533088
999167,0.039568014
999168,0.0072674919
999169,0.013034791
999170,0.014788459
999171,0.035395913
999172,0.007196404
999173,0.014071117
999174,0.0075719496
999175,0.010284783
999176,0.014188878
999177,0.0071612191
999178,0.010202206
999179,0.0075022979
999180,0.007019761
999181,0.005873736
999182,0.025689337
999183,0.010732135
999184,0.0072265626
999185,0.013773122
999186,0.017097743
999187,0.0067368452
999188,0.01082261
999189,0.0073077031
999190,0.013788201
999191,0.0072215362
999192,0.0065164007
999193,0.0072617475
999194,0.0066865808
999195,0.010901597
999196,0.0140625
999197,0.013765941
999198,0.031100644
999199,0.0090267407
999200,0.0094259819
999201,0.010582778
999202,0.0073680202
999203,0.0086152917
999204,0.0057408949
999205,0.0075697955
999206,0.017774874
999207,0.039523493
999208,0.025446631
999209,0.038729321
999210,0.023571059
999211,0.013923914
999212,0.0071238796
999213,0.0062375632
999214,0.0073838178
999215,0.012497846
999216,0.0078153722
999217,0.014124971
999218,0.0026026303
999219,0.024111759
999220,0.030073913
999221,0.011074649
999222,0.0070772059
999223,0.033950627
999224,0.0072387694
999225,0.020724667
999226,0.0019865299
999227,0.02507396
999228,0.007159065
999229,0.010767319
999230,0.0068625058
999231,0.0066506779
999232,0.0094353175
999233,0.005858657
999234,0.015250172
999235,0.0061963606
999236,0.0073450427
999237,0.0073141661
999238,0.0073759193
999239,0.0076882755
999240,0.0161964
999241,0.0065860525
999242,0.020439597
999243,0.013848518
999244,0.0082304114
999245,0.0072832895
999246,0.0069343117
999247,0.010756548
999248,0.037672333
999249,0.0080652572
999250,0.0081571694
999251,0.0071138269
999252,0.0070987479
999253,0.016140567
999254,0.0063192961
999255,0.010378849
999256,0.014282945
999257,0.010423369
999258,0.013292739
999259,0.0072315889
999260,0.0063838754
999261,0.013902373
999262,0.0071461396
999263,0.024798226
999264,0.0072402055
999265,0.0077184341
999266,0.03449348
999267,0.023844641
999268,0.036379106
999269,0.018421846
999270,0.01043773
999271,0.034172781
999272,0.0073795095
999273,0.013838465
999274,0.010039612
999275,0.0067626955
999276,0.0071346508
999277,0.01387006
999278,0.016548427
999279,0.007092285
999280,0.03938419
999281,0.0058428594
999282,0.017447438
999283,0.01217041
999284,0.014138615
999285,0.010628734
999286,0.014097685
999287,0.0069623161
999288,0.017470416
999289,0.020886948
999290,0.0070815142
999291,0.010409726
999292,0.020996813
999293,0.0037300889
999294,0.039724551
999295,0.016410874
999296,0.016852167
999297,0.0074541876
999298,0.0076056984
999299,0.0073414524
999300,0.0072351792
999301,0.0073069851
999302,0.017644187
999303,0.010263959
999304,0.0058475621
999305,0.017704504
999306,0.008963068
999307,0.0107228
999308,0.0074836281
999309,0.0071037742
999310,0.017277258
999311,0.021787396
999312,0.0073414524
999313,0.02426686
999314,0.0087021776
999315,0.0049918089
999316,0.027724529
999317,0.0069307215
999318,0.00578319
999319,0.007151884
999320,0.027284151
999321,0.0076380111
999322,0.0071892235
999323,0.034181125
999324,0.0071044923
999325,0.0071813245
999326,0.039336801
999327,0.011987421
999328,0.0075087603
999329,0.022169307
999330,0.0069479551
999331,0.010566263
999332,0.012181181
999333,0.0070807962
999334,0.027047191
999335,0.023469813
999336,0.020669376
999337,0.03340131
999338,0.01028981
999339,0.005991498
999340,0.013834157
999341,0.016182562
999342,0.020958036
999343,0.016773896
999344,0.03833726
999345,0.0089547215
999346,0.0072832895
999347,0.014815028
999348,0.0071885055
999349,0.0062169693
999350,0.0072538489
999351,0.024382468
999352,0.010914522
999353,0.01058206
999354,0.010723518
999355,0.010827636
999356,0.02091567
999357,0.0070915669
999358,0.010536822
999359,0.011210363
999360,0.0070901308
999361,0.0069730869
999362,0.010573443
999363,0.020770622
999364,0.0072078928
999365,0.0092234891
999366,0.037040442
999367,0.015872316
999368,0.017023064
999369,0.0064568473
999370,0.0073436066
999371,0.0069436468
999372,0.0074017695
999373,0.0073148841
999374,0.0073874081
999375,0.013618156
999376,0.011076085
999377,0.0081765568
999378,0.0072452319
999379,0.0067466204
999380,0.0071691177
999381,0.0072840075
999382,0.0071569108
999383,0.023276655
999384,0.010644531
999385,0.0071877874
999386,0.010799632
999387,0.011221134
999388,0.01396269
999389,0.014146513
999390,0.0021711823
999391,0.03926643
999392,0.0072811353
999393,0.006701488
999394,0.0077155619
999395,0.0076660155
999396,0.0071324967
999397,0.014030187
999398,0.0073515051
999399,0.0075116325
999400,0.0092407223
999401,0.015868422
999402,0.0073579676
999403,0.0069637522
999404,0.028766476
999405,0.020935196
999406,0.0062844669
999407,0.039369829
999408,0.0063476563
999409,0.028619744
999410,0.0071885055
999411,0.0074714213
999412,0.0067497701
999413,0.006725356
999414,0.010621553
999415,0.012884467
999416,0.0098230699
999417,0.0094152112
999418,0.014081888
999419,0.021098059
999420,0.019495456
999421,0.039545037
999422,0.010654585
999423,0.024490895
999424,0.0070542279
999425,0.0062136375
999426,0.007826861
999427,0.0086590936
999428,0.01160745
999429,0.014220473
999430,0.014042394
999431,0.013123995
999432,0.0074865003
999433,0.0071289064
999434,0.0061990176
999435,0.010431985
999436,0.017314596
999437,0.039352596
999438,0.017266486
999439,0.017094152
999440,0.0069436468
999441,0.0073342714
999442,0.007233025
999443,0.037379365
999444,0.010641659
999445,0.022068229
999446,0.0074922452
999447,0.040238682
999448,0.017158778
999449,0.0063648899
999450,0.013737937
999451,0.010717056
999452,0.013891602
999453,0.0072718002
999454,0.0075066062
999455,0.015656393
999456,0.010780963
999457,0.0074628047
999458,0.039177388
999459,0.008239028
999460,0.0072976504
999461,0.0068143955
999462,0.0059744413
999463,0.0077026365
999464,0.0071166991
999465,0.0071691177
999466,0.013304228
999467,0.0096376305
999468,0.0063060089
999469,0.006613045
999470,0.0079812445
999471,0.0071727079
999472,0.010519588
999473,0.0073177563
999474,0.012326947
999475,0.011514821
999476,0.010442756
999477,0.0071238796
999478,0.013834875
999479,0.0070542279
999480,0.013637408
999481,0.0075453813
999482,0.0066183652
999483,0.013983513
999484,0.0027998418
999485,0.0069888844
999486,0.0082031246
999487,0.026308643
999488,0.015425379
999489,0.01755802
999490,0.0064412113
999491,0.025995404
999492,0.0074807559
999493,0.032921173
999494,0.010220875
999495,0.0062574493
999496,0.013702033
999497,0.010514562
999498,0.0066391909
999499,0.0073766373
999500,0.0073184744
999501,0.0103968
999502,0.010858513
999503,0.0069723688
999504,0.007518813
999505,0.014975873
999506,0.0072251265
999507,0.012265194
999508,0.0056784237
999509,0.019145651
999510,0.021581313
999511,0.0072610294
999512,0.014086196
999513,0.010377413
999514,0.0072868797
999515,0.0091911769
999516,0.010243136
999517,0.006607437
999518,0.011012896
999519,0.014415068
999520,0.010284064
999521,0.010531078
999522,0.0075015798
999523,0.028265461
999524,0.0072811353
999525,0.039475385
999526,0.0071705538
999527,0.010000426
999528,0.01048943
999529,0.0078239888
999530,0.027179314
999531,0.0070089903
999532,0.010964069
999533,0.0073816637
999534,0.0074161305
999535,0.0071504479
999536,0.0069256951
999537,0.018119542
999538,0.021671789
999539,0.010230211
999540,0.01384421
999541,0.0088730752
999542,0.0071188533
999543,0.013855699
999544,0.012982167
999545,0.0074742935
999546,0.0064750742
999547,0.013896628
999548,0.0076681697
999549,0.0058543487
999550,0.0070843864
999551,0.010253906
999552,0.01778708
999553,0.025202492
999554,0.0072516948
999555,0.03476347
999556,0.0071274703
999557,0.013696109
999558,0.0073457109
999559,0.014046703
999560,0.0064012683
999561,0.013974897
999562,0.0072667738
999563,0.023958812
999564,0.01048943
999565,0.010739315
999566,0.0065256972
999567,0.015028995
999568,0.007255285
999569,0.01385498
999570,0.0082325656
999571,0.0089190314
999572,0.0055498909
999573,0.0073069851
999574,0.010437012
999575,0.019504741
999576,0.010424087
999577,0.01238511
999578,0.017529298
999579,0.010785989
999580,0.0070973118
999581,0.039316695
999582,0.017328957
999583,0.013522519
999584,0.010284783
999585,0.011010024
999586,0.0070728976
999587,0.0080882357
999588,0.0070700254
999589,0.0074498793
999590,0.012779943
999591,0.0018183928
999592,0.027563477
999593,0.017374914
999594,0.017442411
999595,0.0077277687
999596,0.03929228
999597,0.007423311
999598,0.010829072
999599,0.013937557
999600,0.008605239
999601,0.0099343695
999602,0.014211857
999603,0.010260369
999604,0.027045755
999605,0.010808967
999606,0.0071303425
999607,0.013407629
999608,0.0076760687
999609,0.010730699
999610,0.010430549
999611,0.010546875
999612,0.0071454216
999613,0.0076746321
999614,0.025136432
999615,0.011004997
999616,0.006996783
999617,0.0087057678
999618,0.0063325772
999619,0.0071576289
999620,0.017651368
999621,0.0071181352
999622,0.011774041
999623,0.014097685
999624,0.0071274703
999625,0.0067967726
999626,0.00870864
999627,0.010696231
999628,0.02053079
999629,0.010630888
999630,0.007313448
999631,0.007613597
999632,0.013982077
999633,0.039637666
999634,0.017088408
999635,0.0071123908
999636,0.013062191
999637,0.017606847
999638,0.0073694563
999639,0.014158002
999640,0.010493021
999641,0.039533548
999642,0.010416906
999643,0.013941147
999644,0.01084487
999645,0.01379969
999646,0.0064341505
999647,0.010827636
999648,0.031214815
999649,0.0086705824
999650,0.0063008862
999651,0.007137523
999652,0.025939941
999653,0.0072150733
999654,0.035607912
999655,0.006996783
999656,0.010623707
999657,0.017226994
999658,0.007444853
999659,0.022920497
999660,0.0057373047
999661,0.0073005226
999662,0.010417624
999663,0.0105598
999664,0.016315589
999665,0.020730412
999666,0.0079338523
999667,0.0068883561
999668,0.0075367647
999669,0.039098404
999670,0.032998342
999671,0.023415959
999672,0.0074620866
999673,0.017474724
999674,0.01724638
999675,0.001316631
999676,0.0064013735
999677,0.0071576289
999678,0.011055262
999679,0.0075195311
999680,0.017693732
999681,0.0070183249
999682,0.032025505
999683,0.03919965
999684,0.0069917566
999685,0.015955308
999686,0.014193187
999687,0.025884245
999688,0.013606532
999689,0.0064496361
999690,0.010539695
999691,0.0075539984
999692,0.006982422
999693,0.010865694
999694,0.0067464667
999695,0.031196864
999696,0.016324056
999697,0.0061399117
999698,0.013640998
999699,0.0070973118
999700,0.010202924
999701,0.0070894128
999702,0.016957721
999703,0.010699104
999704,0.010236673
999705,0.010103832
999706,0.007444853
999707,0.0074520335
999708,0.021557618
999709,0.017221967
999710,0.0054946002
999711,0.0023305367
999712,0.018398868
999713,0.033725154
999714,0.007408232
999715,0.0064545572
999716,0.016650176
999717,0.0086777629
999718,0.016998651
999719,0.012480612
999720,0.0072236904
999721,0.01053036
999722,0.016877297
999723,0.0077888039
999724,0.0070678713
999725,0.0073565315
999726,0.022520537
999727,0.018497244
999728,0.0071188533
999729,0.025082577
999730,0.0070427391
999731,0.025073241
999732,0.023155937
999733,0.0072524128
999734,0.010852769
999735,0.0054630055
999736,0.018282697
999737,0.0072495406
999738,0.017178165
999739,0.0071827606
999740,0.0072208182
999741,0.0069809859
999742,0.015914379
999743,0.020978861
999744,0.010344381
999745,0.029505113
999746,0.01974236
999747,0.0071131089
999748,0.019072181
999749,0.01160745
999750,0.014052447
999751,0.0072660558
999752,0.0072768265
999753,0.017254997
999754,0.017494829
999755,0.011516257
999756,0.013776712
999757,0.0073608398
999758,0.020066205
999759,0.0070219152
999760,0.0068962546
999761,0.011167279
999762,0.0027412698
999763,0.023786969
999764,0.013930377
999765,0.023298914
999766,0.010358743
999767,0.014065372
999768,0.01037454
999769,0.0063376036
999770,0.0071131089
999771,0.0073371436
999772,0.018203557
999773,0.012612018
999774,0.0072236904
999775,0.0067179394
999776,0.0072516948
999777,0.019473806
999778,0.0072617475
999779,0.0072459499
999780,0.0072021484
999781,0.029917279
999782,0.010435576
999783,0.011029412
999784,0.020772059
999785,0.016727941
999786,0.01058565
999787,0.010969095
999788,0.017474724
999789,0.0078426581
999790,0.01328125
999791,0.006652832
999792,0.010661765
999793,0.0023584266
999794,0.0068933824
999795,0.023793658
999796,0.0072452319
999797,0.017089125
999798,0.022001088
999799,0.0071576289
999800,0.010294118
999801,0.02004936
999802,0.013576373
999803,0.011471737
999804,0.011249856
999805,0.010984174
999806,0.0074951174
999807,0.0065659466
999808,0.035191435
999809,0.023739085
999810,0.0075863111
999811,0.01041188
999812,0.023897776
999813,0.0071705538
999814,0.0084415209
999815,0.010617245
999816,0.031102797
999817,0.0094943065
999818,0.014272892
999819,0.01051528
999820,0.0096887928
999821,0.013322057
999822,0.017471135
999823,0.014016544
999824,0.020290241
999825,0.010857077
999826,0.015205652
999827,0.0059512868
999828,0.020659324
999829,0.0070456113
999830,0.0071095186
999831,0.019697839
999832,0.010660329
999833,0.020029064
999834,0.0072998046
999835,0.0069414922
999836,0.0075712316
999837,0.0077600814
999838,0.010576315
999839,0.013960536
999840,0.010712747
999841,0.039280791
999842,0.0074857823
999843,0.013590734
999844,0.013823385
999845,0.0075863111
999846,0.02555641
999847,0.01063376
999848,0.010361616
999849,0.010466452
999850,0.0070772059
999851,0.0059921597
999852,0.013620174
999853,0.017141543
999854,0.0055829217
999855,0.013039958
999856,0.010946834
999857,0.0099918144
999858,0.010740033
999859,0.0075719496
999860,0.014476103
999861,0.039280791
999862,0.019688081
999863,0.0041208616
999864,0.0076645794
999865,0.016151121
999866,0.0065083788
999867,0.0070614084
999868,0.014111328
999869,0.0068862019
999870,0.01094468
999871,0.024544749
999872,0.01059714
999873,0.0078103459
999874,0.0065787327
999875,0.010459989
999876,0.0060884366
999877,0.023997588
999878,0.007444853
999879,0.016001696
999880,0.0070937211
999881,0.0073084212
999882,0.0071332147
999883,0.010948989
999884,0.013661104
999885,0.009263576
999886,0.0070441752
999887,0.0072962143
999888,0.010904211
999889,0.0072660558
999890,0.030488502
999891,0.0078613283
999892,0.010420497
999893,0.013384086
999894,0.0071655274
999895,0.0072631836
999896,0.010528924
999897,0.01790197
999898,0.0073328353
999899,0.0072516948
999900,0.024075856
999901,0.020734001
999902,0.017601103
999903,0.0070772059
999904,0.0026745393
999905,0.010742906
999906,0.013839183
999907,0.0073529412
999908,0.01669132
999909,0.0069508273
999910,0.0080537684
999911,0.030342372
999912,0.0073077031
999913,0.0071138269
999914,0.010836254
999915,0.0075030159
999916,0.022597773
999917,0.034240723
999918,0.0075618969
999919,0.0071806065
999920,0.0071727079
999921,0.0073292451
999922,0.0071698357
999923,0.0071892235
999924,0.030874453
999925,0.012770738
999926,0.010081572
999927,0.0069199507
999928,0.019881168
999929,0.010779527
999930,0.010301298
999931,0.017253561
999932,0.011027258
999933,0.0025208818
999934,0.035687275
999935,0.0078361956
999936,0.0074994257
999937,0.0060886876
999938,0.0083101159
999939,0.010845589
999940,0.010366642
999941,0.0074635227
999942,0.0070434571
999943,0.0063490923
999944,0.0072416416
999945,0.010894416
999946,0.012271261
999947,0.0085528204
999948,0.001331397
999949,0.0072567211
999950,0.010373822
999951,0.017095588
999952,0.039744657
999953,0.0094611673
999954,0.0067964443
999955,0.0097387657
999956,0.036733828
999957,0.027786301
999958,0.030338064
999959,0.012818101
999960,0.0097634709
999961,0.0068732766
999962,0.010329302
999963,0.018114399
999964,0.027178597
999965,0.014196778
999966,0.020993939
999967,0.017571662
999968,0.007350069
999969,0.014649874
999970,0.0069888844
999971,0.0070750518
999972,0.030353142
999973,0.039747529
999974,0.007217946
999975,0.020565256
999976,0.026768517
999977,0.017277258
999978,0.039491899
999979,0.010462862
999980,0.0070326859
999981,0.0064150132
999982,0.0091567095
999983,0.0066264072
999984,0.0072380514
999985,0.0095409267
999986,0.0071138269
999987,0.017476879
999988,0.010523897
999989,0.012873858
999990,0.024541877
999991,0.0071705538
999992,0.0392255
999993,0.024516495
999994,0.014711627
999995,0.0071023381
999996,0.010549747
999997,0.031991757
999998,0.0073220646
999999,0.0094626034
